  0.100000001      0.483155608    
  0.200000003      0.549594998    
  0.300000012      0.613531828    
  0.400000006      0.675076663    
  0.500000000      0.734339774    
  0.600000024      0.791425347    
  0.699999988      0.846435308    
  0.800000012      0.899470687    
  0.900000036      0.950627506    
   1.00000000       1.00000000    
   1.10000002       1.04767919    
   1.20000005       1.09375298    
   1.30000007       1.13830733    
   1.39999998       1.18142426    
   1.50000000       1.22318351    
   1.60000002       1.26366198    
   1.70000005       1.30293298    
   1.80000007       1.34106827    
   1.89999998       1.37813544    
   2.00000000       1.41419995    
   2.10000014       1.44932413    
   2.20000005       1.48356748    
   2.29999995       1.51698649    
   2.40000010       1.54963553    
   2.50000000       1.58156478    
   2.60000014       1.61282289    
   2.70000005       1.64345419    
   2.79999995       1.67350185    
   2.90000010       1.70300508    
   3.00000000       1.73199999    
   3.10000014       1.76052070    
   3.20000005       1.78859794    
   3.29999995       1.81625938    
   3.40000010       1.84353077    
   3.50000000       1.87043369    
   3.60000014       1.89698768    
   3.70000005       1.92320883    
   3.79999995       1.94911158    
   3.90000010       1.97470593    
   4.00000000       2.00000000    
   4.09999990       2.02499890    
   4.20000029       2.04970455    
   4.30000019       2.07411599    
   4.40000010       2.09822989    
   4.50000000       2.12203979    
   4.59999990       2.14553618    
   4.70000029       2.16870737    
   4.80000019       2.19153714    
   4.90000010       2.21400833    
   5.00000000       2.23609996    
