 -0.949999988      0.384476393    
 -0.899999976      0.406963885    
 -0.849999964      0.429772258    
 -0.799999952      0.453034550    
 -0.749999940      0.476883441    
 -0.699999928      0.501451850    
 -0.649999917      0.526872575    
 -0.599999905      0.553278446    
 -0.549999893      0.580802321    
 -0.499999881      0.609576881    
 -0.449999869      0.639735162    
 -0.399999857      0.671409786    
 -0.349999845      0.704733670    
 -0.299999833      0.739839792    
 -0.249999836      0.776860654    
 -0.199999839      0.815929353    
 -0.149999842      0.857178628    
  -9.99998450E-02  0.900741220    
  -4.99998443E-02  0.946750224    
   1.56462193E-07  0.995338261    
   5.00001572E-02   1.04663801    
  0.100000158       1.10078251    
  0.150000155       1.15790462    
  0.200000152       1.21813703    
  0.250000149       1.28161263    
  0.300000161       1.34846425    
  0.350000173       1.41882479    
  0.400000185       1.49282670    
  0.450000197       1.57060349    
  0.500000179       1.65228748    
  0.550000191       1.73801148    
  0.600000203       1.82790840    
  0.650000215       1.92211127    
  0.700000226       2.02075291    
  0.750000238       2.12396574    
  0.800000250       2.23188281    
  0.850000262       2.34463739    
  0.900000274       2.46236181    
  0.950000286       2.58518839    
