  -2.00000000       8.67597053E-12
  -1.98000002       7.23553075E-12
  -1.96000004       5.63554802E-12
  -1.94000006       4.35194762E-12
  -1.91999996       4.79264154E-12
  -1.89999998       7.33152948E-12
  -1.88000000       9.38924459E-12
  -1.86000001       1.20503763E-11
  -1.84000003       1.23334077E-11
  -1.82000005       9.91249357E-12
  -1.79999995       9.82319347E-12
  -1.77999997       1.12158555E-11
  -1.75999999       1.17158835E-11
  -1.74000001       9.04269194E-12
  -1.72000003       5.30133619E-12
  -1.70000005       4.25858524E-12
  -1.68000007       5.08634931E-12
  -1.65999997       5.59158969E-12
  -1.63999999       3.33091866E-12
  -1.62000000       3.35085150E-12
  -1.60000002       6.46793079E-12
  -1.58000004       7.83377096E-12
  -1.55999994       6.27981651E-12
  -1.53999996       4.78998698E-12
  -1.51999998       6.64423204E-12
  -1.50000000       8.34742778E-12
  -1.48000002       9.54587971E-12
  -1.46000004       8.98316838E-12
  -1.44000006       8.82223201E-12
  -1.42000008       8.87989769E-12
  -1.40000010       8.23747494E-12
  -1.38000000       1.30208205E-11
  -1.36000001       1.03902633E-11
  -1.34000003       1.85661191E-11
  -1.31999993       1.25958766E-11
  -1.29999995       2.80367882E-11
  -1.27999997       1.21837790E-10
  -1.25999999       1.55788660E-10
  -1.24000001       1.05168851E-09
  -1.22000003       2.32031172E-09
  -1.20000005       8.70656347E-09
  -1.18000007       2.49203289E-08
  -1.16000009       7.45215516E-08
  -1.14000010       2.13879304E-07
  -1.12000000       5.81862594E-07
  -1.10000002       1.57553461E-06
  -1.08000004       4.04826915E-06
  -1.05999994       1.02106069E-05
  -1.03999996       2.47315129E-05
  -1.01999998       5.82965440E-05
  -1.00000000       1.32809349E-04
 -0.980000019       2.93125340E-04
 -0.960000038       6.27027941E-04
 -0.940000057       1.29760965E-03
 -0.920000076       2.60352949E-03
 -0.899999976       5.05531672E-03
 -0.879999995       9.51130409E-03
 -0.860000014       1.73281580E-02
 -0.840000033       3.05747874E-02
 -0.820000052       5.22553585E-02
 -0.800000072       8.64841864E-02
 -0.779999971      0.138647527    
 -0.759999990      0.215243891    
 -0.740000010      0.323668212    
 -0.720000029      0.471353441    
 -0.700000048      0.664821386    
 -0.680000067      0.908186018    
 -0.660000086       1.20151424    
 -0.639999986       1.53962910    
 -0.620000005       1.91061091    
 -0.600000024       2.29649901    
 -0.580000043       2.67325163    
 -0.560000062       3.01389742    
 -0.540000081       3.29095483    
 -0.519999981       3.48025417    
 -0.500000000       3.56463075    
 -0.480000019       3.53597164    
 -0.460000038       3.39724207    
 -0.440000057       3.16099882    
 -0.420000076       2.84870958    
 -0.400000095       2.48634720    
 -0.379999995       2.10175538    
 -0.360000014       1.72074103    
 -0.340000033       1.36434925    
 -0.320000052       1.04784286    
 -0.300000072      0.779262304    
 -0.280000091      0.561411142    
 -0.259999990      0.391634345    
 -0.240000010      0.264630586    
 -0.220000029      0.173202366    
 -0.200000048      0.109729365    
 -0.180000067       6.74205869E-02
 -0.160000086       4.00138721E-02
 -0.139999986       2.31048129E-02
 -0.120000005       1.28317075E-02
 -0.100000024       6.96513988E-03
  -8.00000429E-02   3.63331148E-03
  -6.00000620E-02   1.82198640E-03
  -4.00000811E-02   9.45314998E-04
  -2.00001001E-02   5.47579839E-04
   0.00000000       2.63810507E-05
   1.99999809E-02   1.10761139E-04
   3.99999619E-02   4.33095556E-05
   5.99999428E-02   1.38298419E-05
   7.99999237E-02   7.43566352E-06
   9.99999046E-02   2.17228239E-06
  0.119999886       1.10968506E-06
  0.139999866       3.16210929E-07
  0.159999847       1.35544212E-07
  0.180000067       4.86611782E-08
  0.200000048       1.10790488E-08
  0.220000029       8.81459528E-09
  0.240000010       2.23688512E-10
  0.259999990       1.75719683E-09
  0.279999971       1.40125078E-10
  0.299999952       4.06520484E-10
  0.319999933       2.15969159E-10
  0.339999914       1.66419559E-10
  0.359999895       1.64394359E-10
  0.379999876       1.16212498E-10
  0.399999857       1.08795493E-10
  0.419999838       8.86257873E-11
  0.440000057       8.02530750E-11
  0.460000038       6.88717208E-11
  0.480000019       6.11688131E-11
  0.500000000       5.27720714E-11
  0.519999981       4.33668691E-11
  0.539999962       3.89034742E-11
  0.559999943       3.87661188E-11
  0.579999924       3.72359088E-11
  0.599999905       3.17145789E-11
  0.619999886       2.55136277E-11
  0.639999866       2.33667270E-11
  0.659999847       2.49820980E-11
  0.679999828       2.37166675E-11
  0.700000048       2.10982551E-11
  0.720000029       1.97017350E-11
  0.740000010       1.87228115E-11
  0.759999990       1.69810364E-11
  0.779999971       1.47518473E-11
  0.799999952       1.44536666E-11
  0.819999933       1.37092048E-11
  0.839999914       1.23252615E-11
  0.859999895       1.17333053E-11
  0.879999876       1.15757768E-11
  0.899999857       1.14869130E-11
  0.919999838       1.08506702E-11
  0.939999819       1.01312682E-11
  0.960000038       1.01623978E-11
  0.980000019       9.50295398E-12
   1.00000000       8.78800678E-12
   1.01999998       8.39943132E-12
   1.03999996       8.44801486E-12
   1.05999994       8.24705235E-12
   1.07999992       7.61714389E-12
   1.09999990       7.07780536E-12
   1.11999989       6.41735103E-12
   1.13999987       6.83179338E-12
   1.15999985       7.51113321E-12
   1.17999983       6.67838918E-12
   1.19999981       6.16619993E-12
   1.22000003       6.50640306E-12
   1.24000001       6.47501714E-12
   1.25999999       5.72693672E-12
   1.27999997       5.32769315E-12
   1.29999995       5.59362929E-12
   1.31999993       5.71711038E-12
   1.33999991       5.47215571E-12
   1.35999990       4.87669757E-12
   1.37999988       4.97896646E-12
   1.39999986       5.65689856E-12
   1.41999984       5.38709008E-12
   1.43999982       4.71459460E-12
   1.46000004       4.61648688E-12
   1.48000002       4.88883239E-12
   1.50000000       4.47426471E-12
   1.51999998       3.55352336E-12
   1.53999996       3.79430081E-12
   1.55999994       4.20838277E-12
   1.57999992       4.57932737E-12
   1.59999990       4.77024973E-12
   1.61999989       4.46064626E-12
   1.63999987       4.47668248E-12
   1.65999985       3.94589743E-12
   1.67999983       4.30185184E-12
   1.69999981       3.92127563E-12
   1.72000003       3.59410570E-12
   1.74000001       4.05413376E-12
   1.75999999       3.59333592E-12
   1.77999997       3.90431741E-12
   1.79999995       3.79969970E-12
   1.81999993       3.67719093E-12
   1.83999991       3.42194979E-12
   1.85999990       3.31550867E-12
   1.87999988       4.27327531E-12
   1.89999986       4.20966951E-12
   1.91999984       3.83330303E-12
   1.93999982       3.40494039E-12
   1.95999980       3.45220987E-12
   1.98000002       3.42532101E-12
   2.00000000       3.34746510E-12
   2.01999998       3.53131825E-12
   2.03999996       3.37116793E-12
   2.05999994       3.33771400E-12
   2.07999992       3.25965275E-12
   2.09999990       3.67195553E-12
   2.11999989       4.07560140E-12
   2.13999987       3.75662262E-12
   2.15999985       3.53788700E-12
   2.17999983       3.32612453E-12
   2.19999981       3.40476345E-12
   2.21999979       3.30715208E-12
   2.23999977       3.16447519E-12
   2.25999975       3.48659122E-12
   2.27999973       3.09703738E-12
   2.29999971       3.68441345E-12
   2.31999969       3.83309747E-12
   2.33999968       3.49328791E-12
   2.36000013       3.83018183E-12
   2.38000011       3.75642356E-12
   2.40000010       4.05580734E-12
   2.42000008       3.55272691E-12
   2.44000006       3.41957582E-12
   2.46000004       3.37447214E-12
   2.48000002       3.58431904E-12
   2.50000000       3.86426004E-12
   2.51999998       2.94476943E-12
   2.53999996       3.77627270E-12
   2.55999994       4.19557488E-12
   2.57999992       3.98916880E-12
   2.59999990       3.78386645E-12
   2.61999989       3.56981350E-12
   2.63999987       4.42371920E-12
   2.65999985       4.27109650E-12
   2.67999983       3.80132210E-12
   2.69999981       3.46034811E-12
   2.71999979       4.09274307E-12
   2.73999977       4.94943496E-12
   2.75999975       4.40472745E-12
   2.77999973       3.83141175E-12
   2.79999971       3.75199654E-12
   2.81999969       4.21982718E-12
   2.83999968       4.87367308E-12
   2.85999966       4.60771048E-12
   2.88000011       4.53599398E-12
   2.90000010       4.42862110E-12
   2.92000008       4.17564160E-12
   2.94000006       4.72229113E-12
   2.96000004       4.56976471E-12
   2.98000002       4.78425936E-12
   3.00000000       4.68957078E-12
   3.01999998       4.90199808E-12
   3.03999996       5.32544408E-12
   3.05999994       5.48721181E-12
   3.07999992       6.11212383E-12
   3.09999990       7.33114350E-12
