  -2.00000000       7.21822428E-12
  -1.98000002       5.70455922E-12
  -1.96000004       3.73989641E-12
  -1.94000006       3.56762319E-12
  -1.91999996       5.47626007E-12
  -1.89999998       1.06278970E-11
  -1.88000000       1.38210676E-11
  -1.86000001       1.62150432E-11
  -1.84000003       1.58182113E-11
  -1.82000005       1.23142659E-11
  -1.79999995       1.23206341E-11
  -1.77999997       1.46523904E-11
  -1.75999999       1.53600709E-11
  -1.74000001       1.21080455E-11
  -1.72000003       7.55894392E-12
  -1.70000005       7.79345338E-12
  -1.68000007       9.13111253E-12
  -1.65999997       9.60267282E-12
  -1.63999999       6.25369374E-12
  -1.62000000       5.31875152E-12
  -1.60000002       9.06137665E-12
  -1.58000004       1.04338491E-11
  -1.55999994       8.08106446E-12
  -1.53999996       5.16325611E-12
  -1.51999998       6.48733237E-12
  -1.50000000       1.00679604E-11
  -1.48000002       1.24530698E-11
  -1.46000004       1.15971165E-11
  -1.44000006       1.14562648E-11
  -1.42000008       1.28853620E-11
  -1.40000010       1.35835457E-11
  -1.38000000       1.97915122E-11
  -1.36000001       1.97999377E-11
  -1.34000003       1.97577146E-11
  -1.31999993       2.59608030E-11
  -1.29999995       1.12888015E-11
  -1.27999997       1.52904425E-10
  -1.25999999       1.16615190E-10
  -1.24000001       1.01330355E-09
  -1.22000003       2.29000374E-09
  -1.20000005       7.94575250E-09
  -1.18000007       2.43464449E-08
  -1.16000009       6.95841322E-08
  -1.14000010       2.05665671E-07
  -1.12000000       5.52394852E-07
  -1.10000002       1.50594644E-06
  -1.08000004       3.87280443E-06
  -1.05999994       9.77143372E-06
  -1.03999996       2.37423028E-05
  -1.01999998       5.59630316E-05
  -1.00000000       1.27840016E-04
 -0.980000019       2.82354420E-04
 -0.960000038       6.05184410E-04
 -0.940000057       1.25406240E-03
 -0.920000076       2.51999567E-03
 -0.899999976       4.90098028E-03
 -0.879999995       9.23380628E-03
 -0.860000014       1.68502145E-02
 -0.840000033       2.97740139E-02
 -0.820000052       5.09672053E-02
 -0.800000072       8.44786242E-02
 -0.779999971      0.135639831    
 -0.759999990      0.210898310    
 -0.740000010      0.317612112    
 -0.720000029      0.463253498    
 -0.700000048      0.654382586    
 -0.680000067      0.895312428    
 -0.660000086       1.18628645    
 -0.639999986       1.52245903    
 -0.620000005       1.89220881    
 -0.600000024       2.27785778    
 -0.580000043       2.65567756    
 -0.560000062       2.99863935    
 -0.540000081       3.27940416    
 -0.519999981       3.47334194    
 -0.500000000       3.56307697    
 -0.480000019       3.53988290    
 -0.460000038       3.40625238    
 -0.440000057       3.17433023    
 -0.420000076       2.86509538    
 -0.400000095       2.50460219    
 -0.379999995       2.12040329    
 -0.360000014       1.73876297    
 -0.340000033       1.38074374    
 -0.320000052       1.06209958    
 -0.300000072      0.791108251    
 -0.280000091      0.570797443    
 -0.259999990      0.398855656    
 -0.240000010      0.269874036    
 -0.220000029      0.176962346    
 -0.200000048      0.112247206    
 -0.180000067       6.90983459E-02
 -0.160000086       4.10702601E-02
 -0.139999986       2.37366892E-02
 -0.120000005       1.32361511E-02
 -0.100000024       7.14709237E-03
  -8.00000429E-02   3.79939424E-03
  -6.00000620E-02   1.82337174E-03
  -4.00000811E-02   1.06567133E-03
  -2.00001001E-02   5.07203687E-04
   0.00000000       3.32829222E-05
   1.99999809E-02   1.13592978E-04
   3.99999619E-02   5.03095434E-05
   5.99999428E-02   1.36718336E-05
   7.99999237E-02   7.76088200E-06
   9.99999046E-02   2.37529707E-06
  0.119999886       1.09304790E-06
  0.139999866       3.69353018E-07
  0.159999847       1.25077662E-07
  0.180000067       5.77620582E-08
  0.200000048       9.47269196E-09
  0.220000029       9.45690903E-09
  0.240000010       3.61381453E-10
  0.259999990       1.53602575E-09
  0.279999971       2.63566058E-10
  0.299999952       2.97967262E-10
  0.319999933       2.39309794E-10
  0.339999914       1.34341024E-10
  0.359999895       1.53903973E-10
  0.379999876       1.02030669E-10
  0.399999857       9.68376490E-11
  0.419999838       7.77717890E-11
  0.440000057       6.89955454E-11
  0.460000038       5.98881292E-11
  0.480000019       5.31638691E-11
  0.500000000       4.73112036E-11
  0.519999981       4.14366458E-11
  0.539999962       3.74303054E-11
  0.559999943       3.44401903E-11
  0.579999924       3.19014849E-11
  0.599999905       2.82721728E-11
  0.619999886       2.42775400E-11
  0.639999866       2.14688232E-11
  0.659999847       2.06719537E-11
  0.679999828       1.89225042E-11
  0.700000048       1.67143920E-11
  0.720000029       1.56440555E-11
  0.740000010       1.48496528E-11
  0.759999990       1.39237059E-11
  0.779999971       1.30105215E-11
  0.799999952       1.29201302E-11
  0.819999933       1.22984678E-11
  0.839999914       1.12409552E-11
  0.859999895       1.09931422E-11
  0.879999876       1.06501058E-11
  0.899999857       9.97991099E-12
  0.919999838       9.15628857E-12
  0.939999819       8.73126051E-12
  0.960000038       8.96279405E-12
  0.980000019       8.47614340E-12
   1.00000000       7.91898838E-12
   1.01999998       7.96220555E-12
   1.03999996       8.11275613E-12
   1.05999994       8.18996607E-12
   1.07999992       7.92048111E-12
   1.09999990       7.53655732E-12
   1.11999989       7.15335950E-12
   1.13999987       7.10455783E-12
   1.15999985       7.24185946E-12
   1.17999983       6.45000459E-12
   1.19999981       6.15122927E-12
   1.22000003       6.32230162E-12
   1.24000001       6.09523369E-12
   1.25999999       5.96921384E-12
   1.27999997       5.68338432E-12
   1.29999995       5.43827787E-12
   1.31999993       5.31267608E-12
   1.33999991       5.11319242E-12
   1.35999990       4.70429121E-12
   1.37999988       4.52335652E-12
   1.39999986       4.76726948E-12
   1.41999984       4.73047556E-12
   1.43999982       4.62288844E-12
   1.46000004       4.87785073E-12
   1.48000002       5.38126358E-12
   1.50000000       5.80066941E-12
   1.51999998       5.39538553E-12
   1.53999996       5.10020064E-12
   1.55999994       5.15261835E-12
   1.57999992       4.91723676E-12
   1.59999990       4.71702321E-12
   1.61999989       4.15809184E-12
   1.63999987       4.19690151E-12
   1.65999985       4.03653456E-12
   1.67999983       4.10676441E-12
   1.69999981       4.13825311E-12
   1.72000003       3.86728713E-12
   1.74000001       4.17008875E-12
   1.75999999       3.57586790E-12
   1.77999997       3.71563240E-12
   1.79999995       3.58711802E-12
   1.81999993       3.11003068E-12
   1.83999991       3.07021227E-12
   1.85999990       2.80147650E-12
   1.87999988       3.17786704E-12
   1.89999986       3.10450580E-12
   1.91999984       2.93947830E-12
   1.93999982       2.99567142E-12
   1.95999980       3.26399801E-12
   1.98000002       3.57529241E-12
   2.00000000       3.57020663E-12
   2.01999998       3.74106041E-12
   2.03999996       3.75084686E-12
   2.05999994       3.57910403E-12
   2.07999992       3.51339097E-12
   2.09999990       3.60020629E-12
   2.11999989       3.70191855E-12
   2.13999987       3.48031716E-12
   2.15999985       3.39961674E-12
   2.17999983       3.42200920E-12
   2.19999981       3.50607867E-12
   2.21999979       3.70039980E-12
   2.23999977       3.32755286E-12
   2.25999975       3.37929489E-12
   2.27999973       2.97306949E-12
   2.29999971       3.09390686E-12
   2.31999969       3.01900865E-12
   2.33999968       2.55672675E-12
   2.36000013       2.89648036E-12
   2.38000011       2.76374409E-12
   2.40000010       3.00208773E-12
   2.42000008       3.22479174E-12
   2.44000006       3.35235984E-12
   2.46000004       3.68735641E-12
   2.48000002       3.74527753E-12
   2.50000000       4.31266524E-12
   2.51999998       3.91946068E-12
   2.53999996       3.99775655E-12
   2.55999994       4.32626591E-12
   2.57999992       4.26352400E-12
   2.59999990       4.13557166E-12
   2.61999989       3.56811520E-12
   2.63999987       3.98596477E-12
   2.65999985       4.18207136E-12
   2.67999983       3.88024552E-12
   2.69999981       3.79067134E-12
   2.71999979       4.19500589E-12
   2.73999977       4.83675773E-12
   2.75999975       4.53054998E-12
   2.77999973       4.21983585E-12
   2.79999971       4.50004920E-12
   2.81999969       4.80967956E-12
   2.83999968       5.10062825E-12
   2.85999966       4.96345586E-12
   2.88000011       4.97021044E-12
   2.90000010       5.36998484E-12
   2.92000008       5.02262381E-12
   2.94000006       5.58237397E-12
   2.96000004       5.44282501E-12
   2.98000002       5.23310301E-12
   3.00000000       5.35957476E-12
   3.01999998       4.88808907E-12
   3.03999996       4.96090105E-12
   3.05999994       5.37975870E-12
   3.07999992       6.24470874E-12
   3.09999990       9.57631544E-12
