  -2.00000000       7.96528902E-12
  -1.98000002       5.17526256E-12
  -1.96000004       1.42782175E-11
  -1.94000006       2.03378755E-11
  -1.91999996       2.23125685E-11
  -1.89999998       1.94324556E-11
  -1.88000000       1.65523498E-11
  -1.86000001       2.36882493E-11
  -1.84000003       3.02989023E-11
  -1.82000005       2.98987814E-11
  -1.79999995       2.91899907E-11
  -1.77999997       2.55632911E-11
  -1.75999999       2.64850312E-11
  -1.74000001       2.97427916E-11
  -1.72000003       2.95798039E-11
  -1.70000005       2.48069620E-11
  -1.68000007       2.55148680E-11
  -1.65999997       3.03951898E-11
  -1.63999999       2.56994131E-11
  -1.62000000       2.63240332E-11
  -1.60000002       2.94787146E-11
  -1.58000004       2.72659759E-11
  -1.55999994       2.48563184E-11
  -1.53999996       2.66044548E-11
  -1.51999998       3.58784391E-11
  -1.50000000       3.06747197E-11
  -1.48000002       2.80296064E-11
  -1.46000004       3.09777447E-11
  -1.44000006       3.96064605E-11
  -1.42000008       4.18433760E-11
  -1.40000010       3.73596119E-11
  -1.38000000       3.74455467E-11
  -1.36000001       3.31813431E-11
  -1.34000003       5.39275222E-11
  -1.31999993       4.45026620E-11
  -1.29999995       6.09734416E-11
  -1.27999997       1.38265330E-10
  -1.25999999       5.52927322E-11
  -1.24000001       8.29560753E-10
  -1.22000003       1.07330378E-09
  -1.20000005       5.77584380E-09
  -1.18000007       1.42378616E-08
  -1.16000009       4.63189949E-08
  -1.14000010       1.34056819E-07
  -1.12000000       3.64200730E-07
  -1.10000002       1.01498904E-06
  -1.08000004       2.61059745E-06
  -1.05999994       6.74859757E-06
  -1.03999996       1.64787361E-05
  -1.01999998       3.95234201E-05
  -1.00000000       9.12562100E-05
 -0.980000019       2.04332566E-04
 -0.960000038       4.43672761E-04
 -0.940000057       9.30954760E-04
 -0.920000076       1.89624447E-03
 -0.899999976       3.73403309E-03
 -0.879999995       7.13047246E-03
 -0.860000014       1.31789688E-02
 -0.840000033       2.35971678E-02
 -0.820000052       4.09227237E-02
 -0.800000072       6.87234476E-02
 -0.779999971      0.111810066    
 -0.759999990      0.176131830    
 -0.740000010      0.268791378    
 -0.720000029      0.397226006    
 -0.700000048      0.568612099    
 -0.680000067      0.788296819    
 -0.660000086       1.05844867    
 -0.639999986       1.37657785    
 -0.620000005       1.73374617    
 -0.600000024       2.11518288    
 -0.580000043       2.49905205    
 -0.560000062       2.85987163    
 -0.540000081       3.16971636    
 -0.519999981       3.40255523    
 -0.500000000       3.53768682    
 -0.480000019       3.56214571    
 -0.460000038       3.47436333    
 -0.440000057       3.28163552    
 -0.420000076       3.00243592    
 -0.400000095       2.66029739    
 -0.379999995       2.28309584    
 -0.360000014       1.89774251    
 -0.340000033       1.52757251    
 -0.320000052       1.19130957    
 -0.300000072      0.899364769    
 -0.280000091      0.658050537    
 -0.259999990      0.465964109    
 -0.240000010      0.319797963    
 -0.220000029      0.212505102    
 -0.200000048      0.136664614    
 -0.180000067       8.53909254E-02
 -0.160000086       5.12647107E-02
 -0.139999986       3.03445421E-02
 -0.120000005       1.67344827E-02
 -0.100000024       9.72176436E-03
  -8.00000429E-02   4.60447185E-03
  -6.00000620E-02   2.70553306E-03
  -4.00000811E-02   1.69549952E-03
  -2.00001001E-02   4.81247378E-04
   0.00000000       7.71826581E-06
   1.99999809E-02   5.41973423E-05
   3.99999619E-02   9.42449988E-05
   5.99999428E-02   6.14599849E-05
   7.99999237E-02   9.58483452E-06
   9.99999046E-02   2.63201832E-06
  0.119999886       2.71302360E-06
  0.139999866       3.13337324E-07
  0.159999847       3.10544749E-07
  0.180000067       7.46928421E-08
  0.200000048       2.46991352E-08
  0.220000029       1.83083824E-08
  0.240000010       5.94514216E-10
  0.259999990       4.56642146E-09
  0.279999971       3.65695391E-10
  0.299999952       1.23250921E-09
  0.319999933       5.47003054E-10
  0.339999914       4.86374940E-10
  0.359999895       4.02796851E-10
  0.379999876       2.96495162E-10
  0.399999857       2.69922890E-10
  0.419999838       2.19263399E-10
  0.440000057       1.96198488E-10
  0.460000038       1.66134301E-10
  0.480000019       1.43493287E-10
  0.500000000       1.23021732E-10
  0.519999981       1.03430424E-10
  0.539999962       8.81517775E-11
  0.559999943       7.68569444E-11
  0.579999924       6.91007113E-11
  0.599999905       6.53841079E-11
  0.619999886       6.29091085E-11
  0.639999866       6.00612893E-11
  0.659999847       5.68414829E-11
  0.679999828       5.14956897E-11
  0.700000048       4.71123140E-11
  0.720000029       4.22419981E-11
  0.740000010       3.79914433E-11
  0.759999990       3.57168774E-11
  0.779999971       3.37092264E-11
  0.799999952       3.25995307E-11
  0.819999933       3.02009806E-11
  0.839999914       2.75225918E-11
  0.859999895       2.48397448E-11
  0.879999876       2.24272042E-11
  0.899999857       2.13151059E-11
  0.919999838       2.15878409E-11
  0.939999819       2.24518286E-11
  0.960000038       2.30047873E-11
  0.980000019       2.16587737E-11
   1.00000000       1.94255497E-11
   1.01999998       1.68973689E-11
   1.03999996       1.56195282E-11
   1.05999994       1.47391994E-11
   1.07999992       1.39830326E-11
   1.09999990       1.40809291E-11
   1.11999989       1.39731447E-11
   1.13999987       1.45493218E-11
   1.15999985       1.49480497E-11
   1.17999983       1.44012380E-11
   1.19999981       1.34294607E-11
   1.22000003       1.24947604E-11
   1.24000001       1.21510961E-11
   1.25999999       1.15699221E-11
   1.27999997       1.14161788E-11
   1.29999995       1.13460769E-11
   1.31999993       1.09957538E-11
   1.33999991       1.12892256E-11
   1.35999990       1.15625556E-11
   1.37999988       1.19593007E-11
   1.39999986       1.22436922E-11
   1.41999984       1.19613130E-11
   1.43999982       1.11949876E-11
   1.46000004       9.99792263E-12
   1.48000002       8.74555116E-12
   1.50000000       7.20693297E-12
   1.51999998       6.08342803E-12
   1.53999996       6.27416435E-12
   1.55999994       6.91723285E-12
   1.57999992       8.52286644E-12
   1.59999990       1.02744532E-11
   1.61999989       1.10400508E-11
   1.63999987       1.08449603E-11
   1.65999985       8.98789029E-12
   1.67999983       8.23450162E-12
   1.69999981       7.22604181E-12
   1.72000003       7.02943172E-12
   1.74000001       7.98998367E-12
   1.75999999       8.20158438E-12
   1.77999997       8.42292295E-12
   1.79999995       7.63148312E-12
   1.81999993       7.67195769E-12
   1.83999991       7.95005207E-12
   1.85999990       8.50068019E-12
   1.87999988       9.60485164E-12
   1.89999986       9.06244090E-12
   1.91999984       8.60544795E-12
   1.93999982       7.74435464E-12
   1.95999980       7.41367471E-12
   1.98000002       6.99823619E-12
   2.00000000       6.57732766E-12
   2.01999998       6.30455584E-12
   2.03999996       5.82689149E-12
   2.05999994       6.36987858E-12
   2.07999992       7.12448069E-12
   2.09999990       8.07813538E-12
   2.11999989       8.57404425E-12
   2.13999987       8.05931363E-12
   2.15999985       7.23922138E-12
   2.17999983       6.64366912E-12
   2.19999981       6.57759567E-12
   2.21999979       6.22034412E-12
   2.23999977       6.29328013E-12
   2.25999975       6.88700746E-12
   2.27999973       6.94995060E-12
   2.29999971       8.20232250E-12
   2.31999969       8.85693255E-12
   2.33999968       9.11885151E-12
   2.36000013       8.94921290E-12
   2.38000011       8.44258604E-12
   2.40000010       8.64323977E-12
   2.42000008       8.23553118E-12
   2.44000006       8.69442886E-12
   2.46000004       8.17338298E-12
   2.48000002       7.64743824E-12
   2.50000000       6.99235418E-12
   2.51999998       5.62865336E-12
   2.53999996       6.35372397E-12
   2.55999994       6.86116962E-12
   2.57999992       8.27718276E-12
   2.59999990       9.48900680E-12
   2.61999989       9.45415274E-12
   2.63999987       9.19838424E-12
   2.65999985       8.33810451E-12
   2.67999983       8.88751572E-12
   2.69999981       9.24107492E-12
   2.71999979       9.34358667E-12
   2.73999977       8.81446478E-12
   2.75999975       7.83793863E-12
   2.77999973       7.92857533E-12
   2.79999971       8.85334601E-12
   2.81999969       1.02198085E-11
   2.83999968       1.12346070E-11
   2.85999966       1.04270117E-11
   2.88000011       9.57077733E-12
   2.90000010       8.42031566E-12
   2.92000008       8.32824001E-12
   2.94000006       9.23974786E-12
   2.96000004       1.04247349E-11
   2.98000002       1.25021347E-11
   3.00000000       1.29655739E-11
   3.01999998       1.42356361E-11
   3.03999996       1.56216082E-11
   3.05999994       1.49792123E-11
   3.07999992       6.91251180E-12
   3.09999990       1.69844791E-12
