  -2.00000000       9.33619610E-13
  -1.98000002       5.05644918E-12
  -1.96000004       4.59480197E-12
  -1.94000006       5.32670002E-12
  -1.91999996       1.03803008E-11
  -1.89999998       1.62456749E-11
  -1.88000000       2.24510376E-11
  -1.86000001       2.00122315E-11
  -1.84000003       1.97326253E-11
  -1.82000005       1.89052246E-11
  -1.79999995       1.83754227E-11
  -1.77999997       2.50671515E-11
  -1.75999999       3.02459204E-11
  -1.74000001       2.79550671E-11
  -1.72000003       2.85058210E-11
  -1.70000005       3.70536310E-11
  -1.68000007       4.25221490E-11
  -1.65999997       3.73117717E-11
  -1.63999999       3.90874520E-11
  -1.62000000       3.72468723E-11
  -1.60000002       3.22228043E-11
  -1.58000004       3.73955034E-11
  -1.55999994       3.75327790E-11
  -1.53999996       3.60654423E-11
  -1.51999998       2.66213562E-11
  -1.50000000       3.46397806E-11
  -1.48000002       4.22169105E-11
  -1.46000004       4.18616634E-11
  -1.44000006       3.60721349E-11
  -1.42000008       3.82932817E-11
  -1.40000010       4.42227054E-11
  -1.38000000       4.78952780E-11
  -1.36000001       5.83413595E-11
  -1.34000003       4.47849188E-11
  -1.31999993       5.15743177E-11
  -1.29999995       7.06628298E-11
  -1.27999997       3.33836431E-11
  -1.25999999       3.07697035E-10
  -1.24000001       1.29301708E-10
  -1.22000003       1.71402137E-09
  -1.20000005       3.04554559E-09
  -1.18000007       1.20712134E-08
  -1.16000009       3.48410829E-08
  -1.14000010       9.87732918E-08
  -1.12000000       2.92432134E-07
  -1.10000002       7.61143269E-07
  -1.08000004       2.08674055E-06
  -1.05999994       5.24506640E-06
  -1.03999996       1.31662027E-05
  -1.01999998       3.15709913E-05
  -1.00000000       7.35832873E-05
 -0.980000019       1.66389567E-04
 -0.960000038       3.63136613E-04
 -0.940000057       7.70329265E-04
 -0.920000076       1.57816103E-03
 -0.899999976       3.13796336E-03
 -0.879999995       6.03528041E-03
 -0.860000014       1.12508759E-02
 -0.840000033       2.03093123E-02
 -0.820000052       3.55030634E-02
 -0.800000072       6.01338260E-02
 -0.779999971       9.86089855E-02
 -0.759999990      0.156675696    
 -0.740000010      0.241029724    
 -0.720000029      0.359225541    
 -0.700000048      0.518485248    
 -0.680000067      0.724821746    
 -0.660000086      0.981490135    
 -0.639999986       1.28710163    
 -0.620000005       1.63498688    
 -0.600000024       2.01137280    
 -0.580000043       2.39684105    
 -0.560000062       2.76614046    
 -0.540000081       3.09212089    
 -0.519999981       3.34783578    
 -0.500000000       3.51044369    
 -0.480000019       3.56565285    
 -0.460000038       3.50731945    
 -0.440000057       3.34201574    
 -0.420000076       3.08387065    
 -0.400000095       2.75649500    
 -0.379999995       2.38635373    
 -0.360000014       2.00069261    
 -0.340000033       1.62510109    
 -0.320000052       1.27787673    
 -0.300000072      0.973947406    
 -0.280000091      0.718301475    
 -0.259999990      0.513629317    
 -0.240000010      0.355392814    
 -0.220000029      0.238255262    
 -0.200000048      0.154895142    
 -0.180000067       9.70783308E-02
 -0.160000086       5.96159101E-02
 -0.139999986       3.46242003E-02
 -0.120000005       2.02610902E-02
 -0.100000024       1.11248633E-02
  -8.00000429E-02   5.44073386E-03
  -6.00000620E-02   3.59770702E-03
  -4.00000811E-02   1.99237559E-03
  -2.00001001E-02   5.31088444E-04
   0.00000000       7.12081601E-06
   1.99999809E-02   3.17340382E-05
   3.99999619E-02   6.43855092E-05
   5.99999428E-02   7.93458312E-05
   7.99999237E-02   4.48670071E-05
   9.99999046E-02   4.91962282E-06
  0.119999886       1.27667772E-06
  0.139999866       2.24012524E-06
  0.159999847       1.46246421E-07
  0.180000067       1.65719015E-07
  0.200000048       7.63104495E-08
  0.220000029       4.61915306E-09
  0.240000010       1.77137522E-08
  0.259999990       6.27845997E-10
  0.279999971       3.71107389E-09
  0.299999952       1.11883280E-09
  0.319999933       1.00868980E-09
  0.339999914       7.54410645E-10
  0.359999895       4.80815221E-10
  0.379999876       4.31438163E-10
  0.399999857       3.07376902E-10
  0.419999838       2.65718059E-10
  0.440000057       2.13758108E-10
  0.460000038       1.82342252E-10
  0.480000019       1.55802399E-10
  0.500000000       1.32335531E-10
  0.519999981       1.10570025E-10
  0.539999962       9.09651521E-11
  0.559999943       7.66379182E-11
  0.579999924       6.88523821E-11
  0.599999905       6.33480005E-11
  0.619999886       5.91041174E-11
  0.639999866       5.63558124E-11
  0.659999847       5.32867570E-11
  0.679999828       4.61982813E-11
  0.700000048       3.73343023E-11
  0.720000029       3.35129147E-11
  0.740000010       3.21469587E-11
  0.759999990       3.02953496E-11
  0.779999971       2.93276375E-11
  0.799999952       2.95475935E-11
  0.819999933       2.84210797E-11
  0.839999914       2.52719460E-11
  0.859999895       2.29944744E-11
  0.879999876       2.13225392E-11
  0.899999857       1.97597876E-11
  0.919999838       1.86084897E-11
  0.939999819       1.84595395E-11
  0.960000038       1.92402587E-11
  0.980000019       1.84813727E-11
   1.00000000       1.63923129E-11
   1.01999998       1.49717530E-11
   1.03999996       1.32493764E-11
   1.05999994       1.25233660E-11
   1.07999992       1.26776974E-11
   1.09999990       1.27928224E-11
   1.11999989       1.32288997E-11
   1.13999987       1.33385698E-11
   1.15999985       1.32520444E-11
   1.17999983       1.15251819E-11
   1.19999981       1.06813005E-11
   1.22000003       1.08728165E-11
   1.24000001       1.02413416E-11
   1.25999999       9.97830291E-12
   1.27999997       9.51668258E-12
   1.29999995       9.63733173E-12
   1.31999993       1.03380542E-11
   1.33999991       1.06907165E-11
   1.35999990       1.07379244E-11
   1.37999988       1.08291804E-11
   1.39999986       1.13451549E-11
   1.41999984       1.07792247E-11
   1.43999982       9.46972362E-12
   1.46000004       8.52362105E-12
   1.48000002       7.84305780E-12
   1.50000000       7.53414692E-12
   1.51999998       6.76824005E-12
   1.53999996       6.40879754E-12
   1.55999994       7.16639768E-12
   1.57999992       7.71226572E-12
   1.59999990       8.46455111E-12
   1.61999989       8.66531846E-12
   1.63999987       8.65473578E-12
   1.65999985       8.04872922E-12
   1.67999983       7.13534136E-12
   1.69999981       6.71426673E-12
   1.72000003       6.71264259E-12
   1.74000001       7.13958623E-12
   1.75999999       6.72238827E-12
   1.77999997       6.90581533E-12
   1.79999995       7.56530949E-12
   1.81999993       7.38360935E-12
   1.83999991       7.64209182E-12
   1.85999990       7.43146517E-12
   1.87999988       7.63186389E-12
   1.89999986       7.53795290E-12
   1.91999984       6.78251422E-12
   1.93999982       6.74787179E-12
   1.95999980       6.65684565E-12
   1.98000002       6.49008364E-12
   2.00000000       5.85708738E-12
   2.01999998       5.71163169E-12
   2.03999996       6.20474288E-12
   2.05999994       6.28478519E-12
   2.07999992       6.63342645E-12
   2.09999990       7.10777487E-12
   2.11999989       7.17367745E-12
   2.13999987       6.61441388E-12
   2.15999985       6.30713103E-12
   2.17999983       6.00994341E-12
   2.19999981       5.91275206E-12
   2.21999979       6.27461234E-12
   2.23999977       6.20909314E-12
   2.25999975       6.53852276E-12
   2.27999973       6.90292962E-12
   2.29999971       7.41656649E-12
   2.31999969       7.73043955E-12
   2.33999968       7.13011377E-12
   2.36000013       7.40834043E-12
   2.38000011       7.23800794E-12
   2.40000010       7.68150821E-12
   2.42000008       8.37059588E-12
   2.44000006       8.12980672E-12
   2.46000004       8.11236842E-12
   2.48000002       7.35597867E-12
   2.50000000       6.89136595E-12
   2.51999998       6.02336713E-12
   2.53999996       5.82152122E-12
   2.55999994       7.23426310E-12
   2.57999992       7.98579779E-12
   2.59999990       8.59620101E-12
   2.61999989       8.69519907E-12
   2.63999987       9.77162361E-12
   2.65999985       1.05746739E-11
   2.67999983       9.59245097E-12
   2.69999981       8.79747403E-12
   2.71999979       8.71446578E-12
   2.73999977       9.02929381E-12
   2.75999975       8.78136799E-12
   2.77999973       8.93641845E-12
   2.79999971       1.03533059E-11
   2.81999969       1.18038695E-11
   2.83999968       1.19388987E-11
   2.85999966       1.11540681E-11
   2.88000011       1.02995069E-11
   2.90000010       1.02922072E-11
   2.92000008       1.01691771E-11
   2.94000006       1.21715841E-11
   2.96000004       1.41342866E-11
   2.98000002       1.62155064E-11
   3.00000000       2.01941484E-11
   3.01999998       2.25485290E-11
   3.03999996       2.02366023E-11
   3.05999994       9.23821523E-12
   3.07999992       8.40004889E-12
   3.09999990       1.53229113E-11
