  -2.00000000       1.74185837E-14
  -1.98000002       4.61811448E-12
  -1.96000004       7.94029426E-12
  -1.94000006       8.19240596E-12
  -1.91999996       1.75728529E-11
  -1.89999998       8.88237574E-12
  -1.88000000       9.89743010E-12
  -1.86000001       8.50083285E-12
  -1.84000003       1.20239756E-11
  -1.82000005       2.24045192E-11
  -1.79999995       2.01826455E-11
  -1.77999997       2.25032701E-11
  -1.75999999       3.04100772E-11
  -1.74000001       2.76129883E-11
  -1.72000003       3.42785557E-11
  -1.70000005       3.67747395E-11
  -1.68000007       4.66968408E-11
  -1.65999997       3.82866239E-11
  -1.63999999       5.13682083E-11
  -1.62000000       5.65656029E-11
  -1.60000002       4.14834868E-11
  -1.58000004       5.57642474E-11
  -1.55999994       6.63112759E-11
  -1.53999996       7.37146247E-11
  -1.51999998       7.20585328E-11
  -1.50000000       6.37446970E-11
  -1.48000002       6.34338623E-11
  -1.46000004       6.24644086E-11
  -1.44000006       5.88478849E-11
  -1.42000008       6.45436066E-11
  -1.40000010       6.75980730E-11
  -1.38000000       6.51246210E-11
  -1.36000001       5.64868603E-11
  -1.34000003       6.87297580E-11
  -1.31999993       6.16289381E-11
  -1.29999995       1.09503441E-10
  -1.27999997       4.54105226E-11
  -1.25999999       2.00352360E-10
  -1.24000001       2.64650579E-10
  -1.22000003       5.54032653E-10
  -1.20000005       2.63024136E-09
  -1.18000007       4.68728700E-09
  -1.16000009       2.18424301E-08
  -1.14000010       5.09346449E-08
  -1.12000000       1.66441325E-07
  -1.10000002       4.37439525E-07
  -1.08000004       1.19625031E-06
  -1.05999994       3.13217015E-06
  -1.03999996       7.81479685E-06
  -1.01999998       1.93813867E-05
  -1.00000000       4.54936453E-05
 -0.980000019       1.05181854E-04
 -0.960000038       2.33060127E-04
 -0.940000057       5.03102550E-04
 -0.920000076       1.04963232E-03
 -0.899999976       2.12105107E-03
 -0.879999995       4.15679347E-03
 -0.860000014       7.87831750E-03
 -0.840000033       1.44854523E-02
 -0.820000052       2.57642362E-02
 -0.800000072       4.44330238E-02
 -0.779999971       7.41772503E-02
 -0.759999990      0.119981095    
 -0.740000010      0.187980562    
 -0.720000029      0.285234720    
 -0.700000048      0.419326246    
 -0.680000067      0.596958518    
 -0.660000086      0.823405385    
 -0.639999986       1.09987223    
 -0.620000005       1.42328227    
 -0.600000024       1.78391182    
 -0.580000043       2.16572285    
 -0.560000062       2.54701090    
 -0.540000081       2.90107059    
 -0.519999981       3.20129442    
 -0.500000000       3.42097974    
 -0.480000019       3.54182506    
 -0.460000038       3.55138254    
 -0.440000057       3.44943905    
 -0.420000076       3.24557590    
 -0.400000095       2.95726657    
 -0.379999995       2.61122060    
 -0.360000014       2.23174405    
 -0.340000033       1.84935641    
 -0.320000052       1.48267126    
 -0.300000072       1.15296400    
 -0.280000091      0.867179632    
 -0.259999990      0.632732451    
 -0.240000010      0.446466744    
 -0.220000029      0.305850178    
 -0.200000048      0.201860577    
 -0.180000067      0.131016225    
 -0.160000086       7.93290734E-02
 -0.139999986       4.98477854E-02
 -0.120000005       2.84008235E-02
 -0.100000024       1.49934972E-02
  -8.00000429E-02   9.00965091E-03
  -6.00000620E-02   5.71292173E-03
  -4.00000811E-02   2.90502468E-03
  -2.00001001E-02   7.63236603E-04
   0.00000000       5.32909962E-06
   1.99999809E-02   1.36832696E-05
   3.99999619E-02   2.93890444E-05
   5.99999428E-02   4.93212719E-05
   7.99999237E-02   5.67774077E-05
   9.99999046E-02   4.73008477E-05
  0.119999886       2.49892764E-05
  0.139999866       5.23597555E-06
  0.159999847       1.87693786E-06
  0.180000067       2.94470601E-06
  0.200000048       9.63886691E-07
  0.220000029       2.23706252E-07
  0.240000010       2.27687124E-07
  0.259999990       5.74139065E-08
  0.279999971       3.23954872E-08
  0.299999952       1.88980245E-08
  0.319999933       7.69785835E-09
  0.339999914       6.00175376E-09
  0.359999895       3.19119220E-09
  0.379999876       2.34235586E-09
  0.399999857       1.60510782E-09
  0.419999838       1.17634957E-09
  0.440000057       8.93017216E-10
  0.460000038       6.76436629E-10
  0.480000019       5.42558554E-10
  0.500000000       4.45572912E-10
  0.519999981       3.75226739E-10
  0.539999962       3.19588606E-10
  0.559999943       2.79715973E-10
  0.579999924       2.44050780E-10
  0.599999905       2.06561476E-10
  0.619999886       1.74408266E-10
  0.639999866       1.53874885E-10
  0.659999847       1.38414571E-10
  0.679999828       1.24946567E-10
  0.700000048       1.13889953E-10
  0.720000029       1.08872730E-10
  0.740000010       1.03963831E-10
  0.759999990       9.19162524E-11
  0.779999971       7.93437122E-11
  0.799999952       7.17431253E-11
  0.819999933       6.88846896E-11
  0.839999914       6.49834214E-11
  0.859999895       5.91627303E-11
  0.879999876       5.62580815E-11
  0.899999857       5.49404758E-11
  0.919999838       5.18894303E-11
  0.939999819       4.61822386E-11
  0.960000038       4.07728504E-11
  0.980000019       3.84526092E-11
   1.00000000       3.80997352E-11
   1.01999998       3.73387085E-11
   1.03999996       3.57480573E-11
   1.05999994       3.39859391E-11
   1.07999992       3.34919419E-11
   1.09999990       3.17648165E-11
   1.11999989       2.87092277E-11
   1.13999987       2.67819777E-11
   1.15999985       2.58487884E-11
   1.17999983       2.61003979E-11
   1.19999981       2.56524073E-11
   1.22000003       2.58379099E-11
   1.24000001       2.59494960E-11
   1.25999999       2.49429453E-11
   1.27999997       2.50147923E-11
   1.29999995       2.51480173E-11
   1.31999993       2.49906554E-11
   1.33999991       2.34045387E-11
   1.35999990       2.17582029E-11
   1.37999988       2.11438610E-11
   1.39999986       2.02723359E-11
   1.41999984       1.96823634E-11
   1.43999982       1.93406593E-11
   1.46000004       1.98035598E-11
   1.48000002       1.98427125E-11
   1.50000000       1.86722721E-11
   1.51999998       1.88866960E-11
   1.53999996       1.92483425E-11
   1.55999994       1.83811629E-11
   1.57999992       1.65979192E-11
   1.59999990       1.55581659E-11
   1.61999989       1.65378301E-11
   1.63999987       1.61305379E-11
   1.65999985       1.63222699E-11
   1.67999983       1.63639605E-11
   1.69999981       1.67734906E-11
   1.72000003       1.81304641E-11
   1.74000001       1.81681580E-11
   1.75999999       1.88753926E-11
   1.77999997       1.73708391E-11
   1.79999995       1.69437901E-11
   1.81999993       1.73584619E-11
   1.83999991       1.67831807E-11
   1.85999990       1.72057681E-11
   1.87999988       1.64403421E-11
   1.89999986       1.65827786E-11
   1.91999984       1.60557227E-11
   1.93999982       1.58812824E-11
   1.95999980       1.59610450E-11
   1.98000002       1.54575814E-11
   2.00000000       1.55423036E-11
   2.01999998       1.50858753E-11
   2.03999996       1.47384761E-11
   2.05999994       1.44974120E-11
   2.07999992       1.36519103E-11
   2.09999990       1.30304170E-11
   2.11999989       1.25881042E-11
   2.13999987       1.28911465E-11
   2.15999985       1.39214282E-11
   2.17999983       1.46175103E-11
   2.19999981       1.47965199E-11
   2.21999979       1.45760817E-11
   2.23999977       1.59254589E-11
   2.25999975       1.61302326E-11
   2.27999973       1.64413882E-11
   2.29999971       1.62072456E-11
   2.31999969       1.69174674E-11
   2.33999968       1.85168408E-11
   2.36000013       1.75167676E-11
   2.38000011       1.78442556E-11
   2.40000010       1.71452297E-11
   2.42000008       1.60992088E-11
   2.44000006       1.53537599E-11
   2.46000004       1.56922132E-11
   2.48000002       1.75745408E-11
   2.50000000       1.69801673E-11
   2.51999998       1.75153815E-11
   2.53999996       1.77530855E-11
   2.55999994       1.78736366E-11
   2.57999992       1.71812269E-11
   2.59999990       1.61506138E-11
   2.61999989       1.73978661E-11
   2.63999987       1.60929846E-11
   2.65999985       1.56918922E-11
   2.67999983       1.74340195E-11
   2.69999981       2.04342827E-11
   2.71999979       2.20443299E-11
   2.73999977       2.13114804E-11
   2.75999975       2.18905484E-11
   2.77999973       2.22787830E-11
   2.79999971       2.16762996E-11
   2.81999969       2.14314833E-11
   2.83999968       2.21117395E-11
   2.85999966       2.51701750E-11
   2.88000011       2.85410862E-11
   2.90000010       3.16783821E-11
   2.92000008       3.52998394E-11
   2.94000006       3.56988050E-11
   2.96000004       3.23960372E-11
   2.98000002       2.21813713E-11
   3.00000000       1.47461123E-11
   3.01999998       1.72935503E-11
   3.03999996       1.67455425E-11
   3.05999994       5.87620360E-12
   3.07999992       9.70055720E-12
   3.09999990       1.44891672E-12
