  -2.00000000       3.32019286E-12
  -1.98000002       1.04893016E-13
  -1.96000004       1.58884397E-12
  -1.94000006       2.13181729E-12
  -1.91999996       7.50813799E-13
  -1.89999998       9.75644999E-12
  -1.88000000       1.61557174E-11
  -1.86000001       1.83463227E-11
  -1.84000003       1.73712399E-11
  -1.82000005       1.18325358E-11
  -1.79999995       1.96989751E-11
  -1.77999997       2.59762437E-11
  -1.75999999       2.16693746E-11
  -1.74000001       2.82208736E-11
  -1.72000003       2.73633720E-11
  -1.70000005       3.63081995E-11
  -1.68000007       3.63231077E-11
  -1.65999997       4.77299242E-11
  -1.63999999       4.35401749E-11
  -1.62000000       3.93829865E-11
  -1.60000002       6.03912476E-11
  -1.58000004       5.67200037E-11
  -1.55999994       5.16672538E-11
  -1.53999996       5.57226938E-11
  -1.51999998       4.53667416E-11
  -1.50000000       6.53046783E-11
  -1.48000002       6.66882244E-11
  -1.46000004       6.99757335E-11
  -1.44000006       7.35963096E-11
  -1.42000008       7.37339773E-11
  -1.40000010       7.24951627E-11
  -1.38000000       8.14166026E-11
  -1.36000001       1.01430662E-10
  -1.34000003       8.53586923E-11
  -1.31999993       8.38325659E-11
  -1.29999995       8.72171502E-11
  -1.27999997       9.28405408E-11
  -1.25999999       2.05268552E-10
  -1.24000001       3.44929051E-11
  -1.22000003       9.72408709E-10
  -1.20000005       7.07288339E-10
  -1.18000007       5.62515012E-09
  -1.16000009       1.21667512E-08
  -1.14000010       4.05377740E-08
  -1.12000000       1.18775141E-07
  -1.10000002       3.14928059E-07
  -1.08000004       9.06017476E-07
  -1.05999994       2.27927603E-06
  -1.03999996       5.98100087E-06
  -1.01999998       1.45236245E-05
  -1.00000000       3.50568844E-05
 -0.980000019       8.10036727E-05
 -0.960000038       1.81838943E-04
 -0.940000057       3.96154035E-04
 -0.920000076       8.32745223E-04
 -0.899999976       1.70307036E-03
 -0.879999995       3.36106261E-03
 -0.860000014       6.44444674E-03
 -0.840000033       1.19456807E-02
 -0.820000052       2.14728713E-02
 -0.800000072       3.73783819E-02
 -0.779999971       6.30163476E-02
 -0.759999990      0.102956712    
 -0.740000010      0.162863016    
 -0.720000029      0.249680743    
 -0.700000048      0.370636851    
 -0.680000067      0.533135593    
 -0.660000086      0.742722690    
 -0.639999986       1.00237632    
 -0.620000005       1.31050694    
 -0.600000024       1.65944755    
 -0.580000043       2.03597188    
 -0.560000062       2.41906714    
 -0.540000081       2.78504682    
 -0.519999981       3.10525680    
 -0.500000000       3.35432649    
 -0.480000019       3.50989294    
 -0.460000038       3.55718780    
 -0.440000057       3.49330688    
 -0.420000076       3.32151723    
 -0.400000095       3.06144929    
 -0.379999995       2.73094273    
 -0.360000014       2.36233759    
 -0.340000033       1.97711170    
 -0.320000052       1.60500455    
 -0.300000072       1.26036310    
 -0.280000091      0.960308611    
 -0.259999990      0.707064569    
 -0.240000010      0.506724536    
 -0.220000029      0.348046690    
 -0.200000048      0.236701727    
 -0.180000067      0.150463402    
 -0.160000086       9.59588662E-02
 -0.139999986       5.97728640E-02
 -0.120000005       3.35195735E-02
 -0.100000024       1.86433792E-02
  -8.00000429E-02   1.15635386E-02
  -6.00000620E-02   7.23646954E-03
  -4.00000811E-02   3.64051852E-03
  -2.00001001E-02   9.65479005E-04
   0.00000000       3.02032868E-06
   1.99999809E-02   9.53073322E-06
   3.99999619E-02   2.04624084E-05
   5.99999428E-02   3.57952522E-05
   7.99999237E-02   4.67066857E-05
   9.99999046E-02   4.84907141E-05
  0.119999886       3.74074953E-05
  0.139999866       1.92340012E-05
  0.159999847       6.10408870E-06
  0.180000067       2.85048782E-06
  0.200000048       3.62252513E-06
  0.220000029       2.05287574E-06
  0.240000010       6.77121193E-07
  0.259999990       4.42341559E-07
  0.279999971       2.07967020E-07
  0.299999952       8.14469630E-08
  0.319999933       4.92222441E-08
  0.339999914       2.22880310E-08
  0.359999895       1.27169661E-08
  0.379999876       7.48979812E-09
  0.399999857       4.46460824E-09
  0.419999838       3.00008751E-09
  0.440000057       2.02480432E-09
  0.460000038       1.48217971E-09
  0.480000019       1.10583054E-09
  0.500000000       8.45983339E-10
  0.519999981       6.59585442E-10
  0.539999962       5.27073940E-10
  0.559999943       4.25376956E-10
  0.579999924       3.50760865E-10
  0.599999905       3.00156289E-10
  0.619999886       2.61798555E-10
  0.639999866       2.25700722E-10
  0.659999847       1.95111871E-10
  0.679999828       1.68855513E-10
  0.700000048       1.45240278E-10
  0.720000029       1.24790303E-10
  0.740000010       1.10919426E-10
  0.759999990       1.07530901E-10
  0.779999971       1.06511230E-10
  0.799999952       1.01585670E-10
  0.819999933       9.23673429E-11
  0.839999914       8.45708503E-11
  0.859999895       8.02100816E-11
  0.879999876       7.38326691E-11
  0.899999857       6.70128397E-11
  0.919999838       6.20333854E-11
  0.939999819       6.07414397E-11
  0.960000038       6.04910705E-11
  0.980000019       5.69824986E-11
   1.00000000       5.08111019E-11
   1.01999998       4.58638058E-11
   1.03999996       4.27032472E-11
   1.05999994       4.03046624E-11
   1.07999992       3.77199140E-11
   1.09999990       3.65632628E-11
   1.11999989       3.66606398E-11
   1.13999987       3.57379057E-11
   1.15999985       3.39525352E-11
   1.17999983       3.07767839E-11
   1.19999981       2.95039340E-11
   1.22000003       2.95650102E-11
   1.24000001       2.92570655E-11
   1.25999999       2.96195880E-11
   1.27999997       2.88356197E-11
   1.29999995       2.80689465E-11
   1.31999993       2.75068093E-11
   1.33999991       2.71202470E-11
   1.35999990       2.65984700E-11
   1.37999988       2.57768130E-11
   1.39999986       2.62638765E-11
   1.41999984       2.65752854E-11
   1.43999982       2.60961218E-11
   1.46000004       2.52747615E-11
   1.48000002       2.44350876E-11
   1.50000000       2.40987837E-11
   1.51999998       2.16232622E-11
   1.53999996       1.96903969E-11
   1.55999994       1.97858951E-11
   1.57999992       2.08198302E-11
   1.59999990       2.14670642E-11
   1.61999989       1.96371443E-11
   1.63999987       1.89437840E-11
   1.65999985       1.76432428E-11
   1.67999983       1.75340090E-11
   1.69999981       1.78898459E-11
   1.72000003       1.80191730E-11
   1.74000001       2.02700998E-11
   1.75999999       2.03230141E-11
   1.77999997       2.14687278E-11
   1.79999995       2.13345713E-11
   1.81999993       2.01944329E-11
   1.83999991       1.99781858E-11
   1.85999990       1.88967366E-11
   1.87999988       1.98566164E-11
   1.89999986       1.96205656E-11
   1.91999984       1.96078535E-11
   1.93999982       1.98237468E-11
   1.95999980       1.94876736E-11
   1.98000002       1.96260525E-11
   2.00000000       1.86961731E-11
   2.01999998       1.79674262E-11
   2.03999996       1.74527927E-11
   2.05999994       1.70905373E-11
   2.07999992       1.73736442E-11
   2.09999990       1.78776507E-11
   2.11999989       1.85890348E-11
   2.13999987       1.84611701E-11
   2.15999985       1.77067666E-11
   2.17999983       1.75852197E-11
   2.19999981       1.82196550E-11
   2.21999979       1.90136292E-11
   2.23999977       1.83567953E-11
   2.25999975       1.92383401E-11
   2.27999973       1.97940345E-11
   2.29999971       2.14829925E-11
   2.31999969       2.17650585E-11
   2.33999968       1.96502710E-11
   2.36000013       2.00280487E-11
   2.38000011       1.90589263E-11
   2.40000010       1.92564645E-11
   2.42000008       2.01765705E-11
   2.44000006       2.15368799E-11
   2.46000004       2.21338971E-11
   2.48000002       2.09588145E-11
   2.50000000       2.17697145E-11
   2.51999998       2.12299466E-11
   2.53999996       2.23130247E-11
   2.55999994       2.36411151E-11
   2.57999992       2.44089020E-11
   2.59999990       2.53232938E-11
   2.61999989       2.33702745E-11
   2.63999987       2.55607514E-11
   2.65999985       2.77347451E-11
   2.67999983       2.78933213E-11
   2.69999981       2.71614901E-11
   2.71999979       2.78396698E-11
   2.73999977       3.05197603E-11
   2.75999975       3.00338331E-11
   2.77999973       3.01463750E-11
   2.79999971       3.25321506E-11
   2.81999969       3.70571421E-11
   2.83999968       4.14593603E-11
   2.85999966       4.26149220E-11
   2.88000011       4.38011016E-11
   2.90000010       4.44214422E-11
   2.92000008       4.09858640E-11
   2.94000006       3.45451133E-11
   2.96000004       2.70292937E-11
   2.98000002       3.04850312E-11
   3.00000000       3.29617791E-11
   3.01999998       2.19728003E-11
   3.03999996       1.92802406E-11
   3.05999994       2.21292967E-11
   3.07999992       9.39129070E-12
   3.09999990       1.12809727E-11
