  -2.00000000       1.45955882E-12
  -1.98000002       2.91486236E-12
  -1.96000004       1.15428153E-12
  -1.94000006       6.66712779E-12
  -1.91999996       1.17061846E-11
  -1.89999998       1.93454974E-11
  -1.88000000       2.11586460E-11
  -1.86000001       2.55746986E-11
  -1.84000003       3.03441786E-11
  -1.82000005       2.35403121E-11
  -1.79999995       2.15598234E-11
  -1.77999997       2.86157157E-11
  -1.75999999       3.52357345E-11
  -1.74000001       3.41576593E-11
  -1.72000003       2.49891965E-11
  -1.70000005       3.23852056E-11
  -1.68000007       4.05916689E-11
  -1.65999997       4.33327541E-11
  -1.63999999       3.13425154E-11
  -1.62000000       2.50155018E-11
  -1.60000002       3.54230395E-11
  -1.58000004       3.88962543E-11
  -1.55999994       3.18036361E-11
  -1.53999996       2.32989530E-11
  -1.51999998       2.00995436E-11
  -1.50000000       3.52796958E-11
  -1.48000002       4.02878599E-11
  -1.46000004       3.62076202E-11
  -1.44000006       3.80606380E-11
  -1.42000008       4.41194477E-11
  -1.40000010       4.49566114E-11
  -1.38000000       4.91263905E-11
  -1.36000001       6.55693486E-11
  -1.34000003       4.67058059E-11
  -1.31999993       7.11525977E-11
  -1.29999995       2.73450429E-11
  -1.27999997       1.39909723E-10
  -1.25999999       1.70577788E-10
  -1.24000001       3.48384432E-10
  -1.22000003       1.76556281E-09
  -1.20000005       3.13841730E-09
  -1.18000007       1.46090446E-08
  -1.16000009       3.51582869E-08
  -1.14000010       1.15651581E-07
  -1.12000000       3.09695167E-07
  -1.10000002       8.49154333E-07
  -1.08000004       2.26369207E-06
  -1.05999994       5.71965120E-06
  -1.03999996       1.43267098E-05
  -1.01999998       3.41097912E-05
  -1.00000000       7.96636668E-05
 -0.980000019       1.78895076E-04
 -0.960000038       3.90431785E-04
 -0.940000057       8.24437418E-04
 -0.920000076       1.68554531E-03
 -0.899999976       3.34112695E-03
 -0.879999995       6.40642550E-03
 -0.860000014       1.19121512E-02
 -0.840000033       2.14320496E-02
 -0.820000052       3.73696610E-02
 -0.800000072       6.30926043E-02
 -0.779999971      0.103175193    
 -0.759999990      0.163434029    
 -0.740000010      0.250684083    
 -0.720000029      0.372526109    
 -0.700000048      0.536036372    
 -0.680000067      0.747197688    
 -0.660000086       1.00865626    
 -0.639999986       1.31887186    
 -0.620000005       1.67019308    
 -0.600000024       2.04853749    
 -0.580000043       2.43374157    
 -0.560000062       2.80009508    
 -0.540000081       3.12070990    
 -0.519999981       3.36820269    
 -0.500000000       3.52126193    
 -0.480000019       3.56535745    
 -0.460000038       3.49641013    
 -0.440000057       3.32123709    
 -0.420000076       3.05510569    
 -0.400000095       2.72249413    
 -0.379999995       2.34923553    
 -0.360000014       1.96379399    
 -0.340000033       1.58972263    
 -0.320000052       1.24645567    
 -0.300000072      0.946781993    
 -0.280000091      0.696115851    
 -0.259999990      0.496282369    
 -0.240000010      0.342042953    
 -0.220000029      0.228957117    
 -0.200000048      0.147886366    
 -0.180000067       9.29464176E-02
 -0.160000086       5.62822521E-02
 -0.139999986       3.32187004E-02
 -0.120000005       1.87422261E-02
 -0.100000024       1.07592745E-02
  -8.00000429E-02   5.02284802E-03
  -6.00000620E-02   3.28724901E-03
  -4.00000811E-02   1.89296063E-03
  -2.00001001E-02   4.86313977E-04
   0.00000000       2.08250603E-05
   1.99999809E-02   3.53187424E-05
   3.99999619E-02   7.56670415E-05
   5.99999428E-02   8.02237773E-05
   7.99999237E-02   3.03332381E-05
   9.99999046E-02   1.23002280E-06
  0.119999886       2.63141192E-06
  0.139999866       1.37402299E-06
  0.159999847       6.26672758E-08
  0.180000067       2.08765343E-07
  0.200000048       1.70385839E-08
  0.220000029       2.11045386E-08
  0.240000010       8.10828205E-09
  0.259999990       1.69873760E-09
  0.279999971       3.03274272E-09
  0.299999952       5.69683800E-10
  0.319999933       1.07999909E-09
  0.339999914       4.96785890E-10
  0.359999895       4.84713047E-10
  0.379999876       3.60192404E-10
  0.399999857       2.88774837E-10
  0.419999838       2.47291049E-10
  0.440000057       1.99853384E-10
  0.460000038       1.68581843E-10
  0.480000019       1.44005669E-10
  0.500000000       1.25032179E-10
  0.519999981       1.04486662E-10
  0.539999962       8.90844135E-11
  0.559999943       8.07276260E-11
  0.579999924       7.35842845E-11
  0.599999905       6.59084246E-11
  0.619999886       6.10015927E-11
  0.639999866       5.96114547E-11
  0.659999847       5.82073001E-11
  0.679999828       5.27457036E-11
  0.700000048       4.72810298E-11
  0.720000029       4.46465365E-11
  0.740000010       4.26286992E-11
  0.759999990       3.82814058E-11
  0.779999971       3.26382324E-11
  0.799999952       2.93061860E-11
  0.819999933       2.76656996E-11
  0.839999914       2.50378000E-11
  0.859999895       2.17384513E-11
  0.879999876       2.00912273E-11
  0.899999857       2.06225644E-11
  0.919999838       2.03850253E-11
  0.939999819       1.87522619E-11
  0.960000038       1.73229556E-11
  0.980000019       1.74636122E-11
   1.00000000       1.77199054E-11
   1.01999998       1.66799005E-11
   1.03999996       1.48720099E-11
   1.05999994       1.33636340E-11
   1.07999992       1.33572077E-11
   1.09999990       1.39813933E-11
   1.11999989       1.35704156E-11
   1.13999987       1.31924957E-11
   1.15999985       1.34865955E-11
   1.17999983       1.34700697E-11
   1.19999981       1.33448122E-11
   1.22000003       1.35873595E-11
   1.24000001       1.33118369E-11
   1.25999999       1.19128405E-11
   1.27999997       1.11923708E-11
   1.29999995       1.13525587E-11
   1.31999993       1.14260658E-11
   1.33999991       1.09688231E-11
   1.35999990       1.05160507E-11
   1.37999988       1.07064349E-11
   1.39999986       1.10885294E-11
   1.41999984       1.05541079E-11
   1.43999982       9.67031663E-12
   1.46000004       9.24402829E-12
   1.48000002       8.41414612E-12
   1.50000000       7.25328044E-12
   1.51999998       7.31414755E-12
   1.53999996       8.41140178E-12
   1.55999994       8.66289766E-12
   1.57999992       8.44004120E-12
   1.59999990       8.97985332E-12
   1.61999989       1.02361401E-11
   1.63999987       1.03982604E-11
   1.65999985       9.75655320E-12
   1.67999983       9.72762496E-12
   1.69999981       9.14993081E-12
   1.72000003       8.50956978E-12
   1.74000001       8.29861527E-12
   1.75999999       7.97341533E-12
   1.77999997       7.57208445E-12
   1.79999995       7.85249470E-12
   1.81999993       8.81963686E-12
   1.83999991       8.83570647E-12
   1.85999990       8.49982758E-12
   1.87999988       8.45864524E-12
   1.89999986       8.42512605E-12
   1.91999984       8.55799459E-12
   1.93999982       8.53233803E-12
   1.95999980       7.86015177E-12
   1.98000002       6.92671137E-12
   2.00000000       6.43227529E-12
   2.01999998       6.29354685E-12
   2.03999996       6.51285362E-12
   2.05999994       7.06353465E-12
   2.07999992       7.14989092E-12
   2.09999990       7.05493476E-12
   2.11999989       7.14598823E-12
   2.13999987       7.27935594E-12
   2.15999985       7.59014900E-12
   2.17999983       7.54339299E-12
   2.19999981       6.88029711E-12
   2.21999979       6.22155799E-12
   2.23999977       6.59970733E-12
   2.25999975       7.57117893E-12
   2.27999973       7.66415924E-12
   2.29999971       8.11162595E-12
   2.31999969       9.12837514E-12
   2.33999968       9.47526172E-12
   2.36000013       9.71243832E-12
   2.38000011       1.00705711E-11
   2.40000010       1.02404925E-11
   2.42000008       9.45916782E-12
   2.44000006       8.54074363E-12
   2.46000004       8.14055334E-12
   2.48000002       8.36809875E-12
   2.50000000       7.76628761E-12
   2.51999998       7.27297476E-12
   2.53999996       8.31041919E-12
   2.55999994       8.44528093E-12
   2.57999992       7.39321798E-12
   2.59999990       7.65946247E-12
   2.61999989       8.84468627E-12
   2.63999987       9.52705102E-12
   2.65999985       9.01346532E-12
   2.67999983       9.27058603E-12
   2.69999981       9.67712802E-12
   2.71999979       9.01683936E-12
   2.73999977       8.60014924E-12
   2.75999975       9.54351789E-12
   2.77999973       1.08118974E-11
   2.79999971       1.08512192E-11
   2.81999969       1.04799260E-11
   2.83999968       1.08566905E-11
   2.85999966       1.16341711E-11
   2.88000011       1.24155790E-11
   2.90000010       1.28393051E-11
   2.92000008       1.32711264E-11
   2.94000006       1.37019172E-11
   2.96000004       1.41381898E-11
   2.98000002       1.54795187E-11
   3.00000000       1.76086992E-11
   3.01999998       2.16969984E-11
   3.03999996       2.27596171E-11
   3.05999994       1.28022089E-11
   3.07999992       4.53198069E-12
   3.09999990       1.65157107E-11
