  -2.00000000       5.48392408E-12
  -1.98000002       4.39494795E-12
  -1.96000004       1.46638587E-11
  -1.94000006       5.97318332E-12
  -1.91999996       9.32290529E-12
  -1.89999998       1.76489344E-11
  -1.88000000       8.90901762E-12
  -1.86000001       2.18700526E-11
  -1.84000003       1.91028027E-11
  -1.82000005       1.86203535E-11
  -1.79999995       2.90154480E-11
  -1.77999997       2.55525791E-11
  -1.75999999       2.33841210E-11
  -1.74000001       2.14453056E-11
  -1.72000003       2.02066350E-11
  -1.70000005       2.77258407E-11
  -1.68000007       2.74045821E-11
  -1.65999997       3.18848697E-11
  -1.63999999       2.80467611E-11
  -1.62000000       4.16495970E-11
  -1.60000002       3.79684062E-11
  -1.58000004       4.37856938E-11
  -1.55999994       6.40544007E-11
  -1.53999996       4.58517530E-11
  -1.51999998       8.28322549E-11
  -1.50000000       7.04442615E-11
  -1.48000002       8.96638458E-11
  -1.46000004       1.02995515E-10
  -1.44000006       1.08037301E-10
  -1.42000008       1.06668605E-10
  -1.40000010       1.13135862E-10
  -1.38000000       1.23539165E-10
  -1.36000001       1.36981537E-10
  -1.34000003       1.54116442E-10
  -1.31999993       1.63260613E-10
  -1.29999995       1.63940972E-10
  -1.27999997       2.41027587E-10
  -1.25999999       2.00690395E-10
  -1.24000001       2.75472312E-10
  -1.22000003       4.23666963E-10
  -1.20000005       2.74068906E-10
  -1.18000007       2.34800135E-09
  -1.16000009       1.80356807E-09
  -1.14000010       1.51330948E-08
  -1.12000000       2.71001852E-08
  -1.10000002       1.03834751E-07
  -1.08000004       2.57354344E-07
  -1.05999994       7.28199609E-07
  -1.03999996       1.91898630E-06
  -1.01999998       4.80668314E-06
  -1.00000000       1.21650974E-05
 -0.980000019       2.85429014E-05
 -0.960000038       6.74268376E-05
 -0.940000057       1.49964428E-04
 -0.920000076       3.29589064E-04
 -0.899999976       6.94193994E-04
 -0.879999995       1.42306159E-03
 -0.860000014       2.82671256E-03
 -0.840000033       5.42931631E-03
 -0.820000052       1.01356702E-02
 -0.800000072       1.82784703E-02
 -0.779999971       3.20362262E-02
 -0.759999990       5.42773865E-02
 -0.740000010       8.92701671E-02
 -0.720000029      0.142126977    
 -0.700000048      0.219355419    
 -0.680000067      0.328127980    
 -0.660000086      0.475339532    
 -0.639999986      0.667955875    
 -0.620000005      0.908361971    
 -0.600000024       1.19880617    
 -0.580000043       1.53079557    
 -0.560000062       1.89705992    
 -0.540000081       2.27488899    
 -0.519999981       2.64708662    
 -0.500000000       2.98100233    
 -0.480000019       3.25702381    
 -0.460000038       3.44420671    
 -0.440000057       3.53442526    
 -0.420000076       3.50775337    
 -0.400000095       3.38363814    
 -0.379999995       3.14859271    
 -0.360000014       2.85690498    
 -0.340000033       2.49386215    
 -0.320000052       2.12197232    
 -0.300000072       1.74846053    
 -0.280000091       1.38624215    
 -0.259999990       1.07666326    
 -0.240000010      0.808110535    
 -0.220000029      0.580408454    
 -0.200000048      0.408391953    
 -0.180000067      0.282841593    
 -0.160000086      0.186841950    
 -0.139999986      0.116036415    
 -0.120000005       6.99735284E-02
 -0.100000024       4.35257256E-02
  -8.00000429E-02   2.85738949E-02
  -6.00000620E-02   1.82331521E-02
  -4.00000811E-02   9.46280733E-03
  -2.00001001E-02   2.54472275E-03
   0.00000000       1.74138659E-05
   1.99999809E-02   3.52214465E-06
   3.99999619E-02   6.31209787E-06
   5.99999428E-02   1.29572400E-05
   7.99999237E-02   1.86634461E-05
   9.99999046E-02   2.50890316E-05
  0.119999886       2.93855192E-05
  0.139999866       3.09998359E-05
  0.159999847       2.91018114E-05
  0.180000067       2.34621675E-05
  0.200000048       1.63624027E-05
  0.220000029       1.01577698E-05
  0.240000010       6.25657049E-06
  0.259999990       4.71137218E-06
  0.279999971       4.03047670E-06
  0.299999952       3.39944950E-06
  0.319999933       2.72195939E-06
  0.339999914       2.12983059E-06
  0.359999895       1.72964747E-06
  0.379999876       1.32797265E-06
  0.399999857       9.13850045E-07
  0.419999838       5.89703291E-07
  0.440000057       3.65460352E-07
  0.460000038       2.19066834E-07
  0.480000019       1.29409173E-07
  0.500000000       7.57003846E-08
  0.519999981       4.42412507E-08
  0.539999962       2.62684665E-08
  0.559999943       1.59935603E-08
  0.579999924       1.00269633E-08
  0.599999905       6.50042020E-09
  0.619999886       4.38123537E-09
  0.639999866       3.06678971E-09
  0.659999847       2.22386398E-09
  0.679999828       1.65790670E-09
  0.700000048       1.27102651E-09
  0.720000029       9.96931426E-10
  0.740000010       8.02931499E-10
  0.759999990       6.64636235E-10
  0.779999971       5.63332159E-10
  0.799999952       4.86835239E-10
  0.819999933       4.21720409E-10
  0.839999914       3.68902159E-10
  0.859999895       3.21484089E-10
  0.879999876       2.79842066E-10
  0.899999857       2.46501708E-10
  0.919999838       2.22754010E-10
  0.939999819       2.07166478E-10
  0.960000038       1.94948016E-10
  0.980000019       1.77619044E-10
   1.00000000       1.60460104E-10
   1.01999998       1.49419990E-10
   1.03999996       1.41688314E-10
   1.05999994       1.32844361E-10
   1.07999992       1.24414257E-10
   1.09999990       1.17355625E-10
   1.11999989       1.10040616E-10
   1.13999987       1.05713611E-10
   1.15999985       9.99434771E-11
   1.17999983       9.18485982E-11
   1.19999981       8.64865887E-11
   1.22000003       8.29315852E-11
   1.24000001       7.97624605E-11
   1.25999999       7.48563364E-11
   1.27999997       7.27070418E-11
   1.29999995       7.18911319E-11
   1.31999993       6.98483771E-11
   1.33999991       6.74557701E-11
   1.35999990       6.29394870E-11
   1.37999988       6.09383516E-11
   1.39999986       6.12045553E-11
   1.41999984       6.02058334E-11
   1.43999982       5.67583203E-11
   1.46000004       5.25921008E-11
   1.48000002       5.14383744E-11
   1.50000000       5.02080114E-11
   1.51999998       4.87084366E-11
   1.53999996       4.92614907E-11
   1.55999994       4.98858801E-11
   1.57999992       5.05153107E-11
   1.59999990       5.09645173E-11
   1.61999989       5.17789422E-11
   1.63999987       5.08191614E-11
   1.65999985       4.84028512E-11
   1.67999983       4.77669154E-11
   1.69999981       4.48969334E-11
   1.72000003       4.47090351E-11
   1.74000001       4.67838129E-11
   1.75999999       4.74970133E-11
   1.77999997       4.70276804E-11
   1.79999995       4.45028354E-11
   1.81999993       4.46301815E-11
   1.83999991       4.30033717E-11
   1.85999990       4.27754152E-11
   1.87999988       4.34206282E-11
   1.89999986       4.22865423E-11
   1.91999984       4.29516700E-11
   1.93999982       4.19380919E-11
   1.95999980       4.41243743E-11
   1.98000002       4.55647846E-11
   2.00000000       4.52747700E-11
   2.01999998       4.52352635E-11
   2.03999996       4.42495138E-11
   2.05999994       4.54836724E-11
   2.07999992       4.59310784E-11
   2.09999990       4.77500227E-11
   2.11999989       4.97702088E-11
   2.13999987       4.85099322E-11
   2.15999985       4.63333295E-11
   2.17999983       4.52190854E-11
   2.19999981       4.50431914E-11
   2.21999979       4.49815289E-11
   2.23999977       4.56459245E-11
   2.25999975       4.69332420E-11
   2.27999973       4.78252091E-11
   2.29999971       4.98202278E-11
   2.31999969       5.02481841E-11
   2.33999968       5.08421881E-11
   2.36000013       5.12642810E-11
   2.38000011       5.27163660E-11
   2.40000010       5.42319349E-11
   2.42000008       5.12732530E-11
   2.44000006       5.20996198E-11
   2.46000004       5.43803336E-11
   2.48000002       5.91259056E-11
   2.50000000       6.13160217E-11
   2.51999998       6.04818001E-11
   2.53999996       6.40096379E-11
   2.55999994       6.54337140E-11
   2.57999992       6.92022203E-11
   2.59999990       7.20935811E-11
   2.61999989       7.82911236E-11
   2.63999987       8.47478615E-11
   2.65999985       8.95113844E-11
   2.67999983       9.81249526E-11
   2.69999981       1.01137890E-10
   2.71999979       1.04047271E-10
   2.73999977       1.00017328E-10
   2.75999975       9.05879469E-11
   2.77999973       7.84925527E-11
   2.79999971       7.27291838E-11
   2.81999969       7.96927663E-11
   2.83999968       8.21820390E-11
   2.85999966       6.96987537E-11
   2.88000011       5.82040006E-11
   2.90000010       6.04488473E-11
   2.92000008       6.17796786E-11
   2.94000006       4.53480101E-11
   2.96000004       4.45227709E-11
   2.98000002       4.68829003E-11
   3.00000000       3.12794651E-11
   3.01999998       3.52725349E-11
   3.03999996       2.71880261E-11
   3.05999994       1.94307088E-11
   3.07999992       1.54546844E-11
   3.09999990       7.07330678E-12
