  -2.00000000       3.51366831E-12
  -1.98000002       4.73059352E-12
  -1.96000004       1.45122924E-11
  -1.94000006       5.52821460E-12
  -1.91999996       1.00883885E-11
  -1.89999998       1.45649343E-11
  -1.88000000       8.61260716E-12
  -1.86000001       2.09761722E-11
  -1.84000003       1.64785338E-11
  -1.82000005       1.80932352E-11
  -1.79999995       2.75416651E-11
  -1.77999997       2.37525503E-11
  -1.75999999       2.16616048E-11
  -1.74000001       1.91103973E-11
  -1.72000003       2.16685038E-11
  -1.70000005       2.62444511E-11
  -1.68000007       2.70553094E-11
  -1.65999997       2.88188969E-11
  -1.63999999       2.87433324E-11
  -1.62000000       4.35142027E-11
  -1.60000002       3.56576227E-11
  -1.58000004       4.37171341E-11
  -1.55999994       6.33717800E-11
  -1.53999996       4.90549684E-11
  -1.51999998       8.51326232E-11
  -1.50000000       6.76390055E-11
  -1.48000002       8.99863725E-11
  -1.46000004       1.01954722E-10
  -1.44000006       1.06738174E-10
  -1.42000008       1.05951158E-10
  -1.40000010       1.10386575E-10
  -1.38000000       1.20612492E-10
  -1.36000001       1.31115674E-10
  -1.34000003       1.47486134E-10
  -1.31999993       1.63600980E-10
  -1.29999995       1.60308336E-10
  -1.27999997       2.39604475E-10
  -1.25999999       1.79147253E-10
  -1.24000001       3.07922132E-10
  -1.22000003       3.37852135E-10
  -1.20000005       4.19949964E-10
  -1.18000007       2.16027574E-09
  -1.16000009       2.08749462E-09
  -1.14000010       1.52796158E-08
  -1.12000000       2.71467258E-08
  -1.10000002       1.07563125E-07
  -1.08000004       2.56989637E-07
  -1.05999994       7.50749678E-07
  -1.03999996       1.93317396E-06
  -1.01999998       4.91299215E-06
  -1.00000000       1.23212812E-05
 -0.980000019       2.90214903E-05
 -0.960000038       6.84200859E-05
 -0.940000057       1.52095367E-04
 -0.920000076       3.34389217E-04
 -0.899999976       7.03210244E-04
 -0.879999995       1.44232216E-03
 -0.860000014       2.86102947E-03
 -0.840000033       5.49613545E-03
 -0.820000052       1.02504892E-02
 -0.800000072       1.84801668E-02
 -0.779999971       3.23702171E-02
 -0.759999990       5.48108444E-02
 -0.740000010       9.01103169E-02
 -0.720000029      0.143359482    
 -0.700000048      0.221176535    
 -0.680000067      0.330602735    
 -0.660000086      0.478728056    
 -0.639999986      0.672241271    
 -0.620000005      0.913733602    
 -0.600000024       1.20513010    
 -0.580000043       1.53794050    
 -0.560000062       1.90486717    
 -0.540000081       2.28261256    
 -0.519999981       2.65483475    
 -0.500000000       2.98725629    
 -0.480000019       3.26260638    
 -0.460000038       3.44688749    
 -0.440000057       3.53608274    
 -0.420000076       3.50585651    
 -0.400000095       3.38071966    
 -0.379999995       3.14298964    
 -0.360000014       2.85015082    
 -0.340000033       2.48662806    
 -0.320000052       2.11364126    
 -0.300000072       1.74103844    
 -0.280000091       1.37923145    
 -0.259999990       1.07014918    
 -0.240000010      0.802979887    
 -0.220000029      0.576326132    
 -0.200000048      0.405032635    
 -0.180000067      0.280341834    
 -0.160000086      0.185130700    
 -0.139999986      0.114894882    
 -0.120000005       6.92102090E-02
 -0.100000024       4.30030152E-02
  -8.00000429E-02   2.82086488E-02
  -6.00000620E-02   1.79850627E-02
  -4.00000811E-02   9.32694040E-03
  -2.00001001E-02   2.50884914E-03
   0.00000000       1.62225533E-05
   1.99999809E-02   3.63147592E-06
   3.99999619E-02   6.28423550E-06
   5.99999428E-02   1.29164600E-05
   7.99999237E-02   1.87345413E-05
   9.99999046E-02   2.53385388E-05
  0.119999886       2.99737130E-05
  0.139999866       3.10902433E-05
  0.159999847       2.89221098E-05
  0.180000067       2.34692652E-05
  0.200000048       1.60563413E-05
  0.220000029       9.88141983E-06
  0.240000010       6.17019805E-06
  0.259999990       4.61953914E-06
  0.279999971       3.97530039E-06
  0.299999952       3.37906431E-06
  0.319999933       2.64077653E-06
  0.339999914       2.12323380E-06
  0.359999895       1.71145268E-06
  0.379999876       1.26029533E-06
  0.399999857       8.53270990E-07
  0.419999838       5.56605983E-07
  0.440000057       3.47975856E-07
  0.460000038       2.07695692E-07
  0.480000019       1.21111825E-07
  0.500000000       6.98204516E-08
  0.519999981       4.03819840E-08
  0.539999962       2.38646720E-08
  0.559999943       1.45428789E-08
  0.579999924       9.15801213E-09
  0.599999905       5.96797278E-09
  0.619999886       4.04640055E-09
  0.639999866       2.85704016E-09
  0.659999847       2.08833173E-09
  0.679999828       1.57309621E-09
  0.700000048       1.21743327E-09
  0.720000029       9.61415614E-10
  0.740000010       7.79758536E-10
  0.759999990       6.45574316E-10
  0.779999971       5.46792944E-10
  0.799999952       4.70574912E-10
  0.819999933       4.07303968E-10
  0.839999914       3.57247593E-10
  0.859999895       3.09683529E-10
  0.879999876       2.70688166E-10
  0.899999857       2.40916759E-10
  0.919999838       2.19585031E-10
  0.939999819       2.03567566E-10
  0.960000038       1.89203542E-10
  0.980000019       1.73682568E-10
   1.00000000       1.58151534E-10
   1.01999998       1.47410945E-10
   1.03999996       1.40092798E-10
   1.05999994       1.30866859E-10
   1.07999992       1.22547958E-10
   1.09999990       1.15265041E-10
   1.11999989       1.08109292E-10
   1.13999987       1.04010529E-10
   1.15999985       9.83732887E-11
   1.17999983       9.12284623E-11
   1.19999981       8.56257981E-11
   1.22000003       8.24833049E-11
   1.24000001       7.95866290E-11
   1.25999999       7.45300210E-11
   1.27999997       7.30425512E-11
   1.29999995       7.25257215E-11
   1.31999993       7.01813468E-11
   1.33999991       6.63931063E-11
   1.35999990       6.15543519E-11
   1.37999988       5.97306093E-11
   1.39999986       6.00593048E-11
   1.41999984       5.93108201E-11
   1.43999982       5.58562016E-11
   1.46000004       5.19477031E-11
   1.48000002       5.05525725E-11
   1.50000000       4.90791435E-11
   1.51999998       4.79011553E-11
   1.53999996       4.93377769E-11
   1.55999994       5.02483645E-11
   1.57999992       5.01420155E-11
   1.59999990       4.99175215E-11
   1.61999989       5.09824023E-11
   1.63999987       5.06766712E-11
   1.65999985       4.90225222E-11
   1.67999983       4.86997179E-11
   1.69999981       4.55955412E-11
   1.72000003       4.50480347E-11
   1.74000001       4.64354111E-11
   1.75999999       4.73927911E-11
   1.77999997       4.67379642E-11
   1.79999995       4.43520116E-11
   1.81999993       4.48271628E-11
   1.83999991       4.27248931E-11
   1.85999990       4.24687716E-11
   1.87999988       4.31112403E-11
   1.89999986       4.23889604E-11
   1.91999984       4.30645172E-11
   1.93999982       4.20868132E-11
   1.95999980       4.37597389E-11
   1.98000002       4.44367459E-11
   2.00000000       4.46041433E-11
   2.01999998       4.44318540E-11
   2.03999996       4.36710321E-11
   2.05999994       4.51518684E-11
   2.07999992       4.49024221E-11
   2.09999990       4.63977398E-11
   2.11999989       4.80754464E-11
   2.13999987       4.78792110E-11
   2.15999985       4.61248990E-11
   2.17999983       4.49327624E-11
   2.19999981       4.47276452E-11
   2.21999979       4.36423155E-11
   2.23999977       4.49678073E-11
   2.25999975       4.63035860E-11
   2.27999973       4.77122369E-11
   2.29999971       4.93028639E-11
   2.31999969       4.96272780E-11
   2.33999968       5.08185022E-11
   2.36000013       5.10818401E-11
   2.38000011       5.33966864E-11
   2.40000010       5.40986492E-11
   2.42000008       5.07310409E-11
   2.44000006       5.04498769E-11
   2.46000004       5.22747852E-11
   2.48000002       5.80940331E-11
   2.50000000       6.06258099E-11
   2.51999998       6.06757769E-11
   2.53999996       6.38954237E-11
   2.55999994       6.44350129E-11
   2.57999992       6.69381287E-11
   2.59999990       6.94923841E-11
   2.61999989       7.62622396E-11
   2.63999987       8.20038620E-11
   2.65999985       8.63885075E-11
   2.67999983       9.48359932E-11
   2.69999981       9.84681295E-11
   2.71999979       1.01337209E-10
   2.73999977       9.79498219E-11
   2.75999975       9.02839747E-11
   2.77999973       7.91812241E-11
   2.79999971       7.16528781E-11
   2.81999969       7.58125715E-11
   2.83999968       7.83387868E-11
   2.85999966       6.82780429E-11
   2.88000011       5.77287940E-11
   2.90000010       5.96606237E-11
   2.92000008       6.27389599E-11
   2.94000006       4.58847058E-11
   2.96000004       4.20801415E-11
   2.98000002       4.53179057E-11
   3.00000000       3.04408825E-11
   3.01999998       3.30948047E-11
   3.03999996       2.68042567E-11
   3.05999994       1.80062579E-11
   3.07999992       1.46503070E-11
   3.09999990       7.87707920E-12
