  -2.00000000       2.84632317E-13
  -1.98000002       1.68586347E-12
  -1.96000004       1.16225280E-12
  -1.94000006       1.76226362E-12
  -1.91999996       3.51397579E-12
  -1.89999998       9.86865277E-12
  -1.88000000       8.98270347E-12
  -1.86000001       3.23607330E-12
  -1.84000003       1.35892547E-11
  -1.82000005       1.05173292E-11
  -1.79999995       9.77108845E-12
  -1.77999997       1.49168022E-11
  -1.75999999       1.39317152E-11
  -1.74000001       1.37810310E-11
  -1.72000003       9.16942650E-12
  -1.70000005       1.52137001E-11
  -1.68000007       2.20779419E-11
  -1.65999997       3.11788755E-11
  -1.63999999       2.84672789E-11
  -1.62000000       1.85202929E-11
  -1.60000002       3.52021710E-11
  -1.58000004       3.42488746E-11
  -1.55999994       3.21486622E-11
  -1.53999996       4.87616753E-11
  -1.51999998       3.32951965E-11
  -1.50000000       6.90921903E-11
  -1.48000002       5.79072554E-11
  -1.46000004       6.66973143E-11
  -1.44000006       7.65095071E-11
  -1.42000008       8.44509740E-11
  -1.40000010       9.72584790E-11
  -1.38000000       1.06758859E-10
  -1.36000001       1.27929681E-10
  -1.34000003       1.34154798E-10
  -1.31999993       1.20457783E-10
  -1.29999995       1.60173763E-10
  -1.27999997       1.53283927E-10
  -1.25999999       2.67552924E-10
  -1.24000001       1.60877950E-10
  -1.22000003       4.36460867E-10
  -1.20000005       5.29053745E-10
  -1.18000007       9.11298037E-10
  -1.16000009       4.37937997E-09
  -1.14000010       6.36936814E-09
  -1.12000000       3.48849696E-08
  -1.10000002       6.74173748E-08
  -1.08000004       2.46205843E-07
  -1.05999994       5.84333350E-07
  -1.03999996       1.65305687E-06
  -1.01999998       4.14028682E-06
  -1.00000000       1.02893428E-05
 -0.980000019       2.50148205E-05
 -0.960000038       5.76107523E-05
 -0.940000057       1.31821536E-04
 -0.920000076       2.86272028E-04
 -0.899999976       6.11933763E-04
 -0.879999995       1.25393993E-03
 -0.860000014       2.50719953E-03
 -0.840000033       4.84154327E-03
 -0.820000052       9.06627066E-03
 -0.800000072       1.64739303E-02
 -0.779999971       2.89433710E-02
 -0.759999990       4.94096130E-02
 -0.740000010       8.15298334E-02
 -0.720000029      0.130673334    
 -0.700000048      0.202593535    
 -0.680000067      0.304778576    
 -0.660000086      0.444060504    
 -0.639999986      0.627026677    
 -0.620000005      0.858441591    
 -0.600000024       1.13779557    
 -0.580000043       1.46368074    
 -0.560000062       1.82109785    
 -0.540000081       2.20116711    
 -0.519999981       2.57091641    
 -0.500000000       2.91972971    
 -0.480000019       3.20103574    
 -0.460000038       3.41611552    
 -0.440000057       3.51549101    
 -0.420000076       3.52449226    
 -0.400000095       3.40739393    
 -0.379999995       3.20370126    
 -0.360000014       2.91751695    
 -0.340000033       2.56525850    
 -0.320000052       2.20176363    
 -0.300000072       1.81956851    
 -0.280000091       1.45606959    
 -0.259999990       1.14013624    
 -0.240000010      0.858532190    
 -0.220000029      0.621297479    
 -0.200000048      0.441943824    
 -0.180000067      0.307859421    
 -0.160000086      0.204054534    
 -0.139999986      0.127632096    
 -0.120000005       7.77508169E-02
 -0.100000024       4.88475189E-02
  -8.00000429E-02   3.23531106E-02
  -6.00000620E-02   2.07860749E-02
  -4.00000811E-02   1.08923800E-02
  -2.00001001E-02   2.91232672E-03
   0.00000000       3.19655555E-05
   1.99999809E-02   1.81841688E-06
   3.99999619E-02   6.67902532E-06
   5.99999428E-02   1.04817036E-05
   7.99999237E-02   1.68431452E-05
   9.99999046E-02   2.23523111E-05
  0.119999886       2.71204299E-05
  0.139999866       2.95069949E-05
  0.159999847       2.83253939E-05
  0.180000067       2.46401341E-05
  0.200000048       1.87488222E-05
  0.220000029       1.23517475E-05
  0.240000010       7.85127395E-06
  0.259999990       5.40374413E-06
  0.279999971       4.53602979E-06
  0.299999952       3.84338455E-06
  0.319999933       3.14820954E-06
  0.339999914       2.49145046E-06
  0.359999895       2.02879914E-06
  0.379999876       1.71009106E-06
  0.399999857       1.33848687E-06
  0.419999838       9.52840423E-07
  0.440000057       6.43275484E-07
  0.460000038       4.17300043E-07
  0.480000019       2.60533682E-07
  0.500000000       1.58111874E-07
  0.519999981       9.40401890E-08
  0.539999962       5.55519719E-08
  0.559999943       3.31039836E-08
  0.579999924       2.00958503E-08
  0.599999905       1.25054633E-08
  0.619999886       8.00099897E-09
  0.639999866       5.31723465E-09
  0.659999847       3.69376796E-09
  0.679999828       2.64629296E-09
  0.700000048       1.94833105E-09
  0.720000029       1.47905732E-09
  0.740000010       1.15661414E-09
  0.759999990       9.30413191E-10
  0.779999971       7.58168250E-10
  0.799999952       6.30742680E-10
  0.819999933       5.30505861E-10
  0.839999914       4.50569970E-10
  0.859999895       3.93357180E-10
  0.879999876       3.47706530E-10
  0.899999857       3.05726888E-10
  0.919999838       2.67349143E-10
  0.939999819       2.40778092E-10
  0.960000038       2.20348281E-10
  0.980000019       2.02932920E-10
   1.00000000       1.89410140E-10
   1.01999998       1.76080761E-10
   1.03999996       1.64257136E-10
   1.05999994       1.52233143E-10
   1.07999992       1.40548045E-10
   1.09999990       1.30131933E-10
   1.11999989       1.20965890E-10
   1.13999987       1.14342882E-10
   1.15999985       1.09446237E-10
   1.17999983       1.06229053E-10
   1.19999981       1.02276188E-10
   1.22000003       9.78157624E-11
   1.24000001       9.33678551E-11
   1.25999999       8.59716326E-11
   1.27999997       8.03676847E-11
   1.29999995       7.77956935E-11
   1.31999993       7.54029686E-11
   1.33999991       7.25114829E-11
   1.35999990       6.97426422E-11
   1.37999988       6.80388107E-11
   1.39999986       6.66696975E-11
   1.41999984       6.37157341E-11
   1.43999982       6.06720091E-11
   1.46000004       5.93123328E-11
   1.48000002       5.74368365E-11
   1.50000000       5.51253244E-11
   1.51999998       5.51427862E-11
   1.53999996       5.58031121E-11
   1.55999994       5.41179809E-11
   1.57999992       5.38856806E-11
   1.59999990       5.51102740E-11
   1.61999989       5.58541997E-11
   1.63999987       5.51248179E-11
   1.65999985       5.29649866E-11
   1.67999983       5.29381261E-11
   1.69999981       5.35122120E-11
   1.72000003       5.26579717E-11
   1.74000001       5.20268273E-11
   1.75999999       5.18976112E-11
   1.77999997       5.06975330E-11
   1.79999995       4.88095050E-11
   1.81999993       4.79885957E-11
   1.83999991       4.80674910E-11
   1.85999990       4.77869272E-11
   1.87999988       4.73126573E-11
   1.89999986       4.67032663E-11
   1.91999984       4.65129602E-11
   1.93999982       4.79156784E-11
   1.95999980       4.88341555E-11
   1.98000002       4.86900797E-11
   2.00000000       4.90030898E-11
   2.01999998       4.99296472E-11
   2.03999996       4.96534619E-11
   2.05999994       4.91295858E-11
   2.07999992       5.05710716E-11
   2.09999990       5.20987073E-11
   2.11999989       5.21699385E-11
   2.13999987       5.05265621E-11
   2.15999985       5.05942337E-11
   2.17999983       5.10986600E-11
   2.19999981       5.11807402E-11
   2.21999979       5.15669660E-11
   2.23999977       5.18868420E-11
   2.25999975       5.33295907E-11
   2.27999973       5.37084752E-11
   2.29999971       5.46639227E-11
   2.31999969       5.72050254E-11
   2.33999968       5.91360988E-11
   2.36000013       6.04175251E-11
   2.38000011       6.04030298E-11
   2.40000010       5.97274730E-11
   2.42000008       5.87086560E-11
   2.44000006       6.02078526E-11
   2.46000004       6.38430211E-11
   2.48000002       6.84626730E-11
   2.50000000       6.86578433E-11
   2.51999998       6.91036672E-11
   2.53999996       7.51415458E-11
   2.55999994       7.96925581E-11
   2.57999992       8.13465198E-11
   2.59999990       8.57832902E-11
   2.61999989       9.42805486E-11
   2.63999987       1.03110069E-10
   2.65999985       1.05722306E-10
   2.67999983       1.09030243E-10
   2.69999981       1.12029899E-10
   2.71999979       1.06958359E-10
   2.73999977       9.77378803E-11
   2.75999975       8.98713187E-11
   2.77999973       8.81768478E-11
   2.79999971       9.02714500E-11
   2.81999969       8.81378512E-11
   2.83999968       7.82855308E-11
   2.85999966       7.05392689E-11
   2.88000011       7.27306687E-11
   2.90000010       6.86998791E-11
   2.92000008       5.46006296E-11
   2.94000006       5.59802274E-11
   2.96000004       5.71040645E-11
   2.98000002       4.06398942E-11
   3.00000000       4.16121582E-11
   3.01999998       3.44833953E-11
   3.03999996       2.67806298E-11
   3.05999994       2.55092388E-11
   3.07999992       1.43104938E-11
   3.09999990       1.29358980E-11
