  -2.00000000       3.29426785E-12
  -1.98000002       1.83054678E-12
  -1.96000004       3.85819241E-12
  -1.94000006       7.29384381E-13
  -1.91999996       6.52755497E-12
  -1.89999998       3.25798806E-12
  -1.88000000       8.53259130E-12
  -1.86000001       2.12590796E-12
  -1.84000003       6.73743873E-12
  -1.82000005       1.03285158E-11
  -1.79999995       6.12347022E-12
  -1.77999997       1.01435483E-11
  -1.75999999       1.06773600E-11
  -1.74000001       8.20633058E-12
  -1.72000003       1.29099613E-11
  -1.70000005       9.00830625E-12
  -1.68000007       1.91471040E-11
  -1.65999997       2.27684538E-11
  -1.63999999       2.92925857E-11
  -1.62000000       2.23616646E-11
  -1.60000002       2.77317440E-11
  -1.58000004       3.18419770E-11
  -1.55999994       2.49341502E-11
  -1.53999996       5.39968903E-11
  -1.51999998       3.57606549E-11
  -1.50000000       5.71957412E-11
  -1.48000002       5.20530320E-11
  -1.46000004       5.42390785E-11
  -1.44000006       6.52176230E-11
  -1.42000008       7.90192703E-11
  -1.40000010       8.71435840E-11
  -1.38000000       9.62874294E-11
  -1.36000001       1.08812390E-10
  -1.34000003       1.13086554E-10
  -1.31999993       1.27449065E-10
  -1.29999995       1.52405019E-10
  -1.27999997       1.45220128E-10
  -1.25999999       2.13450882E-10
  -1.24000001       2.48514931E-10
  -1.22000003       2.02351580E-10
  -1.20000005       8.96771712E-10
  -1.18000007       2.60517691E-10
  -1.16000009       4.89554486E-09
  -1.14000010       5.60276181E-09
  -1.12000000       3.21558069E-08
  -1.10000002       6.84953108E-08
  -1.08000004       2.21688595E-07
  -1.05999994       5.81165921E-07
  -1.03999996       1.52548239E-06
  -1.01999998       4.02163005E-06
  -1.00000000       9.70926430E-06
 -0.980000019       2.40197969E-05
 -0.960000038       5.50212753E-05
 -0.940000057       1.26203813E-04
 -0.920000076       2.75019585E-04
 -0.899999976       5.86723327E-04
 -0.879999995       1.20836974E-03
 -0.860000014       2.41195573E-03
 -0.840000033       4.67610592E-03
 -0.820000052       8.75471160E-03
 -0.800000072       1.59489326E-02
 -0.779999971       2.80518290E-02
 -0.759999990       4.79634702E-02
 -0.740000010       7.92972818E-02
 -0.720000029      0.127231628    
 -0.700000048      0.197716489    
 -0.680000067      0.297722697    
 -0.660000086      0.434825331    
 -0.639999986      0.614630938    
 -0.620000005      0.843413830    
 -0.600000024       1.11932027    
 -0.580000043       1.44296741    
 -0.560000062       1.79815340    
 -0.540000081       2.17762709    
 -0.519999981       2.54808259    
 -0.500000000       2.89900827    
 -0.480000019       3.18458200    
 -0.460000038       3.40489078    
 -0.440000057       3.51033258    
 -0.420000076       3.52744150    
 -0.400000095       3.41458678    
 -0.379999995       3.22009945    
 -0.360000014       2.93517971    
 -0.340000033       2.58787131    
 -0.320000052       2.22600889    
 -0.300000072       1.84165311    
 -0.280000091       1.47835863    
 -0.259999990       1.16004789    
 -0.240000010      0.874482870    
 -0.220000029      0.634532988    
 -0.200000048      0.452748418    
 -0.180000067      0.315939724    
 -0.160000086      0.209663540    
 -0.139999986      0.131435916    
 -0.120000005       8.03171545E-02
 -0.100000024       5.06071746E-02
  -8.00000429E-02   3.36119421E-02
  -6.00000620E-02   2.16527469E-02
  -4.00000811E-02   1.13646388E-02
  -2.00001001E-02   3.05167167E-03
   0.00000000       2.89866839E-05
   1.99999809E-02   2.14618990E-06
   3.99999619E-02   6.12133772E-06
   5.99999428E-02   1.02404929E-05
   7.99999237E-02   1.64001722E-05
   9.99999046E-02   2.16318113E-05
  0.119999886       2.64926093E-05
  0.139999866       2.86352151E-05
  0.159999847       2.83072623E-05
  0.180000067       2.49040040E-05
  0.200000048       1.91324343E-05
  0.220000029       1.31689558E-05
  0.240000010       8.38122742E-06
  0.259999990       5.65904429E-06
  0.279999971       4.64535378E-06
  0.299999952       4.02476326E-06
  0.319999933       3.29704744E-06
  0.339999914       2.61727996E-06
  0.359999895       2.09893142E-06
  0.379999876       1.78315793E-06
  0.399999857       1.45579861E-06
  0.419999838       1.07910444E-06
  0.440000057       7.50229844E-07
  0.460000038       4.99663372E-07
  0.480000019       3.18973093E-07
  0.500000000       1.96585958E-07
  0.519999981       1.17923420E-07
  0.539999962       6.97488716E-08
  0.559999943       4.13250874E-08
  0.579999924       2.48198475E-08
  0.599999905       1.52317146E-08
  0.619999886       9.58463175E-09
  0.639999866       6.24372554E-09
  0.659999847       4.23382440E-09
  0.679999828       2.95399838E-09
  0.700000048       2.11558504E-09
  0.720000029       1.57189173E-09
  0.740000010       1.20791643E-09
  0.759999990       9.57916635E-10
  0.779999971       7.77953313E-10
  0.799999952       6.48457399E-10
  0.819999933       5.43327994E-10
  0.839999914       4.56956223E-10
  0.859999895       3.97906708E-10
  0.879999876       3.48132551E-10
  0.899999857       3.01495551E-10
  0.919999838       2.59693378E-10
  0.939999819       2.32176237E-10
  0.960000038       2.15271162E-10
  0.980000019       1.97628192E-10
   1.00000000       1.81427595E-10
   1.01999998       1.66208367E-10
   1.03999996       1.53970531E-10
   1.05999994       1.43671519E-10
   1.07999992       1.33046671E-10
   1.09999990       1.23604321E-10
   1.11999989       1.15548258E-10
   1.13999987       1.09441983E-10
   1.15999985       1.04412617E-10
   1.17999983       9.89395302E-11
   1.19999981       9.45387518E-11
   1.22000003       9.02541653E-11
   1.24000001       8.54916277E-11
   1.25999999       8.02768130E-11
   1.27999997       7.37896480E-11
   1.29999995       6.97429128E-11
   1.31999993       6.81668055E-11
   1.33999991       6.75914949E-11
   1.35999990       6.65889843E-11
   1.37999988       6.49795842E-11
   1.39999986       6.29430119E-11
   1.41999984       5.95984789E-11
   1.43999982       5.68589273E-11
   1.46000004       5.60552993E-11
   1.48000002       5.47907171E-11
   1.50000000       5.37350928E-11
   1.51999998       5.18526819E-11
   1.53999996       4.98377797E-11
   1.55999994       4.90002691E-11
   1.57999992       5.02241061E-11
   1.59999990       5.18831089E-11
   1.61999989       5.09136101E-11
   1.63999987       4.96293562E-11
   1.65999985       4.71162172E-11
   1.67999983       4.59482036E-11
   1.69999981       4.69037031E-11
   1.72000003       4.73973534E-11
   1.74000001       4.83803692E-11
   1.75999999       4.74195509E-11
   1.77999997       4.65979789E-11
   1.79999995       4.53193247E-11
   1.81999993       4.29031879E-11
   1.83999991       4.30174299E-11
   1.85999990       4.30740270E-11
   1.87999988       4.38592149E-11
   1.89999986       4.30246047E-11
   1.91999984       4.14556826E-11
   1.93999982       4.30311412E-11
   1.95999980       4.45020271E-11
   1.98000002       4.56560900E-11
   2.00000000       4.59580533E-11
   2.01999998       4.68488720E-11
   2.03999996       4.68119571E-11
   2.05999994       4.60413999E-11
   2.07999992       4.82010126E-11
   2.09999990       5.05657217E-11
   2.11999989       5.01895678E-11
   2.13999987       4.79255940E-11
   2.15999985       4.69320624E-11
   2.17999983       4.65996235E-11
   2.19999981       4.79487110E-11
   2.21999979       4.99859806E-11
   2.23999977       4.96676103E-11
   2.25999975       4.99319579E-11
   2.27999973       4.97798643E-11
   2.29999971       5.16236776E-11
   2.31999969       5.37914192E-11
   2.33999968       5.37076460E-11
   2.36000013       5.48983671E-11
   2.38000011       5.36905624E-11
   2.40000010       5.37113826E-11
   2.42000008       5.66557738E-11
   2.44000006       6.09077927E-11
   2.46000004       6.40654613E-11
   2.48000002       6.49520021E-11
   2.50000000       6.53122764E-11
   2.51999998       6.46222936E-11
   2.53999996       6.96563154E-11
   2.55999994       7.73417996E-11
   2.57999992       8.32940869E-11
   2.59999990       9.05697184E-11
   2.61999989       9.58888594E-11
   2.63999987       1.05905257E-10
   2.65999985       1.11198564E-10
   2.67999983       1.11605579E-10
   2.69999981       1.11854845E-10
   2.71999979       1.06716670E-10
   2.73999977       9.77251335E-11
   2.75999975       8.79487247E-11
   2.77999973       8.80790579E-11
   2.79999971       9.36529465E-11
   2.81999969       9.11235462E-11
   2.83999968       8.06888723E-11
   2.85999966       7.50320986E-11
   2.88000011       7.53691207E-11
   2.90000010       6.35650144E-11
   2.92000008       5.07499008E-11
   2.94000006       6.01756908E-11
   2.96000004       5.74219422E-11
   2.98000002       4.43227018E-11
   3.00000000       4.81783190E-11
   3.01999998       3.56193963E-11
   3.03999996       3.29590383E-11
   3.05999994       2.87381455E-11
   3.07999992       1.84595221E-11
   3.09999990       1.61365227E-11
