  -2.00000000       7.09069305E-13
  -1.98000002       1.24001000E-11
  -1.96000004       1.88305760E-11
  -1.94000006       1.01614463E-11
  -1.91999996       1.25496974E-11
  -1.89999998       1.37066903E-11
  -1.88000000       2.22132972E-11
  -1.86000001       1.80147095E-11
  -1.84000003       1.40705260E-11
  -1.82000005       2.13906115E-11
  -1.79999995       2.64790464E-11
  -1.77999997       2.81145159E-11
  -1.75999999       2.89763075E-11
  -1.74000001       2.79713648E-11
  -1.72000003       4.02506119E-11
  -1.70000005       4.05548199E-11
  -1.68000007       3.86676836E-11
  -1.65999997       3.03116351E-11
  -1.63999999       4.47193289E-11
  -1.62000000       5.27736847E-11
  -1.60000002       3.57066425E-11
  -1.58000004       3.84145944E-11
  -1.55999994       4.68118183E-11
  -1.53999996       5.36111641E-11
  -1.51999998       5.13409315E-11
  -1.50000000       4.07187790E-11
  -1.48000002       4.80316412E-11
  -1.46000004       5.52666940E-11
  -1.44000006       4.58539526E-11
  -1.42000008       4.00548761E-11
  -1.40000010       4.63017125E-11
  -1.38000000       5.02261288E-11
  -1.36000001       4.43159849E-11
  -1.34000003       5.71335826E-11
  -1.31999993       4.47248349E-11
  -1.29999995       1.08823471E-10
  -1.27999997       1.95139200E-11
  -1.25999999       2.41576148E-10
  -1.24000001       3.55311197E-10
  -1.22000003       9.62112168E-10
  -1.20000005       3.93329014E-09
  -1.18000007       8.72288819E-09
  -1.16000009       3.44149740E-08
  -1.14000010       8.57991012E-08
  -1.12000000       2.65485824E-07
  -1.10000002       6.97289465E-07
  -1.08000004       1.87653995E-06
  -1.05999994       4.83462054E-06
  -1.03999996       1.19656925E-05
  -1.01999998       2.91083961E-05
  -1.00000000       6.76143973E-05
 -0.980000019       1.53783069E-04
 -0.960000038       3.36457480E-04
 -0.940000057       7.15467148E-04
 -0.920000076       1.47186313E-03
 -0.899999976       2.93221860E-03
 -0.879999995       5.66245057E-03
 -0.860000014       1.05810650E-02
 -0.840000033       1.91677306E-02
 -0.820000052       3.36054899E-02
 -0.800000072       5.70981875E-02
 -0.779999971       9.39358994E-02
 -0.759999990      0.149693370    
 -0.740000010      0.231062859    
 -0.720000029      0.345400095    
 -0.700000048      0.500187814    
 -0.680000067      0.701410294    
 -0.660000086      0.952879012    
 -0.639999986       1.25359607    
 -0.620000005       1.59750676    
 -0.600000024       1.97176445    
 -0.580000043       2.35707235    
 -0.560000062       2.72935390    
 -0.540000081       3.06074715    
 -0.519999981       3.32493448    
 -0.500000000       3.49782014    
 -0.480000019       3.56452298    
 -0.460000038       3.51804304    
 -0.440000057       3.36303163    
 -0.420000076       3.11405349    
 -0.400000095       2.79236603    
 -0.379999995       2.42588687    
 -0.360000014       2.04046631    
 -0.340000033       1.66305780    
 -0.320000052       1.31231713    
 -0.300000072       1.00324786    
 -0.280000091      0.742942929    
 -0.259999990      0.532472134    
 -0.240000010      0.370327622    
 -0.220000029      0.248508453    
 -0.200000048      0.162687749    
 -0.180000067      0.101797082    
 -0.160000086       6.32399097E-02
 -0.139999986       3.63090634E-02
 -0.120000005       2.19521672E-02
 -0.100000024       1.14997039E-02
  -8.00000429E-02   5.97062195E-03
  -6.00000620E-02   3.93137801E-03
  -4.00000811E-02   2.11229478E-03
  -2.00001001E-02   5.72228746E-04
   0.00000000       2.21575334E-07
   1.99999809E-02   2.79243395E-05
   3.99999619E-02   5.47504569E-05
   5.99999428E-02   7.44942809E-05
   7.99999237E-02   5.64228176E-05
   9.99999046E-02   1.33821086E-05
  0.119999886       3.42252484E-08
  0.139999866       2.60294200E-06
  0.159999847       7.46811054E-07
  0.180000067       3.46275009E-08
  0.200000048       1.60186019E-07
  0.220000029       5.84789150E-09
  0.240000010       1.97460768E-08
  0.259999990       6.58193766E-09
  0.279999971       2.79162093E-09
  0.299999952       3.02419312E-09
  0.319999933       1.09532006E-09
  0.339999914       1.26594413E-09
  0.359999895       7.23750893E-10
  0.379999876       6.32495112E-10
  0.399999857       4.75944562E-10
  0.419999838       3.75551201E-10
  0.440000057       3.07533360E-10
  0.460000038       2.53838228E-10
  0.480000019       2.15243934E-10
  0.500000000       1.81123783E-10
  0.519999981       1.56458554E-10
  0.539999962       1.37144809E-10
  0.559999943       1.23444116E-10
  0.579999924       1.10957778E-10
  0.599999905       9.70382594E-11
  0.619999886       8.51678381E-11
  0.639999866       7.82735335E-11
  0.659999847       7.20013840E-11
  0.679999828       6.76461318E-11
  0.700000048       6.24556865E-11
  0.720000029       5.71987319E-11
  0.740000010       5.32614716E-11
  0.759999990       4.83474302E-11
  0.779999971       4.34859301E-11
  0.799999952       3.81205137E-11
  0.819999933       3.46490406E-11
  0.839999914       3.24353912E-11
  0.859999895       3.02979170E-11
  0.879999876       2.94490890E-11
  0.899999857       2.79086858E-11
  0.919999838       2.56886786E-11
  0.939999819       2.29661880E-11
  0.960000038       2.04318819E-11
  0.980000019       2.00591557E-11
   1.00000000       2.05677454E-11
   1.01999998       2.04618752E-11
   1.03999996       1.97615570E-11
   1.05999994       1.88787042E-11
   1.07999992       1.82897135E-11
   1.09999990       1.74813688E-11
   1.11999989       1.73011570E-11
   1.13999987       1.67391968E-11
   1.15999985       1.54875019E-11
   1.17999983       1.56600219E-11
   1.19999981       1.57503715E-11
   1.22000003       1.56427805E-11
   1.24000001       1.53940419E-11
   1.25999999       1.45151998E-11
   1.27999997       1.38381251E-11
   1.29999995       1.37605812E-11
   1.31999993       1.40809846E-11
   1.33999991       1.35894334E-11
   1.35999990       1.30390958E-11
   1.37999988       1.28031032E-11
   1.39999986       1.21736536E-11
   1.41999984       1.16731486E-11
   1.43999982       1.10273717E-11
   1.46000004       1.04728370E-11
   1.48000002       1.03663501E-11
   1.50000000       1.05860173E-11
   1.51999998       1.15241575E-11
   1.53999996       1.15869753E-11
   1.55999994       1.13047176E-11
   1.57999992       1.07244647E-11
   1.59999990       9.51350543E-12
   1.61999989       9.44454064E-12
   1.63999987       9.69919891E-12
   1.65999985       1.12399898E-11
   1.67999983       1.14354672E-11
   1.69999981       1.14855426E-11
   1.72000003       1.12750651E-11
   1.74000001       9.08410933E-12
   1.75999999       8.85715720E-12
   1.77999997       8.72690809E-12
   1.79999995       9.72677407E-12
   1.81999993       1.05061983E-11
   1.83999991       9.86440964E-12
   1.85999990       9.48157004E-12
   1.87999988       8.34743993E-12
   1.89999986       8.62185930E-12
   1.91999984       8.96149648E-12
   1.93999982       8.91644918E-12
   1.95999980       8.62893177E-12
   1.98000002       7.95831023E-12
   2.00000000       7.90531789E-12
   2.01999998       8.08711258E-12
   2.03999996       8.56903177E-12
   2.05999994       8.45056664E-12
   2.07999992       7.82172504E-12
   2.09999990       7.19398239E-12
   2.11999989       6.83390887E-12
   2.13999987       7.38252948E-12
   2.15999985       7.92573646E-12
   2.17999983       8.05567332E-12
   2.19999981       7.99759044E-12
   2.21999979       7.99262653E-12
   2.23999977       8.53544666E-12
   2.25999975       8.19455268E-12
   2.27999973       9.17728653E-12
   2.29999971       8.79322656E-12
   2.31999969       8.32461704E-12
   2.33999968       9.16787826E-12
   2.36000013       9.23037688E-12
   2.38000011       1.04528278E-11
   2.40000010       1.01344671E-11
   2.42000008       9.84563993E-12
   2.44000006       9.09587856E-12
   2.46000004       8.50686969E-12
   2.48000002       8.63277939E-12
   2.50000000       8.49568766E-12
   2.51999998       9.97473111E-12
   2.53999996       9.43362402E-12
   2.55999994       8.74805089E-12
   2.57999992       8.11743121E-12
   2.59999990       7.18712242E-12
   2.61999989       8.31426768E-12
   2.63999987       9.35944638E-12
   2.65999985       1.05775024E-11
   2.67999983       9.95752352E-12
   2.69999981       8.91146185E-12
   2.71999979       8.80073271E-12
   2.73999977       9.56738421E-12
   2.75999975       1.12263341E-11
   2.77999973       1.20337976E-11
   2.79999971       1.16763352E-11
   2.81999969       1.08792680E-11
   2.83999968       1.03025071E-11
   2.85999966       1.13148813E-11
   2.88000011       1.27024268E-11
   2.90000010       1.39713727E-11
   2.92000008       1.56233099E-11
   2.94000006       1.52993954E-11
   2.96000004       1.58903238E-11
   2.98000002       1.65222384E-11
   3.00000000       1.91589557E-11
   3.01999998       1.81264812E-11
   3.03999996       9.90853580E-12
   3.05999994       4.10350703E-12
   3.07999992       7.60471981E-12
   3.09999990       2.35902508E-12
