  -2.00000000       4.48557372E-11
  -1.98000002       1.69335518E-11
  -1.96000004       4.23221562E-11
  -1.94000006       6.64746383E-11
  -1.91999996       5.40021465E-11
  -1.89999998       1.23355187E-10
  -1.88000000       9.53804466E-11
  -1.86000001       1.62258998E-10
  -1.84000003       1.45476756E-10
  -1.82000005       2.07234438E-10
  -1.79999995       2.38562892E-10
  -1.77999997       2.59108374E-10
  -1.75999999       3.22983640E-10
  -1.74000001       3.31371458E-10
  -1.72000003       3.39966805E-10
  -1.70000005       4.89460139E-10
  -1.68000007       4.67090200E-10
  -1.65999997       6.42653375E-10
  -1.63999999       6.11687478E-10
  -1.62000000       7.54845908E-10
  -1.60000002       8.82407369E-10
  -1.58000004       9.15556242E-10
  -1.55999994       1.02280995E-09
  -1.53999996       9.67828040E-10
  -1.51999998       1.39352840E-09
  -1.50000000       1.56846425E-09
  -1.48000002       2.06800865E-09
  -1.46000004       2.50386023E-09
  -1.44000006       2.80554024E-09
  -1.42000008       3.64942210E-09
  -1.40000010       4.14854062E-09
  -1.38000000       5.28560484E-09
  -1.36000001       6.53126131E-09
  -1.34000003       7.96369015E-09
  -1.31999993       1.00547384E-08
  -1.29999995       1.32730618E-08
  -1.27999997       1.81503079E-08
  -1.25999999       2.53071999E-08
  -1.24000001       3.23192637E-08
  -1.22000003       4.27002824E-08
  -1.20000005       5.55150308E-08
  -1.18000007       7.86617704E-08
  -1.16000009       1.00913546E-07
  -1.14000010       1.43625556E-07
  -1.12000000       1.70452765E-07
  -1.10000002       2.68288943E-07
  -1.08000004       2.67783747E-07
  -1.05999994       5.37339645E-07
  -1.03999996       3.32789710E-07
  -1.01999998       1.32919445E-06
  -1.00000000       3.01628262E-07
 -0.980000019       4.40366512E-06
 -0.960000038       1.42224462E-06
 -0.940000057       1.66360260E-05
 -0.920000076       1.63434324E-05
 -0.899999976       6.32213196E-05
 -0.879999995       1.14831142E-04
 -0.860000014       2.44279770E-04
 -0.840000033       5.65737137E-04
 -0.820000052       9.98606207E-04
 -0.800000072       2.17572879E-03
 -0.779999971       3.95877613E-03
 -0.759999990       7.28253042E-03
 -0.740000010       1.35320453E-02
 -0.720000029       2.28595473E-02
 -0.700000048       3.92092317E-02
 -0.680000067       6.50774688E-02
 -0.660000086      0.102299325    
 -0.639999986      0.159993380    
 -0.620000005      0.242084906    
 -0.600000024      0.350922227    
 -0.580000043      0.499776691    
 -0.560000062      0.692782164    
 -0.540000081      0.923425317    
 -0.519999981       1.19852114    
 -0.500000000       1.52027237    
 -0.480000019       1.86472690    
 -0.460000038       2.21158838    
 -0.440000057       2.55676174    
 -0.420000076       2.88052797    
 -0.400000095       3.14159203    
 -0.379999995       3.31452274    
 -0.360000014       3.40136361    
 -0.340000033       3.40364718    
 -0.320000052       3.30985069    
 -0.300000072       3.11327457    
 -0.280000091       2.83266115    
 -0.259999990       2.50309587    
 -0.240000010       2.15918803    
 -0.220000029       1.82182121    
 -0.200000048       1.49660468    
 -0.180000067       1.18320954    
 -0.160000086      0.886207283    
 -0.139999986      0.628981531    
 -0.120000005      0.441206574    
 -0.100000024      0.334139645    
  -8.00000429E-02  0.278424799    
  -6.00000620E-02  0.219806746    
  -4.00000811E-02  0.132476851    
  -2.00001001E-02   3.83379608E-02
   0.00000000       3.53081326E-04
   1.99999809E-02   7.35254488E-08
   3.99999619E-02   2.29022976E-06
   5.99999428E-02   1.28969862E-06
   7.99999237E-02   3.53608925E-06
   9.99999046E-02   4.02580554E-06
  0.119999886       6.14579903E-06
  0.139999866       7.38662266E-06
  0.159999847       9.18239130E-06
  0.180000067       1.06911948E-05
  0.200000048       1.18460848E-05
  0.220000029       1.32038285E-05
  0.240000010       1.37279385E-05
  0.259999990       1.43020497E-05
  0.279999971       1.39742697E-05
  0.299999952       1.33157255E-05
  0.319999933       1.25953611E-05
  0.339999914       1.13179121E-05
  0.359999895       1.00149628E-05
  0.379999876       8.78709943E-06
  0.399999857       7.55836072E-06
  0.419999838       6.51990649E-06
  0.440000057       5.73595162E-06
  0.460000038       4.98273357E-06
  0.480000019       4.40095482E-06
  0.500000000       4.03399235E-06
  0.519999981       3.54355416E-06
  0.539999962       3.19986475E-06
  0.559999943       2.88455658E-06
  0.579999924       2.65961944E-06
  0.599999905       2.34013100E-06
  0.619999886       2.11906718E-06
  0.639999866       1.90985020E-06
  0.659999847       1.78667653E-06
  0.679999828       1.59258093E-06
  0.700000048       1.41445946E-06
  0.720000029       1.27550072E-06
  0.740000010       1.15347802E-06
  0.759999990       1.08335598E-06
  0.779999971       9.86137820E-07
  0.799999952       8.60323155E-07
  0.819999933       7.57977659E-07
  0.839999914       6.70888483E-07
  0.859999895       5.94880021E-07
  0.879999876       5.45319097E-07
  0.899999857       5.12710130E-07
  0.919999838       4.72566228E-07
  0.939999819       4.16802379E-07
  0.960000038       3.53249078E-07
  0.980000019       2.90926494E-07
   1.00000000       2.33756339E-07
   1.01999998       1.82993332E-07
   1.03999996       1.39395297E-07
   1.05999994       1.03355816E-07
   1.07999992       7.49148583E-08
   1.09999990       5.34808393E-08
   1.11999989       3.78629821E-08
   1.13999987       2.67321560E-08
   1.15999985       1.89467606E-08
   1.17999983       1.35059768E-08
   1.19999981       9.70759029E-09
   1.22000003       7.07203496E-09
   1.24000001       5.23405586E-09
   1.25999999       3.93236910E-09
   1.27999997       2.98936276E-09
   1.29999995       2.29953967E-09
   1.31999993       1.80271720E-09
   1.33999991       1.44720258E-09
   1.35999990       1.19591170E-09
   1.37999988       9.95889482E-10
   1.39999986       8.36090752E-10
   1.41999984       7.18787474E-10
   1.43999982       6.23774421E-10
   1.46000004       5.46167889E-10
   1.48000002       4.80364526E-10
   1.50000000       4.25939450E-10
   1.51999998       3.85695864E-10
   1.53999996       3.53625518E-10
   1.55999994       3.22438576E-10
   1.57999992       2.92029817E-10
   1.59999990       2.69623407E-10
   1.61999989       2.50087229E-10
   1.63999987       2.34957998E-10
   1.65999985       2.23693619E-10
   1.67999983       2.14573956E-10
   1.69999981       2.08202400E-10
   1.72000003       2.03474571E-10
   1.74000001       1.96673122E-10
   1.75999999       1.88020183E-10
   1.77999997       1.78963330E-10
   1.79999995       1.72168238E-10
   1.81999993       1.70975206E-10
   1.83999991       1.68742839E-10
   1.85999990       1.65128633E-10
   1.87999988       1.60413169E-10
   1.89999986       1.60193595E-10
   1.91999984       1.65190986E-10
   1.93999982       1.70760919E-10
   1.95999980       1.74600542E-10
   1.98000002       1.74707582E-10
   2.00000000       1.77647605E-10
   2.01999998       1.80908774E-10
   2.03999996       1.87777793E-10
   2.05999994       2.02320855E-10
   2.07999992       2.15892276E-10
   2.09999990       2.27293809E-10
   2.11999989       2.32182204E-10
   2.13999987       2.41103665E-10
   2.15999985       2.51007631E-10
   2.17999983       2.50684806E-10
   2.19999981       2.41114351E-10
   2.21999979       2.31939537E-10
   2.23999977       2.33312564E-10
   2.25999975       2.36268338E-10
   2.27999973       2.37625281E-10
   2.29999971       2.40226866E-10
   2.31999969       2.40578030E-10
   2.33999968       2.35793607E-10
   2.36000013       2.23507671E-10
   2.38000011       2.19035373E-10
   2.40000010       2.19817789E-10
   2.42000008       2.21145602E-10
   2.44000006       2.18037949E-10
   2.46000004       2.07951198E-10
   2.48000002       2.03718084E-10
   2.50000000       2.11188886E-10
   2.51999998       2.12985546E-10
   2.53999996       1.91893945E-10
   2.55999994       1.82935347E-10
   2.57999992       1.92010879E-10
   2.59999990       1.89001217E-10
   2.61999989       1.70754022E-10
   2.63999987       1.67379929E-10
   2.65999985       1.73336429E-10
   2.67999983       1.56686192E-10
   2.69999981       1.49279616E-10
   2.71999979       1.55761376E-10
   2.73999977       1.40999670E-10
   2.75999975       1.30834024E-10
   2.77999973       1.34555117E-10
   2.79999971       1.19410426E-10
   2.81999969       1.07415486E-10
   2.83999968       1.08771533E-10
   2.85999966       9.20523241E-11
   2.88000011       8.68738900E-11
   2.90000010       7.85301754E-11
   2.92000008       7.09055939E-11
   2.94000006       6.97384511E-11
   2.96000004       5.19263799E-11
   2.98000002       4.85552223E-11
   3.00000000       3.79065009E-11
   3.01999998       3.23900386E-11
   3.03999996       2.31896412E-11
   3.05999994       1.89989014E-11
   3.07999992       1.18979280E-11
   3.09999990       1.37112691E-11
