  -2.00000000       3.01543408E-11
  -1.98000002       5.04147548E-12
  -1.96000004       3.45734183E-13
  -1.94000006       2.29083297E-11
  -1.91999996       1.19458662E-11
  -1.89999998       4.69230453E-11
  -1.88000000       4.01834052E-11
  -1.86000001       5.30246541E-11
  -1.84000003       1.07191041E-10
  -1.82000005       7.12360240E-11
  -1.79999995       1.48577248E-10
  -1.77999997       1.37546807E-10
  -1.75999999       1.96642785E-10
  -1.74000001       2.49178539E-10
  -1.72000003       2.39173820E-10
  -1.70000005       3.66969038E-10
  -1.68000007       4.12542445E-10
  -1.65999997       4.81765072E-10
  -1.63999999       5.92305982E-10
  -1.62000000       5.77985604E-10
  -1.60000002       7.22699012E-10
  -1.58000004       7.37184758E-10
  -1.55999994       8.22494517E-10
  -1.53999996       1.04372333E-09
  -1.51999998       1.14792797E-09
  -1.50000000       1.82891102E-09
  -1.48000002       1.95714422E-09
  -1.46000004       2.57287214E-09
  -1.44000006       3.04126901E-09
  -1.42000008       3.74334785E-09
  -1.40000010       4.77336926E-09
  -1.38000000       5.79534642E-09
  -1.36000001       7.70754482E-09
  -1.34000003       9.62297442E-09
  -1.31999993       1.25802666E-08
  -1.29999995       1.74599339E-08
  -1.27999997       2.45265070E-08
  -1.25999999       3.24917302E-08
  -1.24000001       4.32531451E-08
  -1.22000003       5.65360558E-08
  -1.20000005       7.99668172E-08
  -1.18000007       1.01947705E-07
  -1.16000009       1.47558183E-07
  -1.14000010       1.70681034E-07
  -1.12000000       2.75063115E-07
  -1.10000002       2.60031101E-07
  -1.08000004       5.15263309E-07
  -1.05999994       3.19586462E-07
  -1.03999996       9.80519530E-07
  -1.01999998       4.12249108E-07
  -1.00000000       1.91241975E-06
 -0.980000019       1.87960848E-06
 -0.960000038       4.22168614E-06
 -0.940000057       1.25961069E-05
 -0.920000076       1.57485647E-05
 -0.899999976       6.31351286E-05
 -0.879999995       9.12596297E-05
 -0.860000014       2.52862810E-04
 -0.840000033       4.89409489E-04
 -0.820000052       9.48782545E-04
 -0.800000072       2.04092520E-03
 -0.779999971       3.60132358E-03
 -0.759999990       6.92546554E-03
 -0.740000010       1.25785954E-02
 -0.720000029       2.13445984E-02
 -0.700000048       3.71465012E-02
 -0.680000067       6.10870905E-02
 -0.660000086       9.65984315E-02
 -0.639999986      0.152191862    
 -0.620000005      0.229762182    
 -0.600000024      0.334305078    
 -0.580000043      0.478952527    
 -0.560000062      0.664773226    
 -0.540000081      0.888188481    
 -0.519999981       1.15861535    
 -0.500000000       1.47505081    
 -0.480000019       1.81362987    
 -0.460000038       2.15908837    
 -0.440000057       2.50757599    
 -0.420000076       2.83605599    
 -0.400000095       3.10352707    
 -0.379999995       3.28727436    
 -0.360000014       3.38886595    
 -0.340000033       3.40639496    
 -0.320000052       3.32644415    
 -0.300000072       3.14193749    
 -0.280000091       2.87147331    
 -0.259999990       2.54930902    
 -0.240000010       2.20967722    
 -0.220000029       1.87389600    
 -0.200000048       1.54751813    
 -0.180000067       1.22976041    
 -0.160000086      0.925052226    
 -0.139999986      0.658783376    
 -0.120000005      0.464065582    
 -0.100000024      0.354184598    
  -8.00000429E-02  0.298112005    
  -6.00000620E-02  0.237227321    
  -4.00000811E-02  0.143602163    
  -2.00001001E-02   4.16848622E-02
   0.00000000       3.67020257E-04
   1.99999809E-02   1.97245822E-06
   3.99999619E-02   6.78430865E-07
   5.99999428E-02   2.18001333E-06
   7.99999237E-02   2.76743867E-06
   9.99999046E-02   4.16884996E-06
  0.119999886       5.67831012E-06
  0.139999866       7.01574027E-06
  0.159999847       8.95544417E-06
  0.180000067       1.00930920E-05
  0.200000048       1.17599575E-05
  0.220000029       1.25351125E-05
  0.240000010       1.34471156E-05
  0.259999990       1.39165586E-05
  0.279999971       1.37811085E-05
  0.299999952       1.33882395E-05
  0.319999933       1.24395410E-05
  0.339999914       1.14715613E-05
  0.359999895       1.03008479E-05
  0.379999876       8.92242315E-06
  0.399999857       7.82865754E-06
  0.419999838       6.81456640E-06
  0.440000057       5.85823500E-06
  0.460000038       5.20668164E-06
  0.480000019       4.58890781E-06
  0.500000000       4.10751545E-06
  0.519999981       3.70524913E-06
  0.539999962       3.31377714E-06
  0.559999943       3.01640307E-06
  0.579999924       2.69989300E-06
  0.599999905       2.47758408E-06
  0.619999886       2.20931543E-06
  0.639999866       2.01135390E-06
  0.659999847       1.82296151E-06
  0.679999828       1.66474308E-06
  0.700000048       1.52010375E-06
  0.720000029       1.34266872E-06
  0.740000010       1.22820086E-06
  0.759999990       1.11426459E-06
  0.779999971       1.01642104E-06
  0.799999952       9.39817937E-07
  0.819999933       8.32408261E-07
  0.839999914       7.24154631E-07
  0.859999895       6.48274863E-07
  0.879999876       5.86863564E-07
  0.899999857       5.29984334E-07
  0.919999838       4.85141641E-07
  0.939999819       4.47835930E-07
  0.960000038       4.03652791E-07
  0.980000019       3.48018176E-07
   1.00000000       2.87401917E-07
   1.01999998       2.29854308E-07
   1.03999996       1.79570407E-07
   1.05999994       1.37604019E-07
   1.07999992       1.03532777E-07
   1.09999990       7.65174448E-08
   1.11999989       5.56985782E-08
   1.13999987       4.00821349E-08
   1.15999985       2.86160269E-08
   1.17999983       2.03801438E-08
   1.19999981       1.45608530E-08
   1.22000003       1.04712798E-08
   1.24000001       7.60004149E-09
   1.25999999       5.56268454E-09
   1.27999997       4.13610302E-09
   1.29999995       3.11969806E-09
   1.31999993       2.38716291E-09
   1.33999991       1.87415528E-09
   1.35999990       1.50173840E-09
   1.37999988       1.22825505E-09
   1.39999986       1.01809616E-09
   1.41999984       8.56834215E-10
   1.43999982       7.30077554E-10
   1.46000004       6.22297935E-10
   1.48000002       5.37526024E-10
   1.50000000       4.73040718E-10
   1.51999998       4.18251489E-10
   1.53999996       3.73673481E-10
   1.55999994       3.39067219E-10
   1.57999992       3.12104731E-10
   1.59999990       2.87247170E-10
   1.61999989       2.60498539E-10
   1.63999987       2.40893527E-10
   1.65999985       2.24603156E-10
   1.67999983       2.12841467E-10
   1.69999981       2.04413778E-10
   1.72000003       1.97196981E-10
   1.74000001       1.92103541E-10
   1.75999999       1.84557564E-10
   1.77999997       1.81368143E-10
   1.79999995       1.71937312E-10
   1.81999993       1.63615219E-10
   1.83999991       1.61839347E-10
   1.85999990       1.58634883E-10
   1.87999988       1.59659258E-10
   1.89999986       1.57446917E-10
   1.91999984       1.60451763E-10
   1.93999982       1.64165251E-10
   1.95999980       1.68277003E-10
   1.98000002       1.74081277E-10
   2.00000000       1.74161241E-10
   2.01999998       1.82992871E-10
   2.03999996       1.94901303E-10
   2.05999994       2.08045164E-10
   2.07999992       2.24891814E-10
   2.09999990       2.34523956E-10
   2.11999989       2.44790632E-10
   2.13999987       2.46860005E-10
   2.15999985       2.45279408E-10
   2.17999983       2.41303061E-10
   2.19999981       2.36268116E-10
   2.21999979       2.36768161E-10
   2.23999977       2.38171649E-10
   2.25999975       2.50452881E-10
   2.27999973       2.58145477E-10
   2.29999971       2.59281263E-10
   2.31999969       2.56535099E-10
   2.33999968       2.45646670E-10
   2.36000013       2.39927023E-10
   2.38000011       2.40018422E-10
   2.40000010       2.51718674E-10
   2.42000008       2.53327304E-10
   2.44000006       2.45332754E-10
   2.46000004       2.36747122E-10
   2.48000002       2.38399051E-10
   2.50000000       2.42620146E-10
   2.51999998       2.28449010E-10
   2.53999996       2.22206420E-10
   2.55999994       2.28804850E-10
   2.57999992       2.34185005E-10
   2.59999990       2.20983287E-10
   2.61999989       2.08603856E-10
   2.63999987       2.19898308E-10
   2.65999985       2.10269940E-10
   2.67999983       1.93849631E-10
   2.69999981       1.96745398E-10
   2.71999979       2.00672548E-10
   2.73999977       1.83680543E-10
   2.75999975       1.82437121E-10
   2.77999973       1.73454501E-10
   2.79999971       1.54189439E-10
   2.81999969       1.65610109E-10
   2.83999968       1.49580209E-10
   2.85999966       1.36180317E-10
   2.88000011       1.31407912E-10
   2.90000010       1.07245657E-10
   2.92000008       1.10692212E-10
   2.94000006       1.02659832E-10
   2.96000004       9.69425651E-11
   2.98000002       8.60094496E-11
   3.00000000       6.91527946E-11
   3.01999998       7.11018119E-11
   3.03999996       5.87579915E-11
   3.05999994       5.59317766E-11
   3.07999992       3.53451955E-11
   3.09999990       4.83562357E-11
