  -2.00000000       4.21888011E-11
  -1.98000002       1.79872697E-11
  -1.96000004       8.36310535E-11
  -1.94000006       3.51401512E-11
  -1.91999996       1.10133534E-10
  -1.89999998       6.49091059E-11
  -1.88000000       1.27781369E-10
  -1.86000001       1.36824871E-10
  -1.84000003       1.45206749E-10
  -1.82000005       2.19607804E-10
  -1.79999995       1.84745455E-10
  -1.77999997       2.80475837E-10
  -1.75999999       2.81943496E-10
  -1.74000001       3.48594653E-10
  -1.72000003       4.96838237E-10
  -1.70000005       4.35837200E-10
  -1.68000007       6.22156715E-10
  -1.65999997       6.20693996E-10
  -1.63999999       7.54988294E-10
  -1.62000000       8.23285495E-10
  -1.60000002       7.78288711E-10
  -1.58000004       9.60918789E-10
  -1.55999994       1.14092236E-09
  -1.53999996       1.53904800E-09
  -1.51999998       1.86422189E-09
  -1.50000000       2.18601226E-09
  -1.48000002       2.76597367E-09
  -1.46000004       3.19542681E-09
  -1.44000006       4.22401092E-09
  -1.42000008       4.92796381E-09
  -1.40000010       6.33422159E-09
  -1.38000000       7.88091725E-09
  -1.36000001       9.93330573E-09
  -1.34000003       1.36084388E-08
  -1.31999993       1.87001064E-08
  -1.29999995       2.55408228E-08
  -1.27999997       3.38671029E-08
  -1.25999999       4.41031887E-08
  -1.24000001       5.98335532E-08
  -1.22000003       8.14995360E-08
  -1.20000005       1.10239085E-07
  -1.18000007       1.45090965E-07
  -1.16000009       1.90984096E-07
  -1.14000010       2.48747227E-07
  -1.12000000       3.30040905E-07
  -1.10000002       3.89836828E-07
  -1.08000004       5.49999754E-07
  -1.05999994       4.89324520E-07
  -1.03999996       1.02403612E-06
  -1.01999998       3.33578129E-07
  -1.00000000       2.49670757E-06
 -0.980000019       9.12497669E-08
 -0.960000038       7.36532365E-06
 -0.940000057       5.38213544E-06
 -0.920000076       2.28735789E-05
 -0.899999976       4.87038742E-05
 -0.879999995       8.53138554E-05
 -0.860000014       2.44304130E-04
 -0.840000033       4.07550426E-04
 -0.820000052       9.26482957E-04
 -0.800000072       1.82375126E-03
 -0.779999971       3.28802713E-03
 -0.759999990       6.50826003E-03
 -0.740000010       1.14361774E-02
 -0.720000029       1.98501572E-02
 -0.700000048       3.47214341E-02
 -0.680000067       5.65488264E-02
 -0.660000086       9.04998928E-02
 -0.639999986      0.143214256    
 -0.620000005      0.215669096    
 -0.600000024      0.315830708    
 -0.580000043      0.455128461    
 -0.560000062      0.632263303    
 -0.540000081      0.847869635    
 -0.519999981       1.11264968    
 -0.500000000       1.42187130    
 -0.480000019       1.75342488    
 -0.460000038       2.09722638    
 -0.440000057       2.44886303    
 -0.420000076       2.78180408    
 -0.400000095       3.05638933    
 -0.379999995       3.25276709    
 -0.360000014       3.37140203    
 -0.340000033       3.40676856    
 -0.320000052       3.34322405    
 -0.300000072       3.17354488    
 -0.280000091       2.91564035    
 -0.259999990       2.60285187    
 -0.240000010       2.26899147    
 -0.220000029       1.93581152    
 -0.200000048       1.60879958    
 -0.180000067       1.28625834    
 -0.160000086      0.972452939    
 -0.139999986      0.695263624    
 -0.120000005      0.492171615    
 -0.100000024      0.379196078    
  -8.00000429E-02  0.323034495    
  -6.00000620E-02  0.259478182    
  -4.00000811E-02  0.157920837    
  -2.00001001E-02   4.59435992E-02
   0.00000000       4.12480877E-04
   1.99999809E-02   1.33622950E-06
   3.99999619E-02   1.14760917E-06
   5.99999428E-02   1.97917439E-06
   7.99999237E-02   2.57311763E-06
   9.99999046E-02   4.21999766E-06
  0.119999886       5.03308047E-06
  0.139999866       7.02794750E-06
  0.159999847       8.00665384E-06
  0.180000067       9.96571453E-06
  0.200000048       1.10299279E-05
  0.220000029       1.22996744E-05
  0.240000010       1.30749750E-05
  0.259999990       1.33028916E-05
  0.279999971       1.36487561E-05
  0.299999952       1.31898114E-05
  0.319999933       1.25217475E-05
  0.339999914       1.15689163E-05
  0.359999895       1.03722905E-05
  0.379999876       9.30537499E-06
  0.399999857       8.09276753E-06
  0.419999838       7.00675128E-06
  0.440000057       6.18192053E-06
  0.460000038       5.40510337E-06
  0.480000019       4.78546190E-06
  0.500000000       4.24750806E-06
  0.519999981       3.87041473E-06
  0.539999962       3.48311892E-06
  0.559999943       3.09795746E-06
  0.579999924       2.84323232E-06
  0.599999905       2.57896318E-06
  0.619999886       2.35052903E-06
  0.639999866       2.08923007E-06
  0.659999847       1.90945502E-06
  0.679999828       1.75920400E-06
  0.700000048       1.59958518E-06
  0.720000029       1.45712420E-06
  0.740000010       1.28307136E-06
  0.759999990       1.17830245E-06
  0.779999971       1.08605957E-06
  0.799999952       9.89943487E-07
  0.819999933       9.12627684E-07
  0.839999914       8.11107611E-07
  0.859999895       7.02490183E-07
  0.879999876       6.27931001E-07
  0.899999857       5.74675823E-07
  0.919999838       5.23964729E-07
  0.939999819       4.79710877E-07
  0.960000038       4.42277752E-07
  0.980000019       4.00530240E-07
   1.00000000       3.48452005E-07
   1.01999998       2.90297976E-07
   1.03999996       2.33468882E-07
   1.05999994       1.83218617E-07
   1.07999992       1.41273532E-07
   1.09999990       1.07311976E-07
   1.11999989       8.02597384E-08
   1.13999987       5.91019749E-08
   1.15999985       4.30207656E-08
   1.17999983       3.11519983E-08
   1.19999981       2.25031709E-08
   1.22000003       1.62462470E-08
   1.24000001       1.17387922E-08
   1.25999999       8.55729443E-09
   1.27999997       6.33957153E-09
   1.29999995       4.77679851E-09
   1.31999993       3.64626285E-09
   1.33999991       2.81114820E-09
   1.35999990       2.20707608E-09
   1.37999988       1.78400772E-09
   1.39999986       1.48058199E-09
   1.41999984       1.23669108E-09
   1.43999982       1.03935260E-09
   1.46000004       8.84547435E-10
   1.48000002       7.58121788E-10
   1.50000000       6.57892296E-10
   1.51999998       5.79135573E-10
   1.53999996       5.18642684E-10
   1.55999994       4.72837047E-10
   1.57999992       4.33497960E-10
   1.59999990       3.98239386E-10
   1.61999989       3.71588205E-10
   1.63999987       3.46121382E-10
   1.65999985       3.22753324E-10
   1.67999983       3.04312520E-10
   1.69999981       2.89249902E-10
   1.72000003       2.74212320E-10
   1.74000001       2.64108124E-10
   1.75999999       2.60489935E-10
   1.77999997       2.55310439E-10
   1.79999995       2.50336807E-10
   1.81999993       2.40822556E-10
   1.83999991       2.33333297E-10
   1.85999990       2.33290470E-10
   1.87999988       2.35122671E-10
   1.89999986       2.37638575E-10
   1.91999984       2.36500347E-10
   1.93999982       2.36802467E-10
   1.95999980       2.40211295E-10
   1.98000002       2.43498915E-10
   2.00000000       2.52510013E-10
   2.01999998       2.67746075E-10
   2.03999996       2.84912094E-10
   2.05999994       2.99457625E-10
   2.07999992       3.07178727E-10
   2.09999990       3.15909771E-10
   2.11999989       3.21343119E-10
   2.13999987       3.16565357E-10
   2.15999985       3.05692444E-10
   2.17999983       2.98372799E-10
   2.19999981       3.00649783E-10
   2.21999979       3.03084946E-10
   2.23999977       3.10483805E-10
   2.25999975       3.19327842E-10
   2.27999973       3.27348509E-10
   2.29999971       3.21586813E-10
   2.31999969       3.07310288E-10
   2.33999968       3.02958214E-10
   2.36000013       3.09545056E-10
   2.38000011       3.17856796E-10
   2.40000010       3.12436577E-10
   2.42000008       2.98872066E-10
   2.44000006       2.84854695E-10
   2.46000004       2.86295543E-10
   2.48000002       2.89906293E-10
   2.50000000       2.73141010E-10
   2.51999998       2.63469857E-10
   2.53999996       2.75596046E-10
   2.55999994       2.76624668E-10
   2.57999992       2.51527771E-10
   2.59999990       2.39667564E-10
   2.61999989       2.52593807E-10
   2.63999987       2.37842634E-10
   2.65999985       2.16791973E-10
   2.67999983       2.20490348E-10
   2.69999981       2.15798213E-10
   2.71999979       1.97408756E-10
   2.73999977       2.05700845E-10
   2.75999975       2.00254952E-10
   2.77999973       1.77056064E-10
   2.79999971       1.79441823E-10
   2.81999969       1.62024894E-10
   2.83999968       1.46434975E-10
   2.85999966       1.43631440E-10
   2.88000011       1.24111416E-10
   2.90000010       1.22081942E-10
   2.92000008       1.04080577E-10
   2.94000006       9.23040602E-11
   2.96000004       8.90596347E-11
   2.98000002       7.16793916E-11
   3.00000000       6.70001346E-11
   3.01999998       5.07669670E-11
   3.03999996       4.68592422E-11
   3.05999994       2.93771049E-11
   3.07999992       2.58118926E-11
   3.09999990       3.62454945E-12
