  -2.00000000       4.84935356E-11
  -1.98000002       2.02663858E-11
  -1.96000004       4.56269640E-11
  -1.94000006       9.51038692E-11
  -1.91999996       5.49203044E-11
  -1.89999998       1.51933383E-10
  -1.88000000       1.30649824E-10
  -1.86000001       2.20593460E-10
  -1.84000003       2.19963076E-10
  -1.82000005       2.81676626E-10
  -1.79999995       3.34519940E-10
  -1.77999997       3.37564643E-10
  -1.75999999       4.65871786E-10
  -1.74000001       5.52779267E-10
  -1.72000003       6.13390450E-10
  -1.70000005       8.13273171E-10
  -1.68000007       7.34608485E-10
  -1.65999997       9.51251078E-10
  -1.63999999       9.00407415E-10
  -1.62000000       1.04830489E-09
  -1.60000002       1.28518185E-09
  -1.58000004       1.49093204E-09
  -1.55999994       1.96315941E-09
  -1.53999996       2.23207475E-09
  -1.51999998       2.97549319E-09
  -1.50000000       3.41222139E-09
  -1.48000002       4.32236336E-09
  -1.46000004       5.51380497E-09
  -1.44000006       6.47260379E-09
  -1.42000008       8.56122995E-09
  -1.40000010       1.04169100E-08
  -1.38000000       1.37996192E-08
  -1.36000001       1.83759123E-08
  -1.34000003       2.49138949E-08
  -1.31999993       3.39625750E-08
  -1.29999995       4.42776802E-08
  -1.27999997       5.71974823E-08
  -1.25999999       7.68803758E-08
  -1.24000001       1.02409004E-07
  -1.22000003       1.37310252E-07
  -1.20000005       1.75948841E-07
  -1.18000007       2.32567515E-07
  -1.16000009       2.86677988E-07
  -1.14000010       3.80626801E-07
  -1.12000000       4.12663439E-07
  -1.10000002       5.91634716E-07
  -1.08000004       4.76346287E-07
  -1.05999994       9.38977223E-07
  -1.03999996       3.58838463E-07
  -1.01999998       1.57060083E-06
  -1.00000000       4.44392043E-07
 -0.980000019       2.53792177E-06
 -0.960000038       4.37250628E-06
 -0.940000057       4.90974162E-06
 -0.920000076       2.57152242E-05
 -0.899999976       2.84766102E-05
 -0.879999995       9.94554066E-05
 -0.860000014       1.91399769E-04
 -0.840000033       3.65392130E-04
 -0.820000052       8.67339259E-04
 -0.800000072       1.53188396E-03
 -0.779999971       3.03535443E-03
 -0.759999990       5.85906534E-03
 -0.740000010       1.01059265E-02
 -0.720000029       1.82183944E-02
 -0.700000048       3.14825699E-02
 -0.680000067       5.11387140E-02
 -0.660000086       8.33301246E-02
 -0.639999986      0.131725430    
 -0.620000005      0.198267937    
 -0.600000024      0.293425471    
 -0.580000043      0.424935669    
 -0.560000062      0.590995252    
 -0.540000081      0.797414303    
 -0.519999981       1.05423844    
 -0.500000000       1.35286713    
 -0.480000019       1.67527354    
 -0.460000038       2.01683497    
 -0.440000057       2.37106037    
 -0.420000076       2.70831203    
 -0.400000095       2.99142957    
 -0.379999995       3.20395255    
 -0.360000014       3.34419966    
 -0.340000033       3.40238667    
 -0.320000052       3.36055064    
 -0.300000072       3.21091080    
 -0.280000091       2.97043061    
 -0.259999990       2.67083049    
 -0.240000010       2.34572029    
 -0.220000029       2.01724386    
 -0.200000048       1.69060016    
 -0.180000067       1.36256206    
 -0.160000086       1.03685451    
 -0.139999986      0.744984329    
 -0.120000005      0.530760169    
 -0.100000024      0.414118201    
  -8.00000429E-02  0.358556658    
  -6.00000620E-02  0.291530550    
  -4.00000811E-02  0.178672254    
  -2.00001001E-02   5.21478131E-02
   0.00000000       4.66871104E-04
   1.99999809E-02   1.53278768E-06
   3.99999619E-02   1.18875164E-06
   5.99999428E-02   1.59528463E-06
   7.99999237E-02   2.72895909E-06
   9.99999046E-02   3.47859941E-06
  0.119999886       5.23767994E-06
  0.139999866       6.12397889E-06
  0.159999847       8.09780613E-06
  0.180000067       8.98986673E-06
  0.200000048       1.06147891E-05
  0.220000029       1.14811510E-05
  0.240000010       1.24151456E-05
  0.259999990       1.31496836E-05
  0.279999971       1.30937697E-05
  0.299999952       1.30403841E-05
  0.319999933       1.23762375E-05
  0.339999914       1.16294505E-05
  0.359999895       1.07438718E-05
  0.379999876       9.43949362E-06
  0.399999857       8.41995643E-06
  0.419999838       7.48005050E-06
  0.440000057       6.40794951E-06
  0.460000038       5.68861606E-06
  0.480000019       5.08971652E-06
  0.500000000       4.47394723E-06
  0.519999981       4.03830018E-06
  0.539999962       3.64190942E-06
  0.559999943       3.34745914E-06
  0.579999924       2.96349117E-06
  0.599999905       2.71018689E-06
  0.619999886       2.47479761E-06
  0.639999866       2.28033718E-06
  0.659999847       2.02460137E-06
  0.679999828       1.85480405E-06
  0.700000048       1.68396627E-06
  0.720000029       1.58058174E-06
  0.740000010       1.41978285E-06
  0.759999990       1.27490443E-06
  0.779999971       1.15818307E-06
  0.799999952       1.04684352E-06
  0.819999933       9.85227189E-07
  0.839999914       9.09346625E-07
  0.859999895       8.06217827E-07
  0.879999876       7.19122170E-07
  0.899999857       6.40190478E-07
  0.919999838       5.65403241E-07
  0.939999819       5.14190333E-07
  0.960000038       4.83928147E-07
  0.980000019       4.52122862E-07
   1.00000000       4.08283881E-07
   1.01999998       3.57662543E-07
   1.03999996       3.06802804E-07
   1.05999994       2.57511431E-07
   1.07999992       2.10219184E-07
   1.09999990       1.66275100E-07
   1.11999989       1.27468411E-07
   1.13999987       9.52213313E-08
   1.15999985       6.99932556E-08
   1.17999983       5.09953892E-08
   1.19999981       3.69439661E-08
   1.22000003       2.67414091E-08
   1.24000001       1.93956087E-08
   1.25999999       1.41280134E-08
   1.27999997       1.03837223E-08
   1.29999995       7.72280639E-09
   1.31999993       5.81651172E-09
   1.33999991       4.41894699E-09
   1.35999990       3.40350237E-09
   1.37999988       2.67002864E-09
   1.39999986       2.13756302E-09
   1.41999984       1.74260228E-09
   1.43999982       1.42741230E-09
   1.46000004       1.19292221E-09
   1.48000002       1.01455622E-09
   1.50000000       8.62276972E-10
   1.51999998       7.42648221E-10
   1.53999996       6.52451981E-10
   1.55999994       5.79417792E-10
   1.57999992       5.19992716E-10
   1.59999990       4.73978856E-10
   1.61999989       4.38504844E-10
   1.63999987       4.08332118E-10
   1.65999985       3.77966297E-10
   1.67999983       3.51780521E-10
   1.69999981       3.25804994E-10
   1.72000003       3.07256887E-10
   1.74000001       2.95998864E-10
   1.75999999       2.85952179E-10
   1.77999997       2.78027601E-10
   1.79999995       2.72311507E-10
   1.81999993       2.72659395E-10
   1.83999991       2.64060634E-10
   1.85999990       2.62201122E-10
   1.87999988       2.68159217E-10
   1.89999986       2.67303485E-10
   1.91999984       2.66355438E-10
   1.93999982       2.60912569E-10
   1.95999980       2.67201428E-10
   1.98000002       2.77565942E-10
   2.00000000       2.96056291E-10
   2.01999998       3.13854387E-10
   2.03999996       3.20558552E-10
   2.05999994       3.29751643E-10
   2.07999992       3.32787103E-10
   2.09999990       3.34672789E-10
   2.11999989       3.27540495E-10
   2.13999987       3.16390109E-10
   2.15999985       3.12388976E-10
   2.17999983       3.10763415E-10
   2.19999981       3.17041615E-10
   2.21999979       3.26304567E-10
   2.23999977       3.33603145E-10
   2.25999975       3.29475169E-10
   2.27999973       3.16336346E-10
   2.29999971       3.14631043E-10
   2.31999969       3.20422744E-10
   2.33999968       3.22849136E-10
   2.36000013       3.23950144E-10
   2.38000011       3.21934007E-10
   2.40000010       3.08185422E-10
   2.42000008       2.99458791E-10
   2.44000006       3.02822267E-10
   2.46000004       2.94619384E-10
   2.48000002       2.80714452E-10
   2.50000000       2.74001960E-10
   2.51999998       2.81424217E-10
   2.53999996       2.76775380E-10
   2.55999994       2.57661587E-10
   2.57999992       2.57153354E-10
   2.59999990       2.55076349E-10
   2.61999989       2.39579523E-10
   2.63999987       2.26794583E-10
   2.65999985       2.32738218E-10
   2.67999983       2.20179402E-10
   2.69999981       2.05018419E-10
   2.71999979       2.12682316E-10
   2.73999977       1.97222155E-10
   2.75999975       1.88929955E-10
   2.77999973       1.97128966E-10
   2.79999971       1.75233300E-10
   2.81999969       1.58621727E-10
   2.83999968       1.57506008E-10
   2.85999966       1.39902784E-10
   2.88000011       1.38251077E-10
   2.90000010       1.25267546E-10
   2.92000008       1.13842547E-10
   2.94000006       1.03801481E-10
   2.96000004       8.49602472E-11
   2.98000002       8.61138938E-11
   3.00000000       7.33648489E-11
   3.01999998       6.71367684E-11
   3.03999996       4.91379125E-11
   3.05999994       4.68706324E-11
   3.07999992       2.96603471E-11
   3.09999990       6.09993306E-11
