  -2.00000000       1.83250880E-11
  -1.98000002       2.04588898E-11
  -1.96000004       4.07726145E-11
  -1.94000006       2.58502837E-11
  -1.91999996       9.72490768E-11
  -1.89999998       5.56625857E-11
  -1.88000000       1.16863255E-10
  -1.86000001       9.65092520E-11
  -1.84000003       1.73435988E-10
  -1.82000005       1.68915437E-10
  -1.79999995       2.42345727E-10
  -1.77999997       3.24230032E-10
  -1.75999999       3.56164903E-10
  -1.74000001       4.36787495E-10
  -1.72000003       5.14455090E-10
  -1.70000005       5.71347525E-10
  -1.68000007       7.40825734E-10
  -1.65999997       6.77656209E-10
  -1.63999999       9.19650800E-10
  -1.62000000       1.02984654E-09
  -1.60000002       1.35579481E-09
  -1.58000004       1.76779746E-09
  -1.55999994       2.06942441E-09
  -1.53999996       2.82003043E-09
  -1.51999998       3.05546166E-09
  -1.50000000       4.28644453E-09
  -1.48000002       4.90951191E-09
  -1.46000004       6.30465546E-09
  -1.44000006       8.37948289E-09
  -1.42000008       1.05141673E-08
  -1.40000010       1.46013930E-08
  -1.38000000       1.95153671E-08
  -1.36000001       2.76228764E-08
  -1.34000003       3.66677213E-08
  -1.31999993       4.77334723E-08
  -1.29999995       6.34142054E-08
  -1.27999997       8.62621619E-08
  -1.25999999       1.15505536E-07
  -1.24000001       1.53945848E-07
  -1.22000003       1.97553362E-07
  -1.20000005       2.59493049E-07
  -1.18000007       3.19343684E-07
  -1.16000009       4.12747454E-07
  -1.14000010       4.58846444E-07
  -1.12000000       5.93699099E-07
  -1.10000002       5.68252290E-07
  -1.08000004       7.73501768E-07
  -1.05999994       6.44146212E-07
  -1.03999996       7.95575147E-07
  -1.01999998       1.12117027E-06
  -1.00000000       3.40123961E-07
 -0.980000019       3.60830177E-06
 -0.960000038       6.51015284E-07
 -0.940000057       1.05225799E-05
 -0.920000076       1.56811111E-05
 -0.899999976       2.95916634E-05
 -0.879999995       9.63767307E-05
 -0.860000014       1.45370461E-04
 -0.840000033       3.67418048E-04
 -0.820000052       7.55326939E-04
 -0.800000072       1.34848966E-03
 -0.779999971       2.85282661E-03
 -0.759999990       5.19961398E-03
 -0.740000010       9.17285867E-03
 -0.720000029       1.68616921E-02
 -0.700000048       2.85774618E-02
 -0.680000067       4.69193645E-02
 -0.660000086       7.73580894E-02
 -0.639999986      0.121677175    
 -0.620000005      0.183839932    
 -0.600000024      0.274661183    
 -0.580000043      0.398611367    
 -0.560000062      0.555320263    
 -0.540000081      0.754257917    
 -0.519999981       1.00308132    
 -0.500000000       1.29148400    
 -0.480000019       1.60584545    
 -0.460000038       1.94505215    
 -0.440000057       2.30016613    
 -0.420000076       2.63985419    
 -0.400000095       2.93011069    
 -0.379999995       3.15648055    
 -0.360000014       3.31552148    
 -0.340000033       3.39366245    
 -0.320000052       3.37151933    
 -0.300000072       3.24055719    
 -0.280000091       3.01651382    
 -0.259999990       2.72979426    
 -0.240000010       2.41361570    
 -0.220000029       2.09077263    
 -0.200000048       1.76568675    
 -0.180000067       1.43348849    
 -0.160000086       1.09711063    
 -0.139999986      0.791635513    
 -0.120000005      0.567239106    
 -0.100000024      0.447813720    
  -8.00000429E-02  0.393540204    
  -6.00000620E-02  0.323520780    
  -4.00000811E-02  0.199491143    
  -2.00001001E-02   5.83898388E-02
   0.00000000       5.24112256E-04
   1.99999809E-02   1.64014762E-06
   3.99999619E-02   1.00279181E-06
   5.99999428E-02   1.81399446E-06
   7.99999237E-02   2.16778926E-06
   9.99999046E-02   3.75902869E-06
  0.119999886       4.40082977E-06
  0.139999866       6.32451201E-06
  0.159999847       7.12485144E-06
  0.180000067       8.94045934E-06
  0.200000048       9.78388925E-06
  0.220000029       1.10761566E-05
  0.240000010       1.19824090E-05
  0.259999990       1.25015458E-05
  0.279999971       1.30027520E-05
  0.299999952       1.26017039E-05
  0.319999933       1.23333029E-05
  0.339999914       1.17331610E-05
  0.359999895       1.07166197E-05
  0.379999876       9.77908167E-06
  0.399999857       8.68944517E-06
  0.419999838       7.66940047E-06
  0.440000057       6.78715696E-06
  0.460000038       5.95968004E-06
  0.480000019       5.25344558E-06
  0.500000000       4.70819759E-06
  0.519999981       4.27542182E-06
  0.539999962       3.76708567E-06
  0.559999943       3.45769331E-06
  0.579999924       3.17694185E-06
  0.599999905       2.85001715E-06
  0.619999886       2.57300826E-06
  0.639999866       2.36176538E-06
  0.659999847       2.19300387E-06
  0.679999828       1.97643226E-06
  0.700000048       1.77142056E-06
  0.720000029       1.63599589E-06
  0.740000010       1.50773542E-06
  0.759999990       1.40944985E-06
  0.779999971       1.24807184E-06
  0.799999952       1.12288171E-06
  0.819999933       1.03091497E-06
  0.839999914       9.45884722E-07
  0.859999895       8.92440084E-07
  0.879999876       8.18446551E-07
  0.899999857       7.15594581E-07
  0.919999838       6.31179603E-07
  0.939999819       5.68046801E-07
  0.960000038       5.11540122E-07
  0.980000019       4.68851340E-07
   1.00000000       4.41499850E-07
   1.01999998       4.13814320E-07
   1.03999996       3.73958017E-07
   1.05999994       3.23833376E-07
   1.07999992       2.71391428E-07
   1.09999990       2.22220649E-07
   1.11999989       1.78303722E-07
   1.13999987       1.39995606E-07
   1.15999985       1.07483785E-07
   1.17999983       8.07189835E-08
   1.19999981       5.94392375E-08
   1.22000003       4.32102283E-08
   1.24000001       3.12434878E-08
   1.25999999       2.25723475E-08
   1.27999997       1.63694942E-08
   1.29999995       1.19408163E-08
   1.31999993       8.78727935E-09
   1.33999991       6.55992727E-09
   1.35999990       4.97160713E-09
   1.37999988       3.80843002E-09
   1.39999986       2.95143110E-09
   1.41999984       2.32944064E-09
   1.43999982       1.87838300E-09
   1.46000004       1.54080715E-09
   1.48000002       1.28175237E-09
   1.50000000       1.07905218E-09
   1.51999998       9.21168086E-10
   1.53999996       7.94078636E-10
   1.55999994       6.92257807E-10
   1.57999992       6.09135742E-10
   1.59999990       5.45714918E-10
   1.61999989       5.00836927E-10
   1.63999987       4.59278643E-10
   1.65999985       4.22351987E-10
   1.67999983       3.87362670E-10
   1.69999981       3.61510266E-10
   1.72000003       3.42271406E-10
   1.74000001       3.23255200E-10
   1.75999999       3.11029091E-10
   1.77999997       2.98902569E-10
   1.79999995       2.92548846E-10
   1.81999993       2.92345509E-10
   1.83999991       2.97292635E-10
   1.85999990       2.98527980E-10
   1.87999988       2.94046287E-10
   1.89999986       2.95501540E-10
   1.91999984       2.93567975E-10
   1.93999982       3.00990094E-10
   1.95999980       3.11740800E-10
   1.98000002       3.26107918E-10
   2.00000000       3.38709782E-10
   2.01999998       3.45726281E-10
   2.03999996       3.50430684E-10
   2.05999994       3.50235507E-10
   2.07999992       3.49389379E-10
   2.09999990       3.37772033E-10
   2.11999989       3.25008548E-10
   2.13999987       3.20040439E-10
   2.15999985       3.24590160E-10
   2.17999983       3.33742783E-10
   2.19999981       3.36054518E-10
   2.21999979       3.31937811E-10
   2.23999977       3.26549981E-10
   2.25999975       3.18366639E-10
   2.27999973       3.09980042E-10
   2.29999971       3.09936077E-10
   2.31999969       3.20232785E-10
   2.33999968       3.26121602E-10
   2.36000013       3.13972570E-10
   2.38000011       3.01161263E-10
   2.40000010       2.99637037E-10
   2.42000008       2.98765124E-10
   2.44000006       2.83134682E-10
   2.46000004       2.70159534E-10
   2.48000002       2.73609801E-10
   2.50000000       2.78388396E-10
   2.51999998       2.64298222E-10
   2.53999996       2.41340004E-10
   2.55999994       2.41966669E-10
   2.57999992       2.41022979E-10
   2.59999990       2.23263796E-10
   2.61999989       2.15265167E-10
   2.63999987       2.16519233E-10
   2.65999985       2.01948389E-10
   2.67999983       1.86901605E-10
   2.69999981       1.91247379E-10
   2.71999979       1.79302906E-10
   2.73999977       1.66414035E-10
   2.75999975       1.68903155E-10
   2.77999973       1.51598498E-10
   2.79999971       1.40164366E-10
   2.81999969       1.37965542E-10
   2.83999968       1.18730983E-10
   2.85999966       1.20698118E-10
   2.88000011       1.07690690E-10
   2.90000010       9.31792421E-11
   2.92000008       8.89193510E-11
   2.94000006       7.18506574E-11
   2.96000004       6.68170450E-11
   2.98000002       4.94509364E-11
   3.00000000       4.42332178E-11
   3.01999998       3.39164564E-11
   3.03999996       2.82135669E-11
   3.05999994       1.57346722E-11
   3.07999992       1.39855141E-11
   3.09999990       1.45963471E-12
