  -2.00000000       1.60660318E-10
  -1.98000002       7.16715715E-11
  -1.96000004       2.16660523E-10
  -1.94000006       2.64448824E-10
  -1.91999996       2.93788410E-10
  -1.89999998       4.86621077E-10
  -1.88000000       4.82309470E-10
  -1.86000001       7.30220995E-10
  -1.84000003       7.20738857E-10
  -1.82000005       9.61186131E-10
  -1.79999995       9.37624756E-10
  -1.77999997       1.10637899E-09
  -1.75999999       1.23923471E-09
  -1.74000001       1.38210021E-09
  -1.72000003       1.71466852E-09
  -1.70000005       2.21366281E-09
  -1.68000007       2.66168354E-09
  -1.65999997       3.44221718E-09
  -1.63999999       3.77505227E-09
  -1.62000000       5.00893282E-09
  -1.60000002       6.01977135E-09
  -1.58000004       7.58713092E-09
  -1.55999994       9.73536896E-09
  -1.53999996       1.15169572E-08
  -1.51999998       1.59501923E-08
  -1.50000000       1.97270911E-08
  -1.48000002       2.73378102E-08
  -1.46000004       3.56267549E-08
  -1.44000006       4.74840967E-08
  -1.42000008       6.17339353E-08
  -1.40000010       7.81200313E-08
  -1.38000000       1.02267421E-07
  -1.36000001       1.32155648E-07
  -1.34000003       1.72817181E-07
  -1.31999993       2.16623590E-07
  -1.29999995       2.69289131E-07
  -1.27999997       3.28993139E-07
  -1.25999999       3.94949012E-07
  -1.24000001       4.62245907E-07
  -1.22000003       5.22414268E-07
  -1.20000005       5.73030036E-07
  -1.18000007       6.08818539E-07
  -1.16000009       6.46263288E-07
  -1.14000010       6.37673509E-07
  -1.12000000       6.99637667E-07
  -1.10000002       6.15618944E-07
  -1.08000004       7.72638145E-07
  -1.05999994       7.36650293E-07
  -1.03999996       6.74213993E-07
  -1.01999998       1.49212701E-06
  -1.00000000       2.17685653E-07
 -0.980000019       2.61799255E-06
 -0.960000038       2.95245673E-06
 -0.940000057       2.03001127E-06
 -0.920000076       1.75378773E-05
 -0.899999976       1.88690319E-05
 -0.879999995       4.75199558E-05
 -0.860000014       1.36989242E-04
 -0.840000033       2.13097344E-04
 -0.820000052       4.84838034E-04
 -0.800000072       1.05667161E-03
 -0.779999971       1.83601317E-03
 -0.759999990       3.56870191E-03
 -0.740000010       6.86082803E-03
 -0.720000029       1.17576029E-02
 -0.700000048       2.03083809E-02
 -0.680000067       3.52323577E-02
 -0.660000086       5.73182218E-02
 -0.639999986       9.00933743E-02
 -0.620000005      0.141002625    
 -0.600000024      0.214010164    
 -0.580000043      0.310957134    
 -0.560000062      0.440732986    
 -0.540000081      0.613501132    
 -0.519999981      0.828089714    
 -0.500000000       1.07827556    
 -0.480000019       1.36543763    
 -0.460000038       1.69085586    
 -0.440000057       2.03815341    
 -0.420000076       2.37832451    
 -0.400000095       2.68875647    
 -0.379999995       2.95925927    
 -0.360000014       3.17850184    
 -0.340000033       3.32439041    
 -0.320000052       3.37338543    
 -0.300000072       3.31343055    
 -0.280000091       3.15402603    
 -0.259999990       2.92036271    
 -0.240000010       2.64581680    
 -0.220000029       2.35460949    
 -0.200000048       2.04662299    
 -0.180000067       1.70634758    
 -0.160000086       1.33200729    
 -0.139999986      0.974227369    
 -0.120000005      0.712584436    
 -0.100000024      0.588953912    
  -8.00000429E-02  0.547626078    
  -6.00000620E-02  0.468370110    
  -4.00000811E-02  0.294993043    
  -2.00001001E-02   8.71948153E-02
   0.00000000       7.74216896E-04
   1.99999809E-02   3.40160818E-06
   3.99999619E-02   3.86435133E-08
   5.99999428E-02   2.09923610E-06
   7.99999237E-02   1.42954036E-06
   9.99999046E-02   3.15515535E-06
  0.119999886       3.55065413E-06
  0.139999866       4.97978272E-06
  0.159999847       6.03088984E-06
  0.180000067       7.09725464E-06
  0.200000048       8.44413717E-06
  0.220000029       9.09923256E-06
  0.240000010       1.03678076E-05
  0.259999990       1.08395498E-05
  0.279999971       1.15567436E-05
  0.299999952       1.17750542E-05
  0.319999933       1.15340617E-05
  0.339999914       1.14467821E-05
  0.359999895       1.08608147E-05
  0.379999876       1.02168451E-05
  0.399999857       9.41648523E-06
  0.419999838       8.47320916E-06
  0.440000057       7.73121610E-06
  0.460000038       6.89047329E-06
  0.480000019       6.08553955E-06
  0.500000000       5.51909261E-06
  0.519999981       4.93742482E-06
  0.539999962       4.44048783E-06
  0.559999943       4.02566775E-06
  0.579999924       3.67872099E-06
  0.599999905       3.38065229E-06
  0.619999886       3.02557828E-06
  0.639999866       2.82358724E-06
  0.659999847       2.57899228E-06
  0.679999828       2.38000712E-06
  0.700000048       2.14228180E-06
  0.720000029       2.00345130E-06
  0.740000010       1.83788597E-06
  0.759999990       1.71513273E-06
  0.779999971       1.53656401E-06
  0.799999952       1.42710201E-06
  0.819999933       1.31501713E-06
  0.839999914       1.22782001E-06
  0.859999895       1.13998215E-06
  0.879999876       1.01786770E-06
  0.899999857       9.36340655E-07
  0.919999838       8.62183015E-07
  0.939999819       7.94701691E-07
  0.960000038       7.52490564E-07
  0.980000019       6.92476874E-07
   1.00000000       6.14086275E-07
   1.01999998       5.50136974E-07
   1.03999996       4.98731595E-07
   1.05999994       4.49659410E-07
   1.07999992       4.10560261E-07
   1.09999990       3.85919634E-07
   1.11999989       3.65222405E-07
   1.13999987       3.36540324E-07
   1.15999985       2.98600440E-07
   1.17999983       2.57158149E-07
   1.19999981       2.16899963E-07
   1.22000003       1.79549147E-07
   1.24000001       1.45527608E-07
   1.25999999       1.15167950E-07
   1.27999997       8.90157708E-08
   1.29999995       6.74804568E-08
   1.31999993       5.03574320E-08
   1.33999991       3.71841615E-08
   1.35999990       2.73465428E-08
   1.37999988       2.01086330E-08
   1.39999986       1.48517207E-08
   1.41999984       1.10311200E-08
   1.43999982       8.25129742E-09
   1.46000004       6.22343155E-09
   1.48000002       4.73021844E-09
   1.50000000       3.64383435E-09
   1.51999998       2.86194446E-09
   1.53999996       2.28370700E-09
   1.55999994       1.85854654E-09
   1.57999992       1.54129609E-09
   1.59999990       1.29059652E-09
   1.61999989       1.09963083E-09
   1.63999987       9.46029588E-10
   1.65999985       8.12544254E-10
   1.67999983       7.10404569E-10
   1.69999981       6.34043373E-10
   1.72000003       5.76987458E-10
   1.74000001       5.35874678E-10
   1.75999999       5.05018249E-10
   1.77999997       4.78579398E-10
   1.79999995       4.54109250E-10
   1.81999993       4.39125680E-10
   1.83999991       4.29058983E-10
   1.85999990       4.35872505E-10
   1.87999988       4.47589771E-10
   1.89999986       4.56123833E-10
   1.91999984       4.66415462E-10
   1.93999982       4.61460398E-10
   1.95999980       4.61079536E-10
   1.98000002       4.50302823E-10
   2.00000000       4.39218384E-10
   2.01999998       4.25093627E-10
   2.03999996       4.14592083E-10
   2.05999994       4.20151219E-10
   2.07999992       4.22735735E-10
   2.09999990       4.30905311E-10
   2.11999989       4.28038466E-10
   2.13999987       4.15223189E-10
   2.15999985       4.00196321E-10
   2.17999983       3.87796739E-10
   2.19999981       3.89421689E-10
   2.21999979       3.94017513E-10
   2.23999977       3.97406941E-10
   2.25999975       3.93467786E-10
   2.27999973       3.80558057E-10
   2.29999971       3.75649206E-10
   2.31999969       3.81544213E-10
   2.33999968       3.83240439E-10
   2.36000013       3.69290681E-10
   2.38000011       3.56802754E-10
   2.40000010       3.65254466E-10
   2.42000008       3.71384451E-10
   2.44000006       3.49088425E-10
   2.46000004       3.30592637E-10
   2.48000002       3.43944123E-10
   2.50000000       3.37228412E-10
   2.51999998       3.12418813E-10
   2.53999996       3.12755599E-10
   2.55999994       3.20066557E-10
   2.57999992       3.03895492E-10
   2.59999990       2.83509827E-10
   2.61999989       2.91299679E-10
   2.63999987       2.72423334E-10
   2.65999985       2.54113647E-10
   2.67999983       2.61281469E-10
   2.69999981       2.41985376E-10
   2.71999979       2.25965316E-10
   2.73999977       2.32024233E-10
   2.75999975       2.14040244E-10
   2.77999973       1.99079642E-10
   2.79999971       1.97782749E-10
   2.81999969       1.77215173E-10
   2.83999968       1.76878262E-10
   2.85999966       1.61923711E-10
   2.88000011       1.52000468E-10
   2.90000010       1.47521481E-10
   2.92000008       1.23682703E-10
   2.94000006       1.22384269E-10
   2.96000004       1.05651730E-10
   2.98000002       9.62068966E-11
   3.00000000       8.20391532E-11
   3.01999998       7.81575915E-11
   3.03999996       6.60913685E-11
   3.05999994       5.13357690E-11
   3.07999992       3.91433726E-11
   3.09999990       6.53294779E-11
