  -2.00000000       8.54946461E-11
  -1.98000002       8.78662976E-11
  -1.96000004       4.78584533E-11
  -1.94000006       2.34833097E-10
  -1.91999996       1.52578478E-10
  -1.89999998       3.65589448E-10
  -1.88000000       3.96431027E-10
  -1.86000001       5.12489662E-10
  -1.84000003       6.56324661E-10
  -1.82000005       6.73076872E-10
  -1.79999995       8.80190476E-10
  -1.77999997       8.32817426E-10
  -1.75999999       1.13318521E-09
  -1.74000001       1.35768741E-09
  -1.72000003       1.65893022E-09
  -1.70000005       2.40171349E-09
  -1.68000007       2.73711764E-09
  -1.65999997       3.64792663E-09
  -1.63999999       4.28976943E-09
  -1.62000000       5.26233102E-09
  -1.60000002       7.06110015E-09
  -1.58000004       8.78680684E-09
  -1.55999994       1.14542615E-08
  -1.53999996       1.45040824E-08
  -1.51999998       1.93803196E-08
  -1.50000000       2.61851660E-08
  -1.48000002       3.52088314E-08
  -1.46000004       4.75644377E-08
  -1.44000006       6.04951680E-08
  -1.42000008       8.00527289E-08
  -1.40000010       1.01998232E-07
  -1.38000000       1.34514238E-07
  -1.36000001       1.72870472E-07
  -1.34000003       2.19688175E-07
  -1.31999993       2.71727373E-07
  -1.29999995       3.30286866E-07
  -1.27999997       3.94135697E-07
  -1.25999999       4.57072929E-07
  -1.24000001       5.11273242E-07
  -1.22000003       5.58639442E-07
  -1.20000005       5.86974636E-07
  -1.18000007       6.17460728E-07
  -1.16000009       6.22158609E-07
  -1.14000010       6.43944759E-07
  -1.12000000       6.75297429E-07
  -1.10000002       6.42627754E-07
  -1.08000004       8.52016854E-07
  -1.05999994       6.34136654E-07
  -1.03999996       1.00267346E-06
  -1.01999998       1.10995438E-06
  -1.00000000       3.79269238E-07
 -0.980000019       3.13703686E-06
 -0.960000038       1.06876610E-06
 -0.940000057       4.32961815E-06
 -0.920000076       1.58971343E-05
 -0.899999976       1.33802087E-05
 -0.879999995       5.37250598E-05
 -0.860000014       1.21684323E-04
 -0.840000033       1.90403836E-04
 -0.820000052       4.81655909E-04
 -0.800000072       9.72636568E-04
 -0.779999971       1.69781537E-03
 -0.759999990       3.42544331E-03
 -0.740000010       6.45253435E-03
 -0.720000029       1.10065034E-02
 -0.700000048       1.93243995E-02
 -0.680000067       3.35013904E-02
 -0.660000086       5.42370044E-02
 -0.639999986       8.57599229E-02
 -0.620000005      0.134897023    
 -0.600000024      0.204685897    
 -0.580000043      0.297726274    
 -0.560000062      0.423772961    
 -0.540000081      0.591930866    
 -0.519999981      0.800285161    
 -0.500000000       1.04439557    
 -0.480000019       1.32704151    
 -0.460000038       1.64921260    
 -0.440000057       1.99371839    
 -0.420000076       2.33290863    
 -0.400000095       2.64585042    
 -0.379999995       2.92252517    
 -0.360000014       3.15065145    
 -0.340000033       3.30700254    
 -0.320000052       3.36784530    
 -0.300000072       3.32002735    
 -0.280000091       3.17206669    
 -0.259999990       2.94816542    
 -0.240000010       2.68197131    
 -0.220000029       2.39798260    
 -0.200000048       2.09470963    
 -0.180000067       1.75434864    
 -0.160000086       1.37370098    
 -0.139999986       1.00671756    
 -0.120000005      0.738864124    
 -0.100000024      0.615749419    
  -8.00000429E-02  0.578218579    
  -6.00000620E-02  0.497772545    
  -4.00000811E-02  0.314608812    
  -2.00001001E-02   9.30991620E-02
   0.00000000       8.41283123E-04
   1.99999809E-02   1.98730595E-06
   3.99999619E-02   1.31328420E-06
   5.99999428E-02   1.35421578E-06
   7.99999237E-02   1.75832270E-06
   9.99999046E-02   2.88052752E-06
  0.119999886       3.38986320E-06
  0.139999866       4.94989172E-06
  0.159999847       5.54291682E-06
  0.180000067       7.22049663E-06
  0.200000048       7.85079555E-06
  0.220000029       9.20102320E-06
  0.240000010       9.85577663E-06
  0.259999990       1.06449370E-05
  0.279999971       1.13369779E-05
  0.299999952       1.14375798E-05
  0.319999933       1.16403480E-05
  0.339999914       1.11837480E-05
  0.359999895       1.08318563E-05
  0.379999876       1.03380635E-05
  0.399999857       9.38595986E-06
  0.419999838       8.64566027E-06
  0.440000057       7.85928387E-06
  0.460000038       6.97245923E-06
  0.480000019       6.28242924E-06
  0.500000000       5.65325263E-06
  0.519999981       5.01197292E-06
  0.539999962       4.56534417E-06
  0.559999943       4.18121772E-06
  0.579999924       3.70820499E-06
  0.599999905       3.44949331E-06
  0.619999886       3.17514832E-06
  0.639999866       2.87013131E-06
  0.659999847       2.62469575E-06
  0.679999828       2.43758996E-06
  0.700000048       2.26812062E-06
  0.720000029       2.03489776E-06
  0.740000010       1.87467583E-06
  0.759999990       1.75204889E-06
  0.779999971       1.63323693E-06
  0.799999952       1.48965341E-06
  0.819999933       1.33404899E-06
  0.839999914       1.25803672E-06
  0.859999895       1.16876686E-06
  0.879999876       1.09673988E-06
  0.899999857       9.96033577E-07
  0.919999838       8.80571406E-07
  0.939999819       8.18469687E-07
  0.960000038       7.68055997E-07
  0.980000019       7.16097929E-07
   1.00000000       6.72292856E-07
   1.01999998       6.09037841E-07
   1.03999996       5.29792601E-07
   1.05999994       4.67997950E-07
   1.07999992       4.29616193E-07
   1.09999990       3.99669290E-07
   1.11999989       3.71996521E-07
   1.13999987       3.48067715E-07
   1.15999985       3.25151035E-07
   1.17999983       2.96740041E-07
   1.19999981       2.60125091E-07
   1.22000003       2.18670706E-07
   1.24000001       1.77479592E-07
   1.25999999       1.40490584E-07
   1.27999997       1.09275305E-07
   1.29999995       8.38185699E-08
   1.31999993       6.35724646E-08
   1.33999991       4.77395901E-08
   1.35999990       3.55312402E-08
   1.37999988       2.62163358E-08
   1.39999986       1.92021741E-08
   1.41999984       1.40777408E-08
   1.43999982       1.03729887E-08
   1.46000004       7.70940112E-09
   1.48000002       5.76285730E-09
   1.50000000       4.34540404E-09
   1.51999998       3.32952865E-09
   1.53999996       2.58037192E-09
   1.55999994       2.02898964E-09
   1.57999992       1.61605573E-09
   1.59999990       1.31952582E-09
   1.61999989       1.09793019E-09
   1.63999987       9.26374200E-10
   1.65999985       7.95207677E-10
   1.67999983       6.91813384E-10
   1.69999981       6.13158968E-10
   1.72000003       5.49656765E-10
   1.74000001       5.01494901E-10
   1.75999999       4.68306838E-10
   1.77999997       4.41035763E-10
   1.79999995       4.18272972E-10
   1.81999993       4.06900097E-10
   1.83999991       4.06168571E-10
   1.85999990       4.11171180E-10
   1.87999988       4.15537299E-10
   1.89999986       4.12646528E-10
   1.91999984       4.10253193E-10
   1.93999982       4.12931384E-10
   1.95999980       4.03024281E-10
   1.98000002       3.90310700E-10
   2.00000000       3.74909687E-10
   2.01999998       3.64472452E-10
   2.03999996       3.63787167E-10
   2.05999994       3.64546171E-10
   2.07999992       3.63718000E-10
   2.09999990       3.57106400E-10
   2.11999989       3.48208906E-10
   2.13999987       3.34946820E-10
   2.15999985       3.27241623E-10
   2.17999983       3.29661742E-10
   2.19999981       3.33924777E-10
   2.21999979       3.33075262E-10
   2.23999977       3.18969018E-10
   2.25999975       3.04919506E-10
   2.27999973       2.98628094E-10
   2.29999971       2.96247721E-10
   2.31999969       2.90395596E-10
   2.33999968       2.81563023E-10
   2.36000013       2.75932055E-10
   2.38000011       2.75637402E-10
   2.40000010       2.71187711E-10
   2.42000008       2.56207944E-10
   2.44000006       2.45025861E-10
   2.46000004       2.47144888E-10
   2.48000002       2.44508802E-10
   2.50000000       2.29317496E-10
   2.51999998       2.23269514E-10
   2.53999996       2.27112038E-10
   2.55999994       2.16772489E-10
   2.57999992       1.96424849E-10
   2.59999990       1.98081607E-10
   2.61999989       1.90414601E-10
   2.63999987       1.70613745E-10
   2.65999985       1.68474734E-10
   2.67999983       1.63241393E-10
   2.69999981       1.45340073E-10
   2.71999979       1.44452561E-10
   2.73999977       1.34808789E-10
   2.75999975       1.21612276E-10
   2.77999973       1.22297672E-10
   2.79999971       1.06425084E-10
   2.81999969       1.00675399E-10
   2.83999968       9.37717057E-11
   2.85999966       7.89439625E-11
   2.88000011       7.81948326E-11
   2.90000010       6.53086543E-11
   2.92000008       6.17540255E-11
   2.94000006       5.28563616E-11
   2.96000004       4.52287513E-11
   2.98000002       4.02072438E-11
   3.00000000       2.84794410E-11
   3.01999998       2.34610803E-11
   3.03999996       1.40114847E-11
   3.05999994       7.73996232E-12
   3.07999992       3.56881712E-12
   3.09999990       1.79741864E-11
