  -2.00000000       3.52163437E-11
  -1.98000002       9.72555578E-11
  -1.96000004       4.38102228E-11
  -1.94000006       2.58937344E-10
  -1.91999996       2.63614686E-10
  -1.89999998       3.61255942E-10
  -1.88000000       5.19736143E-10
  -1.86000001       5.45063383E-10
  -1.84000003       8.85980345E-10
  -1.82000005       9.55294621E-10
  -1.79999995       1.55258861E-09
  -1.77999997       1.88146609E-09
  -1.75999999       2.69963674E-09
  -1.74000001       3.38134276E-09
  -1.72000003       4.12818357E-09
  -1.70000005       5.51298207E-09
  -1.68000007       6.83466617E-09
  -1.65999997       9.03881325E-09
  -1.63999999       1.20239854E-08
  -1.62000000       1.53196531E-08
  -1.60000002       2.12888391E-08
  -1.58000004       2.79469550E-08
  -1.55999994       3.76284603E-08
  -1.53999996       5.05208391E-08
  -1.51999998       6.61262618E-08
  -1.50000000       8.65404104E-08
  -1.48000002       1.09729562E-07
  -1.46000004       1.42789318E-07
  -1.44000006       1.80446307E-07
  -1.42000008       2.30201394E-07
  -1.40000010       2.77514687E-07
  -1.38000000       3.34215883E-07
  -1.36000001       3.88771184E-07
  -1.34000003       4.47460565E-07
  -1.31999993       4.94692586E-07
  -1.29999995       5.30433226E-07
  -1.27999997       5.48838727E-07
  -1.25999999       5.59543139E-07
  -1.24000001       5.68071300E-07
  -1.22000003       5.81393465E-07
  -1.20000005       6.06713002E-07
  -1.18000007       6.39048551E-07
  -1.16000009       6.95375945E-07
  -1.14000010       7.13837039E-07
  -1.12000000       7.92940853E-07
  -1.10000002       7.84007000E-07
  -1.08000004       7.65502477E-07
  -1.05999994       1.02789340E-06
  -1.03999996       6.72461852E-07
  -1.01999998       1.13208182E-06
  -1.00000000       1.66829909E-06
 -0.980000019       1.10267351E-07
 -0.960000038       3.66910308E-06
 -0.940000057       4.95581571E-06
 -0.920000076       2.58028399E-06
 -0.899999976       2.39284600E-05
 -0.879999995       3.95851166E-05
 -0.860000014       5.97689868E-05
 -0.840000033       1.87593192E-04
 -0.820000052       3.68071836E-04
 -0.800000072       6.30913826E-04
 -0.779999971       1.38353882E-03
 -0.759999990       2.71998346E-03
 -0.740000010       4.68719378E-03
 -0.720000029       8.53360537E-03
 -0.700000048       1.55429300E-02
 -0.680000067       2.61038244E-02
 -0.660000086       4.24133651E-02
 -0.639999986       6.93326294E-02
 -0.620000005      0.109979585    
 -0.600000024      0.166281819    
 -0.580000043      0.244764328    
 -0.560000062      0.355180889    
 -0.540000081      0.501723766    
 -0.519999981      0.682840466    
 -0.500000000      0.901372671    
 -0.480000019       1.16357100    
 -0.460000038       1.46765721    
 -0.440000057       1.79614389    
 -0.420000076       2.12788320    
 -0.400000095       2.44848633    
 -0.379999995       2.74791741    
 -0.360000014       3.01058722    
 -0.340000033       3.21049976    
 -0.320000052       3.32241964    
 -0.300000072       3.32883096    
 -0.280000091       3.23248482    
 -0.259999990       3.05450153    
 -0.240000010       2.83010006    
 -0.220000029       2.58513021    
 -0.200000048       2.31035805    
 -0.180000067       1.97406399    
 -0.160000086       1.56587088    
 -0.139999986       1.15600681    
 -0.120000005      0.861596465    
 -0.100000024      0.746665776    
  -8.00000429E-02  0.733608425    
  -6.00000620E-02  0.649959207    
  -4.00000811E-02  0.416807324    
  -2.00001001E-02  0.124092191    
   0.00000000       1.13024423E-03
   1.99999809E-02   1.65147208E-06
   3.99999619E-02   2.42055967E-06
   5.99999428E-02   4.26474372E-07
   7.99999237E-02   2.26179418E-06
   9.99999046E-02   1.81378459E-06
  0.119999886       3.57429963E-06
  0.139999866       3.70360476E-06
  0.159999847       5.28617602E-06
  0.180000067       5.83949259E-06
  0.200000048       7.04028207E-06
  0.220000029       7.93847903E-06
  0.240000010       8.69178166E-06
  0.259999990       9.76021875E-06
  0.279999971       1.00881089E-05
  0.299999952       1.07337773E-05
  0.319999933       1.07264796E-05
  0.339999914       1.07138221E-05
  0.359999895       1.06904181E-05
  0.379999876       1.01416681E-05
  0.399999857       9.64578703E-06
  0.419999838       8.97968857E-06
  0.440000057       8.25884126E-06
  0.460000038       7.60559578E-06
  0.480000019       6.81469692E-06
  0.500000000       6.17371916E-06
  0.519999981       5.62702780E-06
  0.539999962       5.03716092E-06
  0.559999943       4.58845625E-06
  0.579999924       4.18500167E-06
  0.599999905       3.83190400E-06
  0.619999886       3.50844357E-06
  0.639999866       3.19097330E-06
  0.659999847       2.99708904E-06
  0.679999828       2.72048555E-06
  0.700000048       2.51950632E-06
  0.720000029       2.31254353E-06
  0.740000010       2.16893591E-06
  0.759999990       1.98661155E-06
  0.779999971       1.84022178E-06
  0.799999952       1.68610075E-06
  0.819999933       1.59397348E-06
  0.839999914       1.46264438E-06
  0.859999895       1.36818221E-06
  0.879999876       1.23834400E-06
  0.899999857       1.15796888E-06
  0.919999838       1.08567895E-06
  0.939999819       1.00261866E-06
  0.960000038       9.39699021E-07
  0.980000019       8.48900413E-07
   1.00000000       7.74293596E-07
   1.01999998       7.29148155E-07
   1.03999996       6.76423895E-07
   1.05999994       6.30377997E-07
   1.07999992       5.91888409E-07
   1.09999990       5.36189134E-07
   1.11999989       4.72944777E-07
   1.13999987       4.26138058E-07
   1.15999985       3.94030366E-07
   1.17999983       3.64782125E-07
   1.19999981       3.37749640E-07
   1.22000003       3.16078655E-07
   1.24000001       2.96528782E-07
   1.25999999       2.72494674E-07
   1.27999997       2.41433582E-07
   1.29999995       2.06212093E-07
   1.31999993       1.71075541E-07
   1.33999991       1.38948764E-07
   1.35999990       1.11101429E-07
   1.37999988       8.75853416E-08
   1.39999986       6.81358614E-08
   1.41999984       5.23305559E-08
   1.43999982       3.96489703E-08
   1.46000004       2.97551530E-08
   1.48000002       2.21521006E-08
   1.50000000       1.64331571E-08
   1.51999998       1.22359145E-08
   1.53999996       9.15619403E-09
   1.55999994       6.90091717E-09
   1.57999992       5.24553379E-09
   1.59999990       4.02864231E-09
   1.61999989       3.14538751E-09
   1.63999987       2.50288901E-09
   1.65999985       2.02378692E-09
   1.67999983       1.67483338E-09
   1.69999981       1.41317269E-09
   1.72000003       1.21109811E-09
   1.74000001       1.06180564E-09
   1.75999999       9.52373957E-10
   1.77999997       8.82268536E-10
   1.79999995       8.29055213E-10
   1.81999993       7.86279541E-10
   1.83999991       7.40791928E-10
   1.85999990       6.96466995E-10
   1.87999988       6.67635780E-10
   1.89999986       6.24220342E-10
   1.91999984       5.92134952E-10
   1.93999982       5.62833113E-10
   1.95999980       5.43708079E-10
   1.98000002       5.43272038E-10
   2.00000000       5.42840051E-10
   2.01999998       5.43892431E-10
   2.03999996       5.30166577E-10
   2.05999994       5.13178722E-10
   2.07999992       4.96365338E-10
   2.09999990       4.85926244E-10
   2.11999989       4.91482743E-10
   2.13999987       4.88137974E-10
   2.15999985       4.77295536E-10
   2.17999983       4.57825250E-10
   2.19999981       4.44630943E-10
   2.21999979       4.46624820E-10
   2.23999977       4.48123899E-10
   2.25999975       4.48354603E-10
   2.27999973       4.33261538E-10
   2.29999971       4.25148861E-10
   2.31999969       4.34036140E-10
   2.33999968       4.25646407E-10
   2.36000013       4.05235984E-10
   2.38000011       3.91266186E-10
   2.40000010       4.01074896E-10
   2.42000008       4.02507250E-10
   2.44000006       3.80262155E-10
   2.46000004       3.71822073E-10
   2.48000002       3.80824844E-10
   2.50000000       3.68362785E-10
   2.51999998       3.46625006E-10
   2.53999996       3.56197682E-10
   2.55999994       3.50315665E-10
   2.57999992       3.30977606E-10
   2.59999990       3.32432859E-10
   2.61999989       3.23408605E-10
   2.63999987       3.02443209E-10
   2.65999985       3.04476555E-10
   2.67999983       2.96589225E-10
   2.69999981       2.70703043E-10
   2.71999979       2.72903172E-10
   2.73999977       2.55658772E-10
   2.75999975       2.47840887E-10
   2.77999973       2.49882670E-10
   2.79999971       2.20466728E-10
   2.81999969       2.24838606E-10
   2.83999968       2.07140777E-10
   2.85999966       1.91416410E-10
   2.88000011       1.94308375E-10
   2.90000010       1.73065146E-10
   2.92000008       1.71636774E-10
   2.94000006       1.52961199E-10
   2.96000004       1.50926494E-10
   2.98000002       1.38585393E-10
   3.00000000       1.26949923E-10
   3.01999998       1.22915053E-10
   3.03999996       1.07638468E-10
   3.05999994       1.04166176E-10
   3.07999992       7.14109050E-11
   3.09999990       1.61499231E-10
