  -2.00000000       5.98082972E-11
  -1.98000002       7.94340704E-11
  -1.96000004       2.18778412E-10
  -1.94000006       1.71366490E-10
  -1.91999996       4.54650206E-10
  -1.89999998       3.50804691E-10
  -1.88000000       6.37010111E-10
  -1.86000001       6.89527213E-10
  -1.84000003       9.88903515E-10
  -1.82000005       1.32866373E-09
  -1.79999995       1.83606763E-09
  -1.77999997       2.49737964E-09
  -1.75999999       3.05267145E-09
  -1.74000001       3.96344646E-09
  -1.72000003       4.99753927E-09
  -1.70000005       6.24718099E-09
  -1.68000007       8.36802627E-09
  -1.65999997       1.04194848E-08
  -1.63999999       1.43709293E-08
  -1.62000000       1.81461637E-08
  -1.60000002       2.50636933E-08
  -1.58000004       3.35087904E-08
  -1.55999994       4.39800409E-08
  -1.53999996       6.00222947E-08
  -1.51999998       7.56732135E-08
  -1.50000000       1.00218138E-07
  -1.48000002       1.26025839E-07
  -1.46000004       1.64606263E-07
  -1.44000006       2.07202916E-07
  -1.42000008       2.59382517E-07
  -1.40000010       3.11390949E-07
  -1.38000000       3.68257759E-07
  -1.36000001       4.26525872E-07
  -1.34000003       4.79095661E-07
  -1.31999993       5.20564640E-07
  -1.29999995       5.46497574E-07
  -1.27999997       5.59645059E-07
  -1.25999999       5.63897288E-07
  -1.24000001       5.67851203E-07
  -1.22000003       5.81165466E-07
  -1.20000005       6.08138635E-07
  -1.18000007       6.54981648E-07
  -1.16000009       7.09402968E-07
  -1.14000010       7.37750042E-07
  -1.12000000       8.17815817E-07
  -1.10000002       7.63995047E-07
  -1.08000004       8.30349450E-07
  -1.05999994       9.77280251E-07
  -1.03999996       6.44048725E-07
  -1.01999998       1.37854840E-06
  -1.00000000       1.25944098E-06
 -0.980000019       3.39085517E-07
 -0.960000038       4.21504546E-06
 -0.940000057       3.18725733E-06
 -0.920000076       3.63264689E-06
 -0.899999976       2.47792232E-05
 -0.879999995       3.25621404E-05
 -0.860000014       5.97952312E-05
 -0.840000033       1.86775229E-04
 -0.820000052       3.37158970E-04
 -0.800000072       6.02363667E-04
 -0.779999971       1.35060202E-03
 -0.759999990       2.58468534E-03
 -0.740000010       4.45567071E-03
 -0.720000029       8.24368652E-03
 -0.700000048       1.49664059E-02
 -0.680000067       2.50057820E-02
 -0.660000086       4.08296138E-02
 -0.639999986       6.70354813E-02
 -0.620000005      0.106276244    
 -0.600000024      0.160653844    
 -0.580000043      0.237174928    
 -0.560000062      0.345118374    
 -0.540000081      0.488122940    
 -0.519999981      0.665058136    
 -0.500000000      0.879710317    
 -0.480000019       1.13852715    
 -0.460000038       1.43921018    
 -0.440000057       1.76470327    
 -0.420000076       2.09478807    
 -0.400000095       2.41608953    
 -0.379999995       2.71839690    
 -0.360000014       2.98584318    
 -0.340000033       3.19224119    
 -0.320000052       3.31201100    
 -0.300000072       3.32707095    
 -0.280000091       3.23896360    
 -0.259999990       3.06866550    
 -0.240000010       2.85161662    
 -0.220000029       2.61398530    
 -0.200000048       2.34496880    
 -0.180000067       2.01002216    
 -0.160000086       1.59748065    
 -0.139999986       1.18044639    
 -0.120000005      0.882016778    
 -0.100000024      0.769468248    
  -8.00000429E-02  0.761639595    
  -6.00000620E-02  0.677892089    
  -4.00000811E-02  0.435639918    
  -2.00001001E-02  0.129858539    
   0.00000000       1.16638129E-03
   1.99999809E-02   3.64240668E-06
   3.99999619E-02   7.90315767E-07
   5.99999428E-02   1.48694403E-06
   7.99999237E-02   1.47306059E-06
   9.99999046E-02   2.27664395E-06
  0.119999886       3.10837640E-06
  0.139999866       3.75013315E-06
  0.159999847       5.05658954E-06
  0.180000067       5.62052082E-06
  0.200000048       7.10715631E-06
  0.220000029       7.62489344E-06
  0.240000010       8.83999564E-06
  0.259999990       9.31231989E-06
  0.279999971       9.97351162E-06
  0.299999952       1.05124655E-05
  0.319999933       1.06140087E-05
  0.339999914       1.08436507E-05
  0.359999895       1.04119872E-05
  0.379999876       1.01240694E-05
  0.399999857       9.72538965E-06
  0.419999838       8.97714199E-06
  0.440000057       8.35045194E-06
  0.460000038       7.62289073E-06
  0.480000019       6.92045114E-06
  0.500000000       6.29878150E-06
  0.519999981       5.65493474E-06
  0.539999962       5.13394843E-06
  0.559999943       4.67715881E-06
  0.579999924       4.25833741E-06
  0.599999905       3.86372949E-06
  0.619999886       3.56601868E-06
  0.639999866       3.31302726E-06
  0.659999847       2.96844428E-06
  0.679999828       2.78926564E-06
  0.700000048       2.58396562E-06
  0.720000029       2.37401446E-06
  0.740000010       2.16161902E-06
  0.759999990       2.03623995E-06
  0.779999971       1.89804257E-06
  0.799999952       1.74467039E-06
  0.819999933       1.58150908E-06
  0.839999914       1.50138101E-06
  0.859999895       1.39695362E-06
  0.879999876       1.30914486E-06
  0.899999857       1.17193360E-06
  0.919999838       1.08682411E-06
  0.939999819       1.03029186E-06
  0.960000038       9.62161380E-07
  0.980000019       9.03686782E-07
   1.00000000       8.10789459E-07
   1.01999998       7.27317513E-07
   1.03999996       6.86634849E-07
   1.05999994       6.47622358E-07
   1.07999992       6.06771266E-07
   1.09999990       5.69808776E-07
   1.11999989       5.16528701E-07
   1.13999987       4.50905304E-07
   1.15999985       3.99068284E-07
   1.17999983       3.68268331E-07
   1.19999981       3.46249692E-07
   1.22000003       3.24859627E-07
   1.24000001       3.04638661E-07
   1.25999999       2.85048941E-07
   1.27999997       2.62206697E-07
   1.29999995       2.33352281E-07
   1.31999993       1.99638890E-07
   1.33999991       1.64506943E-07
   1.35999990       1.31603088E-07
   1.37999988       1.03138127E-07
   1.39999986       7.95721036E-08
   1.41999984       6.07274941E-08
   1.43999982       4.59716816E-08
   1.46000004       3.44784787E-08
   1.48000002       2.56544688E-08
   1.50000000       1.89910629E-08
   1.51999998       1.40244723E-08
   1.53999996       1.04022302E-08
   1.55999994       7.70806619E-09
   1.57999992       5.73300873E-09
   1.59999990       4.30721325E-09
   1.61999989       3.26911564E-09
   1.63999987       2.53973020E-09
   1.65999985       2.02367878E-09
   1.67999983       1.65049929E-09
   1.69999981       1.37177369E-09
   1.72000003       1.15648158E-09
   1.74000001       1.00163022E-09
   1.75999999       8.96451247E-10
   1.77999997       8.23440371E-10
   1.79999995       7.64036889E-10
   1.81999993       7.04322489E-10
   1.83999991       6.54518162E-10
   1.85999990       6.04714889E-10
   1.87999988       5.61111102E-10
   1.89999986       5.25591071E-10
   1.91999984       4.92626218E-10
   1.93999982       4.78479756E-10
   1.95999980       4.61412714E-10
   1.98000002       4.51703619E-10
   2.00000000       4.42030357E-10
   2.01999998       4.32315295E-10
   2.03999996       4.18105134E-10
   2.05999994       3.96268823E-10
   2.07999992       3.83358539E-10
   2.09999990       3.78289178E-10
   2.11999989       3.80831061E-10
   2.13999987       3.77991916E-10
   2.15999985       3.61722596E-10
   2.17999983       3.45849932E-10
   2.19999981       3.37307626E-10
   2.21999979       3.34668904E-10
   2.23999977       3.28642336E-10
   2.25999975       3.12768367E-10
   2.27999973       3.02449121E-10
   2.29999971       2.98236824E-10
   2.31999969       2.91882130E-10
   2.33999968       2.76553530E-10
   2.36000013       2.62621092E-10
   2.38000011       2.62473987E-10
   2.40000010       2.58616822E-10
   2.42000008       2.43493670E-10
   2.44000006       2.38055742E-10
   2.46000004       2.43526227E-10
   2.48000002       2.29337535E-10
   2.50000000       2.14736035E-10
   2.51999998       2.15726909E-10
   2.53999996       2.14183990E-10
   2.55999994       1.96248656E-10
   2.57999992       1.85743185E-10
   2.59999990       1.89006324E-10
   2.61999989       1.67469691E-10
   2.63999987       1.62986583E-10
   2.65999985       1.68852071E-10
   2.67999983       1.51043775E-10
   2.69999981       1.44609172E-10
   2.71999979       1.36659725E-10
   2.73999977       1.19110929E-10
   2.75999975       1.20380872E-10
   2.77999973       1.16876842E-10
   2.79999971       1.02683036E-10
   2.81999969       9.94115415E-11
   2.83999968       8.33660432E-11
   2.85999966       8.02510072E-11
   2.88000011       7.65423697E-11
   2.90000010       7.07383180E-11
   2.92000008       6.92181867E-11
   2.94000006       5.64085931E-11
   2.96000004       5.53363605E-11
   2.98000002       4.81536339E-11
   3.00000000       4.55278766E-11
   3.01999998       3.87024197E-11
   3.03999996       3.31020454E-11
   3.05999994       3.08199334E-11
   3.07999992       1.73996113E-11
   3.09999990       7.37565981E-11
