  -2.00000000       3.62207542E-10
  -1.98000002       1.95392605E-10
  -1.96000004       6.84083956E-10
  -1.94000006       5.79570836E-10
  -1.91999996       8.41413383E-10
  -1.89999998       1.10552834E-09
  -1.88000000       1.20775701E-09
  -1.86000001       1.77278991E-09
  -1.84000003       1.98622829E-09
  -1.82000005       2.96633162E-09
  -1.79999995       3.41990192E-09
  -1.77999997       4.56027793E-09
  -1.75999999       5.26091792E-09
  -1.74000001       6.60871757E-09
  -1.72000003       8.44674997E-09
  -1.70000005       1.03283835E-08
  -1.68000007       1.35700544E-08
  -1.65999997       1.72048509E-08
  -1.63999999       2.21116565E-08
  -1.62000000       2.97261344E-08
  -1.60000002       3.81803567E-08
  -1.58000004       5.09539468E-08
  -1.55999994       6.54581456E-08
  -1.53999996       8.37417105E-08
  -1.51999998       1.05657065E-07
  -1.50000000       1.33207706E-07
  -1.48000002       1.69158724E-07
  -1.46000004       2.10156145E-07
  -1.44000006       2.59361144E-07
  -1.42000008       3.05978091E-07
  -1.40000010       3.62155504E-07
  -1.38000000       4.13183614E-07
  -1.36000001       4.69824784E-07
  -1.34000003       5.08095809E-07
  -1.31999993       5.38499023E-07
  -1.29999995       5.53251596E-07
  -1.27999997       5.65176776E-07
  -1.25999999       5.71203941E-07
  -1.24000001       5.82930113E-07
  -1.22000003       6.04156980E-07
  -1.20000005       6.33158493E-07
  -1.18000007       6.83066219E-07
  -1.16000009       7.16682280E-07
  -1.14000010       7.70848430E-07
  -1.12000000       8.16367333E-07
  -1.10000002       7.72539977E-07
  -1.08000004       9.35048490E-07
  -1.05999994       8.44163424E-07
  -1.03999996       7.91839739E-07
  -1.01999998       1.51147503E-06
  -1.00000000       6.18533306E-07
 -0.980000019       1.26571433E-06
 -0.960000038       4.07765856E-06
 -0.940000057       8.38648532E-07
 -0.920000076       6.81384108E-06
 -0.899999976       2.28872941E-05
 -0.879999995       2.27053952E-05
 -0.860000014       6.46091939E-05
 -0.840000033       1.77416441E-04
 -0.820000052       2.87529314E-04
 -0.800000072       5.70296892E-04
 -0.779999971       1.28792308E-03
 -0.759999990       2.34936480E-03
 -0.740000010       4.11162991E-03
 -0.720000029       7.78350979E-03
 -0.700000048       1.39887165E-02
 -0.680000067       2.32242439E-02
 -0.660000086       3.83119062E-02
 -0.639999986       6.32812232E-02
 -0.620000005      0.100128308    
 -0.600000024      0.151448026    
 -0.580000043      0.224757656    
 -0.560000062      0.328517050    
 -0.540000081      0.465463400    
 -0.519999981      0.635471761    
 -0.500000000      0.843620598    
 -0.480000019       1.09656644    
 -0.460000038       1.39123678    
 -0.440000057       1.71131301    
 -0.420000076       2.03843737    
 -0.400000095       2.36043549    
 -0.379999995       2.66727185    
 -0.360000014       2.94228601    
 -0.340000033       3.15941381    
 -0.320000052       3.29236341    
 -0.300000072       3.32194853    
 -0.280000091       3.24795461    
 -0.259999990       3.09074020    
 -0.240000010       2.88675833    
 -0.220000029       2.66225386    
 -0.200000048       2.40385723    
 -0.180000067       2.07168508    
 -0.160000086       1.65168738    
 -0.139999986       1.22232771    
 -0.120000005      0.917164803    
 -0.100000024      0.809537232    
  -8.00000429E-02  0.811561763    
  -6.00000620E-02  0.727917016    
  -4.00000811E-02  0.469503105    
  -2.00001001E-02  0.140163153    
   0.00000000       1.26413221E-03
   1.99999809E-02   3.47760169E-06
   3.99999619E-02   1.00105058E-06
   5.99999428E-02   1.52591963E-06
   7.99999237E-02   1.17071215E-06
   9.99999046E-02   2.53542225E-06
  0.119999886       2.54721658E-06
  0.139999866       4.12382042E-06
  0.159999847       4.38350344E-06
  0.180000067       5.93719642E-06
  0.200000048       6.42776013E-06
  0.220000029       7.62815125E-06
  0.240000010       8.32409478E-06
  0.259999990       9.01982548E-06
  0.279999971       9.86636678E-06
  0.299999952       1.01137957E-05
  0.319999933       1.06037005E-05
  0.339999914       1.04606906E-05
  0.359999895       1.03322991E-05
  0.379999876       1.01815967E-05
  0.399999857       9.61417572E-06
  0.419999838       9.07930280E-06
  0.440000057       8.40599387E-06
  0.460000038       7.73239481E-06
  0.480000019       7.10578115E-06
  0.500000000       6.38037363E-06
  0.519999981       5.81142831E-06
  0.539999962       5.30004672E-06
  0.559999943       4.76869809E-06
  0.579999924       4.37590688E-06
  0.599999905       3.99075907E-06
  0.619999886       3.66686845E-06
  0.639999866       3.37656593E-06
  0.659999847       3.08123708E-06
  0.679999828       2.88619231E-06
  0.700000048       2.62934805E-06
  0.720000029       2.45679394E-06
  0.740000010       2.24957898E-06
  0.759999990       2.10554731E-06
  0.779999971       1.93554024E-06
  0.799999952       1.81316250E-06
  0.819999933       1.65706604E-06
  0.839999914       1.55816315E-06
  0.859999895       1.43135230E-06
  0.879999876       1.35470725E-06
  0.899999857       1.23689938E-06
  0.919999838       1.14826332E-06
  0.939999819       1.06839536E-06
  0.960000038       9.87929752E-07
  0.980000019       9.39614438E-07
   1.00000000       8.60771820E-07
   1.01999998       7.84326971E-07
   1.03999996       7.29679471E-07
   1.05999994       6.69268502E-07
   1.07999992       6.26241331E-07
   1.09999990       5.98026475E-07
   1.11999989       5.51194773E-07
   1.13999987       4.93287018E-07
   1.15999985       4.45976923E-07
   1.17999983       4.06209836E-07
   1.19999981       3.67438048E-07
   1.22000003       3.36614590E-07
   1.24000001       3.17683373E-07
   1.25999999       3.03210072E-07
   1.27999997       2.83772692E-07
   1.29999995       2.56758597E-07
   1.31999993       2.25386316E-07
   1.33999991       1.93350772E-07
   1.35999990       1.62770760E-07
   1.37999988       1.34393787E-07
   1.39999986       1.08658050E-07
   1.41999984       8.59306937E-08
   1.43999982       6.65685178E-08
   1.46000004       5.06160767E-08
   1.48000002       3.79376992E-08
   1.50000000       2.81455925E-08
   1.51999998       2.07978275E-08
   1.53999996       1.54358872E-08
   1.55999994       1.14885887E-08
   1.57999992       8.59659632E-09
   1.59999990       6.48580123E-09
   1.61999989       4.94434671E-09
   1.63999987       3.81660525E-09
   1.65999985       2.99455394E-09
   1.67999983       2.39559639E-09
   1.69999981       1.96020800E-09
   1.72000003       1.65309855E-09
   1.74000001       1.43466350E-09
   1.75999999       1.27136712E-09
   1.77999997       1.14591236E-09
   1.79999995       1.03581566E-09
   1.81999993       9.31751010E-10
   1.83999991       8.44874115E-10
   1.85999990       7.78832776E-10
   1.87999988       7.21062765E-10
   1.89999986       6.65962951E-10
   1.91999984       6.27545071E-10
   1.93999982       6.03098127E-10
   1.95999980       5.99581551E-10
   1.98000002       5.80835768E-10
   2.00000000       5.53474711E-10
   2.01999998       5.31559741E-10
   2.03999996       5.13710241E-10
   2.05999994       5.03934838E-10
   2.07999992       5.00657626E-10
   2.09999990       5.03796893E-10
   2.11999989       4.97355823E-10
   2.13999987       4.80851414E-10
   2.15999985       4.59186245E-10
   2.17999983       4.45066400E-10
   2.19999981       4.46749832E-10
   2.21999979       4.43871051E-10
   2.23999977       4.30220415E-10
   2.25999975       4.17848950E-10
   2.27999973       4.19042467E-10
   2.29999971       4.24249275E-10
   2.31999969       4.06686851E-10
   2.33999968       3.79988596E-10
   2.36000013       3.80423387E-10
   2.38000011       3.88824112E-10
   2.40000010       3.74178022E-10
   2.42000008       3.57256058E-10
   2.44000006       3.68685832E-10
   2.46000004       3.71081693E-10
   2.48000002       3.43028383E-10
   2.50000000       3.30819289E-10
   2.51999998       3.37758238E-10
   2.53999996       3.25695360E-10
   2.55999994       3.10573206E-10
   2.57999992       3.18444326E-10
   2.59999990       3.00752118E-10
   2.61999989       2.87328189E-10
   2.63999987       2.95759778E-10
   2.65999985       2.77454615E-10
   2.67999983       2.61760558E-10
   2.69999981       2.62758787E-10
   2.71999979       2.44348763E-10
   2.73999977       2.35268582E-10
   2.75999975       2.23895930E-10
   2.77999973       2.00838346E-10
   2.79999971       2.03339581E-10
   2.81999969       1.86673649E-10
   2.83999968       1.84258400E-10
   2.85999966       1.75935294E-10
   2.88000011       1.51302970E-10
   2.90000010       1.51133120E-10
   2.92000008       1.33256045E-10
   2.94000006       1.30100528E-10
   2.96000004       1.10979351E-10
   2.98000002       9.84853241E-11
   3.00000000       8.55457233E-11
   3.01999998       7.08886422E-11
   3.03999996       6.52109686E-11
   3.05999994       4.62771661E-11
   3.07999992       4.36164785E-11
   3.09999990       1.06759063E-11
