  -2.00000000       2.20953950E-10
  -1.98000002       2.38269682E-10
  -1.96000004       3.27624927E-10
  -1.94000006       6.97442770E-10
  -1.91999996       5.42102196E-10
  -1.89999998       1.10740817E-09
  -1.88000000       1.20400534E-09
  -1.86000001       1.76907622E-09
  -1.84000003       2.41273357E-09
  -1.82000005       3.10618198E-09
  -1.79999995       4.09125311E-09
  -1.77999997       4.90184826E-09
  -1.75999999       6.48098775E-09
  -1.74000001       8.05120326E-09
  -1.72000003       1.03579954E-08
  -1.70000005       1.37023228E-08
  -1.68000007       1.71299526E-08
  -1.65999997       2.31163781E-08
  -1.63999999       2.93775066E-08
  -1.62000000       4.01394615E-08
  -1.60000002       5.20705186E-08
  -1.58000004       6.79677967E-08
  -1.55999994       8.81696991E-08
  -1.53999996       1.08333012E-07
  -1.51999998       1.39917461E-07
  -1.50000000       1.72733820E-07
  -1.48000002       2.19363329E-07
  -1.46000004       2.63769721E-07
  -1.44000006       3.14852542E-07
  -1.42000008       3.61006812E-07
  -1.40000010       4.11351408E-07
  -1.38000000       4.53505379E-07
  -1.36000001       4.89861065E-07
  -1.34000003       5.13044938E-07
  -1.31999993       5.29330748E-07
  -1.29999995       5.42308442E-07
  -1.27999997       5.59500336E-07
  -1.25999999       5.78055392E-07
  -1.24000001       6.04537433E-07
  -1.22000003       6.37137759E-07
  -1.20000005       6.70928841E-07
  -1.18000007       7.06580295E-07
  -1.16000009       7.20848448E-07
  -1.14000010       7.79055085E-07
  -1.12000000       7.93975573E-07
  -1.10000002       8.23942628E-07
  -1.08000004       9.69343887E-07
  -1.05999994       7.72366604E-07
  -1.03999996       1.00731063E-06
  -1.01999998       1.33191804E-06
  -1.00000000       4.10523626E-07
 -0.980000019       2.12527107E-06
 -0.960000038       3.06980382E-06
 -0.940000057       2.05643190E-07
 -0.920000076       9.40777045E-06
 -0.899999976       1.88488484E-05
 -0.879999995       1.80382085E-05
 -0.860000014       7.02375037E-05
 -0.840000033       1.62395474E-04
 -0.820000052       2.53654900E-04
 -0.800000072       5.55420527E-04
 -0.779999971       1.22475473E-03
 -0.759999990       2.16073613E-03
 -0.740000010       3.87092261E-03
 -0.720000029       7.42475223E-03
 -0.700000048       1.31832855E-02
 -0.680000067       2.18504053E-02
 -0.660000086       3.63827422E-02
 -0.639999986       6.03073612E-02
 -0.620000005       9.52043310E-02
 -0.600000024      0.144192755    
 -0.580000043      0.214969397    
 -0.560000062      0.315245181    
 -0.540000081      0.447242796    
 -0.519999981      0.611641824    
 -0.500000000      0.814581394    
 -0.480000019       1.06249654    
 -0.460000038       1.35204244    
 -0.440000057       1.66737556    
 -0.420000076       1.99184418    
 -0.400000095       2.31408095    
 -0.379999995       2.62413216    
 -0.360000014       2.90505195    
 -0.340000033       3.13058376    
 -0.320000052       3.27434063    
 -0.300000072       3.31568193    
 -0.280000091       3.25336313    
 -0.259999990       3.10705137    
 -0.240000010       2.91423202    
 -0.220000029       2.70135212    
 -0.200000048       2.45239782    
 -0.180000067       2.12305117    
 -0.160000086       1.69681680    
 -0.139999986       1.25710273    
 -0.120000005      0.946592808    
 -0.100000024      0.843813479    
  -8.00000429E-02  0.855040669    
  -6.00000620E-02  0.771701455    
  -4.00000811E-02  0.499276400    
  -2.00001001E-02  0.149193123    
   0.00000000       1.36232807E-03
   1.99999809E-02   1.73499370E-06
   3.99999619E-02   2.87194507E-06
   5.99999428E-02   2.12305679E-07
   7.99999237E-02   2.20336142E-06
   9.99999046E-02   1.60541481E-06
  0.119999886       3.23920517E-06
  0.139999866       3.40257384E-06
  0.159999847       4.70020404E-06
  0.180000067       5.39085249E-06
  0.200000048       6.30362047E-06
  0.220000029       7.38892822E-06
  0.240000010       7.96099903E-06
  0.259999990       9.13576059E-06
  0.279999971       9.40357040E-06
  0.299999952       1.00881389E-05
  0.319999933       1.02246277E-05
  0.339999914       1.02874628E-05
  0.359999895       1.04624751E-05
  0.379999876       9.95873415E-06
  0.399999857       9.63851471E-06
  0.419999838       9.10037033E-06
  0.440000057       8.43635553E-06
  0.460000038       7.91126422E-06
  0.480000019       7.11920802E-06
  0.500000000       6.49133926E-06
  0.519999981       6.00558360E-06
  0.539999962       5.34121864E-06
  0.559999943       4.87145735E-06
  0.579999924       4.51434107E-06
  0.599999905       4.07062134E-06
  0.619999886       3.72745490E-06
  0.639999866       3.44854470E-06
  0.659999847       3.21505513E-06
  0.679999828       2.90127150E-06
  0.700000048       2.68679673E-06
  0.720000029       2.54919451E-06
  0.740000010       2.31985132E-06
  0.759999990       2.13367480E-06
  0.779999971       1.97483610E-06
  0.799999952       1.89194725E-06
  0.819999933       1.72250952E-06
  0.839999914       1.58193257E-06
  0.859999895       1.46296384E-06
  0.879999876       1.39616100E-06
  0.899999857       1.31115280E-06
  0.919999838       1.18196579E-06
  0.939999819       1.09404652E-06
  0.960000038       1.00927036E-06
  0.980000019       9.72074986E-07
   1.00000000       9.17478303E-07
   1.01999998       8.26209771E-07
   1.03999996       7.55977624E-07
   1.05999994       6.90210868E-07
   1.07999992       6.40656538E-07
   1.09999990       6.20591948E-07
   1.11999989       5.89182150E-07
   1.13999987       5.34009075E-07
   1.15999985       4.79457810E-07
   1.17999983       4.31634646E-07
   1.19999981       3.85213724E-07
   1.22000003       3.48050946E-07
   1.24000001       3.27751223E-07
   1.25999999       3.17001195E-07
   1.27999997       3.03124580E-07
   1.29999995       2.80768830E-07
   1.31999993       2.52399673E-07
   1.33999991       2.22012247E-07
   1.35999990       1.91446418E-07
   1.37999988       1.61271288E-07
   1.39999986       1.32224571E-07
   1.41999984       1.05531200E-07
   1.43999982       8.22981931E-08
   1.46000004       6.28947561E-08
   1.48000002       4.73701469E-08
   1.50000000       3.53635983E-08
   1.51999998       2.62979416E-08
   1.53999996       1.95493790E-08
   1.55999994       1.45958081E-08
   1.57999992       1.09625669E-08
   1.59999990       8.30621705E-09
   1.61999989       6.37049302E-09
   1.63999987       4.95708274E-09
   1.65999985       3.90316490E-09
   1.67999983       3.12520632E-09
   1.69999981       2.57001753E-09
   1.72000003       2.18023311E-09
   1.74000001       1.90139526E-09
   1.75999999       1.68864434E-09
   1.77999997       1.50342938E-09
   1.79999995       1.33885791E-09
   1.81999993       1.20860399E-09
   1.83999991       1.09084630E-09
   1.85999990       9.98691907E-10
   1.87999988       9.16166198E-10
   1.89999986       8.56875293E-10
   1.91999984       8.19277313E-10
   1.93999982       7.84816323E-10
   1.95999980       7.57984342E-10
   1.98000002       7.18995474E-10
   2.00000000       6.79962253E-10
   2.01999998       6.40114572E-10
   2.03999996       6.16387219E-10
   2.05999994       6.16983908E-10
   2.07999992       6.14711115E-10
   2.09999990       6.08554707E-10
   2.11999989       5.82025983E-10
   2.13999987       5.57240754E-10
   2.15999985       5.46799217E-10
   2.17999983       5.42156764E-10
   2.19999981       5.31269084E-10
   2.21999979       5.07603404E-10
   2.23999977       4.88778240E-10
   2.25999975       4.83996565E-10
   2.27999973       4.80005868E-10
   2.29999971       4.61867322E-10
   2.31999969       4.37132358E-10
   2.33999968       4.33213465E-10
   2.36000013       4.33622138E-10
   2.38000011       4.14409479E-10
   2.40000010       3.93195587E-10
   2.42000008       3.86118720E-10
   2.44000006       3.73085590E-10
   2.46000004       3.51182972E-10
   2.48000002       3.50131257E-10
   2.50000000       3.50037166E-10
   2.51999998       3.27328692E-10
   2.53999996       3.08862824E-10
   2.55999994       3.08845227E-10
   2.57999992       2.90871105E-10
   2.59999990       2.72044415E-10
   2.61999989       2.83209400E-10
   2.63999987       2.63867900E-10
   2.65999985       2.39002484E-10
   2.67999983       2.41100695E-10
   2.69999981       2.22406829E-10
   2.71999979       2.12693724E-10
   2.73999977       2.11174828E-10
   2.75999975       1.84113697E-10
   2.77999973       1.74055381E-10
   2.79999971       1.63520947E-10
   2.81999969       1.50736784E-10
   2.83999968       1.51203008E-10
   2.85999966       1.36723050E-10
   2.88000011       1.34240771E-10
   2.90000010       1.17931817E-10
   2.92000008       1.09106155E-10
   2.94000006       1.00466441E-10
   2.96000004       8.66047373E-11
   2.98000002       7.77871795E-11
   3.00000000       6.42892753E-11
   3.01999998       6.48499726E-11
   3.03999996       5.33511013E-11
   3.05999994       5.62004714E-11
   3.07999992       2.95508687E-11
   3.09999990       1.79796511E-10
