  -2.00000000       3.27000857E-11
  -1.98000002       1.50393559E-10
  -1.96000004       2.45368420E-10
  -1.94000006       3.10308779E-10
  -1.91999996       7.55455587E-10
  -1.89999998       7.30759508E-10
  -1.88000000       1.43584455E-09
  -1.86000001       1.80598325E-09
  -1.84000003       2.68673461E-09
  -1.82000005       3.33603234E-09
  -1.79999995       4.45179182E-09
  -1.77999997       5.73972336E-09
  -1.75999999       7.55454099E-09
  -1.74000001       1.00116022E-08
  -1.72000003       1.31297826E-08
  -1.70000005       1.75380315E-08
  -1.68000007       2.33718325E-08
  -1.65999997       3.08987644E-08
  -1.63999999       4.22738147E-08
  -1.62000000       5.42803562E-08
  -1.60000002       7.23377838E-08
  -1.58000004       9.18608052E-08
  -1.55999994       1.16927978E-07
  -1.53999996       1.48947976E-07
  -1.51999998       1.86248073E-07
  -1.50000000       2.34371115E-07
  -1.48000002       2.83124905E-07
  -1.46000004       3.37256580E-07
  -1.44000006       3.84348283E-07
  -1.42000008       4.37005582E-07
  -1.40000010       4.74418385E-07
  -1.38000000       5.06685410E-07
  -1.36000001       5.13743430E-07
  -1.34000003       5.21966854E-07
  -1.31999993       5.22734695E-07
  -1.29999995       5.34272374E-07
  -1.27999997       5.54984581E-07
  -1.25999999       5.92404945E-07
  -1.24000001       6.36514642E-07
  -1.22000003       6.82166785E-07
  -1.20000005       7.17163061E-07
  -1.18000007       7.29670035E-07
  -1.16000009       7.43855708E-07
  -1.14000010       7.80156256E-07
  -1.12000000       7.85354132E-07
  -1.10000002       9.08308493E-07
  -1.08000004       9.18931391E-07
  -1.05999994       8.19224738E-07
  -1.03999996       1.22212646E-06
  -1.01999998       8.94977290E-07
  -1.00000000       7.46140529E-07
 -0.980000019       2.71583690E-06
 -0.960000038       1.17503600E-06
 -0.940000057       1.39297777E-06
 -0.920000076       1.11818481E-05
 -0.899999976       1.14234717E-05
 -0.879999995       1.78601458E-05
 -0.860000014       7.49185419E-05
 -0.840000033       1.34287839E-04
 -0.820000052       2.20319300E-04
 -0.800000072       5.42462687E-04
 -0.779999971       1.11434539E-03
 -0.759999990       1.91523344E-03
 -0.740000010       3.58544011E-03
 -0.720000029       6.91923127E-03
 -0.700000048       1.20519986E-02
 -0.680000067       2.00344604E-02
 -0.660000086       3.38358246E-02
 -0.639999986       5.61876297E-02
 -0.620000005       8.84206891E-02
 -0.600000024      0.134309843    
 -0.580000043      0.201629773    
 -0.560000062      0.296847582    
 -0.540000081      0.421857268    
 -0.519999981      0.578463197    
 -0.500000000      0.774037063    
 -0.480000019       1.01461339    
 -0.460000038       1.29638839    
 -0.440000057       1.60473251    
 -0.420000076       1.92489147    
 -0.400000095       2.24703646    
 -0.379999995       2.56086636    
 -0.360000014       2.84959602    
 -0.340000033       3.08668423    
 -0.320000052       3.24548268    
 -0.300000072       3.30360365    
 -0.280000091       3.25771236    
 -0.259999990       3.12735844    
 -0.240000010       2.95107388    
 -0.220000029       2.75606394    
 -0.200000048       2.52192974    
 -0.180000067       2.19727230    
 -0.160000086       1.76211631    
 -0.139999986       1.30713010    
 -0.120000005      0.989371061    
 -0.100000024      0.894985139    
  -8.00000429E-02  0.921083808    
  -6.00000620E-02  0.838798881    
  -4.00000811E-02  0.544887304    
  -2.00001001E-02  0.163162202    
   0.00000000       1.46257179E-03
   1.99999809E-02   5.11054031E-06
   3.99999619E-02   1.73310667E-07
   5.99999428E-02   1.99796318E-06
   7.99999237E-02   8.09697156E-07
   9.99999046E-02   2.44494436E-06
  0.119999886       2.37265090E-06
  0.139999866       3.65142796E-06
  0.159999847       4.25090639E-06
  0.180000067       5.21375205E-06
  0.200000048       6.25525854E-06
  0.220000029       6.85058785E-06
  0.240000010       8.01373517E-06
  0.259999990       8.33245394E-06
  0.279999971       9.32524017E-06
  0.299999952       9.63475031E-06
  0.319999933       1.00655634E-05
  0.339999914       1.02606364E-05
  0.359999895       9.97382995E-06
  0.379999876       1.00227016E-05
  0.399999857       9.57780685E-06
  0.419999838       9.10956987E-06
  0.440000057       8.59209649E-06
  0.460000038       7.85240263E-06
  0.480000019       7.36458833E-06
  0.500000000       6.70215104E-06
  0.519999981       6.00218755E-06
  0.539999962       5.59812497E-06
  0.559999943       5.06204015E-06
  0.579999924       4.54437532E-06
  0.599999905       4.25224243E-06
  0.619999886       3.88140961E-06
  0.639999866       3.53627729E-06
  0.659999847       3.27072121E-06
  0.679999828       3.06160723E-06
  0.700000048       2.81276380E-06
  0.720000029       2.54670681E-06
  0.740000010       2.43803379E-06
  0.759999990       2.24685050E-06
  0.779999971       2.07090034E-06
  0.799999952       1.88592082E-06
  0.819999933       1.81794985E-06
  0.839999914       1.67902908E-06
  0.859999895       1.55282635E-06
  0.879999876       1.40512657E-06
  0.899999857       1.34811000E-06
  0.919999838       1.27213661E-06
  0.939999819       1.17542390E-06
  0.960000038       1.07348865E-06
  0.980000019       9.74923182E-07
   1.00000000       9.42922213E-07
   1.01999998       8.93389199E-07
   1.03999996       8.25541463E-07
   1.05999994       7.58355043E-07
   1.07999992       6.76530249E-07
   1.09999990       6.24123516E-07
   1.11999989       6.04842739E-07
   1.13999987       5.75108970E-07
   1.15999985       5.33294269E-07
   1.17999983       4.90808361E-07
   1.19999981       4.40130236E-07
   1.22000003       3.84859504E-07
   1.24000001       3.43754266E-07
   1.25999999       3.22771342E-07
   1.27999997       3.10581072E-07
   1.29999995       2.96322099E-07
   1.31999993       2.77487402E-07
   1.33999991       2.55838302E-07
   1.35999990       2.31950779E-07
   1.37999988       2.05084007E-07
   1.39999986       1.75391790E-07
   1.41999984       1.44797497E-07
   1.43999982       1.15754403E-07
   1.46000004       9.02300883E-08
   1.48000002       6.91154298E-08
   1.50000000       5.23430295E-08
   1.51999998       3.93024777E-08
   1.53999996       2.92856797E-08
   1.55999994       2.17785594E-08
   1.57999992       1.62509153E-08
   1.59999990       1.21572139E-08
   1.61999989       9.13315112E-09
   1.63999987       6.93431890E-09
   1.65999985       5.32207878E-09
   1.67999983       4.16016599E-09
   1.69999981       3.33848327E-09
   1.72000003       2.74945422E-09
   1.74000001       2.31336483E-09
   1.75999999       1.97683492E-09
   1.77999997       1.69728009E-09
   1.79999995       1.47287904E-09
   1.81999993       1.29373179E-09
   1.83999991       1.14795518E-09
   1.85999990       1.02055686E-09
   1.87999988       9.23621291E-10
   1.89999986       8.67293071E-10
   1.91999984       8.19268875E-10
   1.93999982       7.79258491E-10
   1.95999980       7.17049586E-10
   1.98000002       6.67189304E-10
   2.00000000       6.29958752E-10
   2.01999998       5.97191296E-10
   2.03999996       5.80137494E-10
   2.05999994       5.66272473E-10
   2.07999992       5.51508283E-10
   2.09999990       5.25036181E-10
   2.11999989       5.02655861E-10
   2.13999987       4.94276342E-10
   2.15999985       4.90630647E-10
   2.17999983       4.81928830E-10
   2.19999981       4.57654137E-10
   2.21999979       4.33971775E-10
   2.23999977       4.27391345E-10
   2.25999975       4.16748025E-10
   2.27999973       3.92464700E-10
   2.29999971       3.66193464E-10
   2.31999969       3.61601304E-10
   2.33999968       3.65544345E-10
   2.36000013       3.43044121E-10
   2.38000011       3.22530530E-10
   2.40000010       3.20363902E-10
   2.42000008       3.10944104E-10
   2.44000006       2.82708967E-10
   2.46000004       2.69886863E-10
   2.48000002       2.74422013E-10
   2.50000000       2.62085353E-10
   2.51999998       2.41328846E-10
   2.53999996       2.32877773E-10
   2.55999994       2.18756749E-10
   2.57999992       2.02020817E-10
   2.59999990       2.07941164E-10
   2.61999989       1.92485583E-10
   2.63999987       1.72974662E-10
   2.65999985       1.72928588E-10
   2.67999983       1.56322288E-10
   2.69999981       1.47495641E-10
   2.71999979       1.41433337E-10
   2.73999977       1.22050176E-10
   2.75999975       1.17509530E-10
   2.77999973       1.07427948E-10
   2.79999971       9.18120163E-11
   2.81999969       8.91518873E-11
   2.83999968       7.44447004E-11
   2.85999966       7.14598242E-11
   2.88000011       6.56964691E-11
   2.90000010       5.52747396E-11
   2.92000008       4.79565068E-11
   2.94000006       3.50058663E-11
   2.96000004       3.18167055E-11
   2.98000002       2.25321428E-11
   3.00000000       1.85864345E-11
   3.01999998       1.16142339E-11
   3.03999996       7.55860218E-12
   3.05999994       4.31605706E-12
   3.07999992       1.54812773E-12
   3.09999990       5.36969878E-11
