  -2.00000000       3.24205723E-12
  -1.98000002       6.57199772E-13
  -1.96000004       7.24641874E-12
  -1.94000006       3.54792172E-12
  -1.91999996       5.02280249E-12
  -1.89999998       1.15528542E-11
  -1.88000000       1.33396185E-11
  -1.86000001       1.88256077E-11
  -1.84000003       1.66151953E-11
  -1.82000005       1.76388435E-11
  -1.79999995       2.94861219E-11
  -1.77999997       3.13266045E-11
  -1.75999999       2.87362547E-11
  -1.74000001       2.97730174E-11
  -1.72000003       3.22118304E-11
  -1.70000005       3.52273939E-11
  -1.68000007       3.46198105E-11
  -1.65999997       4.32233867E-11
  -1.63999999       3.92169387E-11
  -1.62000000       4.60955475E-11
  -1.60000002       5.56975958E-11
  -1.58000004       5.66929871E-11
  -1.55999994       6.92295526E-11
  -1.53999996       6.16323104E-11
  -1.51999998       7.22312973E-11
  -1.50000000       6.15773543E-11
  -1.48000002       7.45371681E-11
  -1.46000004       8.59873561E-11
  -1.44000006       7.85876919E-11
  -1.42000008       6.70517808E-11
  -1.40000010       7.74363629E-11
  -1.38000000       8.51014120E-11
  -1.36000001       7.99518368E-11
  -1.34000003       8.25942925E-11
  -1.31999993       1.01770863E-10
  -1.29999995       7.80848927E-11
  -1.27999997       1.83417642E-10
  -1.25999999       1.91366558E-11
  -1.24000001       4.85069374E-10
  -1.22000003       3.71977033E-10
  -1.20000005       1.84255511E-09
  -1.18000007       5.64156100E-09
  -1.16000009       1.41637333E-08
  -1.14000010       5.15168317E-08
  -1.12000000       1.27019305E-07
  -1.10000002       3.92757215E-07
  -1.08000004       1.00372176E-06
  -1.05999994       2.70296755E-06
  -1.03999996       6.78789911E-06
  -1.01999998       1.67001763E-05
  -1.00000000       3.99696582E-05
 -0.980000019       9.16857316E-05
 -0.960000038       2.05997087E-04
 -0.940000057       4.44277190E-04
 -0.920000076       9.34076728E-04
 -0.899999976       1.89501164E-03
 -0.879999995       3.73075041E-03
 -0.860000014       7.11234566E-03
 -0.840000033       1.31265568E-02
 -0.820000052       2.34891511E-02
 -0.800000072       4.06759195E-02
 -0.779999971       6.82901070E-02
 -0.759999990      0.110974967    
 -0.740000010      0.174785644    
 -0.720000029      0.266571581    
 -0.700000048      0.393854141    
 -0.680000067      0.563724756    
 -0.660000086      0.781411707    
 -0.639999986       1.04950976    
 -0.620000005       1.36498559    
 -0.600000024       1.72013855    
 -0.580000043       2.09929729    
 -0.560000062       2.48205233    
 -0.540000081       2.84260559    
 -0.519999981       3.15320039    
 -0.500000000       3.38870168    
 -0.480000019       3.52673554    
 -0.460000038       3.55654764    
 -0.440000057       3.47291708    
 -0.420000076       3.28612852    
 -0.400000095       3.01115942    
 -0.379999995       2.67296553    
 -0.360000014       2.29881024    
 -0.340000033       1.91383183    
 -0.320000052       1.54545832    
 -0.300000072       1.20603478    
 -0.280000091      0.915208578    
 -0.259999990      0.668562293    
 -0.240000010      0.477790385    
 -0.220000029      0.325733483    
 -0.200000048      0.219769120    
 -0.180000067      0.140380174    
 -0.160000086       8.74163359E-02
 -0.139999986       5.48262075E-02
 -0.120000005       3.08935735E-02
 -0.100000024       1.67140830E-02
  -8.00000429E-02   1.02792569E-02
  -6.00000620E-02   6.43089134E-03
  -4.00000811E-02   3.27754091E-03
  -2.00001001E-02   8.37701897E-04
   0.00000000       1.55724429E-05
   1.99999809E-02   9.67975757E-06
   3.99999619E-02   2.55118975E-05
   5.99999428E-02   4.03973681E-05
   7.99999237E-02   5.26946897E-05
   9.99999046E-02   4.91785213E-05
  0.119999886       3.21576808E-05
  0.139999866       1.27457606E-05
  0.159999847       2.81132429E-06
  0.180000067       3.11365420E-06
  0.200000048       2.59289345E-06
  0.220000029       7.17645889E-07
  0.240000010       3.59447085E-07
  0.259999990       2.23259377E-07
  0.279999971       6.54494627E-08
  0.299999952       4.20495461E-08
  0.319999933       1.95998950E-08
  0.339999914       9.97580329E-09
  0.359999895       6.45325393E-09
  0.379999876       3.63720654E-09
  0.399999857       2.55242538E-09
  0.419999838       1.68639058E-09
  0.440000057       1.21272625E-09
  0.460000038       9.03623065E-10
  0.480000019       6.96563196E-10
  0.500000000       5.61490521E-10
  0.519999981       4.64831784E-10
  0.539999962       3.85839416E-10
  0.559999943       3.15987458E-10
  0.579999924       2.63610994E-10
  0.599999905       2.26578339E-10
  0.619999886       1.98883632E-10
  0.639999866       1.72773962E-10
  0.659999847       1.46359466E-10
  0.679999828       1.25481792E-10
  0.700000048       1.11525664E-10
  0.720000029       1.01684036E-10
  0.740000010       9.51224030E-11
  0.759999990       8.92642002E-11
  0.779999971       8.27129615E-11
  0.799999952       7.56648841E-11
  0.819999933       7.07729847E-11
  0.839999914       6.67350480E-11
  0.859999895       6.21452056E-11
  0.879999876       5.79596995E-11
  0.899999857       5.33278977E-11
  0.919999838       4.92653106E-11
  0.939999819       4.54313115E-11
  0.960000038       4.18077031E-11
  0.980000019       4.03206322E-11
   1.00000000       3.99371126E-11
   1.01999998       3.80897328E-11
   1.03999996       3.56909120E-11
   1.05999994       3.47755887E-11
   1.07999992       3.42605423E-11
   1.09999990       3.35288845E-11
   1.11999989       3.29339715E-11
   1.13999987       3.02891150E-11
   1.15999985       2.67880093E-11
   1.17999983       2.58045581E-11
   1.19999981       2.61222485E-11
   1.22000003       2.60035205E-11
   1.24000001       2.64607607E-11
   1.25999999       2.67714722E-11
   1.27999997       2.61129278E-11
   1.29999995       2.54304980E-11
   1.31999993       2.47753831E-11
   1.33999991       2.35848441E-11
   1.35999990       2.21789045E-11
   1.37999988       2.08500699E-11
   1.39999986       1.99483225E-11
   1.41999984       2.02923078E-11
   1.43999982       2.15202110E-11
   1.46000004       2.21561779E-11
   1.48000002       2.27367621E-11
   1.50000000       2.38694949E-11
   1.51999998       2.41959855E-11
   1.53999996       2.23125615E-11
   1.55999994       2.03199974E-11
   1.57999992       1.89915098E-11
   1.59999990       1.74145125E-11
   1.61999989       1.61880856E-11
   1.63999987       1.64519579E-11
   1.65999985       1.66349400E-11
   1.67999983       1.57659233E-11
   1.69999981       1.68934953E-11
   1.72000003       1.90757150E-11
   1.74000001       1.95359631E-11
   1.75999999       1.90942158E-11
   1.77999997       1.85327170E-11
   1.79999995       1.79032726E-11
   1.81999993       1.75620976E-11
   1.83999991       1.72726694E-11
   1.85999990       1.63088466E-11
   1.87999988       1.48768220E-11
   1.89999986       1.45235924E-11
   1.91999984       1.56480107E-11
   1.93999982       1.67085217E-11
   1.95999980       1.75825743E-11
   1.98000002       1.76802080E-11
   2.00000000       1.69178681E-11
   2.01999998       1.65601768E-11
   2.03999996       1.66619531E-11
   2.05999994       1.63621408E-11
   2.07999992       1.56863758E-11
   2.09999990       1.44822002E-11
   2.11999989       1.37447727E-11
   2.13999987       1.45514269E-11
   2.15999985       1.56137638E-11
   2.17999983       1.62107584E-11
   2.19999981       1.66537270E-11
   2.21999979       1.74922316E-11
   2.23999977       1.76314813E-11
   2.25999975       1.70134185E-11
   2.27999973       1.78005683E-11
   2.29999971       1.77486185E-11
   2.31999969       1.70430944E-11
   2.33999968       1.70809408E-11
   2.36000013       1.66152751E-11
   2.38000011       1.60054470E-11
   2.40000010       1.57303979E-11
   2.42000008       1.67702779E-11
   2.44000006       1.83576591E-11
   2.46000004       1.94956169E-11
   2.48000002       1.94491593E-11
   2.50000000       2.03257498E-11
   2.51999998       2.16422488E-11
   2.53999996       2.05298435E-11
   2.55999994       2.03277482E-11
   2.57999992       2.19561817E-11
   2.59999990       2.10309947E-11
   2.61999989       1.90962367E-11
   2.63999987       1.88603438E-11
   2.65999985       2.08162446E-11
   2.67999983       2.24675382E-11
   2.69999981       2.37207753E-11
   2.71999979       2.51686345E-11
   2.73999977       2.60430167E-11
   2.75999975       2.64821394E-11
   2.77999973       2.73755116E-11
   2.79999971       2.91522570E-11
   2.81999969       3.04466036E-11
   2.83999968       3.17502379E-11
   2.85999966       3.46050341E-11
   2.88000011       3.83947422E-11
   2.90000010       4.19441912E-11
   2.92000008       4.43995708E-11
   2.94000006       4.13671389E-11
   2.96000004       3.23746203E-11
   2.98000002       2.38808608E-11
   3.00000000       2.64796900E-11
   3.01999998       2.63943502E-11
   3.03999996       1.26289777E-11
   3.05999994       1.48571381E-11
   3.07999992       1.18190839E-11
   3.09999990       7.64865948E-12
