  -2.00000000       1.80358806E-09
  -1.98000002       2.54885135E-09
  -1.96000004       5.63131941E-09
  -1.94000006       8.90747209E-09
  -1.91999996       1.15733680E-08
  -1.89999998       1.81652133E-08
  -1.88000000       2.26472885E-08
  -1.86000001       3.23348672E-08
  -1.84000003       4.15356247E-08
  -1.82000005       5.65112046E-08
  -1.79999995       7.24473637E-08
  -1.77999997       9.41185760E-08
  -1.75999999       1.16159278E-07
  -1.74000001       1.43642851E-07
  -1.72000003       1.74185615E-07
  -1.70000005       2.07216530E-07
  -1.68000007       2.46147522E-07
  -1.65999997       2.82821844E-07
  -1.63999999       3.23504054E-07
  -1.62000000       3.50938933E-07
  -1.60000002       3.78077857E-07
  -1.58000004       3.96721560E-07
  -1.55999994       4.13192708E-07
  -1.53999996       4.29717147E-07
  -1.51999998       4.41591595E-07
  -1.50000000       4.57187411E-07
  -1.48000002       4.75011007E-07
  -1.46000004       4.96731332E-07
  -1.44000006       5.23159372E-07
  -1.42000008       5.45728312E-07
  -1.40000010       5.67466373E-07
  -1.38000000       5.76834793E-07
  -1.36000001       6.00766100E-07
  -1.34000003       6.22837319E-07
  -1.31999993       6.60586238E-07
  -1.29999995       6.91269292E-07
  -1.27999997       7.18734725E-07
  -1.25999999       7.31322359E-07
  -1.24000001       7.42919838E-07
  -1.22000003       7.74449745E-07
  -1.20000005       8.21256208E-07
  -1.18000007       8.71873681E-07
  -1.16000009       9.06818343E-07
  -1.14000010       9.00419423E-07
  -1.12000000       9.15403120E-07
  -1.10000002       1.02689648E-06
  -1.08000004       1.02560625E-06
  -1.05999994       1.01959608E-06
  -1.03999996       1.31207810E-06
  -1.01999998       1.12622524E-06
  -1.00000000       7.52528649E-07
 -0.980000019       2.14695910E-06
 -0.960000038       2.57790316E-06
 -0.940000057       1.16368504E-07
 -0.920000076       3.83928727E-06
 -0.899999976       1.41028568E-05
 -0.879999995       1.30514591E-05
 -0.860000014       2.03325835E-05
 -0.840000033       8.11615973E-05
 -0.820000052       1.71475695E-04
 -0.800000072       2.64651200E-04
 -0.779999971       5.29825629E-04
 -0.759999990       1.19007914E-03
 -0.740000010       2.23288499E-03
 -0.720000029       3.79588362E-03
 -0.700000048       6.74123876E-03
 -0.680000067       1.22949788E-02
 -0.660000086       2.11120993E-02
 -0.639999986       3.41159478E-02
 -0.620000005       5.41225076E-02
 -0.600000024       8.57447162E-02
 -0.580000043      0.132770374    
 -0.560000062      0.197492421    
 -0.540000081      0.283641964    
 -0.519999981      0.398302317    
 -0.500000000      0.549633384    
 -0.480000019      0.740614712    
 -0.460000038      0.968473315    
 -0.440000057       1.22698760    
 -0.420000076       1.51143718    
 -0.400000095       1.81715190    
 -0.379999995       2.13599491    
 -0.360000014       2.45428252    
 -0.340000033       2.74871206    
 -0.320000052       2.98910284    
 -0.300000072       3.14056683    
 -0.280000091       3.18888736    
 -0.259999990       3.15748405    
 -0.240000010       3.10179520    
 -0.220000029       3.05125070    
 -0.200000048       2.94543576    
 -0.180000067       2.66809750    
 -0.160000086       2.17097759    
 -0.139999986       1.61031711    
 -0.120000005       1.26287699    
 -0.100000024       1.27311957    
  -8.00000429E-02   1.45126009    
  -6.00000620E-02   1.39326704    
  -4.00000811E-02  0.925932407    
  -2.00001001E-02  0.279700458    
   0.00000000       2.52185808E-03
   1.99999809E-02   7.63192111E-06
   3.99999619E-02   7.17168177E-07
   5.99999428E-02   2.03866102E-06
   7.99999237E-02   4.79564505E-07
   9.99999046E-02   2.00536579E-06
  0.119999886       1.69889256E-06
  0.139999866       2.79895130E-06
  0.159999847       3.16241699E-06
  0.180000067       3.88907483E-06
  0.200000048       4.71257954E-06
  0.220000029       5.13151872E-06
  0.240000010       6.22340167E-06
  0.259999990       6.50416314E-06
  0.279999971       7.54634948E-06
  0.299999952       7.81610652E-06
  0.319999933       8.37010884E-06
  0.339999914       8.69045016E-06
  0.359999895       8.75840215E-06
  0.379999876       9.12102769E-06
  0.399999857       8.92249409E-06
  0.419999838       8.83047505E-06
  0.440000057       8.55174858E-06
  0.460000038       8.14317627E-06
  0.480000019       7.89904425E-06
  0.500000000       7.32643412E-06
  0.519999981       6.80529365E-06
  0.539999962       6.44527199E-06
  0.559999943       5.90093714E-06
  0.579999924       5.41609506E-06
  0.599999905       5.07254617E-06
  0.619999886       4.64660116E-06
  0.639999866       4.25850430E-06
  0.659999847       4.00622594E-06
  0.679999828       3.67713369E-06
  0.700000048       3.39425333E-06
  0.720000029       3.20839399E-06
  0.740000010       2.94438405E-06
  0.759999990       2.76134278E-06
  0.779999971       2.57480883E-06
  0.799999952       2.40649706E-06
  0.819999933       2.25433723E-06
  0.839999914       2.09082191E-06
  0.859999895       1.98014754E-06
  0.879999876       1.83299255E-06
  0.899999857       1.73962383E-06
  0.919999838       1.61054595E-06
  0.939999819       1.52673408E-06
  0.960000038       1.41482337E-06
  0.980000019       1.34416564E-06
   1.00000000       1.25716656E-06
   1.01999998       1.17622858E-06
   1.03999996       1.10455767E-06
   1.05999994       1.02723027E-06
   1.07999992       9.87418389E-07
   1.09999990       9.15731562E-07
   1.11999989       8.58049191E-07
   1.13999987       8.00505632E-07
   1.15999985       7.40797532E-07
   1.17999983       7.14450266E-07
   1.19999981       6.75063518E-07
   1.22000003       6.22707205E-07
   1.24000001       5.82163921E-07
   1.25999999       5.34927835E-07
   1.27999997       4.91343883E-07
   1.29999995       4.71549498E-07
   1.31999993       4.55389937E-07
   1.33999991       4.25134942E-07
   1.35999990       3.90780485E-07
   1.37999988       3.58686265E-07
   1.39999986       3.23891641E-07
   1.41999984       2.88673334E-07
   1.43999982       2.63194096E-07
   1.46000004       2.50736434E-07
   1.48000002       2.44602347E-07
   1.50000000       2.36285416E-07
   1.51999998       2.22191019E-07
   1.53999996       2.03145049E-07
   1.55999994       1.81263658E-07
   1.57999992       1.58274091E-07
   1.59999990       1.35337913E-07
   1.61999989       1.13187838E-07
   1.63999987       9.24541013E-08
   1.65999985       7.37435570E-08
   1.67999983       5.76663943E-08
   1.69999981       4.45367547E-08
   1.72000003       3.41819124E-08
   1.74000001       2.62233897E-08
   1.75999999       2.02811048E-08
   1.77999997       1.57933027E-08
   1.79999995       1.23667458E-08
   1.81999993       9.71765157E-09
   1.83999991       7.66040564E-09
   1.85999990       6.14049434E-09
   1.87999988       5.00782305E-09
   1.89999986       4.14676515E-09
   1.91999984       3.48202445E-09
   1.93999982       2.91213920E-09
   1.95999980       2.48804821E-09
   1.98000002       2.14936247E-09
   2.00000000       1.89700855E-09
   2.01999998       1.68233183E-09
   2.03999996       1.48278467E-09
   2.05999994       1.33312461E-09
   2.07999992       1.21559340E-09
   2.09999990       1.12119436E-09
   2.11999989       1.02588782E-09
   2.13999987       9.42931289E-10
   2.15999985       8.83225659E-10
   2.17999983       8.37566072E-10
   2.19999981       7.88470678E-10
   2.21999979       7.31720184E-10
   2.23999977       7.01231850E-10
   2.25999975       6.95365654E-10
   2.27999973       6.61258270E-10
   2.29999971       6.22129681E-10
   2.31999969       6.11620421E-10
   2.33999968       5.93744665E-10
   2.36000013       5.55155699E-10
   2.38000011       5.25981758E-10
   2.40000010       5.30811950E-10
   2.42000008       5.13419307E-10
   2.44000006       4.82946239E-10
   2.46000004       4.73372952E-10
   2.48000002       4.51280152E-10
   2.50000000       4.20862956E-10
   2.51999998       4.15226825E-10
   2.53999996       4.01881084E-10
   2.55999994       3.75212195E-10
   2.57999992       3.78012704E-10
   2.59999990       3.51029150E-10
   2.61999989       3.24339916E-10
   2.63999987       3.35312167E-10
   2.65999985       3.18972404E-10
   2.67999983       3.01701414E-10
   2.69999981       2.94510888E-10
   2.71999979       2.71989542E-10
   2.73999977       2.66609124E-10
   2.75999975       2.49612303E-10
   2.77999973       2.29003899E-10
   2.79999971       2.25363977E-10
   2.81999969       2.07932227E-10
   2.83999968       2.07954126E-10
   2.85999966       1.83618898E-10
   2.88000011       1.65312181E-10
   2.90000010       1.50713081E-10
   2.92000008       1.27506131E-10
   2.94000006       1.19852142E-10
   2.96000004       9.85684173E-11
   2.98000002       8.11875220E-11
   3.00000000       6.13805534E-11
   3.01999998       5.59656002E-11
   3.03999996       4.43707709E-11
   3.05999994       2.31657436E-11
   3.07999992       2.91733408E-11
   3.09999990       5.77768944E-10
