  -2.00000000       1.60594399E-10
  -1.98000002       3.36941985E-09
  -1.96000004       6.07287065E-09
  -1.94000006       1.07007381E-08
  -1.91999996       1.80880058E-08
  -1.89999998       2.38215101E-08
  -1.88000000       3.58841419E-08
  -1.86000001       4.62941827E-08
  -1.84000003       6.43531592E-08
  -1.82000005       8.20104873E-08
  -1.79999995       1.07734635E-07
  -1.77999997       1.33544376E-07
  -1.75999999       1.67396166E-07
  -1.74000001       2.01876645E-07
  -1.72000003       2.41253645E-07
  -1.70000005       2.83882287E-07
  -1.68000007       3.23200879E-07
  -1.65999997       3.60825140E-07
  -1.63999999       3.82854353E-07
  -1.62000000       4.05340415E-07
  -1.60000002       4.12228701E-07
  -1.58000004       4.20704851E-07
  -1.55999994       4.21763900E-07
  -1.53999996       4.29005581E-07
  -1.51999998       4.34447543E-07
  -1.50000000       4.61199051E-07
  -1.48000002       4.88581406E-07
  -1.46000004       5.34394985E-07
  -1.44000006       5.61979618E-07
  -1.42000008       5.88322962E-07
  -1.40000010       5.89882575E-07
  -1.38000000       5.96368011E-07
  -1.36000001       6.05254513E-07
  -1.34000003       6.35169499E-07
  -1.31999993       6.80998312E-07
  -1.29999995       7.19808213E-07
  -1.27999997       7.48057289E-07
  -1.25999999       7.48571551E-07
  -1.24000001       7.61598130E-07
  -1.22000003       7.94847097E-07
  -1.20000005       8.51640550E-07
  -1.18000007       9.04336844E-07
  -1.16000009       9.16664419E-07
  -1.14000010       9.07916331E-07
  -1.12000000       9.67139613E-07
  -1.10000002       1.03977254E-06
  -1.08000004       1.02353340E-06
  -1.05999994       1.16417255E-06
  -1.03999996       1.25312738E-06
  -1.01999998       8.88976786E-07
  -1.00000000       1.25655322E-06
 -0.980000019       2.41322709E-06
 -0.960000038       1.18400749E-06
 -0.940000057       4.15337041E-07
 -0.920000076       6.57867213E-06
 -0.899999976       1.07151627E-05
 -0.879999995       6.49363847E-06
 -0.860000014       2.43052291E-05
 -0.840000033       8.26152536E-05
 -0.820000052       1.38425094E-04
 -0.800000072       2.20071030E-04
 -0.779999971       5.02182229E-04
 -0.759999990       1.10062317E-03
 -0.740000010       1.95770035E-03
 -0.720000029       3.34946904E-03
 -0.700000048       6.14151172E-03
 -0.680000067       1.12405010E-02
 -0.660000086       1.90905761E-02
 -0.639999986       3.07750981E-02
 -0.620000005       4.92927805E-02
 -0.600000024       7.86859915E-02
 -0.580000043      0.122102939    
 -0.560000062      0.181671619    
 -0.540000081      0.261762589    
 -0.519999981      0.369585961    
 -0.500000000      0.512844682    
 -0.480000019      0.694179058    
 -0.460000038      0.911406517    
 -0.440000057       1.15988302    
 -0.420000076       1.43589711    
 -0.400000095       1.73576975    
 -0.379999995       2.05193543    
 -0.360000014       2.37235451    
 -0.340000033       2.67442322    
 -0.320000052       2.92716908    
 -0.300000072       3.09296203    
 -0.280000091       3.15590620    
 -0.259999990       3.14228201    
 -0.240000010       3.11223722    
 -0.220000029       3.09579301    
 -0.200000048       3.02107334    
 -0.180000067       2.75545740    
 -0.160000086       2.24437976    
 -0.139999986       1.66150260    
 -0.120000005       1.31323993    
 -0.100000024       1.35627866    
  -8.00000429E-02   1.57735646    
  -6.00000620E-02   1.52813709    
  -4.00000811E-02   1.01928902    
  -2.00001001E-02  0.308220804    
   0.00000000       2.81077740E-03
   1.99999809E-02   4.79974005E-06
   3.99999619E-02   3.95011784E-06
   5.99999428E-02   2.03266524E-08
   7.99999237E-02   1.90996775E-06
   9.99999046E-02   8.04329943E-07
  0.119999886       2.40423424E-06
  0.139999866       2.06325831E-06
  0.159999847       3.35182062E-06
  0.180000067       3.54723238E-06
  0.200000048       4.47777256E-06
  0.220000029       5.09234542E-06
  0.240000010       5.63038884E-06
  0.259999990       6.52853760E-06
  0.279999971       6.80950552E-06
  0.299999952       7.74976706E-06
  0.319999933       7.93718937E-06
  0.339999914       8.46429430E-06
  0.359999895       8.62727302E-06
  0.379999876       8.64723825E-06
  0.399999857       8.89005969E-06
  0.419999838       8.64065896E-06
  0.440000057       8.52584526E-06
  0.460000038       8.17111049E-06
  0.480000019       7.75971421E-06
  0.500000000       7.50785011E-06
  0.519999981       6.93298352E-06
  0.539999962       6.45229193E-06
  0.559999943       6.10265943E-06
  0.579999924       5.58397596E-06
  0.599999905       5.15113243E-06
  0.619999886       4.82831774E-06
  0.639999866       4.42170449E-06
  0.659999847       4.08140340E-06
  0.679999828       3.84602436E-06
  0.700000048       3.52080383E-06
  0.720000029       3.27579437E-06
  0.740000010       3.10493488E-06
  0.759999990       2.83666827E-06
  0.779999971       2.67373503E-06
  0.799999952       2.50645962E-06
  0.819999933       2.34223421E-06
  0.839999914       2.18106970E-06
  0.859999895       2.04430626E-06
  0.879999876       1.94360473E-06
  0.899999857       1.78993810E-06
  0.919999838       1.69114446E-06
  0.939999819       1.58504827E-06
  0.960000038       1.51066354E-06
  0.980000019       1.39145732E-06
   1.00000000       1.31007891E-06
   1.01999998       1.23987877E-06
   1.03999996       1.17280524E-06
   1.05999994       1.10147096E-06
   1.07999992       1.00885472E-06
   1.09999990       9.67501478E-07
   1.11999989       9.11065342E-07
   1.13999987       8.65966854E-07
   1.15999985       8.07412619E-07
   1.17999983       7.34468472E-07
   1.19999981       7.00587520E-07
   1.22000003       6.67911365E-07
   1.24000001       6.30583486E-07
   1.25999999       5.99122359E-07
   1.27999997       5.47531613E-07
   1.29999995       4.93014170E-07
   1.31999993       4.64964842E-07
   1.33999991       4.47827148E-07
   1.35999990       4.25865437E-07
   1.37999988       4.04141787E-07
   1.39999986       3.79607826E-07
   1.41999984       3.43181853E-07
   1.43999982       3.00742499E-07
   1.46000004       2.68140155E-07
   1.48000002       2.50718159E-07
   1.50000000       2.41943525E-07
   1.51999998       2.33798616E-07
   1.53999996       2.23076057E-07
   1.55999994       2.09929524E-07
   1.57999992       1.94638048E-07
   1.59999990       1.76705754E-07
   1.61999989       1.55765349E-07
   1.63999987       1.32776677E-07
   1.65999985       1.09788758E-07
   1.67999983       8.84373534E-08
   1.69999981       6.98016223E-08
   1.72000003       5.45043193E-08
   1.74000001       4.24762341E-08
   1.75999999       3.30688756E-08
   1.77999997       2.57145327E-08
   1.79999995       1.99563939E-08
   1.81999993       1.55010724E-08
   1.83999991       1.21124684E-08
   1.85999990       9.55327017E-09
   1.87999988       7.61670549E-09
   1.89999986       6.07068307E-09
   1.91999984       4.87212226E-09
   1.93999982       3.96087829E-09
   1.95999980       3.29217342E-09
   1.98000002       2.79292256E-09
   2.00000000       2.36232789E-09
   2.01999998       2.01235073E-09
   2.03999996       1.74364578E-09
   2.05999994       1.52867807E-09
   2.07999992       1.35360423E-09
   2.09999990       1.19277210E-09
   2.11999989       1.06977949E-09
   2.13999987       9.81003723E-10
   2.15999985       9.13673137E-10
   2.17999983       8.34142533E-10
   2.19999981       7.60446039E-10
   2.21999979       7.22146010E-10
   2.23999977       6.80548506E-10
   2.25999975       6.24685303E-10
   2.27999973       5.88416538E-10
   2.29999971       5.75940073E-10
   2.31999969       5.48213142E-10
   2.33999968       5.02052067E-10
   2.36000013       4.88335150E-10
   2.38000011       4.85054552E-10
   2.40000010       4.59839000E-10
   2.42000008       4.43768855E-10
   2.44000006       4.37365005E-10
   2.46000004       4.04391798E-10
   2.48000002       3.76523424E-10
   2.50000000       3.77739506E-10
   2.51999998       3.56517704E-10
   2.53999996       3.35170475E-10
   2.55999994       3.28976846E-10
   2.57999992       3.12998072E-10
   2.59999990       3.11223741E-10
   2.61999989       3.07046943E-10
   2.63999987       2.81645124E-10
   2.65999985       2.79029522E-10
   2.67999983       2.78623624E-10
   2.69999981       2.56437732E-10
   2.71999979       2.55260341E-10
   2.73999977       2.39249398E-10
   2.75999975       2.27819957E-10
   2.77999973       2.30860261E-10
   2.79999971       2.15589685E-10
   2.81999969       2.23844276E-10
   2.83999968       2.06719503E-10
   2.85999966       1.96368088E-10
   2.88000011       1.84351007E-10
   2.90000010       1.71608311E-10
   2.92000008       1.82261220E-10
   2.94000006       1.68165967E-10
   2.96000004       1.62854272E-10
   2.98000002       1.53460938E-10
   3.00000000       1.60686464E-10
   3.01999998       1.60662580E-10
   3.03999996       1.67053871E-10
   3.05999994       2.14977786E-10
   3.07999992       1.21474372E-10
   3.09999990       1.24168265E-09
