  -2.00000000       2.69501671E-10
  -1.98000002       3.42669892E-09
  -1.96000004       6.82305767E-09
  -1.94000006       1.11315783E-08
  -1.91999996       1.94945482E-08
  -1.89999998       2.52238248E-08
  -1.88000000       3.79199285E-08
  -1.86000001       4.88517564E-08
  -1.84000003       6.70876830E-08
  -1.82000005       8.55290239E-08
  -1.79999995       1.11344960E-07
  -1.77999997       1.37767415E-07
  -1.75999999       1.71519119E-07
  -1.74000001       2.05959083E-07
  -1.72000003       2.44936899E-07
  -1.70000005       2.87106445E-07
  -1.68000007       3.25422036E-07
  -1.65999997       3.62514697E-07
  -1.63999999       3.84652196E-07
  -1.62000000       4.07861876E-07
  -1.60000002       4.14743852E-07
  -1.58000004       4.22452644E-07
  -1.55999994       4.23103984E-07
  -1.53999996       4.29312479E-07
  -1.51999998       4.36699338E-07
  -1.50000000       4.64718994E-07
  -1.48000002       4.92167999E-07
  -1.46000004       5.35110303E-07
  -1.44000006       5.61360707E-07
  -1.42000008       5.88357011E-07
  -1.40000010       5.91851631E-07
  -1.38000000       5.99209727E-07
  -1.36000001       6.06890922E-07
  -1.34000003       6.39224140E-07
  -1.31999993       6.83044732E-07
  -1.29999995       7.18516276E-07
  -1.27999997       7.47367153E-07
  -1.25999999       7.51402013E-07
  -1.24000001       7.64246636E-07
  -1.22000003       7.99633028E-07
  -1.20000005       8.54189182E-07
  -1.18000007       9.02375348E-07
  -1.16000009       9.15596559E-07
  -1.14000010       9.11045163E-07
  -1.12000000       9.74614977E-07
  -1.10000002       1.03997786E-06
  -1.08000004       1.02056617E-06
  -1.05999994       1.17485854E-06
  -1.03999996       1.24254962E-06
  -1.01999998       8.85380928E-07
  -1.00000000       1.30278795E-06
 -0.980000019       2.38684515E-06
 -0.960000038       1.09267990E-06
 -0.940000057       5.08621952E-07
 -0.920000076       6.71150110E-06
 -0.899999976       1.03465145E-05
 -0.879999995       6.17766455E-06
 -0.860000014       2.47950156E-05
 -0.840000033       8.23673618E-05
 -0.820000052       1.35849245E-04
 -0.800000072       2.17439840E-04
 -0.779999971       5.00817434E-04
 -0.759999990       1.09288865E-03
 -0.740000010       1.93710066E-03
 -0.720000029       3.31769837E-03
 -0.700000048       6.09892653E-03
 -0.680000067       1.11601753E-02
 -0.660000086       1.89373437E-02
 -0.639999986       3.05269659E-02
 -0.620000005       4.89335023E-02
 -0.600000024       7.81577528E-02
 -0.580000043      0.121293023    
 -0.560000062      0.180475101    
 -0.540000081      0.260103911    
 -0.519999981      0.367409110    
 -0.500000000      0.510035157    
 -0.480000019      0.690619886    
 -0.460000038      0.907011449    
 -0.440000057       1.15470064    
 -0.420000076       1.43004060    
 -0.400000095       1.72941232    
 -0.379999995       2.04534054    
 -0.360000014       2.36586499    
 -0.340000033       2.66850019    
 -0.320000052       2.92215705    
 -0.300000072       3.08902073    
 -0.280000091       3.15304685    
 -0.259999990       3.14078474    
 -0.240000010       3.11279917    
 -0.220000029       3.09910154    
 -0.200000048       3.02691650    
 -0.180000067       2.76223183    
 -0.160000086       2.25001836    
 -0.139999986       1.66536713    
 -0.120000005       1.31712711    
 -0.100000024       1.36294818    
  -8.00000429E-02   1.58760726    
  -6.00000620E-02   1.53914440    
  -4.00000811E-02   1.02690375    
  -2.00001001E-02  0.310558915    
   0.00000000       2.83007021E-03
   1.99999809E-02   5.07388040E-06
   3.99999619E-02   3.79320318E-06
   5.99999428E-02   1.22031324E-07
   7.99999237E-02   1.88029571E-06
   9.99999046E-02   8.18877083E-07
  0.119999886       2.43198633E-06
  0.139999866       2.00378554E-06
  0.159999847       3.38093287E-06
  0.180000067       3.40865745E-06
  0.200000048       4.49255413E-06
  0.220000029       4.96290386E-06
  0.240000010       5.70163320E-06
  0.259999990       6.52047083E-06
  0.279999971       6.87225429E-06
  0.299999952       7.72382919E-06
  0.319999933       7.81149538E-06
  0.339999914       8.42151530E-06
  0.359999895       8.58634030E-06
  0.379999876       8.74744728E-06
  0.399999857       8.88314116E-06
  0.419999838       8.53963775E-06
  0.440000057       8.51337154E-06
  0.460000038       8.20379137E-06
  0.480000019       7.80997289E-06
  0.500000000       7.45519083E-06
  0.519999981       6.90173738E-06
  0.539999962       6.54523410E-06
  0.559999943       6.09035533E-06
  0.579999924       5.53643440E-06
  0.599999905       5.22958862E-06
  0.619999886       4.83013264E-06
  0.639999866       4.38343613E-06
  0.659999847       4.15014438E-06
  0.679999828       3.83499764E-06
  0.700000048       3.50682171E-06
  0.720000029       3.32520131E-06
  0.740000010       3.08356198E-06
  0.759999990       2.86133718E-06
  0.779999971       2.66763550E-06
  0.799999952       2.52354266E-06
  0.819999933       2.35735752E-06
  0.839999914       2.16157650E-06
  0.859999895       2.07679795E-06
  0.879999876       1.93414189E-06
  0.899999857       1.81364680E-06
  0.919999838       1.66887867E-06
  0.939999819       1.61552043E-06
  0.960000038       1.50319966E-06
  0.980000019       1.41019041E-06
   1.00000000       1.29568139E-06
   1.01999998       1.25348333E-06
   1.03999996       1.18191826E-06
   1.05999994       1.10256292E-06
   1.07999992       1.02018339E-06
   1.09999990       9.52318828E-07
   1.11999989       9.29599935E-07
   1.13999987       8.69301175E-07
   1.15999985       8.09462563E-07
   1.17999983       7.46718399E-07
   1.19999981       6.88625107E-07
   1.22000003       6.71150758E-07
   1.24000001       6.45258751E-07
   1.25999999       5.97289613E-07
   1.27999997       5.52752397E-07
   1.29999995       5.03163790E-07
   1.31999993       4.58766976E-07
   1.33999991       4.41754821E-07
   1.35999990       4.34907719E-07
   1.37999988       4.12996201E-07
   1.39999986       3.79620190E-07
   1.41999984       3.45158185E-07
   1.43999982       3.09213419E-07
   1.46000004       2.73737015E-07
   1.48000002       2.47561815E-07
   1.50000000       2.35751003E-07
   1.51999998       2.32595610E-07
   1.53999996       2.28092787E-07
   1.55999994       2.16837066E-07
   1.57999992       1.99409968E-07
   1.59999990       1.78722303E-07
   1.61999989       1.56808483E-07
   1.63999987       1.34621743E-07
   1.65999985       1.12963960E-07
   1.67999983       9.24988655E-08
   1.69999981       7.38491295E-08
   1.72000003       5.78404844E-08
   1.74000001       4.47999859E-08
   1.75999999       3.44156845E-08
   1.77999997       2.63288342E-08
   1.79999995       2.00729673E-08
   1.81999993       1.53456146E-08
   1.83999991       1.18420598E-08
   1.85999990       9.25414678E-09
   1.87999988       7.34043937E-09
   1.89999986       5.81955817E-09
   1.91999984       4.66263961E-09
   1.93999982       3.79290110E-09
   1.95999980       3.14460946E-09
   1.98000002       2.67006239E-09
   2.00000000       2.25078889E-09
   2.01999998       1.91679339E-09
   2.03999996       1.65976599E-09
   2.05999994       1.45056478E-09
   2.07999992       1.27915367E-09
   2.09999990       1.11990039E-09
   2.11999989       1.00493092E-09
   2.13999987       9.18881471E-10
   2.15999985       8.48953741E-10
   2.17999983       7.73292930E-10
   2.19999981       7.05684622E-10
   2.21999979       6.68393063E-10
   2.23999977       6.21115104E-10
   2.25999975       5.60597124E-10
   2.27999973       5.28201594E-10
   2.29999971       5.11358456E-10
   2.31999969       4.78738271E-10
   2.33999968       4.41384679E-10
   2.36000013       4.30955965E-10
   2.38000011       4.21516849E-10
   2.40000010       3.90270261E-10
   2.42000008       3.75731418E-10
   2.44000006       3.67952058E-10
   2.46000004       3.37429529E-10
   2.48000002       3.15094423E-10
   2.50000000       3.13573140E-10
   2.51999998       2.91257546E-10
   2.53999996       2.72479345E-10
   2.55999994       2.65131306E-10
   2.57999992       2.43786241E-10
   2.59999990       2.46041271E-10
   2.61999989       2.41832776E-10
   2.63999987       2.16588553E-10
   2.65999985       2.15016061E-10
   2.67999983       2.10697820E-10
   2.69999981       1.92145785E-10
   2.71999979       1.88355734E-10
   2.73999977       1.71271983E-10
   2.75999975       1.65167602E-10
   2.77999973       1.65234534E-10
   2.79999971       1.53807966E-10
   2.81999969       1.58348390E-10
   2.83999968       1.41437903E-10
   2.85999966       1.35839423E-10
   2.88000011       1.25923827E-10
   2.90000010       1.18549587E-10
   2.92000008       1.25704322E-10
   2.94000006       1.14588852E-10
   2.96000004       1.10951179E-10
   2.98000002       1.05336281E-10
   3.00000000       1.13713136E-10
   3.01999998       1.14811577E-10
   3.03999996       1.22564764E-10
   3.05999994       1.68639769E-10
   3.07999992       8.91919594E-11
   3.09999990       1.18298504E-09
