  -2.00000000       3.30409875E-12
  -1.98000002       9.08951056E-14
  -1.96000004       1.97004717E-12
  -1.94000006       2.22791230E-12
  -1.91999996       6.86149163E-13
  -1.89999998       1.01290643E-11
  -1.88000000       1.62352840E-11
  -1.86000001       1.89187797E-11
  -1.84000003       1.78671834E-11
  -1.82000005       1.21055206E-11
  -1.79999995       2.06494839E-11
  -1.77999997       2.70813615E-11
  -1.75999999       2.25609687E-11
  -1.74000001       2.91475281E-11
  -1.72000003       2.76789581E-11
  -1.70000005       3.66067836E-11
  -1.68000007       3.61845519E-11
  -1.65999997       4.82877696E-11
  -1.63999999       4.33377709E-11
  -1.62000000       3.92751630E-11
  -1.60000002       6.13136694E-11
  -1.58000004       5.70856903E-11
  -1.55999994       5.24550264E-11
  -1.53999996       5.52810610E-11
  -1.51999998       4.55321510E-11
  -1.50000000       6.48611859E-11
  -1.48000002       6.69342776E-11
  -1.46000004       7.09086678E-11
  -1.44000006       7.38724082E-11
  -1.42000008       7.27578206E-11
  -1.40000010       7.23860277E-11
  -1.38000000       8.16698792E-11
  -1.36000001       1.00993131E-10
  -1.34000003       8.46796522E-11
  -1.31999993       8.48116716E-11
  -1.29999995       8.54878807E-11
  -1.27999997       9.91108515E-11
  -1.25999999       1.98191533E-10
  -1.24000001       4.68224001E-11
  -1.22000003       9.72629088E-10
  -1.20000005       6.93522018E-10
  -1.18000007       5.74032022E-09
  -1.16000009       1.20442376E-08
  -1.14000010       4.12437160E-08
  -1.12000000       1.18785358E-07
  -1.10000002       3.18078804E-07
  -1.08000004       9.10319784E-07
  -1.05999994       2.29387729E-06
  -1.03999996       6.01724287E-06
  -1.01999998       1.46000102E-05
  -1.00000000       3.52638672E-05
 -0.980000019       8.14066079E-05
 -0.960000038       1.82805787E-04
 -0.940000057       3.98047734E-04
 -0.920000076       8.36722029E-04
 -0.899999976       1.71074818E-03
 -0.879999995       3.37555702E-03
 -0.860000014       6.47125207E-03
 -0.840000033       1.19923204E-02
 -0.820000052       2.15537287E-02
 -0.800000072       3.75098847E-02
 -0.779999971       6.32279739E-02
 -0.759999990      0.103279181    
 -0.740000010      0.163342565    
 -0.720000029      0.250365704    
 -0.700000048      0.371575326    
 -0.680000067      0.534382939    
 -0.660000086      0.744297266    
 -0.639999986       1.00430894    
 -0.620000005       1.31274486    
 -0.600000024       1.66195035    
 -0.580000043       2.03860307    
 -0.560000062       2.42168188    
 -0.540000081       2.78747869    
 -0.519999981       3.10727239    
 -0.500000000       3.35582447    
 -0.480000019       3.51064014    
 -0.460000038       3.55722785    
 -0.440000057       3.49252558    
 -0.420000076       3.32008004    
 -0.400000095       3.05943060    
 -0.379999995       2.72850895    
 -0.360000014       2.35976076    
 -0.340000033       1.97440672    
 -0.320000052       1.60257590    
 -0.300000072       1.25800836    
 -0.280000091      0.958471298    
 -0.259999990      0.705362916    
 -0.240000010      0.505562007    
 -0.220000029      0.347030759    
 -0.200000048      0.236022830    
 -0.180000067      0.150006682    
 -0.160000086       9.55947414E-02
 -0.139999986       5.95612153E-02
 -0.120000005       3.34045738E-02
 -0.100000024       1.85586512E-02
  -8.00000429E-02   1.15075493E-02
  -6.00000620E-02   7.20173866E-03
  -4.00000811E-02   3.62376450E-03
  -2.00001001E-02   9.60644800E-04
   0.00000000       3.15565239E-06
   1.99999809E-02   9.63890488E-06
   3.99999619E-02   2.05845645E-05
   5.99999428E-02   3.55223710E-05
   7.99999237E-02   4.67640675E-05
   9.99999046E-02   4.88872793E-05
  0.119999886       3.70141825E-05
  0.139999866       1.90425708E-05
  0.159999847       5.88810144E-06
  0.180000067       2.90836556E-06
  0.200000048       3.59815954E-06
  0.220000029       1.94857216E-06
  0.240000010       6.50594870E-07
  0.259999990       4.40323646E-07
  0.279999971       2.04948378E-07
  0.299999952       8.09573777E-08
  0.319999933       4.84577605E-08
  0.339999914       2.15961045E-08
  0.359999895       1.24092603E-08
  0.379999876       7.24086213E-09
  0.399999857       4.33393943E-09
  0.419999838       2.91231350E-09
  0.440000057       1.96843342E-09
  0.460000038       1.44667145E-09
  0.480000019       1.08172915E-09
  0.500000000       8.29284197E-10
  0.519999981       6.45283049E-10
  0.539999962       5.15687493E-10
  0.559999943       4.19221130E-10
  0.579999924       3.46286499E-10
  0.599999905       2.95872132E-10
  0.619999886       2.57054045E-10
  0.639999866       2.22534213E-10
  0.659999847       1.94247118E-10
  0.679999828       1.68160930E-10
  0.700000048       1.45085693E-10
  0.720000029       1.24868865E-10
  0.740000010       1.11370260E-10
  0.759999990       1.07579792E-10
  0.779999971       1.06003969E-10
  0.799999952       1.01637920E-10
  0.819999933       9.24504570E-11
  0.839999914       8.45839926E-11
  0.859999895       8.01892164E-11
  0.879999876       7.38673567E-11
  0.899999857       6.72980838E-11
  0.919999838       6.24233304E-11
  0.939999819       6.10287584E-11
  0.960000038       6.07483647E-11
  0.980000019       5.69116108E-11
   1.00000000       5.06196855E-11
   1.01999998       4.54556115E-11
   1.03999996       4.25141068E-11
   1.05999994       4.02634939E-11
   1.07999992       3.74529158E-11
   1.09999990       3.64587006E-11
   1.11999989       3.65370512E-11
   1.13999987       3.58725272E-11
   1.15999985       3.40998133E-11
   1.17999983       3.08619276E-11
   1.19999981       2.96448595E-11
   1.22000003       2.96248095E-11
   1.24000001       2.95586298E-11
   1.25999999       2.96373932E-11
   1.27999997       2.90823685E-11
   1.29999995       2.85810924E-11
   1.31999993       2.79234205E-11
   1.33999991       2.75277943E-11
   1.35999990       2.65856018E-11
   1.37999988       2.58279283E-11
   1.39999986       2.64402476E-11
   1.41999984       2.68963220E-11
   1.43999982       2.63039451E-11
   1.46000004       2.52029682E-11
   1.48000002       2.43619430E-11
   1.50000000       2.36466020E-11
   1.51999998       2.11991067E-11
   1.53999996       1.93952493E-11
   1.55999994       1.95273034E-11
   1.57999992       2.08008506E-11
   1.59999990       2.16074294E-11
   1.61999989       2.00204003E-11
   1.63999987       1.93531025E-11
   1.65999985       1.79736590E-11
   1.67999983       1.78386507E-11
   1.69999981       1.80592815E-11
   1.72000003       1.82237107E-11
   1.74000001       2.05102445E-11
   1.75999999       2.06516349E-11
   1.77999997       2.18314498E-11
   1.79999995       2.17647532E-11
   1.81999993       2.07414155E-11
   1.83999991       2.03340712E-11
   1.85999990       1.93330751E-11
   1.87999988       2.04940544E-11
   1.89999986       2.02282704E-11
   1.91999984       2.00582259E-11
   1.93999982       2.01777605E-11
   1.95999980       1.98282831E-11
   1.98000002       1.96575499E-11
   2.00000000       1.86622749E-11
   2.01999998       1.81832275E-11
   2.03999996       1.76082170E-11
   2.05999994       1.71999151E-11
   2.07999992       1.75623960E-11
   2.09999990       1.79822251E-11
   2.11999989       1.88469310E-11
   2.13999987       1.85953787E-11
   2.15999985       1.78710796E-11
   2.17999983       1.77829210E-11
   2.19999981       1.84807239E-11
   2.21999979       1.93797374E-11
   2.23999977       1.85445114E-11
   2.25999975       1.96254298E-11
   2.27999973       2.02662609E-11
   2.29999971       2.22217314E-11
   2.31999969       2.24373541E-11
   2.33999968       2.03781089E-11
   2.36000013       2.07902150E-11
   2.38000011       1.96862388E-11
   2.40000010       1.99476304E-11
   2.42000008       2.05079079E-11
   2.44000006       2.19515447E-11
   2.46000004       2.23872362E-11
   2.48000002       2.13213908E-11
   2.50000000       2.19926646E-11
   2.51999998       2.11178904E-11
   2.53999996       2.25576276E-11
   2.55999994       2.40089372E-11
   2.57999992       2.47660399E-11
   2.59999990       2.55018888E-11
   2.61999989       2.37796935E-11
   2.63999987       2.61025923E-11
   2.65999985       2.80737777E-11
   2.67999983       2.81034987E-11
   2.69999981       2.72120312E-11
   2.71999979       2.82121080E-11
   2.73999977       3.11860746E-11
   2.75999975       3.07847497E-11
   2.77999973       3.06546420E-11
   2.79999971       3.27587991E-11
   2.81999969       3.72755125E-11
   2.83999968       4.17565600E-11
   2.85999966       4.31517946E-11
   2.88000011       4.44881736E-11
   2.90000010       4.51350693E-11
   2.92000008       4.21259347E-11
   2.94000006       3.56282955E-11
   2.96000004       2.76087937E-11
   2.98000002       3.04937846E-11
   3.00000000       3.32214464E-11
   3.01999998       2.28416747E-11
   3.03999996       1.96018844E-11
   3.05999994       2.28528446E-11
   3.07999992       9.81789650E-12
   3.09999990       1.20341037E-11
