  -2.00000000       1.41602452E-09
  -1.98000002       1.10109468E-08
  -1.96000004       1.72602679E-08
  -1.94000006       3.53536045E-08
  -1.91999996       5.00548190E-08
  -1.89999998       7.30950021E-08
  -1.88000000       9.95285063E-08
  -1.86000001       1.25905132E-07
  -1.84000003       1.60608977E-07
  -1.82000005       1.90482524E-07
  -1.79999995       2.29641586E-07
  -1.77999997       2.64793044E-07
  -1.75999999       3.04751069E-07
  -1.74000001       3.38600955E-07
  -1.72000003       3.65185684E-07
  -1.70000005       3.79420271E-07
  -1.68000007       3.85750127E-07
  -1.65999997       3.84112894E-07
  -1.63999999       3.85313200E-07
  -1.62000000       3.84180794E-07
  -1.60000002       3.97986469E-07
  -1.58000004       4.17944875E-07
  -1.55999994       4.52229528E-07
  -1.53999996       4.90894990E-07
  -1.51999998       5.28551595E-07
  -1.50000000       5.45414764E-07
  -1.48000002       5.56049429E-07
  -1.46000004       5.44949387E-07
  -1.44000006       5.53589075E-07
  -1.42000008       5.67927714E-07
  -1.40000010       6.16581474E-07
  -1.38000000       6.63028175E-07
  -1.36000001       6.94532559E-07
  -1.34000003       7.00019598E-07
  -1.31999993       6.89561489E-07
  -1.29999995       7.07026288E-07
  -1.27999997       7.53155234E-07
  -1.25999999       8.22819857E-07
  -1.24000001       8.57430734E-07
  -1.22000003       8.51495145E-07
  -1.20000005       8.43968280E-07
  -1.18000007       8.81951848E-07
  -1.16000009       9.63040748E-07
  -1.14000010       1.03813761E-06
  -1.12000000       1.02673982E-06
  -1.10000002       9.81438120E-07
  -1.08000004       1.11346003E-06
  -1.05999994       1.26586394E-06
  -1.03999996       1.05559718E-06
  -1.01999998       1.16299020E-06
  -1.00000000       1.83602083E-06
 -0.980000019       1.37259360E-06
 -0.960000038       4.89336344E-07
 -0.940000057       3.34699052E-06
 -0.920000076       6.29145870E-06
 -0.899999976       2.68135000E-06
 -0.879999995       6.25070970E-06
 -0.860000014       3.40070837E-05
 -0.840000033       6.51323862E-05
 -0.820000052       8.57066698E-05
 -0.800000072       1.86972524E-04
 -0.779999971       4.67569509E-04
 -0.759999990       9.07610753E-04
 -0.740000010       1.52088853E-03
 -0.720000029       2.75222631E-03
 -0.700000048       5.27187670E-03
 -0.680000067       9.51571576E-03
 -0.660000086       1.58380680E-02
 -0.639999986       2.56732013E-02
 -0.620000005       4.19031270E-02
 -0.600000024       6.75733835E-02
 -0.580000043      0.104933828    
 -0.560000062      0.156277448    
 -0.540000081      0.226688832    
 -0.519999981      0.323224783    
 -0.500000000      0.452660441    
 -0.480000019      0.617250264    
 -0.460000038      0.816099167    
 -0.440000057       1.04671514    
 -0.420000076       1.30703425    
 -0.400000095       1.59467304    
 -0.379999995       1.90385199    
 -0.360000014       2.22547626    
 -0.340000033       2.53852224    
 -0.320000052       2.81004190    
 -0.300000072       2.99726343    
 -0.280000091       3.08236527    
 -0.259999990       3.09813786    
 -0.240000010       3.11528397    
 -0.220000029       3.16367078    
 -0.200000048       3.14842653    
 -0.180000067       2.90420914    
 -0.160000086       2.36566544    
 -0.139999986       1.74218369    
 -0.120000005       1.39782071    
 -0.100000024       1.51120484    
  -8.00000429E-02   1.82041538    
  -6.00000620E-02   1.79044950    
  -4.00000811E-02   1.20099342    
  -2.00001001E-02  0.363869756    
   0.00000000       3.31431953E-03
   1.99999809E-02   6.24276936E-06
   3.99999619E-02   4.05888022E-06
   5.99999428E-02   1.77955499E-07
   7.99999237E-02   1.79640847E-06
   9.99999046E-02   6.89156593E-07
  0.119999886       2.25869280E-06
  0.139999866       1.75479522E-06
  0.159999847       3.14462250E-06
  0.180000067       3.08278732E-06
  0.200000048       4.21136428E-06
  0.220000029       4.55578493E-06
  0.240000010       5.29467343E-06
  0.259999990       5.96042537E-06
  0.279999971       6.30666091E-06
  0.299999952       7.15472288E-06
  0.319999933       7.32013314E-06
  0.339999914       8.03473813E-06
  0.359999895       8.14122814E-06
  0.379999876       8.32319529E-06
  0.399999857       8.47888350E-06
  0.419999838       8.31463603E-06
  0.440000057       8.42825648E-06
  0.460000038       8.07929882E-06
  0.480000019       7.75541594E-06
  0.500000000       7.51520338E-06
  0.519999981       7.06158607E-06
  0.539999962       6.69756037E-06
  0.559999943       6.23623509E-06
  0.579999924       5.79599600E-06
  0.599999905       5.46989622E-06
  0.619999886       5.01084651E-06
  0.639999866       4.64786854E-06
  0.659999847       4.38068946E-06
  0.679999828       4.00909721E-06
  0.700000048       3.74002047E-06
  0.720000029       3.51686776E-06
  0.740000010       3.24799908E-06
  0.759999990       3.04595642E-06
  0.779999971       2.84172620E-06
  0.799999952       2.68153735E-06
  0.819999933       2.48690912E-06
  0.839999914       2.32991533E-06
  0.859999895       2.22230324E-06
  0.879999876       2.04756407E-06
  0.899999857       1.93976052E-06
  0.919999838       1.81450787E-06
  0.939999819       1.73567901E-06
  0.960000038       1.59387730E-06
  0.980000019       1.51937388E-06
   1.00000000       1.42495458E-06
   1.01999998       1.36464769E-06
   1.03999996       1.25130077E-06
   1.05999994       1.19047900E-06
   1.07999992       1.12400357E-06
   1.09999990       1.07264520E-06
   1.11999989       1.00290617E-06
   1.13999987       9.22760080E-07
   1.15999985       8.86218004E-07
   1.17999983       8.36991205E-07
   1.19999981       8.01216856E-07
   1.22000003       7.46648084E-07
   1.24000001       6.78274432E-07
   1.25999999       6.46829676E-07
   1.27999997       6.19819104E-07
   1.29999995       5.89618253E-07
   1.31999993       5.62456648E-07
   1.33999991       5.14092619E-07
   1.35999990       4.60555924E-07
   1.37999988       4.32906404E-07
   1.39999986       4.19839978E-07
   1.41999984       4.03100387E-07
   1.43999982       3.84446508E-07
   1.46000004       3.61744640E-07
   1.48000002       3.27760887E-07
   1.50000000       2.88021624E-07
   1.51999998       2.56555040E-07
   1.53999996       2.39021858E-07
   1.55999994       2.30122936E-07
   1.57999992       2.22689621E-07
   1.59999990       2.13376381E-07
   1.61999989       2.02386445E-07
   1.63999987       1.89815452E-07
   1.65999985       1.74341693E-07
   1.67999983       1.55406838E-07
   1.69999981       1.34388344E-07
   1.72000003       1.12926124E-07
   1.74000001       9.24013861E-08
   1.75999999       7.40089519E-08
   1.77999997       5.84312119E-08
   1.79999995       4.58987337E-08
   1.81999993       3.60884584E-08
   1.83999991       2.83913408E-08
   1.85999990       2.23321894E-08
   1.87999988       1.75404686E-08
   1.89999986       1.38135245E-08
   1.91999984       1.09819460E-08
   1.93999982       8.74446027E-09
   1.95999980       7.00694303E-09
   1.98000002       5.65312241E-09
   2.00000000       4.62079353E-09
   2.01999998       3.83880172E-09
   2.03999996       3.19422466E-09
   2.05999994       2.67886846E-09
   2.07999992       2.30220909E-09
   2.09999990       2.00413108E-09
   2.11999989       1.73873926E-09
   2.13999987       1.50100277E-09
   2.15999985       1.33847000E-09
   2.17999983       1.20910904E-09
   2.19999981       1.07722575E-09
   2.21999979       9.70561298E-10
   2.23999977       9.00865771E-10
   2.25999975       8.37876102E-10
   2.27999973       7.48575646E-10
   2.29999971       6.84360568E-10
   2.31999969       6.64859945E-10
   2.33999968       6.22708440E-10
   2.36000013       5.75863912E-10
   2.38000011       5.53884383E-10
   2.40000010       5.32028421E-10
   2.42000008       4.98728059E-10
   2.44000006       4.88957375E-10
   2.46000004       4.74322359E-10
   2.48000002       4.25903424E-10
   2.50000000       4.08215017E-10
   2.51999998       3.96057798E-10
   2.53999996       3.66532749E-10
   2.55999994       3.63042124E-10
   2.57999992       3.60700581E-10
   2.59999990       3.29322292E-10
   2.61999989       3.14700127E-10
   2.63999987       3.06619813E-10
   2.65999985       2.91946967E-10
   2.67999983       2.84507584E-10
   2.69999981       2.56044602E-10
   2.71999979       2.54742061E-10
   2.73999977       2.49701343E-10
   2.75999975       2.26040353E-10
   2.77999973       2.26527880E-10
   2.79999971       2.01763203E-10
   2.81999969       1.98706065E-10
   2.83999968       1.90701024E-10
   2.85999966       1.81200610E-10
   2.88000011       1.75687659E-10
   2.90000010       1.55430807E-10
   2.92000008       1.60352578E-10
   2.94000006       1.53244764E-10
   2.96000004       1.63213124E-10
   2.98000002       1.57380539E-10
   3.00000000       1.58777019E-10
   3.01999998       1.67343764E-10
   3.03999996       1.76791803E-10
   3.05999994       2.59408828E-10
   3.07999992       1.48017473E-10
   3.09999990       2.98757574E-09
