  -2.00000000       3.79035958E-09
  -1.98000002       1.49422839E-08
  -1.96000004       3.25487726E-08
  -1.94000006       4.70775738E-08
  -1.91999996       7.72316753E-08
  -1.89999998       9.82926522E-08
  -1.88000000       1.33723987E-07
  -1.86000001       1.62467401E-07
  -1.84000003       1.97311891E-07
  -1.82000005       2.28643245E-07
  -1.79999995       2.64257977E-07
  -1.77999997       2.95418147E-07
  -1.75999999       3.28344925E-07
  -1.74000001       3.52466316E-07
  -1.72000003       3.70176082E-07
  -1.70000005       3.78993093E-07
  -1.68000007       3.80772519E-07
  -1.65999997       3.86052733E-07
  -1.63999999       3.90801461E-07
  -1.62000000       4.06564169E-07
  -1.60000002       4.25431523E-07
  -1.58000004       4.52053854E-07
  -1.55999994       4.75729593E-07
  -1.53999996       5.05736921E-07
  -1.51999998       5.20299182E-07
  -1.50000000       5.38591053E-07
  -1.48000002       5.48191736E-07
  -1.46000004       5.60794319E-07
  -1.44000006       5.83647079E-07
  -1.42000008       6.08476057E-07
  -1.40000010       6.40212647E-07
  -1.38000000       6.54581186E-07
  -1.36000001       6.77467028E-07
  -1.34000003       6.91797936E-07
  -1.31999993       7.18156059E-07
  -1.29999995       7.56363477E-07
  -1.27999997       7.85978955E-07
  -1.25999999       8.14504347E-07
  -1.24000001       8.28285010E-07
  -1.22000003       8.54883979E-07
  -1.20000005       8.89226783E-07
  -1.18000007       9.29204930E-07
  -1.16000009       9.68696895E-07
  -1.14000010       1.00767943E-06
  -1.12000000       1.02240358E-06
  -1.10000002       1.04907144E-06
  -1.08000004       1.17835827E-06
  -1.05999994       1.17593549E-06
  -1.03999996       1.03271555E-06
  -1.01999998       1.39413078E-06
  -1.00000000       1.80261122E-06
 -0.980000019       9.35968046E-07
 -0.960000038       9.03505111E-07
 -0.940000057       4.07656989E-06
 -0.920000076       4.92082881E-06
 -0.899999976       1.05353274E-06
 -0.879999995       8.60928958E-06
 -0.860000014       3.50862611E-05
 -0.840000033       5.50128534E-05
 -0.820000052       7.40881369E-05
 -0.800000072       1.84527293E-04
 -0.779999971       4.52202745E-04
 -0.759999990       8.32707505E-04
 -0.740000010       1.39473821E-03
 -0.720000029       2.59168586E-03
 -0.700000048       5.00546582E-03
 -0.680000067       8.94539617E-03
 -0.660000086       1.48112057E-02
 -0.639999986       2.41197012E-02
 -0.620000005       3.96232978E-02
 -0.600000024       6.40537739E-02
 -0.580000043       9.94112566E-02
 -0.560000062      0.148168772    
 -0.540000081      0.215455875    
 -0.519999981      0.308302939    
 -0.500000000      0.433022112    
 -0.480000019      0.591936648    
 -0.460000038      0.784508944    
 -0.440000057       1.00888944    
 -0.420000076       1.26354015    
 -0.400000095       1.54635811    
 -0.379999995       1.85253870    
 -0.360000014       2.17382050    
 -0.340000033       2.49004221    
 -0.320000052       2.76709557    
 -0.300000072       2.96058416    
 -0.280000091       3.05216384    
 -0.259999990       3.07754755    
 -0.240000010       3.11174059    
 -0.220000029       3.18408275    
 -0.200000048       3.19090009    
 -0.180000067       2.95405483    
 -0.160000086       2.40497065    
 -0.139999986       1.76687384    
 -0.120000005       1.42573905    
 -0.100000024       1.56770563    
  -8.00000429E-02   1.91150558    
  -6.00000620E-02   1.88944638    
  -4.00000811E-02   1.26953042    
  -2.00001001E-02  0.384921938    
   0.00000000       3.47835151E-03
   1.99999809E-02   9.97030747E-06
   3.99999619E-02   1.20848836E-06
   5.99999428E-02   2.22931817E-06
   7.99999237E-02   2.38676336E-07
   9.99999046E-02   1.88468880E-06
  0.119999886       1.24316875E-06
  0.139999866       2.46896093E-06
  0.159999847       2.51336792E-06
  0.180000067       3.35585332E-06
  0.200000048       3.90804553E-06
  0.220000029       4.37020071E-06
  0.240000010       5.27238262E-06
  0.259999990       5.46652018E-06
  0.279999971       6.50322409E-06
  0.299999952       6.66305959E-06
  0.319999933       7.45619263E-06
  0.339999914       7.70039242E-06
  0.359999895       7.92016363E-06
  0.379999876       8.29317105E-06
  0.399999857       8.17053842E-06
  0.419999838       8.46123294E-06
  0.440000057       8.22899801E-06
  0.460000038       7.97046050E-06
  0.480000019       7.86278542E-06
  0.500000000       7.42123302E-06
  0.519999981       7.15916576E-06
  0.539999962       6.72906799E-06
  0.559999943       6.22883499E-06
  0.579999924       5.97310282E-06
  0.599999905       5.49914239E-06
  0.619999886       5.04143463E-06
  0.639999866       4.81509687E-06
  0.659999847       4.42169448E-06
  0.679999828       4.05021547E-06
  0.700000048       3.87061164E-06
  0.720000029       3.57040108E-06
  0.740000010       3.28998090E-06
  0.759999990       3.12846259E-06
  0.779999971       2.91796869E-06
  0.799999952       2.72166358E-06
  0.819999933       2.52645509E-06
  0.839999914       2.41809039E-06
  0.859999895       2.26197903E-06
  0.879999876       2.08289657E-06
  0.899999857       1.99180386E-06
  0.919999838       1.87576074E-06
  0.939999819       1.77057655E-06
  0.960000038       1.62450920E-06
  0.980000019       1.56497003E-06
   1.00000000       1.47347703E-06
   1.01999998       1.39959343E-06
   1.03999996       1.28247598E-06
   1.05999994       1.22284632E-06
   1.07999992       1.16346359E-06
   1.09999990       1.10718906E-06
   1.11999989       1.03503612E-06
   1.13999987       9.50656158E-07
   1.15999985       9.13756253E-07
   1.17999983       8.64772915E-07
   1.19999981       8.32211072E-07
   1.22000003       7.77004516E-07
   1.24000001       7.06012656E-07
   1.25999999       6.69422036E-07
   1.27999997       6.36178584E-07
   1.29999995       6.11742792E-07
   1.31999993       5.92359470E-07
   1.33999991       5.43246870E-07
   1.35999990       4.87215118E-07
   1.37999988       4.53033408E-07
   1.39999986       4.29819522E-07
   1.41999984       4.12971787E-07
   1.43999982       4.05309976E-07
   1.46000004       3.89803574E-07
   1.48000002       3.54319013E-07
   1.50000000       3.11480761E-07
   1.51999998       2.77633831E-07
   1.53999996       2.55018051E-07
   1.55999994       2.38700295E-07
   1.57999992       2.27129647E-07
   1.59999990       2.20636508E-07
   1.61999989       2.16691561E-07
   1.63999987       2.09879175E-07
   1.65999985       1.96376646E-07
   1.67999983       1.76546706E-07
   1.69999981       1.53563889E-07
   1.72000003       1.30309274E-07
   1.74000001       1.08530273E-07
   1.75999999       8.90340672E-08
   1.77999997       7.22691595E-08
   1.79999995       5.82272435E-08
   1.81999993       4.66103245E-08
   1.83999991       3.70443161E-08
   1.85999990       2.91982545E-08
   1.87999988       2.29946284E-08
   1.89999986       1.82664568E-08
   1.91999984       1.45480348E-08
   1.93999982       1.16484022E-08
   1.95999980       9.37022904E-09
   1.98000002       7.65659713E-09
   2.00000000       6.35656328E-09
   2.01999998       5.29477751E-09
   2.03999996       4.45406112E-09
   2.05999994       3.82242993E-09
   2.07999992       3.34747208E-09
   2.09999990       2.94107161E-09
   2.11999989       2.55366883E-09
   2.13999987       2.25953700E-09
   2.15999985       2.04933337E-09
   2.17999983       1.83745508E-09
   2.19999981       1.64195757E-09
   2.21999979       1.51129220E-09
   2.23999977       1.41507006E-09
   2.25999975       1.29570532E-09
   2.27999973       1.19599175E-09
   2.29999971       1.14712195E-09
   2.31999969       1.07557696E-09
   2.33999968       9.88257032E-10
   2.36000013       9.44210488E-10
   2.38000011       9.04523678E-10
   2.40000010       8.48297432E-10
   2.42000008       8.23102975E-10
   2.44000006       7.95293942E-10
   2.46000004       7.32403360E-10
   2.48000002       7.07835346E-10
   2.50000000       6.91209590E-10
   2.51999998       6.47971066E-10
   2.53999996       6.37746800E-10
   2.55999994       6.11479645E-10
   2.57999992       5.65443470E-10
   2.59999990       5.54707225E-10
   2.61999989       5.27620392E-10
   2.63999987       4.81281071E-10
   2.65999985       4.78863227E-10
   2.67999983       4.44917714E-10
   2.69999981       4.26326835E-10
   2.71999979       4.08894585E-10
   2.73999977       3.72156111E-10
   2.75999975       3.66310038E-10
   2.77999973       3.19822835E-10
   2.79999971       2.99507918E-10
   2.81999969       2.88272295E-10
   2.83999968       2.70917122E-10
   2.85999966       2.52946691E-10
   2.88000011       2.22717303E-10
   2.90000010       2.15287732E-10
   2.92000008       1.93899730E-10
   2.94000006       1.86700197E-10
   2.96000004       1.56653329E-10
   2.98000002       1.41596471E-10
   3.00000000       1.25083360E-10
   3.01999998       1.17180293E-10
   3.03999996       1.04111962E-10
   3.05999994       1.26494204E-10
   3.07999992       6.55549781E-11
   3.09999990       2.63632671E-09
