  -2.00000000       9.36217770E-09
  -1.98000002       3.60608610E-08
  -1.96000004       6.35000816E-08
  -1.94000006       1.12122834E-07
  -1.91999996       1.44262344E-07
  -1.89999998       1.98497816E-07
  -1.88000000       2.37643988E-07
  -1.86000001       2.83079004E-07
  -1.84000003       3.19754463E-07
  -1.82000005       3.49211405E-07
  -1.79999995       3.65802805E-07
  -1.77999997       3.73508954E-07
  -1.75999999       3.67829415E-07
  -1.74000001       3.59334194E-07
  -1.72000003       3.48541562E-07
  -1.70000005       3.43655302E-07
  -1.68000007       3.51592860E-07
  -1.65999997       3.74235213E-07
  -1.63999999       4.14247324E-07
  -1.62000000       4.61388993E-07
  -1.60000002       5.01168927E-07
  -1.58000004       5.25790142E-07
  -1.55999994       5.27952068E-07
  -1.53999996       5.13303860E-07
  -1.51999998       5.02958130E-07
  -1.50000000       5.15002569E-07
  -1.48000002       5.48103174E-07
  -1.46000004       6.11805319E-07
  -1.44000006       6.50609365E-07
  -1.42000008       6.70377688E-07
  -1.40000010       6.45552518E-07
  -1.38000000       6.35531080E-07
  -1.36000001       6.63558183E-07
  -1.34000003       7.28290047E-07
  -1.31999993       8.02526415E-07
  -1.29999995       8.13134534E-07
  -1.27999997       7.87782426E-07
  -1.25999999       7.79114885E-07
  -1.24000001       8.34872537E-07
  -1.22000003       9.30310648E-07
  -1.20000005       9.65359504E-07
  -1.18000007       9.41638405E-07
  -1.16000009       9.44380531E-07
  -1.14000010       1.01772230E-06
  -1.12000000       1.10324822E-06
  -1.10000002       1.14937939E-06
  -1.08000004       1.13411704E-06
  -1.05999994       1.07223434E-06
  -1.03999996       1.26576208E-06
  -1.01999998       1.66211112E-06
  -1.00000000       1.28628983E-06
 -0.980000019       7.13564361E-07
 -0.960000038       2.21008418E-06
 -0.940000057       4.10653092E-06
 -0.920000076       1.74067395E-06
 -0.899999976       9.27090525E-07
 -0.879999995       1.40046122E-05
 -0.860000014       3.11026379E-05
 -0.840000033       3.59686019E-05
 -0.820000052       6.20410065E-05
 -0.800000072       1.86388002E-04
 -0.779999971       4.06485546E-04
 -0.759999990       6.90879126E-04
 -0.740000010       1.18508120E-03
 -0.720000029       2.33352603E-03
 -0.700000048       4.50096978E-03
 -0.680000067       7.87053537E-03
 -0.660000086       1.29498066E-02
 -0.639999986       2.13515125E-02
 -0.620000005       3.55080031E-02
 -0.600000024       5.75255901E-02
 -0.580000043       8.91965777E-02
 -0.560000062      0.133128077    
 -0.540000081      0.194716468    
 -0.519999981      0.280443490    
 -0.500000000      0.396150857    
 -0.480000019      0.544036508    
 -0.460000038      0.724444985    
 -0.440000057      0.936580598    
 -0.420000076       1.17957926    
 -0.400000095       1.45236635    
 -0.379999995       1.75151932    
 -0.360000014       2.07146525    
 -0.340000033       2.39268327    
 -0.320000052       2.67936134    
 -0.300000072       2.88312984    
 -0.280000091       2.98547029    
 -0.259999990       3.02899981    
 -0.240000010       3.09762287    
 -0.220000029       3.21982837    
 -0.200000048       3.27172065    
 -0.180000067       3.04928875    
 -0.160000086       2.47725296    
 -0.139999986       1.80970848    
 -0.120000005       1.47826016    
 -0.100000024       1.68333411    
  -8.00000429E-02   2.10209966    
  -6.00000620E-02   2.09709311    
  -4.00000811E-02   1.41355062    
  -2.00001001E-02  0.428942621    
   0.00000000       3.89527204E-03
   1.99999809E-02   8.84246492E-06
   3.99999619E-02   3.38212249E-06
   5.99999428E-02   9.25073550E-07
   7.99999237E-02   1.28972874E-06
   9.99999046E-02   9.17941350E-07
  0.119999886       1.91308459E-06
  0.139999866       1.65940628E-06
  0.159999847       2.85746955E-06
  0.180000067       2.68593317E-06
  0.200000048       3.92594347E-06
  0.220000029       3.93700520E-06
  0.240000010       5.02900002E-06
  0.259999990       5.30793977E-06
  0.279999971       6.02099908E-06
  0.299999952       6.53887855E-06
  0.319999933       6.80408903E-06
  0.339999914       7.47365766E-06
  0.359999895       7.52932146E-06
  0.379999876       8.06337175E-06
  0.399999857       8.04887259E-06
  0.419999838       8.05772015E-06
  0.440000057       8.11760765E-06
  0.460000038       7.85076918E-06
  0.480000019       7.84305666E-06
  0.500000000       7.45300440E-06
  0.519999981       7.06791525E-06
  0.539999962       6.86515295E-06
  0.559999943       6.39156406E-06
  0.579999924       6.00777503E-06
  0.599999905       5.66010658E-06
  0.619999886       5.23961262E-06
  0.639999866       4.92000345E-06
  0.659999847       4.57264559E-06
  0.679999828       4.23974598E-06
  0.700000048       3.98089333E-06
  0.720000029       3.71012243E-06
  0.740000010       3.44751970E-06
  0.759999990       3.22782944E-06
  0.779999971       3.05688809E-06
  0.799999952       2.82572546E-06
  0.819999933       2.64039363E-06
  0.839999914       2.54331212E-06
  0.859999895       2.33117044E-06
  0.879999876       2.19705248E-06
  0.899999857       2.08802112E-06
  0.919999838       1.97681220E-06
  0.939999819       1.82781685E-06
  0.960000038       1.72088551E-06
  0.980000019       1.66110362E-06
   1.00000000       1.55226701E-06
   1.01999998       1.44329351E-06
   1.03999996       1.36211020E-06
   1.05999994       1.31597051E-06
   1.07999992       1.24213716E-06
   1.09999990       1.14109071E-06
   1.11999989       1.08126619E-06
   1.13999987       1.03141429E-06
   1.15999985       1.00502120E-06
   1.17999983       9.19138756E-07
   1.19999981       8.52984613E-07
   1.22000003       8.07995889E-07
   1.24000001       7.79756249E-07
   1.25999999       7.61368199E-07
   1.27999997       6.95116455E-07
   1.29999995       6.32473473E-07
   1.31999993       5.98499582E-07
   1.33999991       5.72989507E-07
   1.35999990       5.63578055E-07
   1.37999988       5.41226711E-07
   1.39999986       4.86320801E-07
   1.41999984       4.35989790E-07
   1.43999982       4.09295524E-07
   1.46000004       3.91043386E-07
   1.48000002       3.78380491E-07
   1.50000000       3.71432009E-07
   1.51999998       3.55227598E-07
   1.53999996       3.21315866E-07
   1.55999994       2.81563928E-07
   1.57999992       2.50489393E-07
   1.59999990       2.30870100E-07
   1.61999989       2.17980585E-07
   1.63999987       2.08330036E-07
   1.65999985       2.01619940E-07
   1.67999983       1.96839650E-07
   1.69999981       1.90295651E-07
   1.72000003       1.78537704E-07
   1.74000001       1.61209769E-07
   1.75999999       1.40486989E-07
   1.77999997       1.18921861E-07
   1.79999995       9.86704407E-08
   1.81999993       8.05749920E-08
   1.83999991       6.48920491E-08
   1.85999990       5.19664809E-08
   1.87999988       4.14326067E-08
   1.89999986       3.28005108E-08
   1.91999984       2.58197517E-08
   1.93999982       2.02320098E-08
   1.95999980       1.59620885E-08
   1.98000002       1.25556809E-08
   2.00000000       9.84893767E-09
   2.01999998       7.80723131E-09
   2.03999996       6.28022967E-09
   2.05999994       5.10868770E-09
   2.07999992       4.14434931E-09
   2.09999990       3.40476003E-09
   2.11999989       2.89153812E-09
   2.13999987       2.44888709E-09
   2.15999985       2.05243333E-09
   2.17999983       1.75877191E-09
   2.19999981       1.54718582E-09
   2.21999979       1.34044742E-09
   2.23999977       1.15234222E-09
   2.25999975       1.04243847E-09
   2.27999973       9.46423939E-10
   2.29999971       8.31686053E-10
   2.31999969       7.54096952E-10
   2.33999968       6.90983604E-10
   2.36000013       6.14598594E-10
   2.38000011       5.61630742E-10
   2.40000010       5.33828093E-10
   2.42000008       4.84717322E-10
   2.44000006       4.46208986E-10
   2.46000004       4.37532094E-10
   2.48000002       4.02728850E-10
   2.50000000       3.77740672E-10
   2.51999998       3.66327524E-10
   2.53999996       3.28143290E-10
   2.55999994       3.05142078E-10
   2.57999992       2.92645380E-10
   2.59999990       2.58616323E-10
   2.61999989       2.43357834E-10
   2.63999987       2.34454262E-10
   2.65999985       2.07588294E-10
   2.67999983       2.02446920E-10
   2.69999981       1.83648860E-10
   2.71999979       1.66619427E-10
   2.73999977       1.50364665E-10
   2.75999975       1.23255059E-10
   2.77999973       1.22104202E-10
   2.79999971       1.07825630E-10
   2.81999969       9.83498213E-11
   2.83999968       8.38099104E-11
   2.85999966       6.88753984E-11
   2.88000011       6.82389006E-11
   2.90000010       5.79988765E-11
   2.92000008       5.09994894E-11
   2.94000006       3.83420865E-11
   2.96000004       3.67038552E-11
   2.98000002       2.98603434E-11
   3.00000000       2.82001367E-11
   3.01999998       4.18158320E-11
   3.03999996       5.99797226E-11
   3.05999994       1.64070951E-10
   3.07999992       8.08771383E-11
   3.09999990       6.47361453E-09
