  -2.00000000       1.01032533E-08
  -1.98000002       5.10704226E-08
  -1.96000004       9.69420739E-08
  -1.94000006       1.47386231E-07
  -1.91999996       2.07953732E-07
  -1.89999998       2.47923850E-07
  -1.88000000       3.02786106E-07
  -1.86000001       3.31281996E-07
  -1.84000003       3.65196797E-07
  -1.82000005       3.70088429E-07
  -1.79999995       3.73901457E-07
  -1.77999997       3.57479507E-07
  -1.75999999       3.48057199E-07
  -1.74000001       3.40059700E-07
  -1.72000003       3.45502315E-07
  -1.70000005       3.62654163E-07
  -1.68000007       3.91466699E-07
  -1.65999997       4.23143092E-07
  -1.63999999       4.62277001E-07
  -1.62000000       4.85293469E-07
  -1.60000002       5.03489900E-07
  -1.58000004       5.02106900E-07
  -1.55999994       5.03842273E-07
  -1.53999996       5.04707202E-07
  -1.51999998       5.35359447E-07
  -1.50000000       5.64091124E-07
  -1.48000002       6.01712486E-07
  -1.46000004       6.23232097E-07
  -1.44000006       6.27618533E-07
  -1.42000008       6.32425156E-07
  -1.40000010       6.43873022E-07
  -1.38000000       6.89303533E-07
  -1.36000001       7.27593090E-07
  -1.34000003       7.59908403E-07
  -1.31999993       7.71403109E-07
  -1.29999995       7.70660620E-07
  -1.27999997       8.03946534E-07
  -1.25999999       8.47384172E-07
  -1.24000001       8.88472300E-07
  -1.22000003       9.11256109E-07
  -1.20000005       9.22691299E-07
  -1.18000007       9.64380888E-07
  -1.16000009       1.02328931E-06
  -1.14000010       1.04566777E-06
  -1.12000000       1.07051414E-06
  -1.10000002       1.14374404E-06
  -1.08000004       1.16763135E-06
  -1.05999994       1.13814542E-06
  -1.03999996       1.35937239E-06
  -1.01999998       1.55290900E-06
  -1.00000000       1.09324105E-06
 -0.980000019       1.02876618E-06
 -0.960000038       2.71295698E-06
 -0.940000057       3.29541945E-06
 -0.920000076       5.16761020E-07
 -0.899999976       2.49656455E-06
 -0.879999995       1.57949908E-05
 -0.860000014       2.62724425E-05
 -0.840000033       2.67870528E-05
 -0.820000052       6.20113497E-05
 -0.800000072       1.85234880E-04
 -0.779999971       3.73987481E-04
 -0.759999990       6.10913907E-04
 -0.740000010       1.09030318E-03
 -0.720000029       2.20126333E-03
 -0.700000048       4.21305094E-03
 -0.680000067       7.26277754E-03
 -0.660000086       1.19477436E-02
 -0.639999986       1.98827330E-02
 -0.620000005       3.32562514E-02
 -0.600000024       5.39106429E-02
 -0.580000043       8.34906176E-02
 -0.560000062      0.124815762    
 -0.540000081      0.183164552    
 -0.519999981      0.264873624    
 -0.500000000      0.375301450    
 -0.480000019      0.516825259    
 -0.460000038      0.690138280    
 -0.440000057      0.894969523    
 -0.420000076       1.13091052    
 -0.400000095       1.39719510    
 -0.379999995       1.69181657    
 -0.360000014       2.01028490    
 -0.340000033       2.33398509    
 -0.320000052       2.62533617    
 -0.300000072       2.83391976    
 -0.280000091       2.94135618    
 -0.259999990       2.99500132    
 -0.240000010       3.08491826    
 -0.220000029       3.23813510    
 -0.200000048       3.31803989    
 -0.180000067       3.10361314    
 -0.160000086       2.51657820    
 -0.139999986       1.83108246    
 -0.120000005       1.50765860    
 -0.100000024       1.75496960    
  -8.00000429E-02   2.22248077    
  -6.00000620E-02   2.22880077    
  -4.00000811E-02   1.50477719    
  -2.00001001E-02  0.456862658    
   0.00000000       4.14314168E-03
   1.99999809E-02   1.02874146E-05
   3.99999619E-02   2.61412038E-06
   5.99999428E-02   1.76611115E-06
   7.99999237E-02   4.79510447E-07
   9.99999046E-02   1.66760651E-06
  0.119999886       1.06508355E-06
  0.139999866       2.39244378E-06
  0.159999847       2.02461592E-06
  0.180000067       3.32910349E-06
  0.200000048       3.19226547E-06
  0.220000029       4.30018827E-06
  0.240000010       4.46933154E-06
  0.259999990       5.23945482E-06
  0.279999971       5.78114759E-06
  0.299999952       6.18083050E-06
  0.319999933       6.94583559E-06
  0.339999914       7.01366298E-06
  0.359999895       7.61749197E-06
  0.379999876       7.62410400E-06
  0.399999857       7.88612397E-06
  0.419999838       8.07662582E-06
  0.440000057       7.89324258E-06
  0.460000038       7.94475727E-06
  0.480000019       7.60689909E-06
  0.500000000       7.44053796E-06
  0.519999981       7.25077916E-06
  0.539999962       6.74378998E-06
  0.559999943       6.46391936E-06
  0.579999924       6.12446274E-06
  0.599999905       5.68550695E-06
  0.619999886       5.35561639E-06
  0.639999866       4.99204816E-06
  0.659999847       4.65036692E-06
  0.679999828       4.35335778E-06
  0.700000048       4.05257242E-06
  0.720000029       3.78105233E-06
  0.740000010       3.53834662E-06
  0.759999990       3.32495938E-06
  0.779999971       3.08571020E-06
  0.799999952       2.90631192E-06
  0.819999933       2.75615616E-06
  0.839999914       2.53653184E-06
  0.859999895       2.42128567E-06
  0.879999876       2.27630721E-06
  0.899999857       2.12722034E-06
  0.919999838       2.01150669E-06
  0.939999819       1.89668935E-06
  0.960000038       1.80113830E-06
  0.980000019       1.66765540E-06
   1.00000000       1.60169509E-06
   1.01999998       1.50126641E-06
   1.03999996       1.42783028E-06
   1.05999994       1.32431387E-06
   1.07999992       1.27526278E-06
   1.09999990       1.20077857E-06
   1.11999989       1.13290582E-06
   1.13999987       1.06035679E-06
   1.15999985       1.00565978E-06
   1.17999983       9.73251531E-07
   1.19999981       9.02108013E-07
   1.22000003       8.51228265E-07
   1.24000001       7.93213985E-07
   1.25999999       7.63595438E-07
   1.27999997       7.40792245E-07
   1.29999995       6.82225732E-07
   1.31999993       6.34406604E-07
   1.33999991       5.94448522E-07
   1.35999990       5.63747108E-07
   1.37999988       5.54513804E-07
   1.39999986       5.28058706E-07
   1.41999984       4.79662390E-07
   1.43999982       4.40843138E-07
   1.46000004       4.12217730E-07
   1.48000002       3.86933266E-07
   1.50000000       3.74125733E-07
   1.51999998       3.68334724E-07
   1.53999996       3.50170211E-07
   1.55999994       3.17116530E-07
   1.57999992       2.82918478E-07
   1.59999990       2.56837438E-07
   1.61999989       2.36717241E-07
   1.63999987       2.19639134E-07
   1.65999985       2.07640014E-07
   1.67999983       2.01916620E-07
   1.69999981       1.98390723E-07
   1.72000003       1.91344611E-07
   1.74000001       1.78225619E-07
   1.75999999       1.60468502E-07
   1.77999997       1.40771817E-07
   1.79999995       1.20965225E-07
   1.81999993       1.02196090E-07
   1.83999991       8.53075264E-08
   1.85999990       7.05319394E-08
   1.87999988       5.76350416E-08
   1.89999986       4.65156660E-08
   1.91999984       3.71504605E-08
   1.93999982       2.96039513E-08
   1.95999980       2.35290525E-08
   1.98000002       1.86401099E-08
   2.00000000       1.48103272E-08
   2.01999998       1.19015962E-08
   2.03999996       9.63092095E-09
   2.05999994       7.78711939E-09
   2.07999992       6.38169650E-09
   2.09999990       5.33861355E-09
   2.11999989       4.46679360E-09
   2.13999987       3.73199205E-09
   2.15999985       3.19487814E-09
   2.17999983       2.76624212E-09
   2.19999981       2.36989628E-09
   2.21999979       2.05945550E-09
   2.23999977       1.85225280E-09
   2.25999975       1.65824743E-09
   2.27999973       1.45336732E-09
   2.29999971       1.32086364E-09
   2.31999969       1.22693744E-09
   2.33999968       1.10295439E-09
   2.36000013       1.01267517E-09
   2.38000011       9.51786427E-10
   2.40000010       8.72653838E-10
   2.42000008       8.16414158E-10
   2.44000006       8.00076894E-10
   2.46000004       7.54507401E-10
   2.48000002       7.14444615E-10
   2.50000000       6.98427260E-10
   2.51999998       6.47828458E-10
   2.53999996       6.19502449E-10
   2.55999994       6.07883077E-10
   2.57999992       5.73496250E-10
   2.59999990       5.55364033E-10
   2.61999989       5.27400235E-10
   2.63999987       4.96173658E-10
   2.65999985       5.07188014E-10
   2.67999983       4.67935413E-10
   2.69999981       4.39996789E-10
   2.71999979       4.34602909E-10
   2.73999977       4.03319378E-10
   2.75999975       4.02155059E-10
   2.77999973       3.76029874E-10
   2.79999971       3.67460201E-10
   2.81999969       3.62860797E-10
   2.83999968       3.52295693E-10
   2.85999966       3.56520397E-10
   2.88000011       3.33106431E-10
   2.90000010       3.27606914E-10
   2.92000008       3.18449433E-10
   2.94000006       3.31830396E-10
   2.96000004       3.21734861E-10
   2.98000002       3.33541750E-10
   3.00000000       3.46112916E-10
   3.01999998       3.68505504E-10
   3.03999996       4.00802946E-10
   3.05999994       6.17598472E-10
   3.07999992       3.44185069E-10
   3.09999990       9.15458820E-09
