  -2.00000000       2.03186339E-08
  -1.98000002       6.42470965E-08
  -1.96000004       1.37205703E-07
  -1.94000006       1.88104991E-07
  -1.91999996       2.65105143E-07
  -1.89999998       3.06370310E-07
  -1.88000000       3.53846929E-07
  -1.86000001       3.78074446E-07
  -1.84000003       3.86901775E-07
  -1.82000005       3.78060264E-07
  -1.79999995       3.57615022E-07
  -1.77999997       3.30789760E-07
  -1.75999999       3.17625080E-07
  -1.74000001       3.18865716E-07
  -1.72000003       3.43029598E-07
  -1.70000005       3.83017039E-07
  -1.68000007       4.28884164E-07
  -1.65999997       4.68937799E-07
  -1.63999999       4.97685562E-07
  -1.62000000       5.00142164E-07
  -1.60000002       4.91845469E-07
  -1.58000004       4.74903317E-07
  -1.55999994       4.81664415E-07
  -1.53999996       5.09028666E-07
  -1.51999998       5.67246786E-07
  -1.50000000       6.05970627E-07
  -1.48000002       6.33336242E-07
  -1.46000004       6.15723934E-07
  -1.44000006       6.00218357E-07
  -1.42000008       6.10848531E-07
  -1.40000010       6.63950061E-07
  -1.38000000       7.37537164E-07
  -1.36000001       7.63716628E-07
  -1.34000003       7.56250358E-07
  -1.31999993       7.34687717E-07
  -1.29999995       7.60115938E-07
  -1.27999997       8.42865347E-07
  -1.25999999       8.95500193E-07
  -1.24000001       8.95071992E-07
  -1.22000003       8.75234662E-07
  -1.20000005       9.14494592E-07
  -1.18000007       1.01607532E-06
  -1.16000009       1.06118728E-06
  -1.14000010       1.02865351E-06
  -1.12000000       1.04525986E-06
  -1.10000002       1.17490265E-06
  -1.08000004       1.20778282E-06
  -1.05999994       1.15841385E-06
  -1.03999996       1.36452695E-06
  -1.01999998       1.50831374E-06
  -1.00000000       1.04788796E-06
 -0.980000019       1.25974577E-06
 -0.960000038       2.82740825E-06
 -0.940000057       2.77481786E-06
 -0.920000076       1.14741141E-07
 -0.899999976       3.67889174E-06
 -0.879999995       1.61740409E-05
 -0.860000014       2.29128000E-05
 -0.840000033       2.28491917E-05
 -0.820000052       6.31037547E-05
 -0.800000072       1.83828568E-04
 -0.779999971       3.52006289E-04
 -0.759999990       5.69698517E-04
 -0.740000010       1.04136730E-03
 -0.720000029       2.13259319E-03
 -0.700000048       4.04435070E-03
 -0.680000067       6.92669442E-03
 -0.660000086       1.13988398E-02
 -0.639999986       1.90859791E-02
 -0.620000005       3.20125446E-02
 -0.600000024       5.18895313E-02
 -0.580000043       8.03179517E-02
 -0.560000062      0.120176218    
 -0.540000081      0.176749676    
 -0.519999981      0.256127298    
 -0.500000000      0.363599867    
 -0.480000019      0.501429975    
 -0.460000038      0.670726776    
 -0.440000057      0.871296763    
 -0.420000076       1.10307491    
 -0.400000095       1.36549282    
 -0.379999995       1.65724444    
 -0.360000014       1.97480655    
 -0.340000033       2.29960942    
 -0.320000052       2.59346175    
 -0.300000072       2.80425525    
 -0.280000091       2.91422534    
 -0.259999990       2.97353077    
 -0.240000010       3.07601643    
 -0.220000029       3.24785471    
 -0.200000048       3.34422946    
 -0.180000067       3.13433647    
 -0.160000086       2.53796101    
 -0.139999986       1.84196818    
 -0.120000005       1.52406573    
 -0.100000024       1.79751897    
  -8.00000429E-02   2.29492307    
  -6.00000620E-02   2.30806780    
  -4.00000811E-02   1.55976057    
  -2.00001001E-02  0.473607630    
   0.00000000       4.31724265E-03
   1.99999809E-02   8.04135561E-06
   3.99999619E-02   5.10659265E-06
   5.99999428E-02   1.41681397E-07
   7.99999237E-02   1.74244235E-06
   9.99999046E-02   6.15663225E-07
  0.119999886       1.88004856E-06
  0.139999866       1.65404765E-06
  0.159999847       2.51597498E-06
  0.180000067       2.86778436E-06
  0.200000048       3.36668359E-06
  0.220000029       4.13096404E-06
  0.240000010       4.32538536E-06
  0.259999990       5.31784281E-06
  0.279999971       5.39204984E-06
  0.299999952       6.36403638E-06
  0.319999933       6.53527786E-06
  0.339999914       7.11415487E-06
  0.359999895       7.43499868E-06
  0.379999876       7.47838112E-06
  0.399999857       7.93728668E-06
  0.419999838       7.78434332E-06
  0.440000057       8.00373982E-06
  0.460000038       7.83915948E-06
  0.480000019       7.53126824E-06
  0.500000000       7.53528502E-06
  0.519999981       7.11857365E-06
  0.539999962       6.83787584E-06
  0.559999943       6.52048948E-06
  0.579999924       6.04565139E-06
  0.599999905       5.82171833E-06
  0.619999886       5.40304291E-06
  0.639999866       4.96055281E-06
  0.659999847       4.77769527E-06
  0.679999828       4.40095528E-06
  0.700000048       4.03555168E-06
  0.720000029       3.89000070E-06
  0.740000010       3.59340152E-06
  0.759999990       3.30489979E-06
  0.779999971       3.17243234E-06
  0.799999952       2.96787107E-06
  0.819999933       2.74890249E-06
  0.839999914       2.58136765E-06
  0.859999895       2.48418883E-06
  0.879999876       2.30874093E-06
  0.899999857       2.12052009E-06
  0.919999838       2.07117068E-06
  0.939999819       1.94482845E-06
  0.960000038       1.81107828E-06
  0.980000019       1.67745191E-06
   1.00000000       1.64848882E-06
   1.01999998       1.54493569E-06
   1.03999996       1.43760326E-06
   1.05999994       1.33030198E-06
   1.07999992       1.31175989E-06
   1.09999990       1.23952020E-06
   1.11999989       1.15975831E-06
   1.13999987       1.05392314E-06
   1.15999985       1.02848185E-06
   1.17999983       9.99992380E-07
   1.19999981       9.44034241E-07
   1.22000003       8.65175593E-07
   1.24000001       7.88042939E-07
   1.25999999       7.79677407E-07
   1.27999997       7.62339596E-07
   1.29999995       7.21633114E-07
   1.31999993       6.61010745E-07
   1.33999991       5.88398223E-07
   1.35999990       5.64732318E-07
   1.37999988       5.67864220E-07
   1.39999986       5.48914329E-07
   1.41999984       5.15899160E-07
   1.43999982       4.69358525E-07
   1.46000004       4.13521349E-07
   1.48000002       3.81004924E-07
   1.50000000       3.78100708E-07
   1.51999998       3.77800575E-07
   1.53999996       3.65388587E-07
   1.55999994       3.44185452E-07
   1.57999992       3.14437528E-07
   1.59999990       2.76429688E-07
   1.61999989       2.39556925E-07
   1.63999987       2.15314941E-07
   1.65999985       2.06260523E-07
   1.67999983       2.05304900E-07
   1.69999981       2.04147057E-07
   1.72000003       1.98852135E-07
   1.74000001       1.89475642E-07
   1.75999999       1.76959659E-07
   1.77999997       1.61565922E-07
   1.79999995       1.43161458E-07
   1.81999993       1.22552919E-07
   1.83999991       1.01832356E-07
   1.85999990       8.26577633E-08
   1.87999988       6.58265549E-08
   1.89999986       5.17433136E-08
   1.91999984       4.06345677E-08
   1.93999982       3.19917071E-08
   1.95999980       2.51860470E-08
   1.98000002       1.99042578E-08
   2.00000000       1.58845435E-08
   2.01999998       1.27827864E-08
   2.03999996       1.02909148E-08
   2.05999994       8.29157010E-09
   2.07999992       6.79991441E-09
   2.09999990       5.64664893E-09
   2.11999989       4.65463668E-09
   2.13999987       3.89955002E-09
   2.15999985       3.35277806E-09
   2.17999983       2.87701640E-09
   2.19999981       2.44159759E-09
   2.21999979       2.13337126E-09
   2.23999977       1.90230365E-09
   2.25999975       1.64630709E-09
   2.27999973       1.44385193E-09
   2.29999971       1.30417876E-09
   2.31999969       1.16010046E-09
   2.33999968       1.05264142E-09
   2.36000013       9.78163328E-10
   2.38000011       8.76012041E-10
   2.40000010       7.74241726E-10
   2.42000008       7.23912652E-10
   2.44000006       6.69797329E-10
   2.46000004       6.09299833E-10
   2.48000002       5.85193005E-10
   2.50000000       5.37418776E-10
   2.51999998       4.89800922E-10
   2.53999996       4.70172457E-10
   2.55999994       4.26134517E-10
   2.57999992       3.89504318E-10
   2.59999990       3.71767894E-10
   2.61999989       3.33844924E-10
   2.63999987       3.07870923E-10
   2.65999985       2.79108070E-10
   2.67999983       2.47783183E-10
   2.69999981       2.27186381E-10
   2.71999979       1.92815722E-10
   2.73999977       1.83829646E-10
   2.75999975       1.72511630E-10
   2.77999973       1.45550239E-10
   2.79999971       1.31064701E-10
   2.81999969       1.08667540E-10
   2.83999968       1.05654790E-10
   2.85999966       9.02421610E-11
   2.88000011       7.45205980E-11
   2.90000010       6.24196111E-11
   2.92000008       5.05182701E-11
   2.94000006       4.68829905E-11
   2.96000004       3.61186983E-11
   2.98000002       3.88701953E-11
   3.00000000       4.15643249E-11
   3.01999998       5.29872118E-11
   3.03999996       7.56360877E-11
   3.05999994       2.26432623E-10
   3.07999992       9.17390677E-11
   3.09999990       1.01439577E-08
