  -2.00000000       3.20282894E-08
  -1.98000002       1.20387398E-07
  -1.96000004       2.09158316E-07
  -1.94000006       3.27216753E-07
  -1.91999996       3.89853625E-07
  -1.89999998       4.63103959E-07
  -1.88000000       4.71634223E-07
  -1.86000001       4.64386943E-07
  -1.84000003       4.20462783E-07
  -1.82000005       3.69674751E-07
  -1.79999995       3.13321124E-07
  -1.77999997       2.84502448E-07
  -1.75999999       2.82385372E-07
  -1.74000001       3.22797547E-07
  -1.72000003       3.86963649E-07
  -1.70000005       4.55802819E-07
  -1.68000007       5.04583966E-07
  -1.65999997       5.25171970E-07
  -1.63999999       5.09884956E-07
  -1.62000000       4.87751606E-07
  -1.60000002       4.60815443E-07
  -1.58000004       4.65311729E-07
  -1.55999994       5.04024911E-07
  -1.53999996       5.73599095E-07
  -1.51999998       6.22164180E-07
  -1.50000000       6.37957100E-07
  -1.48000002       6.16753596E-07
  -1.46000004       5.85842372E-07
  -1.44000006       6.04383217E-07
  -1.42000008       6.58882982E-07
  -1.40000010       7.42205600E-07
  -1.38000000       7.69654264E-07
  -1.36000001       7.46121657E-07
  -1.34000003       7.24702090E-07
  -1.31999993       7.48855086E-07
  -1.29999995       8.33903698E-07
  -1.27999997       8.98148357E-07
  -1.25999999       8.86463909E-07
  -1.24000001       8.63507410E-07
  -1.22000003       8.98816609E-07
  -1.20000005       9.97854045E-07
  -1.18000007       1.05688116E-06
  -1.16000009       1.02475167E-06
  -1.14000010       1.01991054E-06
  -1.12000000       1.13619035E-06
  -1.10000002       1.22801214E-06
  -1.08000004       1.16964611E-06
  -1.05999994       1.21986284E-06
  -1.03999996       1.46022194E-06
  -1.01999998       1.33446463E-06
  -1.00000000       1.04778758E-06
 -0.980000019       1.80353663E-06
 -0.960000038       2.81861594E-06
 -0.940000057       1.33287278E-06
 -0.920000076       3.28182949E-07
 -0.899999976       6.35414835E-06
 -0.879999995       1.54145800E-05
 -0.860000014       1.42414929E-05
 -0.840000033       1.82951353E-05
 -0.820000052       6.80648154E-05
 -0.800000072       1.75216934E-04
 -0.779999971       2.98042374E-04
 -0.759999990       4.83454030E-04
 -0.740000010       9.50310961E-04
 -0.720000029       1.97219965E-03
 -0.700000048       3.65782133E-03
 -0.680000067       6.15608506E-03
 -0.660000086       1.02115264E-02
 -0.639999986       1.73163172E-02
 -0.620000005       2.92340107E-02
 -0.600000024       4.72913012E-02
 -0.580000043       7.31412396E-02
 -0.560000062      0.109705962    
 -0.540000081      0.162194401    
 -0.519999981      0.236245438    
 -0.500000000      0.336712360    
 -0.480000019      0.466108501    
 -0.460000038      0.625812113    
 -0.440000057      0.816467583    
 -0.420000076       1.03797328    
 -0.400000095       1.29093289    
 -0.379999995       1.57543540    
 -0.360000014       1.89028823    
 -0.340000033       2.21734691    
 -0.320000052       2.51581144    
 -0.300000072       2.73071480    
 -0.280000091       2.84490967    
 -0.259999990       2.91738653    
 -0.240000010       3.05048323    
 -0.220000029       3.26821303    
 -0.200000048       3.40477753    
 -0.180000067       3.20456243    
 -0.160000086       2.58442736    
 -0.139999986       1.86286974    
 -0.120000005       1.56107628    
 -0.100000024       1.90193737    
  -8.00000429E-02   2.47501183    
  -6.00000620E-02   2.50559211    
  -4.00000811E-02   1.69642711    
  -2.00001001E-02  0.515412033    
   0.00000000       4.66691982E-03
   1.99999809E-02   1.24240596E-05
   3.99999619E-02   2.19602452E-06
   5.99999428E-02   2.31956506E-06
   7.99999237E-02   1.37580813E-07
   9.99999046E-02   1.81887401E-06
  0.119999886       8.41788165E-07
  0.139999866       2.31195463E-06
  0.159999847       1.84967712E-06
  0.180000067       3.05121466E-06
  0.200000048       3.01707996E-06
  0.220000029       3.88062062E-06
  0.240000010       4.27829991E-06
  0.259999990       4.77596177E-06
  0.279999971       5.54942562E-06
  0.299999952       5.73295802E-06
  0.319999933       6.59645684E-06
  0.339999914       6.60447267E-06
  0.359999895       7.19056789E-06
  0.379999876       7.34256400E-06
  0.399999857       7.52347796E-06
  0.419999838       7.86862711E-06
  0.440000057       7.62717536E-06
  0.460000038       7.75164699E-06
  0.480000019       7.53089398E-06
  0.500000000       7.34671858E-06
  0.519999981       7.26645476E-06
  0.539999962       6.76236959E-06
  0.559999943       6.52304561E-06
  0.579999924       6.26848805E-06
  0.599999905       5.78909157E-06
  0.619999886       5.50599088E-06
  0.639999866       5.17475473E-06
  0.659999847       4.79159280E-06
  0.679999828       4.52839140E-06
  0.700000048       4.22905259E-06
  0.720000029       3.92265156E-06
  0.740000010       3.70150292E-06
  0.759999990       3.48391677E-06
  0.779999971       3.21919856E-06
  0.799999952       3.03543993E-06
  0.819999933       2.90682124E-06
  0.839999914       2.66181610E-06
  0.859999895       2.51559504E-06
  0.879999876       2.42148099E-06
  0.899999857       2.23821962E-06
  0.919999838       2.10816961E-06
  0.939999819       1.99088981E-06
  0.960000038       1.92191101E-06
  0.980000019       1.76899050E-06
   1.00000000       1.67187761E-06
   1.01999998       1.59182730E-06
   1.03999996       1.53008546E-06
   1.05999994       1.41768919E-06
   1.07999992       1.33404501E-06
   1.09999990       1.26670784E-06
   1.11999989       1.23321058E-06
   1.13999987       1.14465297E-06
   1.15999985       1.07478184E-06
   1.17999983       9.99497274E-07
   1.19999981       9.85131692E-07
   1.22000003       9.38714209E-07
   1.24000001       8.73705687E-07
   1.25999999       8.07227252E-07
   1.27999997       7.54525956E-07
   1.29999995       7.53233564E-07
   1.31999993       7.23231096E-07
   1.33999991       6.68753216E-07
   1.35999990       6.15108661E-07
   1.37999988       5.63062997E-07
   1.39999986       5.48918990E-07
   1.41999984       5.48921946E-07
   1.43999982       5.21427296E-07
   1.46000004       4.81349616E-07
   1.48000002       4.38687721E-07
   1.50000000       3.94105797E-07
   1.51999998       3.69632147E-07
   1.53999996       3.70028943E-07
   1.55999994       3.68663194E-07
   1.57999992       3.50833716E-07
   1.59999990       3.24135613E-07
   1.61999989       2.94198628E-07
   1.63999987       2.61035950E-07
   1.65999985       2.30036235E-07
   1.67999983       2.09949363E-07
   1.69999981       2.03061802E-07
   1.72000003       2.02987792E-07
   1.74000001       2.01876801E-07
   1.75999999       1.95765210E-07
   1.77999997       1.84421850E-07
   1.79999995       1.69519026E-07
   1.81999993       1.52742942E-07
   1.83999991       1.34782709E-07
   1.85999990       1.15905557E-07
   1.87999988       9.70306360E-08
   1.89999986       7.94869948E-08
   1.91999984       6.41478763E-08
   1.93999982       5.11195921E-08
   1.95999980       4.05432985E-08
   1.98000002       3.23693143E-08
   2.00000000       2.60491770E-08
   2.01999998       2.10225366E-08
   2.03999996       1.70718693E-08
   2.05999994       1.40515573E-08
   2.07999992       1.15978374E-08
   2.09999990       9.54075663E-09
   2.11999989       7.97433586E-09
   2.13999987       6.74163747E-09
   2.15999985       5.66989167E-09
   2.17999983       4.82373697E-09
   2.19999981       4.21424318E-09
   2.21999979       3.65360275E-09
   2.23999977       3.13860893E-09
   2.25999975       2.77570389E-09
   2.27999973       2.48122745E-09
   2.29999971       2.19296648E-09
   2.31999969       1.97448569E-09
   2.33999968       1.79693360E-09
   2.36000013       1.60580105E-09
   2.38000011       1.48488355E-09
   2.40000010       1.40390033E-09
   2.42000008       1.28043964E-09
   2.44000006       1.18001120E-09
   2.46000004       1.11506793E-09
   2.48000002       1.02175490E-09
   2.50000000       9.64231250E-10
   2.51999998       9.22916632E-10
   2.53999996       8.55512550E-10
   2.55999994       8.28002278E-10
   2.57999992       7.93864197E-10
   2.59999990       7.38499706E-10
   2.61999989       7.24567295E-10
   2.63999987       6.68719524E-10
   2.65999985       6.23082752E-10
   2.67999983       5.88148918E-10
   2.69999981       5.52641599E-10
   2.71999979       5.53714019E-10
   2.73999977       5.08808273E-10
   2.75999975       4.84545570E-10
   2.77999973       4.73929229E-10
   2.79999971       4.51989113E-10
   2.81999969       4.53015930E-10
   2.83999968       4.15598445E-10
   2.85999966       4.05311867E-10
   2.88000011       3.87847920E-10
   2.90000010       3.80572768E-10
   2.92000008       3.72710307E-10
   2.94000006       3.67348152E-10
   2.96000004       3.76990494E-10
   2.98000002       3.84395266E-10
   3.00000000       4.17175988E-10
   3.01999998       4.79508766E-10
   3.03999996       5.77374593E-10
   3.05999994       9.24829935E-10
   3.07999992       5.32294542E-10
   3.09999990       1.92888816E-08
