  -2.00000000       7.76225235E-08
  -1.98000002       2.29119934E-07
  -1.96000004       4.43481099E-07
  -1.94000006       5.66728261E-07
  -1.91999996       6.54600626E-07
  -1.89999998       6.22429638E-07
  -1.88000000       5.22433254E-07
  -1.86000001       3.88491685E-07
  -1.84000003       2.63474078E-07
  -1.82000005       2.03265728E-07
  -1.79999995       2.23858621E-07
  -1.77999997       3.08253874E-07
  -1.75999999       4.34654282E-07
  -1.74000001       5.38623112E-07
  -1.72000003       5.85919111E-07
  -1.70000005       5.58058389E-07
  -1.68000007       4.82289352E-07
  -1.65999997       4.07774763E-07
  -1.63999999       3.93336705E-07
  -1.62000000       4.46162488E-07
  -1.60000002       5.47079026E-07
  -1.58000004       6.32370302E-07
  -1.55999994       6.53356551E-07
  -1.53999996       6.03224180E-07
  -1.51999998       5.37918709E-07
  -1.50000000       5.30343812E-07
  -1.48000002       5.96776260E-07
  -1.46000004       7.18301692E-07
  -1.44000006       7.67518543E-07
  -1.42000008       7.33580237E-07
  -1.40000010       6.62486798E-07
  -1.38000000       6.63848652E-07
  -1.36000001       7.79237553E-07
  -1.34000003       8.75113187E-07
  -1.31999993       8.68762413E-07
  -1.29999995       7.96218103E-07
  -1.27999997       7.93301183E-07
  -1.25999999       9.21046876E-07
  -1.24000001       1.02438912E-06
  -1.22000003       9.87015824E-07
  -1.20000005       9.21974731E-07
  -1.18000007       9.93548724E-07
  -1.16000009       1.14983015E-06
  -1.14000010       1.18226615E-06
  -1.12000000       1.09620134E-06
  -1.10000002       1.12006228E-06
  -1.08000004       1.31462241E-06
  -1.05999994       1.44391527E-06
  -1.03999996       1.27168664E-06
  -1.01999998       1.11535030E-06
  -1.00000000       1.59384774E-06
 -0.980000019       2.30126943E-06
 -0.960000038       1.68504175E-06
 -0.940000057       3.92702219E-07
 -0.920000076       2.59035437E-06
 -0.899999976       8.35615538E-06
 -0.879999995       1.00279549E-05
 -0.860000014       5.74834257E-06
 -0.840000033       2.05666347E-05
 -0.820000052       7.37429946E-05
 -0.800000072       1.50220396E-04
 -0.779999971       2.24755931E-04
 -0.759999990       3.97742901E-04
 -0.740000010       8.56229104E-04
 -0.720000029       1.75844715E-03
 -0.700000048       3.12427594E-03
 -0.680000067       5.19425096E-03
 -0.660000086       8.76368489E-03
 -0.639999986       1.51422713E-02
 -0.620000005       2.56637186E-02
 -0.600000024       4.13513817E-02
 -0.580000043       6.39068186E-02
 -0.560000062       9.62738171E-02
 -0.540000081      0.143434390    
 -0.519999981      0.210288644    
 -0.500000000      0.301390946    
 -0.480000019      0.419289351    
 -0.460000038      0.566076398    
 -0.440000057      0.742722631    
 -0.420000076      0.949524760    
 -0.400000095       1.18833065    
 -0.379999995       1.46181071    
 -0.360000014       1.77206445    
 -0.340000033       2.10074925    
 -0.320000052       2.40335703    
 -0.300000072       2.61992550    
 -0.280000091       2.73665142    
 -0.259999990       2.82617140    
 -0.240000010       3.00463772    
 -0.220000029       3.29071474    
 -0.200000048       3.48516011    
 -0.180000067       3.29585886    
 -0.160000086       2.63737869    
 -0.139999986       1.87946463    
 -0.120000005       1.60771823    
 -0.100000024       2.05655241    
  -8.00000429E-02   2.74729800    
  -6.00000620E-02   2.80445361    
  -4.00000811E-02   1.90295160    
  -2.00001001E-02  0.578370929    
   0.00000000       5.23498468E-03
   1.99999809E-02   1.40841130E-05
   3.99999619E-02   2.31788681E-06
   5.99999428E-02   2.52470045E-06
   7.99999237E-02   5.53010828E-08
   9.99999046E-02   1.74490629E-06
  0.119999886       7.76119009E-07
  0.139999866       2.08182155E-06
  0.159999847       1.78061396E-06
  0.180000067       2.72899479E-06
  0.200000048       2.94095662E-06
  0.220000029       3.52747884E-06
  0.240000010       4.14786791E-06
  0.259999990       4.38215466E-06
  0.279999971       5.24300140E-06
  0.299999952       5.28266992E-06
  0.319999933       6.16438911E-06
  0.339999914       6.26965721E-06
  0.359999895       6.84641236E-06
  0.379999876       7.10056702E-06
  0.399999857       7.14937414E-06
  0.419999838       7.52441565E-06
  0.440000057       7.35708500E-06
  0.460000038       7.60708826E-06
  0.480000019       7.45234456E-06
  0.500000000       7.18925730E-06
  0.519999981       7.17563580E-06
  0.539999962       6.79602817E-06
  0.559999943       6.61830654E-06
  0.579999924       6.30126624E-06
  0.599999905       5.85245743E-06
  0.619999886       5.70309567E-06
  0.639999866       5.30854186E-06
  0.659999847       4.88990645E-06
  0.679999828       4.73961472E-06
  0.700000048       4.38398820E-06
  0.720000029       4.03228205E-06
  0.740000010       3.90723699E-06
  0.759999990       3.61734647E-06
  0.779999971       3.32437253E-06
  0.799999952       3.23457243E-06
  0.819999933       3.00660122E-06
  0.839999914       2.76740843E-06
  0.859999895       2.68028543E-06
  0.879999876       2.52183145E-06
  0.899999857       2.34493086E-06
  0.919999838       2.20212223E-06
  0.939999819       2.14064312E-06
  0.960000038       2.00109662E-06
  0.980000019       1.83660302E-06
   1.00000000       1.78926086E-06
   1.01999998       1.70884675E-06
   1.03999996       1.59988633E-06
   1.05999994       1.46364277E-06
   1.07999992       1.44464127E-06
   1.09999990       1.38089683E-06
   1.11999989       1.29140358E-06
   1.13999987       1.17360628E-06
   1.15999985       1.15616854E-06
   1.17999983       1.12506609E-06
   1.19999981       1.05488334E-06
   1.22000003       9.55548671E-07
   1.24000001       9.03603279E-07
   1.25999999       9.10854567E-07
   1.27999997       8.67077460E-07
   1.29999995       8.03185287E-07
   1.31999993       7.23070514E-07
   1.33999991       6.91167429E-07
   1.35999990       6.98229826E-07
   1.37999988       6.70953909E-07
   1.39999986       6.24628001E-07
   1.41999984       5.62265654E-07
   1.43999982       5.10927464E-07
   1.46000004       5.07614573E-07
   1.48000002       5.11401709E-07
   1.50000000       4.88831233E-07
   1.51999998       4.53673408E-07
   1.53999996       4.08956566E-07
   1.55999994       3.62046848E-07
   1.57999992       3.39610892E-07
   1.59999990       3.42704624E-07
   1.61999989       3.44626528E-07
   1.63999987       3.31705394E-07
   1.65999985       3.09206257E-07
   1.67999983       2.81309667E-07
   1.69999981       2.48156539E-07
   1.72000003       2.15952866E-07
   1.74000001       1.94779872E-07
   1.75999999       1.87332390E-07
   1.77999997       1.87383208E-07
   1.79999995       1.87535093E-07
   1.81999993       1.83745300E-07
   1.83999991       1.75211710E-07
   1.85999990       1.63291659E-07
   1.87999988       1.49168969E-07
   1.89999986       1.32891714E-07
   1.91999984       1.15010025E-07
   1.93999982       9.69035980E-08
   1.95999980       7.99039412E-08
   1.98000002       6.44754010E-08
   2.00000000       5.12211855E-08
   2.01999998       4.05859595E-08
   2.03999996       3.21720428E-08
   2.05999994       2.54082231E-08
   2.07999992       2.02018455E-08
   2.09999990       1.62481832E-08
   2.11999989       1.30365745E-08
   2.13999987       1.05126405E-08
   2.15999985       8.64080807E-09
   2.17999983       7.10921633E-09
   2.19999981       5.80187276E-09
   2.21999979       4.83941420E-09
   2.23999977       4.08834744E-09
   2.25999975       3.42240303E-09
   2.27999973       2.91847235E-09
   2.29999971       2.50020271E-09
   2.31999969       2.12111595E-09
   2.33999968       1.87297311E-09
   2.36000013       1.67051506E-09
   2.38000011       1.44508738E-09
   2.40000010       1.27036770E-09
   2.42000008       1.14331922E-09
   2.44000006       1.00254194E-09
   2.46000004       9.09796960E-10
   2.48000002       8.32766356E-10
   2.50000000       7.34575512E-10
   2.51999998       6.81999679E-10
   2.53999996       6.22316310E-10
   2.55999994       5.58402879E-10
   2.57999992       5.18614207E-10
   2.59999990       4.65531280E-10
   2.61999989       4.30045610E-10
   2.63999987       4.07189227E-10
   2.65999985       3.63812286E-10
   2.67999983       3.58154895E-10
   2.69999981       3.25002747E-10
   2.71999979       2.84923918E-10
   2.73999977       2.82379259E-10
   2.75999975       2.60192451E-10
   2.77999973       2.47354581E-10
   2.79999971       2.12828366E-10
   2.81999969       1.99063238E-10
   2.83999968       1.94114155E-10
   2.85999966       1.81151372E-10
   2.88000011       1.74390086E-10
   2.90000010       1.63472458E-10
   2.92000008       1.64745745E-10
   2.94000006       1.55359309E-10
   2.96000004       1.70928285E-10
   2.98000002       1.80767054E-10
   3.00000000       2.10227433E-10
   3.01999998       2.51770937E-10
   3.03999996       3.22569721E-10
   3.05999994       7.12282566E-10
   3.07999992       3.59397845E-10
   3.09999990       2.94058253E-08
