  -2.00000000       9.84926984E-08
  -1.98000002       4.01799952E-07
  -1.96000004       6.42205919E-07
  -1.94000006       8.15974147E-07
  -1.91999996       7.79304003E-07
  -1.89999998       6.02812179E-07
  -1.88000000       3.73197793E-07
  -1.86000001       1.89738842E-07
  -1.84000003       1.44537466E-07
  -1.82000005       2.44211293E-07
  -1.79999995       4.18733748E-07
  -1.77999997       5.86543422E-07
  -1.75999999       6.43158387E-07
  -1.74000001       5.93081438E-07
  -1.72000003       4.72125976E-07
  -1.70000005       3.67821826E-07
  -1.68000007       3.50511186E-07
  -1.65999997       4.41054510E-07
  -1.63999999       5.73572947E-07
  -1.62000000       6.56873056E-07
  -1.60000002       6.40077928E-07
  -1.58000004       5.51073754E-07
  -1.55999994       4.91233777E-07
  -1.53999996       5.16393868E-07
  -1.51999998       6.29629824E-07
  -1.50000000       7.19692991E-07
  -1.48000002       7.35785591E-07
  -1.46000004       6.65519565E-07
  -1.44000006       6.19716786E-07
  -1.42000008       6.80895880E-07
  -1.40000010       7.87573413E-07
  -1.38000000       8.49303888E-07
  -1.36000001       7.94964137E-07
  -1.34000003       7.39404811E-07
  -1.31999993       8.04741376E-07
  -1.29999995       9.24418146E-07
  -1.27999997       9.63202524E-07
  -1.25999999       9.03027512E-07
  -1.24000001       8.88418185E-07
  -1.22000003       1.00855448E-06
  -1.20000005       1.11009979E-06
  -1.18000007       1.06622622E-06
  -1.16000009       1.03581931E-06
  -1.14000010       1.15346120E-06
  -1.12000000       1.25521353E-06
  -1.10000002       1.21567746E-06
  -1.08000004       1.24573046E-06
  -1.05999994       1.39325107E-06
  -1.03999996       1.33081426E-06
  -1.01999998       1.29611863E-06
  -1.00000000       1.79809763E-06
 -0.980000019       2.07310131E-06
 -0.960000038       9.80804543E-07
 -0.940000057       9.18273088E-07
 -0.920000076       4.40012491E-06
 -0.899999976       7.62697618E-06
 -0.879999995       4.39602718E-06
 -0.860000014       3.87573027E-06
 -0.840000033       2.65181716E-05
 -0.820000052       7.29806925E-05
 -0.800000072       1.19319651E-04
 -0.779999971       1.74292712E-04
 -0.759999990       3.52259463E-04
 -0.740000010       7.92688865E-04
 -0.720000029       1.56741543E-03
 -0.700000048       2.68529984E-03
 -0.680000067       4.46965033E-03
 -0.660000086       7.69375684E-03
 -0.639999986       1.34857045E-02
 -0.620000005       2.28203107E-02
 -0.600000024       3.66397500E-02
 -0.580000043       5.65982535E-02
 -0.560000062       8.57076198E-02
 -0.540000081      0.128498197    
 -0.519999981      0.189435333    
 -0.500000000      0.272735953    
 -0.480000019      0.381091684    
 -0.460000038      0.517034531    
 -0.440000057      0.681468368    
 -0.420000076      0.875186801    
 -0.400000095       1.10087371    
 -0.379999995       1.36429369    
 -0.360000014       1.66972458    
 -0.340000033       1.99872148    
 -0.320000052       2.30220556    
 -0.300000072       2.51625371    
 -0.280000091       2.63159823    
 -0.259999990       2.73488116    
 -0.240000010       2.95573115    
 -0.220000029       3.30496550    
 -0.200000048       3.55094814    
 -0.180000067       3.36717892    
 -0.160000086       2.67011619    
 -0.139999986       1.88024354    
 -0.120000005       1.64299262    
 -0.100000024       2.19986677    
  -8.00000429E-02   3.00428391    
  -6.00000620E-02   3.08649063    
  -4.00000811E-02   2.09722281    
  -2.00001001E-02  0.637461245    
   0.00000000       5.77881606E-03
   1.99999809E-02   1.44502928E-05
   3.99999619E-02   3.55703605E-06
   5.99999428E-02   1.94438871E-06
   7.99999237E-02   6.21603022E-07
   9.99999046E-02   1.17726199E-06
  0.119999886       1.19918570E-06
  0.139999866       1.50741562E-06
  0.159999847       2.07714243E-06
  0.180000067       2.15397586E-06
  0.200000048       3.07183950E-06
  0.220000029       3.02198305E-06
  0.240000010       4.08789265E-06
  0.259999990       4.04661932E-06
  0.279999971       4.98683312E-06
  0.299999952       5.09498159E-06
  0.319999933       5.69089661E-06
  0.339999914       6.09243307E-06
  0.359999895       6.32264937E-06
  0.379999876       6.92656295E-06
  0.399999857       6.86843850E-06
  0.419999838       7.26458984E-06
  0.440000057       7.19805394E-06
  0.460000038       7.25024756E-06
  0.480000019       7.39453026E-06
  0.500000000       7.11021130E-06
  0.519999981       7.07659183E-06
  0.539999962       6.79382674E-06
  0.559999943       6.55376607E-06
  0.579999924       6.41337465E-06
  0.599999905       5.95361143E-06
  0.619999886       5.69374060E-06
  0.639999866       5.47291165E-06
  0.659999847       5.05406751E-06
  0.679999828       4.78891525E-06
  0.700000048       4.54391829E-06
  0.720000029       4.21081995E-06
  0.740000010       3.97382291E-06
  0.759999990       3.76271851E-06
  0.779999971       3.49357083E-06
  0.799999952       3.29750196E-06
  0.819999933       3.14158524E-06
  0.839999914       2.90595881E-06
  0.859999895       2.75617685E-06
  0.879999876       2.63846346E-06
  0.899999857       2.43284558E-06
  0.919999838       2.33047763E-06
  0.939999819       2.20857032E-06
  0.960000038       2.07303219E-06
  0.980000019       1.96388237E-06
   1.00000000       1.86183513E-06
   1.01999998       1.77831771E-06
   1.03999996       1.65063830E-06
   1.05999994       1.59851402E-06
   1.07999992       1.50097060E-06
   1.09999990       1.42931287E-06
   1.11999989       1.33480592E-06
   1.13999987       1.30172441E-06
   1.15999985       1.21630433E-06
   1.17999983       1.15489411E-06
   1.19999981       1.08402230E-06
   1.22000003       1.05859135E-06
   1.24000001       9.95957407E-07
   1.25999999       9.32810281E-07
   1.27999997       8.85433735E-07
   1.29999995       8.45281988E-07
   1.31999993       8.26994892E-07
   1.33999991       7.65290622E-07
   1.35999990       7.16663862E-07
   1.37999988       6.79438585E-07
   1.39999986       6.52316260E-07
   1.41999984       6.42158625E-07
   1.43999982       5.98705356E-07
   1.46000004       5.48642163E-07
   1.48000002       5.19046978E-07
   1.50000000       4.91902597E-07
   1.51999998       4.79644200E-07
   1.53999996       4.72638078E-07
   1.55999994       4.39963657E-07
   1.57999992       3.96875407E-07
   1.59999990       3.68076428E-07
   1.61999989       3.47679901E-07
   1.63999987       3.31389600E-07
   1.65999985       3.25559768E-07
   1.67999983       3.21486567E-07
   1.69999981       3.03665331E-07
   1.72000003       2.73801220E-07
   1.74000001       2.44801271E-07
   1.75999999       2.22720445E-07
   1.77999997       2.06056228E-07
   1.79999995       1.93324027E-07
   1.81999993       1.84683898E-07
   1.83999991       1.80321564E-07
   1.85999990       1.78006545E-07
   1.87999988       1.73037975E-07
   1.89999986       1.62788922E-07
   1.91999984       1.48430601E-07
   1.93999982       1.31741743E-07
   1.95999980       1.14346904E-07
   1.98000002       9.80608164E-08
   2.00000000       8.35643519E-08
   2.01999998       7.04470509E-08
   2.03999996       5.86475508E-08
   2.05999994       4.85761547E-08
   2.07999992       3.99294535E-08
   2.09999990       3.24800347E-08
   2.11999989       2.64711915E-08
   2.13999987       2.16054978E-08
   2.15999985       1.74718835E-08
   2.17999983       1.42151118E-08
   2.19999981       1.17313057E-08
   2.21999979       9.64912328E-09
   2.23999977       7.99219624E-09
   2.25999975       6.72573597E-09
   2.27999973       5.63530644E-09
   2.29999971       4.80203433E-09
   2.31999969       4.17750812E-09
   2.33999968       3.55766216E-09
   2.36000013       3.06258219E-09
   2.38000011       2.70082179E-09
   2.40000010       2.35849695E-09
   2.42000008       2.08442041E-09
   2.44000006       1.88521065E-09
   2.46000004       1.67222169E-09
   2.48000002       1.51406254E-09
   2.50000000       1.39393419E-09
   2.51999998       1.24468968E-09
   2.53999996       1.15006837E-09
   2.55999994       1.04995468E-09
   2.57999992       9.61090652E-10
   2.59999990       9.18432552E-10
   2.61999989       8.48605186E-10
   2.63999987       8.10597978E-10
   2.65999985       7.82739540E-10
   2.67999983       7.19259763E-10
   2.69999981       7.07745140E-10
   2.71999979       6.87885859E-10
   2.73999977       6.48640142E-10
   2.75999975       6.03873174E-10
   2.77999973       5.70059555E-10
   2.79999971       5.70279157E-10
   2.81999969       5.42096257E-10
   2.83999968       5.27559552E-10
   2.85999966       5.06043707E-10
   2.88000011       5.05810449E-10
   2.90000010       4.91073959E-10
   2.92000008       4.91202634E-10
   2.94000006       5.11251763E-10
   2.96000004       5.14311260E-10
   2.98000002       5.40129608E-10
   3.00000000       5.80294479E-10
   3.01999998       6.91443791E-10
   3.03999996       8.43332182E-10
   3.05999994       1.53615964E-09
   3.07999992       9.65088010E-10
   3.09999990       4.46148896E-08
