  -2.00000000       1.11863983E-07
  -1.98000002       4.32652485E-07
  -1.96000004       7.04088109E-07
  -1.94000006       8.41995075E-07
  -1.91999996       7.96745724E-07
  -1.89999998       5.65282392E-07
  -1.88000000       3.24663233E-07
  -1.86000001       1.46506252E-07
  -1.84000003       1.43567988E-07
  -1.82000005       2.88872144E-07
  -1.79999995       4.96552445E-07
  -1.77999997       6.56013697E-07
  -1.75999999       6.72263127E-07
  -1.74000001       5.71682619E-07
  -1.72000003       4.21787689E-07
  -1.70000005       3.28333556E-07
  -1.68000007       3.53426913E-07
  -1.65999997       4.86722001E-07
  -1.63999999       6.29135343E-07
  -1.62000000       6.86595627E-07
  -1.60000002       6.22616824E-07
  -1.58000004       5.10208906E-07
  -1.55999994       4.67935877E-07
  -1.53999996       5.38553763E-07
  -1.51999998       6.77814569E-07
  -1.50000000       7.51749781E-07
  -1.48000002       7.26418762E-07
  -1.46000004       6.27590623E-07
  -1.44000006       6.07576453E-07
  -1.42000008       7.12086603E-07
  -1.40000010       8.30455804E-07
  -1.38000000       8.55302119E-07
  -1.36000001       7.59662555E-07
  -1.34000003       7.22710126E-07
  -1.31999993       8.38368010E-07
  -1.29999995       9.65012418E-07
  -1.27999997       9.57047178E-07
  -1.25999999       8.67390781E-07
  -1.24000001       8.94082177E-07
  -1.22000003       1.05800757E-06
  -1.20000005       1.12498674E-06
  -1.18000007       1.03219224E-06
  -1.16000009       1.02966067E-06
  -1.14000010       1.19916433E-06
  -1.12000000       1.27285318E-06
  -1.10000002       1.18558569E-06
  -1.08000004       1.24759572E-06
  -1.05999994       1.43004661E-06
  -1.03999996       1.32715604E-06
  -1.01999998       1.30132082E-06
  -1.00000000       1.85186502E-06
 -0.980000019       2.01508533E-06
 -0.960000038       8.70518306E-07
 -0.940000057       1.09460757E-06
 -0.920000076       4.73505179E-06
 -0.899999976       7.13522331E-06
 -0.879999995       3.58350371E-06
 -0.860000014       3.95956249E-06
 -0.840000033       2.79270407E-05
 -0.820000052       7.15124625E-05
 -0.800000072       1.13849106E-04
 -0.779999971       1.66076323E-04
 -0.759999990       3.46901943E-04
 -0.740000010       7.80908158E-04
 -0.720000029       1.53171504E-03
 -0.700000048       2.60764826E-03
 -0.680000067       4.34608338E-03
 -0.660000086       7.51576247E-03
 -0.639999986       1.31942369E-02
 -0.620000005       2.23260187E-02
 -0.600000024       3.58016379E-02
 -0.580000043       5.53299561E-02
 -0.560000062       8.38444605E-02
 -0.540000081      0.125881046    
 -0.519999981      0.185729980    
 -0.500000000      0.267641485    
 -0.480000019      0.374279141    
 -0.460000038      0.508233190    
 -0.440000057      0.670451283    
 -0.420000076      0.861645222    
 -0.400000095       1.08492815    
 -0.379999995       1.34634376    
 -0.360000014       1.65092409    
 -0.340000033       1.97977793    
 -0.320000052       2.28317404    
 -0.300000072       2.49632001    
 -0.280000091       2.61097717    
 -0.259999990       2.71683192    
 -0.240000010       2.94572973    
 -0.220000029       3.30718803    
 -0.200000048       3.56263304    
 -0.180000067       3.37948537    
 -0.160000086       2.67462993    
 -0.139999986       1.87885690    
 -0.120000005       1.64898992    
 -0.100000024       2.22734213    
  -8.00000429E-02   3.05405140    
  -6.00000620E-02   3.14099884    
  -4.00000811E-02   2.13470840    
  -2.00001001E-02  0.648856819    
   0.00000000       5.87427896E-03
   1.99999809E-02   1.55933449E-05
   3.99999619E-02   2.73946307E-06
   5.99999428E-02   2.63033075E-06
   7.99999237E-02   4.96483032E-08
   9.99999046E-02   1.69964210E-06
  0.119999886       7.15250849E-07
  0.139999866       1.96022893E-06
  0.159999847       1.65432743E-06
  0.180000067       2.51168012E-06
  0.200000048       2.71322665E-06
  0.220000029       3.20951199E-06
  0.240000010       3.83348470E-06
  0.259999990       4.04358479E-06
  0.279999971       4.93936386E-06
  0.299999952       4.98083227E-06
  0.319999933       5.84263535E-06
  0.339999914       5.88141847E-06
  0.359999895       6.41367205E-06
  0.379999876       6.68256735E-06
  0.399999857       6.83612689E-06
  0.419999838       7.28826944E-06
  0.440000057       7.11468419E-06
  0.460000038       7.33940851E-06
  0.480000019       7.19702075E-06
  0.500000000       7.10786981E-06
  0.519999981       7.14904218E-06
  0.539999962       6.73153818E-06
  0.559999943       6.59331272E-06
  0.579999924       6.34921889E-06
  0.599999905       5.98835322E-06
  0.619999886       5.79142124E-06
  0.639999866       5.38063341E-06
  0.659999847       5.09603342E-06
  0.679999828       4.89487320E-06
  0.700000048       4.47564526E-06
  0.720000029       4.24592690E-06
  0.740000010       4.07009702E-06
  0.759999990       3.70907719E-06
  0.779999971       3.52503002E-06
  0.799999952       3.38349287E-06
  0.819999933       3.09607822E-06
  0.839999914       2.93757148E-06
  0.859999895       2.81611824E-06
  0.879999876       2.62310277E-06
  0.899999857       2.45377919E-06
  0.919999838       2.34942263E-06
  0.939999819       2.25575786E-06
  0.960000038       2.05396418E-06
  0.980000019       1.97459894E-06
   1.00000000       1.91637810E-06
   1.01999998       1.77542120E-06
   1.03999996       1.65568565E-06
   1.05999994       1.60031323E-06
   1.07999992       1.56063152E-06
   1.09999990       1.41790065E-06
   1.11999989       1.33913909E-06
   1.13999987       1.30196509E-06
   1.15999985       1.27105704E-06
   1.17999983       1.15334274E-06
   1.19999981       1.07965752E-06
   1.22000003       1.05666993E-06
   1.24000001       1.03162495E-06
   1.25999999       9.63302909E-07
   1.27999997       8.70180770E-07
   1.29999995       8.46068986E-07
   1.31999993       8.26903317E-07
   1.33999991       8.06177241E-07
   1.35999990       7.37838604E-07
   1.37999988       6.67155462E-07
   1.39999986       6.50811216E-07
   1.41999984       6.38773201E-07
   1.43999982       6.23462711E-07
   1.46000004       5.84129282E-07
   1.48000002       5.19510081E-07
   1.50000000       4.84330940E-07
   1.51999998       4.77219260E-07
   1.53999996       4.68675211E-07
   1.55999994       4.56871788E-07
   1.57999992       4.30020009E-07
   1.59999990       3.82948997E-07
   1.61999989       3.42857646E-07
   1.63999987       3.26933730E-07
   1.65999985       3.22531150E-07
   1.67999983       3.16724766E-07
   1.69999981       3.08400558E-07
   1.72000003       2.94702431E-07
   1.74000001       2.69877376E-07
   1.75999999       2.36904640E-07
   1.77999997       2.08065046E-07
   1.79999995       1.90927977E-07
   1.81999993       1.82815086E-07
   1.83999991       1.78291884E-07
   1.85999990       1.74207088E-07
   1.87999988       1.69313040E-07
   1.89999986       1.63256686E-07
   1.91999984       1.55306097E-07
   1.93999982       1.44393226E-07
   1.95999980       1.29754895E-07
   1.98000002       1.13240148E-07
   2.00000000       9.63838716E-08
   2.01999998       8.00886681E-08
   2.03999996       6.56588242E-08
   2.05999994       5.36348281E-08
   2.07999992       4.34817444E-08
   2.09999990       3.51075222E-08
   2.11999989       2.85028072E-08
   2.13999987       2.30722979E-08
   2.15999985       1.84897395E-08
   2.17999983       1.49058099E-08
   2.19999981       1.20577939E-08
   2.21999979       9.68998037E-09
   2.23999977       7.84520360E-09
   2.25999975       6.38437792E-09
   2.27999973       5.18506305E-09
   2.29999971       4.31186553E-09
   2.31999969       3.61851060E-09
   2.33999968       2.98198599E-09
   2.36000013       2.51862953E-09
   2.38000011       2.15109974E-09
   2.40000010       1.79658499E-09
   2.42000008       1.54699664E-09
   2.44000006       1.34972578E-09
   2.46000004       1.15377430E-09
   2.48000002       1.03033604E-09
   2.50000000       9.11449249E-10
   2.51999998       7.89917465E-10
   2.53999996       7.06157688E-10
   2.55999994       6.09256201E-10
   2.57999992       5.41971690E-10
   2.59999990       5.04828790E-10
   2.61999989       4.43206472E-10
   2.63999987       4.22800017E-10
   2.65999985       3.86032761E-10
   2.67999983       3.51513929E-10
   2.69999981       3.40860840E-10
   2.71999979       3.12573467E-10
   2.73999977       2.94276492E-10
   2.75999975       2.53092575E-10
   2.77999973       2.41782289E-10
   2.79999971       2.44574305E-10
   2.81999969       2.13012538E-10
   2.83999968       2.02002221E-10
   2.85999966       1.93101313E-10
   2.88000011       1.99393710E-10
   2.90000010       1.94815761E-10
   2.92000008       2.02072137E-10
   2.94000006       2.15865326E-10
   2.96000004       2.25286748E-10
   2.98000002       2.54311294E-10
   3.00000000       2.93407132E-10
   3.01999998       3.86030430E-10
   3.03999996       5.19920773E-10
   3.05999994       1.12918908E-09
   3.07999992       6.80333623E-10
   3.09999990       4.49813520E-08
