  -2.00000000       3.92546355E-07
  -1.98000002       1.04174217E-06
  -1.96000004       1.21229277E-06
  -1.94000006       7.70574445E-07
  -1.91999996       1.47461492E-07
  -1.89999998       5.38260210E-08
  -1.88000000       5.72278964E-07
  -1.86000001       1.12961072E-06
  -1.84000003       1.22231609E-06
  -1.82000005       7.19885634E-07
  -1.79999995       1.88687324E-07
  -1.77999997       1.37274043E-07
  -1.75999999       5.89685044E-07
  -1.74000001       1.02329216E-06
  -1.72000003       9.79805463E-07
  -1.70000005       5.52108418E-07
  -1.68000007       2.41594307E-07
  -1.65999997       3.77330878E-07
  -1.63999999       7.62444529E-07
  -1.62000000       9.47500382E-07
  -1.60000002       7.47153763E-07
  -1.58000004       4.53731673E-07
  -1.55999994       4.49934703E-07
  -1.53999996       7.21471451E-07
  -1.51999998       9.30361864E-07
  -1.50000000       8.10162248E-07
  -1.48000002       5.82771349E-07
  -1.46000004       5.98563417E-07
  -1.44000006       8.34974912E-07
  -1.42000008       9.75534817E-07
  -1.40000010       8.27194299E-07
  -1.38000000       6.82568839E-07
  -1.36000001       8.17936325E-07
  -1.34000003       1.03051968E-06
  -1.31999993       1.01731530E-06
  -1.29999995       8.56533006E-07
  -1.27999997       8.85363249E-07
  -1.25999999       1.11387578E-06
  -1.24000001       1.16034994E-06
  -1.22000003       9.88417810E-07
  -1.20000005       1.02436718E-06
  -1.18000007       1.27291787E-06
  -1.16000009       1.28506508E-06
  -1.14000010       1.12834766E-06
  -1.12000000       1.26025452E-06
  -1.10000002       1.48346771E-06
  -1.08000004       1.35275786E-06
  -1.05999994       1.28176816E-06
  -1.03999996       1.67722521E-06
  -1.01999998       1.79454969E-06
  -1.00000000       1.26545933E-06
 -0.980000019       1.25638587E-06
 -0.960000038       2.46703189E-06
 -0.940000057       3.37018309E-06
 -0.920000076       2.44375315E-06
 -0.899999976       1.54264171E-07
 -0.879999995       3.11262261E-06
 -0.860000014       1.47544606E-05
 -0.840000033       2.94075526E-05
 -0.820000052       3.23900204E-05
 -0.800000072       4.54196743E-05
 -0.779999971       1.15738665E-04
 -0.759999990       2.98120169E-04
 -0.740000010       5.82855893E-04
 -0.720000029       9.77971475E-04
 -0.700000048       1.61487213E-03
 -0.680000067       2.87754787E-03
 -0.660000086       5.29968645E-03
 -0.639999986       9.35142953E-03
 -0.620000005       1.55633977E-02
 -0.600000024       2.46627312E-02
 -0.580000043       3.84046622E-02
 -0.560000062       5.91495745E-02
 -0.540000081       9.03175399E-02
 -0.519999981      0.135047689    
 -0.500000000      0.197134167    
 -0.480000019      0.279575914    
 -0.460000038      0.384576082    
 -0.440000057      0.512519896    
 -0.420000076      0.664297879    
 -0.400000095      0.848420978    
 -0.379999995       1.07964301    
 -0.360000014       1.36934960    
 -0.340000033       1.69188249    
 -0.320000052       1.97989833    
 -0.300000072       2.16006041    
 -0.280000091       2.24934030    
 -0.259999990       2.39440703    
 -0.240000010       2.76396489    
 -0.220000029       3.32698750    
 -0.200000048       3.72407961    
 -0.180000067       3.52183270    
 -0.160000086       2.67128253    
 -0.139999986       1.78937018    
 -0.120000005       1.71948051    
 -0.100000024       2.69345021    
  -8.00000429E-02   3.90791583    
  -6.00000620E-02   4.07001686    
  -4.00000811E-02   2.76860380    
  -2.00001001E-02  0.840369642    
   0.00000000       7.64362048E-03
   1.99999809E-02   1.53877882E-05
   3.99999619E-02   7.71680425E-06
   5.99999428E-02   3.81244178E-07
   7.99999237E-02   1.89644572E-06
   9.99999046E-02   1.54906488E-07
  0.119999886       1.65079109E-06
  0.139999866       8.31966361E-07
  0.159999847       1.97426311E-06
  0.180000067       1.69031148E-06
  0.200000048       2.48159040E-06
  0.220000029       2.64120945E-06
  0.240000010       3.07864343E-06
  0.259999990       3.62073411E-06
  0.279999971       3.76843718E-06
  0.299999952       4.57372516E-06
  0.319999933       4.57739770E-06
  0.339999914       5.38109862E-06
  0.359999895       5.39989333E-06
  0.379999876       5.88608873E-06
  0.399999857       6.10117331E-06
  0.419999838       6.22597554E-06
  0.440000057       6.66273354E-06
  0.460000038       6.54589348E-06
  0.480000019       6.81595066E-06
  0.500000000       6.67621771E-06
  0.519999981       6.61729700E-06
  0.539999962       6.70973941E-06
  0.559999943       6.40978351E-06
  0.579999924       6.34477556E-06
  0.599999905       6.08194296E-06
  0.619999886       5.82754592E-06
  0.639999866       5.73058696E-06
  0.659999847       5.32587319E-06
  0.679999828       5.08732228E-06
  0.700000048       4.93225161E-06
  0.720000029       4.56230509E-06
  0.740000010       4.34417689E-06
  0.759999990       4.15794102E-06
  0.779999971       3.85855947E-06
  0.799999952       3.67181133E-06
  0.819999933       3.49976472E-06
  0.839999914       3.25504425E-06
  0.859999895       3.09913867E-06
  0.879999876       2.96435906E-06
  0.899999857       2.74961349E-06
  0.919999838       2.63064362E-06
  0.939999819       2.52467157E-06
  0.960000038       2.32996126E-06
  0.980000019       2.25149802E-06
   1.00000000       2.14645797E-06
   1.01999998       2.00296518E-06
   1.03999996       1.92581683E-06
   1.05999994       1.82834560E-06
   1.07999992       1.74610841E-06
   1.09999990       1.62938579E-06
   1.11999989       1.58659054E-06
   1.13999987       1.49831180E-06
   1.15999985       1.42061208E-06
   1.17999983       1.34415961E-06
   1.19999981       1.30952617E-06
   1.22000003       1.23167843E-06
   1.24000001       1.16530805E-06
   1.25999999       1.10733868E-06
   1.27999997       1.08574443E-06
   1.29999995       1.01634100E-06
   1.31999993       9.65193294E-07
   1.33999991       9.06530488E-07
   1.35999990       8.96435495E-07
   1.37999988       8.51092125E-07
   1.39999986       7.97194446E-07
   1.41999984       7.51554637E-07
   1.43999982       7.19751142E-07
   1.46000004       7.14602436E-07
   1.48000002       6.71336920E-07
   1.50000000       6.25646578E-07
   1.51999998       5.88616501E-07
   1.53999996       5.61026582E-07
   1.55999994       5.59735327E-07
   1.57999992       5.38383006E-07
   1.59999990       4.95583890E-07
   1.61999989       4.62844753E-07
   1.63999987       4.33977277E-07
   1.65999985       4.17172913E-07
   1.67999983       4.17311014E-07
   1.69999981       4.05784135E-07
   1.72000003       3.73544424E-07
   1.74000001       3.42025345E-07
   1.75999999       3.18466789E-07
   1.77999997       2.97894957E-07
   1.79999995       2.86811542E-07
   1.81999993       2.86751231E-07
   1.83999991       2.83030914E-07
   1.85999990       2.66357603E-07
   1.87999988       2.42650401E-07
   1.89999986       2.20041954E-07
   1.91999984       2.01121338E-07
   1.93999982       1.84966282E-07
   1.95999980       1.71541899E-07
   1.98000002       1.64040415E-07
   2.00000000       1.61576551E-07
   2.01999998       1.60034659E-07
   2.03999996       1.56549760E-07
   2.05999994       1.48665890E-07
   2.07999992       1.36895693E-07
   2.09999990       1.23797236E-07
   2.11999989       1.10366351E-07
   2.13999987       9.71938405E-08
   2.15999985       8.48760280E-08
   2.17999983       7.30028944E-08
   2.19999981       6.20997298E-08
   2.21999979       5.24506270E-08
   2.23999977       4.36536212E-08
   2.25999975       3.61918602E-08
   2.27999973       3.00014626E-08
   2.29999971       2.46763108E-08
   2.31999969       2.04950830E-08
   2.33999968       1.70158998E-08
   2.36000013       1.40564094E-08
   2.38000011       1.17508048E-08
   2.40000010       9.79204362E-09
   2.42000008       8.18793300E-09
   2.44000006       6.90174229E-09
   2.46000004       5.77132653E-09
   2.48000002       4.90565366E-09
   2.50000000       4.18462731E-09
   2.51999998       3.54674934E-09
   2.53999996       3.08339843E-09
   2.55999994       2.63060818E-09
   2.57999992       2.30546693E-09
   2.59999990       2.01759276E-09
   2.61999989       1.72263936E-09
   2.63999987       1.54894486E-09
   2.65999985       1.37772671E-09
   2.67999983       1.23769106E-09
   2.69999981       1.09590148E-09
   2.71999979       9.75416414E-10
   2.73999977       9.05051645E-10
   2.75999975       8.10579437E-10
   2.77999973       7.64196595E-10
   2.79999971       6.83428758E-10
   2.81999969       6.36312447E-10
   2.83999968       5.91215576E-10
   2.85999966       5.37986433E-10
   2.88000011       5.11032272E-10
   2.90000010       4.62271610E-10
   2.92000008       4.51483462E-10
   2.94000006       4.16863211E-10
   2.96000004       3.98781119E-10
   2.98000002       3.65977998E-10
   3.00000000       3.74496295E-10
   3.01999998       4.09799972E-10
   3.03999996       4.97031971E-10
   3.05999994       8.98103591E-10
   3.07999992       7.63591690E-10
   3.09999990       6.55285675E-08
