  -2.00000000       4.55471451E-07
  -1.98000002       1.17464162E-06
  -1.96000004       1.14746047E-06
  -1.94000006       4.01188657E-07
  -1.91999996       6.76827305E-09
  -1.89999998       4.96603434E-07
  -1.88000000       1.26053328E-06
  -1.86000001       1.42152362E-06
  -1.84000003       7.20627440E-07
  -1.82000005       8.11794081E-08
  -1.79999995       2.45663955E-07
  -1.77999997       9.69763846E-07
  -1.75999999       1.31222691E-06
  -1.74000001       8.70498013E-07
  -1.72000003       2.47085325E-07
  -1.70000005       2.26100397E-07
  -1.68000007       7.68047187E-07
  -1.65999997       1.11348629E-06
  -1.63999999       8.42964937E-07
  -1.62000000       3.84879627E-07
  -1.60000002       3.82419898E-07
  -1.58000004       7.92280559E-07
  -1.55999994       1.00400155E-06
  -1.53999996       7.68175369E-07
  -1.51999998       4.89428771E-07
  -1.50000000       5.99554937E-07
  -1.48000002       9.22562890E-07
  -1.46000004       9.52161201E-07
  -1.44000006       7.14164742E-07
  -1.42000008       6.41525276E-07
  -1.40000010       8.78225819E-07
  -1.38000000       1.05207391E-06
  -1.36000001       8.97445148E-07
  -1.34000003       7.68441964E-07
  -1.31999993       9.52230323E-07
  -1.29999995       1.13038709E-06
  -1.27999997       1.02035244E-06
  -1.25999999       9.09578773E-07
  -1.24000001       1.07873200E-06
  -1.22000003       1.24729490E-06
  -1.20000005       1.13862711E-06
  -1.18000007       1.07269227E-06
  -1.16000009       1.29212481E-06
  -1.14000010       1.39995461E-06
  -1.12000000       1.24276778E-06
  -1.10000002       1.28537567E-06
  -1.08000004       1.52107737E-06
  -1.05999994       1.54317274E-06
  -1.03999996       1.52050870E-06
  -1.01999998       1.59942192E-06
  -1.00000000       1.43306772E-06
 -0.980000019       1.67063729E-06
 -0.960000038       2.75600996E-06
 -0.940000057       2.83515351E-06
 -0.920000076       8.66989012E-07
 -0.899999976       4.91913909E-07
 -0.879999995       6.42386976E-06
 -0.860000014       1.58922430E-05
 -0.840000033       2.13268795E-05
 -0.820000052       1.94382064E-05
 -0.800000072       3.87912951E-05
 -0.779999971       1.17010866E-04
 -0.759999990       2.78795487E-04
 -0.740000010       4.97551810E-04
 -0.720000029       8.08060286E-04
 -0.700000048       1.36411656E-03
 -0.680000067       2.52617383E-03
 -0.660000086       4.69098473E-03
 -0.639999986       8.22585355E-03
 -0.620000005       1.35587975E-02
 -0.600000024       2.14675404E-02
 -0.580000043       3.35625820E-02
 -0.560000062       5.20078465E-02
 -0.540000081       7.97886625E-02
 -0.519999981      0.119828358    
 -0.500000000      0.175860122    
 -0.480000019      0.250733376    
 -0.460000038      0.346292496    
 -0.440000057      0.462123603    
 -0.420000076      0.599811792    
 -0.400000095      0.769975543    
 -0.379999995      0.991337299    
 -0.360000014       1.27597487    
 -0.340000033       1.59380519    
 -0.320000052       1.86938977    
 -0.300000072       2.02839637    
 -0.280000091       2.10277033    
 -0.259999990       2.26365423    
 -0.240000010       2.69149542    
 -0.220000029       3.33075619    
 -0.200000048       3.77153444    
 -0.180000067       3.54603720    
 -0.160000086       2.63160849    
 -0.139999986       1.72469664    
 -0.120000005       1.73580647    
 -0.100000024       2.87930012    
  -8.00000429E-02   4.24825001    
  -6.00000620E-02   4.43508768    
  -4.00000811E-02   3.01450539    
  -2.00001001E-02  0.914138913    
   0.00000000       8.31096806E-03
   1.99999809E-02   1.68665465E-05
   3.99999619E-02   8.21275717E-06
   5.99999428E-02   5.02576540E-07
   7.99999237E-02   1.86037369E-06
   9.99999046E-02   1.81249689E-07
  0.119999886       1.51024017E-06
  0.139999866       8.21069307E-07
  0.159999847       1.75778769E-06
  0.180000067       1.63819141E-06
  0.200000048       2.22196695E-06
  0.220000029       2.55880923E-06
  0.240000010       2.82543056E-06
  0.259999990       3.50420419E-06
  0.279999971       3.51824769E-06
  0.299999952       4.34405410E-06
  0.319999933       4.26738552E-06
  0.339999914       5.01759951E-06
  0.359999895       5.09757456E-06
  0.379999876       5.57269959E-06
  0.399999857       5.90614809E-06
  0.419999838       5.96712061E-06
  0.440000057       6.38889378E-06
  0.460000038       6.23996584E-06
  0.480000019       6.55907115E-06
  0.500000000       6.56080920E-06
  0.519999981       6.50310130E-06
  0.539999962       6.56630800E-06
  0.559999943       6.26683595E-06
  0.579999924       6.29652459E-06
  0.599999905       6.13198745E-06
  0.619999886       5.82473740E-06
  0.639999866       5.70755310E-06
  0.659999847       5.41038071E-06
  0.679999828       5.20690901E-06
  0.700000048       4.98744612E-06
  0.720000029       4.65061294E-06
  0.740000010       4.49040817E-06
  0.759999990       4.26610541E-06
  0.779999971       3.95771713E-06
  0.799999952       3.80961819E-06
  0.819999933       3.61785351E-06
  0.839999914       3.36088465E-06
  0.859999895       3.22372784E-06
  0.879999876       3.06700599E-06
  0.899999857       2.86583213E-06
  0.919999838       2.73772048E-06
  0.939999819       2.60127263E-06
  0.960000038       2.46939476E-06
  0.980000019       2.32872594E-06
   1.00000000       2.20839911E-06
   1.01999998       2.14556576E-06
   1.03999996       1.98927160E-06
   1.05999994       1.89540197E-06
   1.07999992       1.83830241E-06
   1.09999990       1.73690614E-06
   1.11999989       1.63561572E-06
   1.13999987       1.55068983E-06
   1.15999985       1.53159601E-06
   1.17999983       1.42211104E-06
   1.19999981       1.34355457E-06
   1.22000003       1.28413103E-06
   1.24000001       1.27359772E-06
   1.25999999       1.17771526E-06
   1.27999997       1.10864062E-06
   1.29999995       1.05661252E-06
   1.31999993       1.05950858E-06
   1.33999991       9.90601848E-07
   1.35999990       9.19459353E-07
   1.37999988       8.67591439E-07
   1.39999986       8.64822709E-07
   1.41999984       8.45310069E-07
   1.43999982       7.74692126E-07
   1.46000004       7.21639822E-07
   1.48000002       6.86323062E-07
   1.50000000       6.95828987E-07
   1.51999998       6.75563797E-07
   1.53999996       6.16363536E-07
   1.55999994       5.69526264E-07
   1.57999992       5.35688741E-07
   1.59999990       5.38363793E-07
   1.61999989       5.41998872E-07
   1.63999987       5.04428101E-07
   1.65999985       4.58020793E-07
   1.67999983       4.21138651E-07
   1.69999981       3.97751194E-07
   1.72000003       4.00674878E-07
   1.74000001       4.07621144E-07
   1.75999999       3.87882324E-07
   1.77999997       3.51247991E-07
   1.79999995       3.18154832E-07
   1.81999993       2.90658392E-07
   1.83999991       2.73445977E-07
   1.85999990       2.74112693E-07
   1.87999988       2.81052394E-07
   1.89999986       2.76599479E-07
   1.91999984       2.57960892E-07
   1.93999982       2.32523632E-07
   1.95999980       2.08666933E-07
   1.98000002       1.87250137E-07
   2.00000000       1.68750972E-07
   2.01999998       1.57776810E-07
   2.03999996       1.54611726E-07
   2.05999994       1.56232630E-07
   2.07999992       1.58018196E-07
   2.09999990       1.55286742E-07
   2.11999989       1.47643291E-07
   2.13999987       1.36336496E-07
   2.15999985       1.22964096E-07
   2.17999983       1.09677103E-07
   2.19999981       9.62727498E-08
   2.21999979       8.29887057E-08
   2.23999977       7.06962950E-08
   2.25999975       5.91407350E-08
   2.27999973       4.90742487E-08
   2.29999971       4.06152516E-08
   2.31999969       3.33146133E-08
   2.33999968       2.76160979E-08
   2.36000013       2.28501058E-08
   2.38000011       1.88996516E-08
   2.40000010       1.58040123E-08
   2.42000008       1.31334703E-08
   2.44000006       1.10660174E-08
   2.46000004       9.38051681E-09
   2.48000002       7.90991006E-09
   2.50000000       6.76885836E-09
   2.51999998       5.73273251E-09
   2.53999996       4.91265606E-09
   2.55999994       4.23019308E-09
   2.57999992       3.57404972E-09
   2.59999990       3.11544701E-09
   2.61999989       2.69358691E-09
   2.63999987       2.32370989E-09
   2.65999985       2.02544626E-09
   2.67999983       1.76090398E-09
   2.69999981       1.58249347E-09
   2.71999979       1.38254341E-09
   2.73999977       1.22511257E-09
   2.75999975       1.07857001E-09
   2.77999973       9.33695232E-10
   2.79999971       8.10732870E-10
   2.81999969       7.43033024E-10
   2.83999968       6.85948243E-10
   2.85999966       5.76544146E-10
   2.88000011       5.12675735E-10
   2.90000010       4.44961901E-10
   2.92000008       3.92313848E-10
   2.94000006       3.18136739E-10
   2.96000004       2.67683292E-10
   2.98000002       2.04284534E-10
   3.00000000       1.37154094E-10
   3.01999998       7.18734725E-11
   3.03999996       2.50543197E-11
   3.05999994       8.46137535E-11
   3.07999992       1.18147048E-10
   3.09999990       5.69212659E-08
