  -2.00000000       7.19866332E-13
  -1.98000002       6.30033243E-13
  -1.96000004       4.15973853E-12
  -1.94000006       3.21716525E-12
  -1.91999996       3.63681828E-12
  -1.89999998       7.64432961E-12
  -1.88000000       2.71898975E-12
  -1.86000001       9.02360044E-12
  -1.84000003       1.59177792E-11
  -1.82000005       1.70470704E-11
  -1.79999995       1.70093974E-11
  -1.77999997       1.46606321E-11
  -1.75999999       1.82144751E-11
  -1.74000001       2.38782327E-11
  -1.72000003       2.17957041E-11
  -1.70000005       2.49731017E-11
  -1.68000007       2.62402496E-11
  -1.65999997       3.71300421E-11
  -1.63999999       3.59221923E-11
  -1.62000000       4.79044235E-11
  -1.60000002       5.31022691E-11
  -1.58000004       5.04989661E-11
  -1.55999994       5.90887131E-11
  -1.53999996       4.78062971E-11
  -1.51999998       7.27349500E-11
  -1.50000000       6.72174261E-11
  -1.48000002       7.44849182E-11
  -1.46000004       8.13808465E-11
  -1.44000006       8.36389152E-11
  -1.42000008       8.52916557E-11
  -1.40000010       1.00041503E-10
  -1.38000000       9.86324772E-11
  -1.36000001       9.40547432E-11
  -1.34000003       1.05220180E-10
  -1.31999993       1.26796143E-10
  -1.29999995       9.62945695E-11
  -1.27999997       1.67184849E-10
  -1.25999999       5.74572750E-11
  -1.24000001       3.13468251E-10
  -1.22000003       3.62817221E-10
  -1.20000005       9.04463615E-10
  -1.18000007       3.93243615E-09
  -1.16000009       7.49760609E-09
  -1.14000010       3.27835963E-08
  -1.12000000       7.50233156E-08
  -1.10000002       2.46024854E-07
  -1.08000004       6.28411215E-07
  -1.05999994       1.71348063E-06
  -1.03999996       4.38828420E-06
  -1.01999998       1.08697004E-05
  -1.00000000       2.65050621E-05
 -0.980000019       6.14140445E-05
 -0.960000038       1.40337041E-04
 -0.940000057       3.06339934E-04
 -0.920000076       6.53929659E-04
 -0.899999976       1.34507171E-03
 -0.879999995       2.68681929E-03
 -0.860000014       5.19703561E-03
 -0.840000033       9.73041728E-03
 -0.820000052       1.76743791E-02
 -0.800000072       3.10548488E-02
 -0.779999971       5.29272705E-02
 -0.759999990       8.73067752E-02
 -0.740000010      0.139598221    
 -0.720000029      0.216176942    
 -0.700000048      0.324317813    
 -0.680000067      0.471434325    
 -0.660000086      0.663676977    
 -0.639999986      0.905490398    
 -0.620000005       1.19630778    
 -0.600000024       1.53173327    
 -0.580000043       1.89938879    
 -0.560000062       2.28209829    
 -0.540000081       2.65628457    
 -0.519999981       2.99473143    
 -0.500000000       3.27190065    
 -0.480000019       3.46137309    
 -0.460000038       3.54971528    
 -0.440000057       3.52385187    
 -0.420000076       3.39184833    
 -0.400000095       3.15996861    
 -0.379999995       2.85453892    
 -0.360000014       2.49594283    
 -0.340000033       2.11588001    
 -0.320000052       1.73623419    
 -0.300000072       1.38198614    
 -0.280000091       1.06262708    
 -0.259999990      0.796726346    
 -0.240000010      0.571202993    
 -0.220000029      0.404928774    
 -0.200000048      0.272420496    
 -0.180000067      0.177682817    
 -0.160000086      0.116187625    
 -0.139999986       7.12490529E-02
 -0.120000005       4.04923148E-02
 -0.100000024       2.34707221E-02
  -8.00000429E-02   1.48486318E-02
  -6.00000620E-02   9.22945328E-03
  -4.00000811E-02   4.67543956E-03
  -2.00001001E-02   1.22748688E-03
   0.00000000       1.05081344E-05
   1.99999809E-02   6.35858305E-06
   3.99999619E-02   1.52475095E-05
   5.99999428E-02   2.57123265E-05
   7.99999237E-02   3.68192050E-05
   9.99999046E-02   4.20913821E-05
  0.119999886       4.06904874E-05
  0.139999866       3.02823737E-05
  0.159999847       1.61126663E-05
  0.180000067       6.39430300E-06
  0.200000048       3.62798664E-06
  0.220000029       3.92069705E-06
  0.240000010       3.08007793E-06
  0.259999990       1.55791054E-06
  0.279999971       8.91784850E-07
  0.299999952       5.27967643E-07
  0.319999933       2.45374679E-07
  0.339999914       1.28606473E-07
  0.359999895       6.81777976E-08
  0.379999876       3.45911069E-08
  0.399999857       1.97108712E-08
  0.419999838       1.12740146E-08
  0.440000057       6.91393076E-09
  0.460000038       4.44890835E-09
  0.480000019       2.97661606E-09
  0.500000000       2.09831397E-09
  0.519999981       1.52679092E-09
  0.539999962       1.15074661E-09
  0.559999943       9.01387243E-10
  0.579999924       7.24026838E-10
  0.599999905       5.85598958E-10
  0.619999886       4.77915374E-10
  0.639999866       4.04385664E-10
  0.659999847       3.50864726E-10
  0.679999828       3.04479220E-10
  0.700000048       2.69053557E-10
  0.720000029       2.40863052E-10
  0.740000010       2.16072327E-10
  0.759999990       1.87124954E-10
  0.779999971       1.60304950E-10
  0.799999952       1.44499940E-10
  0.819999933       1.34858749E-10
  0.839999914       1.24107322E-10
  0.859999895       1.10773203E-10
  0.879999876       1.03026941E-10
  0.899999857       9.90463059E-11
  0.919999838       9.47666390E-11
  0.939999819       8.82949824E-11
  0.960000038       8.02892405E-11
  0.980000019       7.59637769E-11
   1.00000000       7.42668912E-11
   1.01999998       6.99547711E-11
   1.03999996       6.48592222E-11
   1.05999994       6.02098232E-11
   1.07999992       5.61463931E-11
   1.09999990       5.19504544E-11
   1.11999989       4.80610066E-11
   1.13999987       4.68201138E-11
   1.15999985       4.67774465E-11
   1.17999983       4.84083398E-11
   1.19999981       4.78246852E-11
   1.22000003       4.50111164E-11
   1.24000001       4.36121660E-11
   1.25999999       4.05065669E-11
   1.27999997       3.87235868E-11
   1.29999995       3.73072753E-11
   1.31999993       3.55508331E-11
   1.33999991       3.42176912E-11
   1.35999990       3.36323781E-11
   1.37999988       3.46191339E-11
   1.39999986       3.43053155E-11
   1.41999984       3.34186637E-11
   1.43999982       3.28625877E-11
   1.46000004       3.23557778E-11
   1.48000002       3.14521673E-11
   1.50000000       2.96865345E-11
   1.51999998       3.05828418E-11
   1.53999996       3.14467133E-11
   1.55999994       3.02453063E-11
   1.57999992       2.85681097E-11
   1.59999990       2.67533981E-11
   1.61999989       2.69985562E-11
   1.63999987       2.80162560E-11
   1.65999985       2.88267622E-11
   1.67999983       2.88818986E-11
   1.69999981       2.82942211E-11
   1.72000003       2.76146848E-11
   1.74000001       2.54878809E-11
   1.75999999       2.50557526E-11
   1.77999997       2.52240104E-11
   1.79999995       2.54830618E-11
   1.81999993       2.67682196E-11
   1.83999991       2.63684369E-11
   1.85999990       2.67104637E-11
   1.87999988       2.68050113E-11
   1.89999986       2.66486659E-11
   1.91999984       2.70889283E-11
   1.93999982       2.62912851E-11
   1.95999980       2.61213308E-11
   1.98000002       2.49250794E-11
   2.00000000       2.44718412E-11
   2.01999998       2.45979678E-11
   2.03999996       2.40281857E-11
   2.05999994       2.41563523E-11
   2.07999992       2.41520172E-11
   2.09999990       2.41315856E-11
   2.11999989       2.42884757E-11
   2.13999987       2.49918038E-11
   2.15999985       2.61932628E-11
   2.17999983       2.60900867E-11
   2.19999981       2.51655936E-11
   2.21999979       2.47983144E-11
   2.23999977       2.58100208E-11
   2.25999975       2.60687496E-11
   2.27999973       2.61332813E-11
   2.29999971       2.53057020E-11
   2.31999969       2.50615917E-11
   2.33999968       2.72173447E-11
   2.36000013       2.75251332E-11
   2.38000011       2.86552726E-11
   2.40000010       2.95911871E-11
   2.42000008       2.82671369E-11
   2.44000006       2.75798759E-11
   2.46000004       2.73101958E-11
   2.48000002       2.96759353E-11
   2.50000000       3.11652232E-11
   2.51999998       3.27671848E-11
   2.53999996       3.29921576E-11
   2.55999994       3.15403328E-11
   2.57999992       3.14639356E-11
   2.59999990       3.18589044E-11
   2.61999989       3.52038225E-11
   2.63999987       3.60303037E-11
   2.65999985       3.48841615E-11
   2.67999983       3.57431931E-11
   2.69999981       3.69721510E-11
   2.71999979       3.80349814E-11
   2.73999977       3.88577087E-11
   2.75999975       4.31878977E-11
   2.77999973       4.98057984E-11
   2.79999971       5.42675072E-11
   2.81999969       5.58614544E-11
   2.83999968       5.72147676E-11
   2.85999966       5.92414520E-11
   2.88000011       5.62462923E-11
   2.90000010       4.63997209E-11
   2.92000008       4.00674181E-11
   2.94000006       4.10894339E-11
   2.96000004       4.16881460E-11
   2.98000002       3.01777769E-11
   3.00000000       2.52880286E-11
   3.01999998       3.08855996E-11
   3.03999996       1.70498286E-11
   3.05999994       1.54806376E-11
   3.07999992       1.03636179E-11
   3.09999990       9.85229606E-12
