  -2.00000000       5.41674353E-07
  -1.98000002       1.22101665E-06
  -1.96000004       1.14954469E-06
  -1.94000006       3.14120683E-07
  -1.91999996       2.73506586E-08
  -1.89999998       6.62505499E-07
  -1.88000000       1.39977874E-06
  -1.86000001       1.23775919E-06
  -1.84000003       4.30003723E-07
  -1.82000005       3.82544343E-08
  -1.79999995       5.74829357E-07
  -1.77999997       1.30071805E-06
  -1.75999999       1.20641289E-06
  -1.74000001       4.82360292E-07
  -1.72000003       1.08796151E-07
  -1.70000005       5.62460116E-07
  -1.68000007       1.16320768E-06
  -1.65999997       1.07756523E-06
  -1.63999999       4.89139552E-07
  -1.62000000       2.59163414E-07
  -1.60000002       6.84945689E-07
  -1.58000004       1.10204894E-06
  -1.55999994       9.14626298E-07
  -1.53999996       4.84645341E-07
  -1.51999998       4.79633059E-07
  -1.50000000       8.81665414E-07
  -1.48000002       1.06425910E-06
  -1.46000004       7.73469480E-07
  -1.44000006       5.60913804E-07
  -1.42000008       7.88675550E-07
  -1.40000010       1.08218842E-06
  -1.38000000       9.87500016E-07
  -1.36000001       7.24157587E-07
  -1.34000003       8.37133541E-07
  -1.31999993       1.14012119E-06
  -1.29999995       1.09965583E-06
  -1.27999997       8.68912934E-07
  -1.25999999       9.65171125E-07
  -1.24000001       1.24756286E-06
  -1.22000003       1.20446566E-06
  -1.20000005       1.01211583E-06
  -1.18000007       1.17458080E-06
  -1.16000009       1.42348176E-06
  -1.14000010       1.29172975E-06
  -1.12000000       1.17967738E-06
  -1.10000002       1.44291766E-06
  -1.08000004       1.55959185E-06
  -1.05999994       1.42496765E-06
  -1.03999996       1.58656098E-06
  -1.01999998       1.64790458E-06
  -1.00000000       1.37688335E-06
 -0.980000019       1.81719327E-06
 -0.960000038       2.95293739E-06
 -0.940000057       2.30075034E-06
 -0.920000076       5.89922649E-07
 -0.899999976       1.09203779E-06
 -0.879999995       7.46602655E-06
 -0.860000014       1.52481280E-05
 -0.840000033       1.84924356E-05
 -0.820000052       1.59115261E-05
 -0.800000072       3.83043116E-05
 -0.779999971       1.18557669E-04
 -0.759999990       2.68738659E-04
 -0.740000010       4.68893530E-04
 -0.720000029       7.50773586E-04
 -0.700000048       1.29294989E-03
 -0.680000067       2.41075456E-03
 -0.660000086       4.50096047E-03
 -0.639999986       7.84131605E-03
 -0.620000005       1.29122203E-02
 -0.600000024       2.04149392E-02
 -0.580000043       3.19951996E-02
 -0.560000062       4.96601276E-02
 -0.540000081       7.63031393E-02
 -0.519999981      0.114803292    
 -0.500000000      0.168772399    
 -0.480000019      0.241196305    
 -0.460000038      0.333383054    
 -0.440000057      0.445110232    
 -0.420000076      0.577655911    
 -0.400000095      0.743165970    
 -0.379999995      0.961111307    
 -0.360000014       1.24416041    
 -0.340000033       1.55993640    
 -0.320000052       1.83004510    
 -0.300000072       1.98052812    
 -0.280000091       2.04881406    
 -0.259999990       2.21619081    
 -0.240000010       2.66549230    
 -0.220000029       3.33229423    
 -0.200000048       3.78679776    
 -0.180000067       3.55066681    
 -0.160000086       2.61215687    
 -0.139999986       1.69757092    
 -0.120000005       1.74091220    
 -0.100000024       2.94762921    
  -8.00000429E-02   4.37287712    
  -6.00000620E-02   4.56763363    
  -4.00000811E-02   3.10329199    
  -2.00001001E-02  0.940721333    
   0.00000000       8.52280669E-03
   1.99999809E-02   2.04947537E-05
   3.99999619E-02   5.70635348E-06
   5.99999428E-02   2.21511777E-06
   7.99999237E-02   7.13037650E-07
   9.99999046E-02   9.62891590E-07
  0.119999886       9.73391252E-07
  0.139999866       1.10517249E-06
  0.159999847       1.62428455E-06
  0.180000067       1.56292833E-06
  0.200000048       2.38363464E-06
  0.220000029       2.19640901E-06
  0.240000010       3.15028410E-06
  0.259999990       2.95497057E-06
  0.279999971       3.85126305E-06
  0.299999952       3.82160397E-06
  0.319999933       4.48808350E-06
  0.339999914       4.76795685E-06
  0.359999895       5.07484083E-06
  0.379999876       5.59629189E-06
  0.399999857       5.55577208E-06
  0.419999838       6.09261224E-06
  0.440000057       6.02291311E-06
  0.460000038       6.35756351E-06
  0.480000019       6.48957212E-06
  0.500000000       6.39055133E-06
  0.519999981       6.57605142E-06
  0.539999962       6.31489502E-06
  0.559999943       6.38764959E-06
  0.579999924       6.30350360E-06
  0.599999905       5.97880580E-06
  0.619999886       5.93929917E-06
  0.639999866       5.64965330E-06
  0.659999847       5.44662089E-06
  0.679999828       5.28905639E-06
  0.700000048       4.89730337E-06
  0.720000029       4.76102650E-06
  0.740000010       4.57263741E-06
  0.759999990       4.18335094E-06
  0.779999971       4.07254811E-06
  0.799999952       3.89686738E-06
  0.819999933       3.54778899E-06
  0.839999914       3.46087950E-06
  0.859999895       3.31518504E-06
  0.879999876       3.00736565E-06
  0.899999857       2.94350207E-06
  0.919999838       2.83098689E-06
  0.939999819       2.56398289E-06
  0.960000038       2.50502967E-06
  0.980000019       2.42332862E-06
   1.00000000       2.22239942E-06
   1.01999998       2.11784754E-06
   1.03999996       2.07343919E-06
   1.05999994       1.96525866E-06
   1.07999992       1.78646781E-06
   1.09999990       1.77369930E-06
   1.11999989       1.72126238E-06
   1.13999987       1.57190721E-06
   1.15999985       1.48688696E-06
   1.17999983       1.47847447E-06
   1.19999981       1.42327485E-06
   1.22000003       1.28072338E-06
   1.24000001       1.23819655E-06
   1.25999999       1.23040104E-06
   1.27999997       1.18466210E-06
   1.29999995       1.06137804E-06
   1.31999993       1.01783291E-06
   1.33999991       1.02213437E-06
   1.35999990       9.91843535E-07
   1.37999988       9.03201965E-07
   1.39999986       8.28200371E-07
   1.41999984       8.35587798E-07
   1.43999982       8.25486893E-07
   1.46000004       7.85305815E-07
   1.48000002       6.98398765E-07
   1.50000000       6.60785417E-07
   1.51999998       6.69536973E-07
   1.53999996       6.60462547E-07
   1.55999994       6.28363182E-07
   1.57999992       5.58690658E-07
   1.59999990       5.14720682E-07
   1.61999989       5.19178514E-07
   1.63999987       5.20235005E-07
   1.65999985       5.06028130E-07
   1.67999983       4.68370501E-07
   1.69999981       4.13092408E-07
   1.72000003       3.83807418E-07
   1.74000001       3.86205159E-07
   1.75999999       3.88450047E-07
   1.77999997       3.80299184E-07
   1.79999995       3.61792388E-07
   1.81999993       3.25377528E-07
   1.83999991       2.85395259E-07
   1.85999990       2.65806108E-07
   1.87999988       2.64368225E-07
   1.89999986       2.66192757E-07
   1.91999984       2.63148507E-07
   1.93999982       2.55254349E-07
   1.95999980       2.41345560E-07
   1.98000002       2.17960547E-07
   2.00000000       1.90148057E-07
   2.01999998       1.67866673E-07
   2.03999996       1.54926838E-07
   2.05999994       1.50210298E-07
   2.07999992       1.48897570E-07
   2.09999990       1.47236562E-07
   2.11999989       1.44770524E-07
   2.13999987       1.40431268E-07
   2.15999985       1.34532385E-07
   2.17999983       1.26624982E-07
   2.19999981       1.15551408E-07
   2.21999979       1.02697577E-07
   2.23999977       8.89694007E-08
   2.25999975       7.52643246E-08
   2.27999973       6.29996038E-08
   2.29999971       5.21921919E-08
   2.31999969       4.31261462E-08
   2.33999968       3.55916860E-08
   2.36000013       2.90903905E-08
   2.38000011       2.38705873E-08
   2.40000010       1.95881373E-08
   2.42000008       1.59588005E-08
   2.44000006       1.30655211E-08
   2.46000004       1.05988081E-08
   2.48000002       8.67498429E-09
   2.50000000       7.12374870E-09
   2.51999998       5.80977400E-09
   2.53999996       4.78830620E-09
   2.55999994       3.88736732E-09
   2.57999992       3.21354920E-09
   2.59999990       2.69948819E-09
   2.61999989       2.21117658E-09
   2.63999987       1.85487870E-09
   2.65999985       1.52375845E-09
   2.67999983       1.30934008E-09
   2.69999981       1.11072074E-09
   2.71999979       9.28747634E-10
   2.73999977       8.01286482E-10
   2.75999975       6.46046161E-10
   2.77999973       5.62194069E-10
   2.79999971       4.75355810E-10
   2.81999969       4.04516892E-10
   2.83999968       3.49714341E-10
   2.85999966       3.05602765E-10
   2.88000011       2.55890642E-10
   2.90000010       2.23074115E-10
   2.92000008       2.05396200E-10
   2.94000006       1.78583690E-10
   2.96000004       1.66166733E-10
   2.98000002       1.54972368E-10
   3.00000000       1.67631409E-10
   3.01999998       1.82280760E-10
   3.03999996       2.45616805E-10
   3.05999994       5.37626221E-10
   3.07999992       4.94710217E-10
   3.09999990       6.43937312E-08
