  -2.00000000       2.30660456E-12
  -1.98000002       7.13950763E-13
  -1.96000004       3.63278027E-12
  -1.94000006       3.94731296E-12
  -1.91999996       2.36468896E-12
  -1.89999998       9.14192767E-12
  -1.88000000       3.85460674E-12
  -1.86000001       9.86912288E-12
  -1.84000003       1.76151281E-11
  -1.82000005       1.58091300E-11
  -1.79999995       1.82497906E-11
  -1.77999997       1.75426063E-11
  -1.75999999       1.85323718E-11
  -1.74000001       2.57300604E-11
  -1.72000003       2.04691299E-11
  -1.70000005       2.70187483E-11
  -1.68000007       2.65997085E-11
  -1.65999997       4.25736321E-11
  -1.63999999       3.57532233E-11
  -1.62000000       4.15389875E-11
  -1.60000002       5.65489287E-11
  -1.58000004       5.04822850E-11
  -1.55999994       5.77029674E-11
  -1.53999996       4.79516843E-11
  -1.51999998       6.32092156E-11
  -1.50000000       6.81138757E-11
  -1.48000002       7.52787208E-11
  -1.46000004       8.34043251E-11
  -1.44000006       8.34952038E-11
  -1.42000008       8.39484662E-11
  -1.40000010       1.03667658E-10
  -1.38000000       1.07928465E-10
  -1.36000001       1.07123151E-10
  -1.34000003       1.06821205E-10
  -1.31999993       1.22986774E-10
  -1.29999995       1.00486799E-10
  -1.27999997       1.55431459E-10
  -1.25999999       1.07533517E-10
  -1.24000001       2.03460263E-10
  -1.22000003       5.68962877E-10
  -1.20000005       5.16420684E-10
  -1.18000007       4.25093383E-09
  -1.16000009       6.69647404E-09
  -1.14000010       3.12406563E-08
  -1.12000000       7.35348422E-08
  -1.10000002       2.29848723E-07
  -1.08000004       6.14958253E-07
  -1.05999994       1.62067556E-06
  -1.03999996       4.25161261E-06
  -1.01999998       1.04085257E-05
  -1.00000000       2.55640862E-05
 -0.980000019       5.92024662E-05
 -0.960000038       1.35373106E-04
 -0.940000057       2.96356913E-04
 -0.920000076       6.32224896E-04
 -0.899999976       1.30427338E-03
 -0.879999995       2.60529527E-03
 -0.860000014       5.05029084E-03
 -0.840000033       9.46324319E-03
 -0.820000052       1.72155946E-02
 -0.800000072       3.02885510E-02
 -0.779999971       5.16842902E-02
 -0.759999990       8.53889510E-02
 -0.740000010      0.136688679    
 -0.720000029      0.212006062    
 -0.700000048      0.318450093    
 -0.680000067      0.463605672    
 -0.660000086      0.653539598    
 -0.639999986      0.892934561    
 -0.620000005       1.18146169    
 -0.600000024       1.51478982    
 -0.580000043       1.88132000    
 -0.560000062       2.26343417    
 -0.540000081       2.63877416    
 -0.519999981       2.97911167    
 -0.500000000       3.25996757    
 -0.480000019       3.45386386    
 -0.460000038       3.54730296    
 -0.440000057       3.52725482    
 -0.420000076       3.39966726    
 -0.400000095       3.17323184    
 -0.379999995       2.86964345    
 -0.360000014       2.51479530    
 -0.340000033       2.13330340    
 -0.320000052       1.75549459    
 -0.300000072       1.39731646    
 -0.280000091       1.07830739    
 -0.259999990      0.808066189    
 -0.240000010      0.581275642    
 -0.220000029      0.412632108    
 -0.200000048      0.277595490    
 -0.180000067      0.181804791    
 -0.160000086      0.119073808    
 -0.139999986       7.29269683E-02
 -0.120000005       4.15526666E-02
 -0.100000024       2.42105946E-02
  -8.00000429E-02   1.53307654E-02
  -6.00000620E-02   9.54607036E-03
  -4.00000811E-02   4.82605770E-03
  -2.00001001E-02   1.27828459E-03
   0.00000000       6.88066802E-06
   1.99999809E-02   6.49654248E-06
   3.99999619E-02   1.39645526E-05
   5.99999428E-02   2.47747066E-05
   7.99999237E-02   3.54523254E-05
   9.99999046E-02   4.15215436E-05
  0.119999886       4.03442100E-05
  0.139999866       3.10657342E-05
  0.159999847       1.76463054E-05
  0.180000067       7.24961455E-06
  0.200000048       3.76782737E-06
  0.220000029       3.91655931E-06
  0.240000010       3.33622779E-06
  0.259999990       1.84074543E-06
  0.279999971       1.03900163E-06
  0.299999952       6.44269903E-07
  0.319999933       3.13686598E-07
  0.339999914       1.59080685E-07
  0.359999895       8.59430642E-08
  0.379999876       4.33853344E-08
  0.399999857       2.42549110E-08
  0.419999838       1.38704070E-08
  0.440000057       8.34041458E-09
  0.460000038       5.31702238E-09
  0.480000019       3.50805029E-09
  0.500000000       2.43416576E-09
  0.519999981       1.73517067E-09
  0.539999962       1.29007516E-09
  0.559999943       1.00402819E-09
  0.579999924       8.03163092E-10
  0.599999905       6.45540121E-10
  0.619999886       5.21265697E-10
  0.639999866       4.41167491E-10
  0.659999847       3.88075794E-10
  0.679999828       3.35325767E-10
  0.700000048       2.91264790E-10
  0.720000029       2.58813110E-10
  0.740000010       2.32494274E-10
  0.759999990       2.02218658E-10
  0.779999971       1.73976028E-10
  0.799999952       1.59983554E-10
  0.819999933       1.50230994E-10
  0.839999914       1.37442974E-10
  0.859999895       1.22873017E-10
  0.879999876       1.14382996E-10
  0.899999857       1.10389108E-10
  0.919999838       1.05579434E-10
  0.939999819       1.00108644E-10
  0.960000038       9.30470007E-11
  0.980000019       8.68325134E-11
   1.00000000       8.15596965E-11
   1.01999998       7.46912185E-11
   1.03999996       6.93789540E-11
   1.05999994       6.46535742E-11
   1.07999992       5.95464511E-11
   1.09999990       5.45510130E-11
   1.11999989       5.07685907E-11
   1.13999987       5.09308429E-11
   1.15999985       5.15797821E-11
   1.17999983       5.16853643E-11
   1.19999981       5.02691708E-11
   1.22000003       4.77313189E-11
   1.24000001       4.62009597E-11
   1.25999999       4.22468449E-11
   1.27999997       3.99183499E-11
   1.29999995       3.94755097E-11
   1.31999993       3.87338391E-11
   1.33999991       3.77664393E-11
   1.35999990       3.69170493E-11
   1.37999988       3.83142892E-11
   1.39999986       3.95577252E-11
   1.41999984       3.83631252E-11
   1.43999982       3.58621362E-11
   1.46000004       3.39248664E-11
   1.48000002       3.23200702E-11
   1.50000000       2.97678306E-11
   1.51999998       2.84295452E-11
   1.53999996       2.91209279E-11
   1.55999994       2.94543175E-11
   1.57999992       2.99120763E-11
   1.59999990       2.95191892E-11
   1.61999989       2.96838630E-11
   1.63999987       3.14366207E-11
   1.65999985       3.06360770E-11
   1.67999983       2.97878354E-11
   1.69999981       2.82196662E-11
   1.72000003       2.76833001E-11
   1.74000001       2.77452158E-11
   1.75999999       2.68774725E-11
   1.77999997       2.74677173E-11
   1.79999995       2.73940055E-11
   1.81999993       2.87691676E-11
   1.83999991       2.85935060E-11
   1.85999990       2.94778681E-11
   1.87999988       3.22116084E-11
   1.89999986       3.12371795E-11
   1.91999984       3.00190844E-11
   1.93999982       2.79969815E-11
   1.95999980       2.77574838E-11
   1.98000002       2.68546886E-11
   2.00000000       2.58799718E-11
   2.01999998       2.61204929E-11
   2.03999996       2.52629341E-11
   2.05999994       2.56558039E-11
   2.07999992       2.63667838E-11
   2.09999990       2.72993225E-11
   2.11999989       2.80725859E-11
   2.13999987       2.78577786E-11
   2.15999985       2.78583025E-11
   2.17999983       2.69964242E-11
   2.19999981       2.65846355E-11
   2.21999979       2.66863545E-11
   2.23999977       2.73519089E-11
   2.25999975       2.80461071E-11
   2.27999973       2.79560368E-11
   2.29999971       2.87174937E-11
   2.31999969       2.88862788E-11
   2.33999968       3.01827729E-11
   2.36000013       3.11225247E-11
   2.38000011       3.20048571E-11
   2.40000010       3.31576641E-11
   2.42000008       3.10872265E-11
   2.44000006       3.05938885E-11
   2.46000004       2.99996937E-11
   2.48000002       3.19645144E-11
   2.50000000       3.31824151E-11
   2.51999998       3.18437846E-11
   2.53999996       3.32961957E-11
   2.55999994       3.36883160E-11
   2.57999992       3.53876234E-11
   2.59999990       3.70020299E-11
   2.61999989       3.87342866E-11
   2.63999987       4.13970039E-11
   2.65999985       3.97294246E-11
   2.67999983       3.97142319E-11
   2.69999981       4.02633760E-11
   2.71999979       4.28430798E-11
   2.73999977       4.50698784E-11
   2.75999975       4.68109024E-11
   2.77999973       5.20218972E-11
   2.79999971       5.72722911E-11
   2.81999969       6.14276616E-11
   2.83999968       6.38336189E-11
   2.85999966       6.26823871E-11
   2.88000011       5.67723958E-11
   2.90000010       4.52696630E-11
   2.92000008       4.13689118E-11
   2.94000006       4.51917150E-11
   2.96000004       4.23393820E-11
   2.98000002       3.00562665E-11
   3.00000000       2.90036242E-11
   3.01999998       3.35578891E-11
   3.03999996       1.83967407E-11
   3.05999994       1.99573569E-11
   3.07999992       1.15170954E-11
   3.09999990       1.11752760E-11
