  -2.00000000       8.22294567E-07
  -1.98000002       1.46486309E-06
  -1.96000004       7.70037730E-07
  -1.94000006       1.82308924E-09
  -1.91999996       7.31542229E-07
  -1.89999998       1.56023043E-06
  -1.88000000       9.33985746E-07
  -1.86000001       4.43461339E-08
  -1.84000003       5.74482726E-07
  -1.82000005       1.53472547E-06
  -1.79999995       1.04648143E-06
  -1.77999997       9.78778090E-08
  -1.75999999       5.03063461E-07
  -1.74000001       1.56447197E-06
  -1.72000003       1.31992965E-06
  -1.70000005       2.34826729E-07
  -1.68000007       3.35748382E-07
  -1.65999997       1.39724250E-06
  -1.63999999       1.43609577E-06
  -1.62000000       4.38259207E-07
  -1.60000002       2.79709326E-07
  -1.58000004       1.16687102E-06
  -1.55999994       1.36737503E-06
  -1.53999996       5.76918694E-07
  -1.51999998       3.78082433E-07
  -1.50000000       1.08848792E-06
  -1.48000002       1.27069234E-06
  -1.46000004       6.70966415E-07
  -1.44000006       5.60448484E-07
  -1.42000008       1.13293049E-06
  -1.40000010       1.20985317E-06
  -1.38000000       7.23905771E-07
  -1.36000001       7.74586510E-07
  -1.34000003       1.24346934E-06
  -1.31999993       1.14988870E-06
  -1.29999995       8.17412797E-07
  -1.27999997       1.05615834E-06
  -1.25999999       1.36706603E-06
  -1.24000001       1.12468729E-06
  -1.22000003       1.00849581E-06
  -1.20000005       1.35525420E-06
  -1.18000007       1.40764155E-06
  -1.16000009       1.15511682E-06
  -1.14000010       1.32984428E-06
  -1.12000000       1.58746457E-06
  -1.10000002       1.41307748E-06
  -1.08000004       1.43864690E-06
  -1.05999994       1.73161027E-06
  -1.03999996       1.54099507E-06
  -1.01999998       1.48239724E-06
  -1.00000000       2.14400848E-06
 -0.980000019       2.31369700E-06
 -0.960000038       1.64057678E-06
 -0.940000057       1.06348762E-06
 -0.920000076       1.80364225E-06
 -0.899999976       4.79003302E-06
 -0.879999995       8.85921690E-06
 -0.860000014       7.35202138E-06
 -0.840000033       3.98665770E-06
 -0.820000052       1.06659745E-05
 -0.800000072       4.77514404E-05
 -0.779999971       1.13417758E-04
 -0.759999990       2.00354349E-04
 -0.740000010       3.02164000E-04
 -0.720000029       5.04686963E-04
 -0.700000048       9.63044004E-04
 -0.680000067       1.88934081E-03
 -0.660000086       3.47287254E-03
 -0.639999986       5.89812594E-03
 -0.620000005       9.57710017E-03
 -0.600000024       1.51955504E-02
 -0.580000043       2.40572579E-02
 -0.560000062       3.76524553E-02
 -0.540000081       5.83360679E-02
 -0.519999981       8.87377337E-02
 -0.500000000      0.132409662    
 -0.480000019      0.191367537    
 -0.460000038      0.265359163    
 -0.440000057      0.352493227    
 -0.420000076      0.456538975    
 -0.400000095      0.596115112    
 -0.379999995      0.798228741    
 -0.360000014       1.07294369    
 -0.340000033       1.37191641    
 -0.320000052       1.59886694    
 -0.300000072       1.68642390    
 -0.280000091       1.71771145    
 -0.259999990       1.93122292    
 -0.240000010       2.52046585    
 -0.220000029       3.34575272    
 -0.200000048       3.85938048    
 -0.180000067       3.53042960    
 -0.160000086       2.43851042    
 -0.139999986       1.49809921    
 -0.120000005       1.76767135    
 -0.100000024       3.37670922    
  -8.00000429E-02   5.13784122    
  -6.00000620E-02   5.36742401    
  -4.00000811E-02   3.63205719    
  -2.00001001E-02   1.09762716    
   0.00000000       9.92870238E-03
   1.99999809E-02   2.44843050E-05
   3.99999619E-02   6.01612919E-06
   5.99999428E-02   2.94472784E-06
   7.99999237E-02   3.35242447E-07
   9.99999046E-02   1.27091607E-06
  0.119999886       5.73402644E-07
  0.139999866       1.24034727E-06
  0.159999847       1.19801928E-06
  0.180000067       1.53466533E-06
  0.200000048       1.92321340E-06
  0.220000029       1.98253952E-06
  0.240000010       2.67717792E-06
  0.259999990       2.55980649E-06
  0.279999971       3.41662030E-06
  0.299999952       3.28274677E-06
  0.319999933       4.09509903E-06
  0.339999914       4.10601160E-06
  0.359999895       4.62720936E-06
  0.379999876       4.88041678E-06
  0.399999857       5.01582599E-06
  0.419999838       5.51799576E-06
  0.440000057       5.44532486E-06
  0.460000038       5.95836900E-06
  0.480000019       5.89360616E-06
  0.500000000       6.02664932E-06
  0.519999981       6.15552790E-06
  0.539999962       5.97916869E-06
  0.559999943       6.23693268E-06
  0.579999924       6.00076237E-06
  0.599999905       5.91354274E-06
  0.619999886       5.87856766E-06
  0.639999866       5.56770920E-06
  0.659999847       5.60086073E-06
  0.679999828       5.30179932E-06
  0.700000048       5.01074146E-06
  0.720000029       5.01060322E-06
  0.740000010       4.64941968E-06
  0.759999990       4.43720819E-06
  0.779999971       4.33678861E-06
  0.799999952       4.00505041E-06
  0.819999933       3.86846114E-06
  0.839999914       3.71136821E-06
  0.859999895       3.43231159E-06
  0.879999876       3.33339131E-06
  0.899999857       3.18068896E-06
  0.919999838       2.94400274E-06
  0.939999819       2.85286137E-06
  0.960000038       2.74998138E-06
  0.980000019       2.53385997E-06
   1.00000000       2.43322370E-06
   1.01999998       2.39529822E-06
   1.03999996       2.19378740E-06
   1.05999994       2.07871562E-06
   1.07999992       2.08514803E-06
   1.09999990       1.91712161E-06
   1.11999989       1.79743745E-06
   1.13999987       1.77748564E-06
   1.15999985       1.71210354E-06
   1.17999983       1.57068371E-06
   1.19999981       1.49954599E-06
   1.22000003       1.51414247E-06
   1.24000001       1.40023121E-06
   1.25999999       1.30508340E-06
   1.27999997       1.26483394E-06
   1.29999995       1.27354895E-06
   1.31999993       1.16440503E-06
   1.33999991       1.08979611E-06
   1.35999990       1.06160223E-06
   1.37999988       1.07066342E-06
   1.39999986       9.83021209E-07
   1.41999984       9.13258475E-07
   1.43999982       8.81304572E-07
   1.46000004       8.95219671E-07
   1.48000002       8.47680894E-07
   1.50000000       7.71342229E-07
   1.51999998       7.32708372E-07
   1.53999996       7.25380119E-07
   1.55999994       7.30482782E-07
   1.57999992       6.72584235E-07
   1.59999990       6.17173953E-07
   1.61999989       5.88452451E-07
   1.63999987       5.83847793E-07
   1.65999985       5.89334547E-07
   1.67999983       5.48811329E-07
   1.69999981       4.97644521E-07
   1.72000003       4.69886288E-07
   1.74000001       4.56176622E-07
   1.75999999       4.60741404E-07
   1.77999997       4.54875732E-07
   1.79999995       4.16295393E-07
   1.81999993       3.78111793E-07
   1.83999991       3.56786245E-07
   1.85999990       3.43040682E-07
   1.87999988       3.42609638E-07
   1.89999986       3.44852424E-07
   1.91999984       3.28340718E-07
   1.93999982       2.97166707E-07
   1.95999980       2.69780685E-07
   1.98000002       2.53181014E-07
   2.00000000       2.41394247E-07
   2.01999998       2.35804919E-07
   2.03999996       2.36226967E-07
   2.05999994       2.34370702E-07
   2.07999992       2.22983942E-07
   2.09999990       2.02534267E-07
   2.11999989       1.82326545E-07
   2.13999987       1.66321996E-07
   2.15999985       1.54158130E-07
   2.17999983       1.44742742E-07
   2.19999981       1.37128524E-07
   2.21999979       1.32895167E-07
   2.23999977       1.30710745E-07
   2.25999975       1.29037048E-07
   2.27999973       1.25733436E-07
   2.29999971       1.18828375E-07
   2.31999969       1.09741663E-07
   2.33999968       9.90510785E-08
   2.36000013       8.80990143E-08
   2.38000011       7.75708031E-08
   2.40000010       6.77200802E-08
   2.42000008       5.90296523E-08
   2.44000006       5.06517743E-08
   2.46000004       4.31371170E-08
   2.48000002       3.62274832E-08
   2.50000000       3.02272980E-08
   2.51999998       2.51340229E-08
   2.53999996       2.05066470E-08
   2.55999994       1.67919669E-08
   2.57999992       1.37176075E-08
   2.59999990       1.12167076E-08
   2.61999989       9.10237219E-09
   2.63999987       7.36959338E-09
   2.65999985       6.02864780E-09
   2.67999983       4.85425566E-09
   2.69999981       4.00488220E-09
   2.71999979       3.26203065E-09
   2.73999977       2.67513212E-09
   2.75999975       2.16699747E-09
   2.77999973       1.76520365E-09
   2.79999971       1.46217793E-09
   2.81999969       1.17769328E-09
   2.83999968       9.70889480E-10
   2.85999966       7.92847454E-10
   2.88000011       6.62031263E-10
   2.90000010       5.17735022E-10
   2.92000008       4.21561591E-10
   2.94000006       3.34008682E-10
   2.96000004       2.65262950E-10
   2.98000002       2.02346653E-10
   3.00000000       1.52994686E-10
   3.01999998       1.13096650E-10
   3.03999996       9.88941429E-11
   3.05999994       2.19773783E-10
   3.07999992       2.42519227E-10
   3.09999990       6.66449793E-08
