  -2.00000000       8.38173719E-07
  -1.98000002       1.47311130E-06
  -1.96000004       7.33073591E-07
  -1.94000006       3.27674132E-09
  -1.91999996       8.03773332E-07
  -1.89999998       1.55892360E-06
  -1.88000000       8.58858073E-07
  -1.86000001       2.76348278E-08
  -1.84000003       6.81521385E-07
  -1.82000005       1.57834677E-06
  -1.79999995       9.39262577E-07
  -1.77999997       5.71002019E-08
  -1.75999999       6.47817956E-07
  -1.74000001       1.63663776E-06
  -1.72000003       1.15919590E-06
  -1.70000005       1.36080814E-07
  -1.68000007       5.05796038E-07
  -1.65999997       1.52863811E-06
  -1.63999999       1.27311750E-06
  -1.62000000       2.79564460E-07
  -1.60000002       4.33600604E-07
  -1.58000004       1.34928666E-06
  -1.55999994       1.24199369E-06
  -1.53999996       4.06033365E-07
  -1.51999998       5.06239473E-07
  -1.50000000       1.26959958E-06
  -1.48000002       1.17289312E-06
  -1.46000004       5.23792494E-07
  -1.44000006       6.77309288E-07
  -1.42000008       1.27767908E-06
  -1.40000010       1.10704013E-06
  -1.38000000       6.23709127E-07
  -1.36000001       8.98227370E-07
  -1.34000003       1.32956802E-06
  -1.31999993       1.03691320E-06
  -1.29999995       7.82112863E-07
  -1.27999997       1.18721641E-06
  -1.25999999       1.37722952E-06
  -1.24000001       1.01783621E-06
  -1.22000003       1.05288098E-06
  -1.20000005       1.45075012E-06
  -1.18000007       1.34086144E-06
  -1.16000009       1.11303473E-06
  -1.14000010       1.42810984E-06
  -1.12000000       1.59198544E-06
  -1.10000002       1.33545518E-06
  -1.08000004       1.50182609E-06
  -1.05999994       1.77167874E-06
  -1.03999996       1.46441914E-06
  -1.01999998       1.52559528E-06
  -1.00000000       2.24396331E-06
 -0.980000019       2.19784442E-06
 -0.960000038       1.59783258E-06
 -0.940000057       1.11844622E-06
 -0.920000076       1.92299967E-06
 -0.899999976       4.90478715E-06
 -0.879999995       8.80210882E-06
 -0.860000014       6.64309664E-06
 -0.840000033       3.62135393E-06
 -0.820000052       1.10615711E-05
 -0.800000072       4.82188261E-05
 -0.779999971       1.12664711E-04
 -0.759999990       1.95323868E-04
 -0.740000010       2.94454047E-04
 -0.720000029       4.92846069E-04
 -0.700000048       9.50500194E-04
 -0.680000067       1.86075422E-03
 -0.660000086       3.42239789E-03
 -0.639999986       5.79286227E-03
 -0.620000005       9.41338018E-03
 -0.600000024       1.49284331E-02
 -0.580000043       2.36586835E-02
 -0.560000062       3.70305367E-02
 -0.540000081       5.74039482E-02
 -0.519999981       8.73970240E-02
 -0.500000000      0.130525514    
 -0.480000019      0.188794583    
 -0.460000038      0.261712700    
 -0.440000057      0.347482443    
 -0.420000076      0.449849069    
 -0.400000095      0.588145137    
 -0.379999995      0.789481640    
 -0.360000014       1.06384075    
 -0.340000033       1.36149430    
 -0.320000052       1.58527470    
 -0.300000072       1.66859305    
 -0.280000091       1.69765723    
 -0.259999990       1.91463387    
 -0.240000010       2.51261735    
 -0.220000029       3.34703255    
 -0.200000048       3.86256266    
 -0.180000067       3.52658796    
 -0.160000086       2.42513466    
 -0.139999986       1.48444903    
 -0.120000005       1.76938236    
 -0.100000024       3.40330291    
  -8.00000429E-02   5.18417501    
  -6.00000620E-02   5.41489315    
  -4.00000811E-02   3.66305900    
  -2.00001001E-02   1.10675013    
   0.00000000       1.00070331E-02
   1.99999809E-02   2.50024168E-05
   3.99999619E-02   5.68693849E-06
   5.99999428E-02   3.26214536E-06
   7.99999237E-02   3.42878579E-08
   9.99999046E-02   1.55310499E-06
  0.119999886       2.65688925E-07
  0.139999866       1.52204461E-06
  0.159999847       8.85889563E-07
  0.180000067       1.81500559E-06
  0.200000048       1.63848006E-06
  0.220000029       2.23875554E-06
  0.240000010       2.45708770E-06
  0.259999990       2.73141768E-06
  0.279999971       3.27340058E-06
  0.299999952       3.29684144E-06
  0.319999933       4.03789272E-06
  0.339999914       3.98179736E-06
  0.359999895       4.70128180E-06
  0.379999876       4.73931914E-06
  0.399999857       5.15994316E-06
  0.419999838       5.39083885E-06
  0.440000057       5.45074363E-06
  0.460000038       5.87870181E-06
  0.480000019       5.80024971E-06
  0.500000000       6.12461099E-06
  0.519999981       6.07417587E-06
  0.539999962       6.02071214E-06
  0.559999943       6.14792134E-06
  0.579999924       5.94998801E-06
  0.599999905       6.00868316E-06
  0.619999886       5.82270513E-06
  0.639999866       5.57030762E-06
  0.659999847       5.57860085E-06
  0.679999828       5.30006355E-06
  0.700000048       5.08411676E-06
  0.720000029       4.94991764E-06
  0.740000010       4.64717232E-06
  0.759999990       4.51602364E-06
  0.779999971       4.30353612E-06
  0.799999952       3.99907867E-06
  0.819999933       3.92686343E-06
  0.839999914       3.70292560E-06
  0.859999895       3.42547196E-06
  0.879999876       3.38084556E-06
  0.899999857       3.17922104E-06
  0.919999838       2.93827202E-06
  0.939999819       2.89909531E-06
  0.960000038       2.74309514E-06
  0.980000019       2.53234884E-06
   1.00000000       2.47785056E-06
   1.01999998       2.38093639E-06
   1.03999996       2.20725428E-06
   1.05999994       2.10260373E-06
   1.07999992       2.08094571E-06
   1.09999990       1.94079439E-06
   1.11999989       1.78935193E-06
   1.13999987       1.80499478E-06
   1.15999985       1.71385273E-06
   1.17999983       1.57588818E-06
   1.19999981       1.51355209E-06
   1.22000003       1.51903964E-06
   1.24000001       1.41849921E-06
   1.25999999       1.29559407E-06
   1.27999997       1.28619979E-06
   1.29999995       1.27396504E-06
   1.31999993       1.18452226E-06
   1.33999991       1.07832261E-06
   1.35999990       1.07959522E-06
   1.37999988       1.07435756E-06
   1.39999986       1.00028171E-06
   1.41999984       9.06930950E-07
   1.43999982       8.86694863E-07
   1.46000004       9.07468120E-07
   1.48000002       8.56383224E-07
   1.50000000       7.81874917E-07
   1.51999998       7.20353000E-07
   1.53999996       7.40731366E-07
   1.55999994       7.36123297E-07
   1.57999992       6.86033786E-07
   1.59999990       6.20498611E-07
   1.61999989       5.77725359E-07
   1.63999987       5.97306212E-07
   1.65999985       5.96823440E-07
   1.67999983       5.59233172E-07
   1.69999981       5.07723655E-07
   1.72000003       4.58637658E-07
   1.74000001       4.57053659E-07
   1.75999999       4.73638949E-07
   1.77999997       4.60793586E-07
   1.79999995       4.28064226E-07
   1.81999993       3.85819874E-07
   1.83999991       3.47376272E-07
   1.85999990       3.39151626E-07
   1.87999988       3.52946131E-07
   1.89999986       3.53088637E-07
   1.91999984       3.35056598E-07
   1.93999982       3.08585811E-07
   1.95999980       2.75434161E-07
   1.98000002       2.46233014E-07
   2.00000000       2.34423126E-07
   2.01999998       2.39544448E-07
   2.03999996       2.45085772E-07
   2.05999994       2.41049378E-07
   2.07999992       2.29058784E-07
   2.09999990       2.11570182E-07
   2.11999989       1.91148075E-07
   2.13999987       1.68579533E-07
   2.15999985       1.49438407E-07
   2.17999983       1.38544209E-07
   2.19999981       1.35147104E-07
   2.21999979       1.36226831E-07
   2.23999977       1.36625388E-07
   2.25999975       1.34915695E-07
   2.27999973       1.30515843E-07
   2.29999971       1.23651247E-07
   2.31999969       1.15681324E-07
   2.33999968       1.05866164E-07
   2.36000013       9.52390664E-08
   2.38000011       8.36459009E-08
   2.40000010       7.20709821E-08
   2.42000008       6.12706472E-08
   2.44000006       5.10743305E-08
   2.46000004       4.23222417E-08
   2.48000002       3.47281173E-08
   2.50000000       2.87180697E-08
   2.51999998       2.37563302E-08
   2.53999996       1.94448848E-08
   2.55999994       1.60950897E-08
   2.57999992       1.32347839E-08
   2.59999990       1.10125979E-08
   2.61999989       9.02608921E-09
   2.63999987       7.44413331E-09
   2.65999985       6.11421536E-09
   2.67999983       5.01581843E-09
   2.69999981       4.21848867E-09
   2.71999979       3.46285978E-09
   2.73999977       2.88457613E-09
   2.75999975       2.33927433E-09
   2.77999973       1.95944616E-09
   2.79999971       1.62496860E-09
   2.81999969       1.34871103E-09
   2.83999968       1.13767429E-09
   2.85999966       9.46501544E-10
   2.88000011       7.96649191E-10
   2.90000010       6.50691723E-10
   2.92000008       5.48669110E-10
   2.94000006       4.49120213E-10
   2.96000004       4.02018419E-10
   2.98000002       3.42158912E-10
   3.00000000       3.11337067E-10
   3.01999998       3.07904202E-10
   3.03999996       3.80327908E-10
   3.05999994       6.77312428E-10
   3.07999992       6.67511768E-10
   3.09999990       7.15307635E-08
