  -2.00000000       8.26408723E-07
  -1.98000002       1.52355688E-06
  -1.96000004       5.03151341E-07
  -1.94000006       5.64584468E-08
  -1.91999996       1.19645426E-06
  -1.89999998       1.56206227E-06
  -1.88000000       4.72878469E-07
  -1.86000001       1.09124429E-07
  -1.84000003       1.24449866E-06
  -1.82000005       1.50122742E-06
  -1.79999995       3.88392351E-07
  -1.77999997       2.12911942E-07
  -1.75999999       1.33540527E-06
  -1.74000001       1.40967973E-06
  -1.72000003       2.75939499E-07
  -1.70000005       3.59304948E-07
  -1.68000007       1.52784060E-06
  -1.65999997       1.37920779E-06
  -1.63999999       2.44293943E-07
  -1.62000000       4.70939966E-07
  -1.60000002       1.58484784E-06
  -1.58000004       1.31653155E-06
  -1.55999994       2.64745495E-07
  -1.53999996       6.00044586E-07
  -1.51999998       1.56143403E-06
  -1.50000000       1.16493152E-06
  -1.48000002       3.49483059E-07
  -1.46000004       8.16804231E-07
  -1.44000006       1.48323954E-06
  -1.42000008       9.95979008E-07
  -1.40000010       5.10247162E-07
  -1.38000000       1.05918480E-06
  -1.36000001       1.39944063E-06
  -1.34000003       8.78625997E-07
  -1.31999993       7.73915986E-07
  -1.29999995       1.31885145E-06
  -1.27999997       1.30689841E-06
  -1.25999999       9.02772513E-07
  -1.24000001       1.13457043E-06
  -1.22000003       1.47209676E-06
  -1.20000005       1.20085019E-06
  -1.18000007       1.12592693E-06
  -1.16000009       1.49341770E-06
  -1.14000010       1.46693299E-06
  -1.12000000       1.27684712E-06
  -1.10000002       1.55610712E-06
  -1.08000004       1.69931047E-06
  -1.05999994       1.44470926E-06
  -1.03999996       1.54641793E-06
  -1.01999998       1.92693210E-06
  -1.00000000       2.02847127E-06
 -0.980000019       2.01220905E-06
 -0.960000038       1.55441182E-06
 -0.940000057       1.14244074E-06
 -0.920000076       2.56896556E-06
 -0.899999976       5.88908688E-06
 -0.879999995       6.97292307E-06
 -0.860000014       4.33938021E-06
 -0.840000033       1.92489892E-06
 -0.820000052       1.39134390E-05
 -0.800000072       4.99656526E-05
 -0.779999971       1.07468382E-04
 -0.759999990       1.70076848E-04
 -0.740000010       2.56355386E-04
 -0.720000029       4.43551922E-04
 -0.700000048       8.83456261E-04
 -0.680000067       1.73671159E-03
 -0.660000086       3.15240235E-03
 -0.639999986       5.31073520E-03
 -0.620000005       8.58609378E-03
 -0.600000024       1.36839170E-02
 -0.580000043       2.16775797E-02
 -0.560000062       3.40462588E-02
 -0.540000081       5.28252721E-02
 -0.519999981       8.09002295E-02
 -0.500000000      0.121393859    
 -0.480000019      0.176189974    
 -0.460000038      0.243870720    
 -0.440000057      0.322459996    
 -0.420000076      0.416838914    
 -0.400000095      0.548517346    
 -0.379999995      0.746893942    
 -0.360000014       1.01899028    
 -0.340000033       1.30980754    
 -0.320000052       1.51597488    
 -0.300000072       1.57705534    
 -0.280000091       1.59528232    
 -0.259999990       1.83091855    
 -0.240000010       2.47502422    
 -0.220000029       3.35409927    
 -0.200000048       3.87720776    
 -0.180000067       3.50177455    
 -0.160000086       2.35199642    
 -0.139999986       1.41222358    
 -0.120000005       1.77872705    
 -0.100000024       3.54119277    
  -8.00000429E-02   5.42113352    
  -6.00000620E-02   5.65623188    
  -4.00000811E-02   3.81967020    
  -2.00001001E-02   1.15267968    
   0.00000000       1.04466993E-02
   1.99999809E-02   2.27914679E-05
   3.99999619E-02   8.89971943E-06
   5.99999428E-02   1.31280058E-06
   7.99999237E-02   1.62656761E-06
   9.99999046E-02   2.38566940E-07
  0.119999886       1.35906316E-06
  0.139999866       5.28721955E-07
  0.159999847       1.66372718E-06
  0.180000067       1.06316872E-06
  0.200000048       2.11121187E-06
  0.220000029       1.73044486E-06
  0.240000010       2.59956187E-06
  0.259999990       2.49602135E-06
  0.279999971       3.10354289E-06
  0.299999952       3.33762455E-06
  0.319999933       3.64621292E-06
  0.339999914       4.17772708E-06
  0.359999895       4.21704499E-06
  0.379999876       4.84998782E-06
  0.399999857       4.77071490E-06
  0.419999838       5.28171677E-06
  0.440000057       5.35277650E-06
  0.460000038       5.59790396E-06
  0.480000019       5.87408158E-06
  0.500000000       5.78623258E-06
  0.519999981       6.04013439E-06
  0.539999962       5.89854153E-06
  0.559999943       6.00133762E-06
  0.579999924       6.02307864E-06
  0.599999905       5.81785071E-06
  0.619999886       5.81219410E-06
  0.639999866       5.60307308E-06
  0.659999847       5.49402193E-06
  0.679999828       5.38264476E-06
  0.700000048       5.07348341E-06
  0.720000029       4.93436710E-06
  0.740000010       4.78741777E-06
  0.759999990       4.50205789E-06
  0.779999971       4.32472279E-06
  0.799999952       4.15656586E-06
  0.819999933       3.91735193E-06
  0.839999914       3.74802858E-06
  0.859999895       3.57668523E-06
  0.879999876       3.37828715E-06
  0.899999857       3.22615074E-06
  0.919999838       3.08464382E-06
  0.939999819       2.90551861E-06
  0.960000038       2.76979472E-06
  0.980000019       2.67798941E-06
   1.00000000       2.50268431E-06
   1.01999998       2.37992526E-06
   1.03999996       2.33457195E-06
   1.05999994       2.16663989E-06
   1.07999992       2.05681113E-06
   1.09999990       2.02305500E-06
   1.11999989       1.90018136E-06
   1.13999987       1.79162339E-06
   1.15999985       1.72553064E-06
   1.17999983       1.69530563E-06
   1.19999981       1.56839121E-06
   1.22000003       1.48332492E-06
   1.24000001       1.47348749E-06
   1.25999999       1.40591317E-06
   1.27999997       1.30744979E-06
   1.29999995       1.23989639E-06
   1.31999993       1.25148904E-06
   1.33999991       1.17822515E-06
   1.35999990       1.09492976E-06
   1.37999988       1.03842069E-06
   1.39999986       1.05489835E-06
   1.41999984       1.00172463E-06
   1.43999982       9.22672825E-07
   1.46000004       8.67554036E-07
   1.48000002       8.74701584E-07
   1.50000000       8.64124672E-07
   1.51999998       7.90040588E-07
   1.53999996       7.32906585E-07
   1.55999994       7.06263677E-07
   1.57999992       7.27228098E-07
   1.59999990       6.95683354E-07
   1.61999989       6.33780417E-07
   1.63999987       5.86700480E-07
   1.65999985       5.68671851E-07
   1.67999983       5.89004230E-07
   1.69999981       5.70598672E-07
   1.72000003       5.18827619E-07
   1.74000001       4.75154934E-07
   1.75999999       4.46223453E-07
   1.77999997       4.53976128E-07
   1.79999995       4.64955491E-07
   1.81999993       4.39364953E-07
   1.83999991       3.98063605E-07
   1.85999990       3.61815097E-07
   1.87999988       3.36920209E-07
   1.89999986       3.36807005E-07
   1.91999984       3.50912046E-07
   1.93999982       3.45312685E-07
   1.95999980       3.18131498E-07
   1.98000002       2.87135464E-07
   2.00000000       2.59100034E-07
   2.01999998       2.38183134E-07
   2.03999996       2.31618216E-07
   2.05999994       2.39338789E-07
   2.07999992       2.44965520E-07
   2.09999990       2.37832921E-07
   2.11999989       2.20069765E-07
   2.13999987       1.98795036E-07
   2.15999985       1.78708106E-07
   2.17999983       1.59599352E-07
   2.19999981       1.44570265E-07
   2.21999979       1.35983214E-07
   2.23999977       1.34592099E-07
   2.25999975       1.37164221E-07
   2.27999973       1.38529543E-07
   2.29999971       1.36775412E-07
   2.31999969       1.30655252E-07
   2.33999968       1.21824812E-07
   2.36000013       1.11558961E-07
   2.38000011       1.00603536E-07
   2.40000010       8.97642565E-08
   2.42000008       7.85200029E-08
   2.44000006       6.77683047E-08
   2.46000004       5.74794363E-08
   2.48000002       4.84420291E-08
   2.50000000       4.05105922E-08
   2.51999998       3.36560859E-08
   2.53999996       2.81903620E-08
   2.55999994       2.35803075E-08
   2.57999992       1.98326013E-08
   2.59999990       1.66231313E-08
   2.61999989       1.40661847E-08
   2.63999987       1.18576224E-08
   2.65999985       1.00006305E-08
   2.67999983       8.53757065E-09
   2.69999981       7.20819227E-09
   2.71999979       6.14012396E-09
   2.73999977       5.16876320E-09
   2.75999975       4.42869075E-09
   2.77999973       3.72986486E-09
   2.79999971       3.18831939E-09
   2.81999969       2.71191292E-09
   2.83999968       2.31660957E-09
   2.85999966       1.98443484E-09
   2.88000011       1.68225378E-09
   2.90000010       1.45698031E-09
   2.92000008       1.24045407E-09
   2.94000006       1.08527842E-09
   2.96000004       9.19322840E-10
   2.98000002       8.19552093E-10
   3.00000000       7.30800032E-10
   3.01999998       7.03121117E-10
   3.03999996       7.25003058E-10
   3.05999994       1.04456188E-09
   3.07999992       1.09928955E-09
   3.09999990       7.26762579E-08
