  -2.00000000       8.30043291E-07
  -1.98000002       1.52639086E-06
  -1.96000004       5.09131553E-07
  -1.94000006       5.42234488E-08
  -1.91999996       1.19033245E-06
  -1.89999998       1.56544957E-06
  -1.88000000       4.82735800E-07
  -1.86000001       1.04370230E-07
  -1.84000003       1.23247310E-06
  -1.82000005       1.50736241E-06
  -1.79999995       4.00230732E-07
  -1.77999997       2.01610945E-07
  -1.75999999       1.31943455E-06
  -1.74000001       1.42326462E-06
  -1.72000003       2.91599889E-07
  -1.70000005       3.40447315E-07
  -1.68000007       1.51206029E-06
  -1.65999997       1.40226246E-06
  -1.63999999       2.62552987E-07
  -1.62000000       4.44586476E-07
  -1.60000002       1.56105818E-06
  -1.58000004       1.33733647E-06
  -1.55999994       2.81078570E-07
  -1.53999996       5.73234558E-07
  -1.51999998       1.54803422E-06
  -1.50000000       1.18866740E-06
  -1.48000002       3.59104831E-07
  -1.46000004       7.88844204E-07
  -1.44000006       1.48120137E-06
  -1.42000008       1.02166825E-06
  -1.40000010       5.08485186E-07
  -1.38000000       1.03422008E-06
  -1.36000001       1.40900568E-06
  -1.34000003       8.96979884E-07
  -1.31999993       7.61324998E-07
  -1.29999995       1.30539649E-06
  -1.27999997       1.32163348E-06
  -1.25999999       9.07729373E-07
  -1.24000001       1.12120938E-06
  -1.22000003       1.46997127E-06
  -1.20000005       1.21390315E-06
  -1.18000007       1.12020655E-06
  -1.16000009       1.48349034E-06
  -1.14000010       1.47522235E-06
  -1.12000000       1.28068075E-06
  -1.10000002       1.54402676E-06
  -1.08000004       1.70449380E-06
  -1.05999994       1.44920932E-06
  -1.03999996       1.53824658E-06
  -1.01999998       1.92724883E-06
  -1.00000000       2.03080936E-06
 -0.980000019       2.00368095E-06
 -0.960000038       1.57251850E-06
 -0.940000057       1.13961323E-06
 -0.920000076       2.53003554E-06
 -0.899999976       5.89796809E-06
 -0.879999995       7.02275747E-06
 -0.860000014       4.40380381E-06
 -0.840000033       1.94280847E-06
 -0.820000052       1.38811811E-05
 -0.800000072       4.98803711E-05
 -0.779999971       1.07735861E-04
 -0.759999990       1.70596264E-04
 -0.740000010       2.57353706E-04
 -0.720000029       4.44443111E-04
 -0.700000048       8.85081536E-04
 -0.680000067       1.73930440E-03
 -0.660000086       3.15885758E-03
 -0.639999986       5.32173319E-03
 -0.620000005       8.60515609E-03
 -0.600000024       1.37130413E-02
 -0.580000043       2.17232704E-02
 -0.560000062       3.41170579E-02
 -0.540000081       5.29303886E-02
 -0.519999981       8.10540766E-02
 -0.500000000      0.121603690    
 -0.480000019      0.176489264    
 -0.460000038      0.244288459    
 -0.440000057      0.323058158    
 -0.420000076      0.417622030    
 -0.400000095      0.549453020    
 -0.379999995      0.747892499    
 -0.360000014       1.02004015    
 -0.340000033       1.31104672    
 -0.320000052       1.51764703    
 -0.300000072       1.57929885    
 -0.280000091       1.59776330    
 -0.259999990       1.83293319    
 -0.240000010       2.47589087    
 -0.220000029       3.35390592    
 -0.200000048       3.87689996    
 -0.180000067       3.50247335    
 -0.160000086       2.35388088    
 -0.139999986       1.41402125    
 -0.120000005       1.77848744    
 -0.100000024       3.53779578    
  -8.00000429E-02   5.41536713    
  -6.00000620E-02   5.65038967    
  -4.00000811E-02   3.81590295    
  -2.00001001E-02   1.15157199    
   0.00000000       1.04381330E-02
   1.99999809E-02   2.26054253E-05
   3.99999619E-02   9.03311502E-06
   5.99999428E-02   1.22089318E-06
   7.99999237E-02   1.68522547E-06
   9.99999046E-02   1.91208940E-07
  0.119999886       1.38021255E-06
  0.139999866       4.99481871E-07
  0.159999847       1.65686356E-06
  0.180000067       1.04882361E-06
  0.200000048       2.09395944E-06
  0.220000029       1.74722186E-06
  0.240000010       2.59943749E-06
  0.259999990       2.55279633E-06
  0.279999971       3.11787880E-06
  0.299999952       3.38565360E-06
  0.319999933       3.62160154E-06
  0.339999914       4.15714157E-06
  0.359999895       4.16493685E-06
  0.379999876       4.83194299E-06
  0.399999857       4.80853487E-06
  0.419999838       5.32863714E-06
  0.440000057       5.40717110E-06
  0.460000038       5.56260875E-06
  0.480000019       5.82735811E-06
  0.500000000       5.76073080E-06
  0.519999981       6.07956144E-06
  0.539999962       5.96779364E-06
  0.559999943       5.98121596E-06
  0.579999924       5.97426288E-06
  0.599999905       5.80161759E-06
  0.619999886       5.86148508E-06
  0.639999866       5.64061429E-06
  0.659999847       5.43627311E-06
  0.679999828       5.35951358E-06
  0.700000048       5.12265342E-06
  0.720000029       4.94459027E-06
  0.740000010       4.74690205E-06
  0.759999990       4.49517665E-06
  0.779999971       4.36473965E-06
  0.799999952       4.14281294E-06
  0.819999933       3.88097214E-06
  0.839999914       3.78349182E-06
  0.859999895       3.58001080E-06
  0.879999876       3.33810567E-06
  0.899999857       3.25541328E-06
  0.919999838       3.08751419E-06
  0.939999819       2.87211469E-06
  0.960000038       2.79907022E-06
  0.980000019       2.66845018E-06
   1.00000000       2.48671745E-06
   1.01999998       2.40334384E-06
   1.03999996       2.31062177E-06
   1.05999994       2.17904858E-06
   1.07999992       2.05373499E-06
   1.09999990       2.00960380E-06
   1.11999989       1.92324978E-06
   1.13999987       1.76346487E-06
   1.15999985       1.74406171E-06
   1.17999983       1.68467386E-06
   1.19999981       1.57133354E-06
   1.22000003       1.48102731E-06
   1.24000001       1.46820764E-06
   1.25999999       1.41670705E-06
   1.27999997       1.29231239E-06
   1.29999995       1.25088297E-06
   1.31999993       1.23881023E-06
   1.33999991       1.19206015E-06
   1.35999990       1.07921642E-06
   1.37999988       1.04866922E-06
   1.39999986       1.04515823E-06
   1.41999984       1.01082310E-06
   1.43999982       9.14945133E-07
   1.46000004       8.67779022E-07
   1.48000002       8.76106412E-07
   1.50000000       8.59383249E-07
   1.51999998       7.98724102E-07
   1.53999996       7.19275022E-07
   1.55999994       7.16831607E-07
   1.57999992       7.18486717E-07
   1.59999990       6.99794896E-07
   1.61999989       6.35925744E-07
   1.63999987       5.76517550E-07
   1.65999985       5.77803064E-07
   1.67999983       5.82213374E-07
   1.69999981       5.70533075E-07
   1.72000003       5.25574592E-07
   1.74000001       4.65142762E-07
   1.75999999       4.48715355E-07
   1.77999997       4.57428087E-07
   1.79999995       4.56710211E-07
   1.81999993       4.43485305E-07
   1.83999991       4.02084680E-07
   1.85999990       3.53631833E-07
   1.87999988       3.37171997E-07
   1.89999986       3.42030830E-07
   1.91999984       3.45586443E-07
   1.93999982       3.41679169E-07
   1.95999980       3.24067969E-07
   1.98000002       2.88596368E-07
   2.00000000       2.52943721E-07
   2.01999998       2.36829067E-07
   2.03999996       2.36021151E-07
   2.05999994       2.39166212E-07
   2.07999992       2.39429227E-07
   2.09999990       2.35838826E-07
   2.11999989       2.24246008E-07
   2.13999987       2.02279168E-07
   2.15999985       1.76721116E-07
   2.17999983       1.55330497E-07
   2.19999981       1.43315305E-07
   2.21999979       1.38288428E-07
   2.23999977       1.36661583E-07
   2.25999975       1.36047490E-07
   2.27999973       1.34894378E-07
   2.29999971       1.33524296E-07
   2.31999969       1.30028738E-07
   2.33999968       1.23850072E-07
   2.36000013       1.14579933E-07
   2.38000011       1.02794594E-07
   2.40000010       9.02862567E-08
   2.42000008       7.75306717E-08
   2.44000006       6.60255139E-08
   2.46000004       5.57575319E-08
   2.48000002       4.72357371E-08
   2.50000000       4.00025542E-08
   2.51999998       3.36961321E-08
   2.53999996       2.85527015E-08
   2.55999994       2.39859190E-08
   2.57999992       2.01444106E-08
   2.59999990       1.67642877E-08
   2.61999989       1.40177034E-08
   2.63999987       1.16760450E-08
   2.65999985       9.70157554E-09
   2.67999983       8.19617441E-09
   2.69999981       6.84525014E-09
   2.71999979       5.77492010E-09
   2.73999977       4.81722440E-09
   2.75999975       4.08833456E-09
   2.77999973       3.43260598E-09
   2.79999971       2.92371660E-09
   2.81999969       2.47745069E-09
   2.83999968       2.11067319E-09
   2.85999966       1.80165216E-09
   2.88000011       1.51455004E-09
   2.90000010       1.30861477E-09
   2.92000008       1.10936338E-09
   2.94000006       9.64890501E-10
   2.96000004       8.08586254E-10
   2.98000002       7.14180937E-10
   3.00000000       6.31778629E-10
   3.01999998       6.09213513E-10
   3.03999996       6.30553887E-10
   3.05999994       9.32367294E-10
   3.07999992       9.99947347E-10
   3.09999990       7.22661113E-08
