  -2.00000000       8.69795201E-07
  -1.98000002       1.49707785E-06
  -1.96000004       3.58116552E-07
  -1.94000006       2.15910248E-07
  -1.91999996       1.47022479E-06
  -1.89999998       1.45408103E-06
  -1.88000000       1.41338035E-07
  -1.86000001       4.57746978E-07
  -1.84000003       1.62890728E-06
  -1.82000005       1.00029490E-06
  -1.79999995       4.81926961E-08
  -1.77999997       8.96626773E-07
  -1.75999999       1.65434994E-06
  -1.74000001       6.16154011E-07
  -1.72000003       1.40451050E-07
  -1.70000005       1.36983476E-06
  -1.68000007       1.59347405E-06
  -1.65999997       3.36349899E-07
  -1.63999999       3.99237479E-07
  -1.62000000       1.63538357E-06
  -1.60000002       1.31780018E-06
  -1.58000004       1.99378178E-07
  -1.55999994       7.54250209E-07
  -1.53999996       1.70538522E-06
  -1.51999998       9.57554676E-07
  -1.50000000       2.72562175E-07
  -1.48000002       1.15832313E-06
  -1.46000004       1.54833197E-06
  -1.44000006       6.46826379E-07
  -1.42000008       5.90066179E-07
  -1.40000010       1.44813839E-06
  -1.38000000       1.24263636E-06
  -1.36000001       5.80015524E-07
  -1.34000003       1.06482184E-06
  -1.31999993       1.52984637E-06
  -1.29999995       9.69915732E-07
  -1.27999997       8.45723832E-07
  -1.25999999       1.48221079E-06
  -1.24000001       1.36738652E-06
  -1.22000003       9.16543627E-07
  -1.20000005       1.35349660E-06
  -1.18000007       1.62188712E-06
  -1.16000009       1.15583862E-06
  -1.14000010       1.30834655E-06
  -1.12000000       1.77986328E-06
  -1.10000002       1.45936815E-06
  -1.08000004       1.37677353E-06
  -1.05999994       1.81718292E-06
  -1.03999996       1.68086808E-06
  -1.01999998       1.66279494E-06
  -1.00000000       2.31410149E-06
 -0.980000019       1.85818885E-06
 -0.960000038       1.14544639E-06
 -0.940000057       1.72410853E-06
 -0.920000076       3.57918248E-06
 -0.899999976       5.35476283E-06
 -0.879999995       5.82618668E-06
 -0.860000014       1.74127638E-06
 -0.840000033       2.07417202E-06
 -0.820000052       1.69422256E-05
 -0.800000072       5.17882436E-05
 -0.779999971       9.78608368E-05
 -0.759999990       1.46061182E-04
 -0.740000010       2.20872680E-04
 -0.720000029       4.00271558E-04
 -0.700000048       8.26031843E-04
 -0.680000067       1.60497450E-03
 -0.660000086       2.89797666E-03
 -0.639999986       4.81741829E-03
 -0.620000005       7.81870820E-03
 -0.600000024       1.24405641E-02
 -0.580000043       1.97924618E-02
 -0.560000062       3.10509168E-02
 -0.540000081       4.83895466E-02
 -0.519999981       7.45027065E-02
 -0.500000000      0.112541988    
 -0.480000019      0.163766623    
 -0.460000038      0.225970164    
 -0.440000057      0.297123075    
 -0.420000076      0.383186340    
 -0.400000095      0.508941889    
 -0.379999995      0.704584599    
 -0.360000014      0.974958718    
 -0.340000033       1.25673544    
 -0.320000052       1.44267702    
 -0.300000072       1.47847068    
 -0.280000091       1.48644149    
 -0.259999990       1.74472451    
 -0.240000010       2.43913531    
 -0.220000029       3.36391902    
 -0.200000048       3.88851380    
 -0.180000067       3.46670008    
 -0.160000086       2.26473904    
 -0.139999986       1.33146644    
 -0.120000005       1.79055369    
 -0.100000024       3.69150519    
  -8.00000429E-02   5.67433691    
  -6.00000620E-02   5.91017151    
  -4.00000811E-02   3.98303246    
  -2.00001001E-02   1.20030344    
   0.00000000       1.08737573E-02
   1.99999809E-02   2.35052430E-05
   3.99999619E-02   9.29446014E-06
   5.99999428E-02   1.45495176E-06
   7.99999237E-02   1.43860029E-06
   9.99999046E-02   5.11230155E-07
  0.119999886       9.58364353E-07
  0.139999866       9.10314156E-07
  0.159999847       1.11598263E-06
  0.180000067       1.50774679E-06
  0.200000048       1.49109110E-06
  0.220000029       2.18067521E-06
  0.240000010       2.01423268E-06
  0.259999990       2.86058071E-06
  0.279999971       2.64653863E-06
  0.299999952       3.46974252E-06
  0.319999933       3.35594314E-06
  0.339999914       3.97974418E-06
  0.359999895       4.13018097E-06
  0.379999876       4.45063733E-06
  0.399999857       4.89840841E-06
  0.419999838       4.89464855E-06
  0.440000057       5.43287706E-06
  0.460000038       5.28151395E-06
  0.480000019       5.67209554E-06
  0.500000000       5.71404053E-06
  0.519999981       5.78844174E-06
  0.539999962       6.01288002E-06
  0.559999943       5.75241666E-06
  0.579999924       5.93526147E-06
  0.599999905       5.77446599E-06
  0.619999886       5.71589044E-06
  0.639999866       5.71221017E-06
  0.659999847       5.35965546E-06
  0.679999828       5.36189827E-06
  0.700000048       5.17947637E-06
  0.720000029       4.92115896E-06
  0.740000010       4.82012365E-06
  0.759999990       4.53822258E-06
  0.779999971       4.39510677E-06
  0.799999952       4.23255597E-06
  0.819999933       3.93397477E-06
  0.839999914       3.83808992E-06
  0.859999895       3.66685822E-06
  0.879999876       3.39733356E-06
  0.899999857       3.32358309E-06
  0.919999838       3.15936268E-06
  0.939999819       2.93677931E-06
  0.960000038       2.87209014E-06
  0.980000019       2.72494640E-06
   1.00000000       2.54516590E-06
   1.01999998       2.48735705E-06
   1.03999996       2.35508514E-06
   1.05999994       2.21972050E-06
   1.07999992       2.15199520E-06
   1.09999990       2.04572370E-06
   1.11999989       1.94997892E-06
   1.13999987       1.85381703E-06
   1.15999985       1.79794404E-06
   1.17999983       1.70415035E-06
   1.19999981       1.61228297E-06
   1.22000003       1.58045668E-06
   1.24000001       1.48792060E-06
   1.25999999       1.42649412E-06
   1.27999997       1.36037022E-06
   1.29999995       1.33117680E-06
   1.31999993       1.24434405E-06
   1.33999991       1.19803417E-06
   1.35999990       1.15432067E-06
   1.37999988       1.12198109E-06
   1.39999986       1.04543130E-06
   1.41999984       1.01111016E-06
   1.43999982       9.75545163E-07
   1.46000004       9.52725429E-07
   1.48000002       8.81215328E-07
   1.50000000       8.52391281E-07
   1.51999998       8.22199866E-07
   1.53999996       8.09810899E-07
   1.55999994       7.57898249E-07
   1.57999992       7.11435632E-07
   1.59999990       6.93482491E-07
   1.61999989       6.74298064E-07
   1.63999987       6.60787805E-07
   1.65999985       6.08509367E-07
   1.67999983       5.74838509E-07
   1.69999981       5.62409127E-07
   1.72000003       5.48589526E-07
   1.74000001       5.38581958E-07
   1.75999999       4.99970213E-07
   1.77999997       4.60982449E-07
   1.79999995       4.48283060E-07
   1.81999993       4.39060500E-07
   1.83999991       4.31473239E-07
   1.85999990       4.19056505E-07
   1.87999988       3.83735539E-07
   1.89999986       3.51669257E-07
   1.91999984       3.41343934E-07
   1.93999982       3.35010469E-07
   1.95999980       3.28861290E-07
   1.98000002       3.23036176E-07
   2.00000000       3.06250456E-07
   2.01999998       2.76616106E-07
   2.03999996       2.52625568E-07
   2.05999994       2.42685303E-07
   2.07999992       2.37676289E-07
   2.09999990       2.32973179E-07
   2.11999989       2.28385304E-07
   2.13999987       2.23217484E-07
   2.15999985       2.11104989E-07
   2.17999983       1.92021389E-07
   2.19999981       1.72129774E-07
   2.21999979       1.57350087E-07
   2.23999977       1.49333999E-07
   2.25999975       1.43627261E-07
   2.27999973       1.39043138E-07
   2.29999971       1.34712323E-07
   2.31999969       1.31427626E-07
   2.33999968       1.27890956E-07
   2.36000013       1.23056395E-07
   2.38000011       1.16275459E-07
   2.40000010       1.06760254E-07
   2.42000008       9.60427329E-08
   2.44000006       8.48647019E-08
   2.46000004       7.49035607E-08
   2.48000002       6.59540760E-08
   2.50000000       5.78626249E-08
   2.51999998       5.09534601E-08
   2.53999996       4.45121628E-08
   2.55999994       3.88649397E-08
   2.57999992       3.34347519E-08
   2.59999990       2.86783486E-08
   2.61999989       2.43076244E-08
   2.63999987       2.06219113E-08
   2.65999985       1.75210833E-08
   2.67999983       1.46938399E-08
   2.69999981       1.23539010E-08
   2.71999979       1.03646078E-08
   2.73999977       8.77307471E-09
   2.75999975       7.36695194E-09
   2.77999973       6.23742968E-09
   2.79999971       5.19664844E-09
   2.81999969       4.43346693E-09
   2.83999968       3.71496323E-09
   2.85999966       3.11758286E-09
   2.88000011       2.65900790E-09
   2.90000010       2.23321694E-09
   2.92000008       1.91697547E-09
   2.94000006       1.61884961E-09
   2.96000004       1.38679235E-09
   2.98000002       1.14187892E-09
   3.00000000       9.91970395E-10
   3.01999998       8.45901016E-10
   3.03999996       7.59199814E-10
   3.05999994       8.24248336E-10
   3.07999992       7.84080634E-10
   3.09999990       6.51001457E-08
