  -2.00000000       1.13853116E-06
  -1.98000002       1.48385436E-06
  -1.96000004       1.36448364E-07
  -1.94000006       5.85577027E-07
  -1.91999996       1.79391998E-06
  -1.89999998       6.55873691E-07
  -1.88000000       1.15024406E-07
  -1.86000001       1.54836744E-06
  -1.84000003       1.36706274E-06
  -1.82000005       6.03883308E-08
  -1.79999995       9.04742762E-07
  -1.77999997       1.76464698E-06
  -1.75999999       4.68125819E-07
  -1.74000001       3.25805956E-07
  -1.72000003       1.68374140E-06
  -1.70000005       1.07896062E-06
  -1.68000007       8.37911358E-08
  -1.65999997       1.27612407E-06
  -1.63999999       1.66360257E-06
  -1.62000000       2.84287694E-07
  -1.60000002       6.78333947E-07
  -1.58000004       1.90237597E-06
  -1.55999994       8.93473839E-07
  -1.53999996       2.40302342E-07
  -1.51999998       1.58890703E-06
  -1.50000000       1.55183227E-06
  -1.48000002       2.80929612E-07
  -1.46000004       1.01615137E-06
  -1.44000006       1.85622832E-06
  -1.42000008       7.18807030E-07
  -1.40000010       5.88675618E-07
  -1.38000000       1.77327934E-06
  -1.36000001       1.25827432E-06
  -1.34000003       5.05049059E-07
  -1.31999993       1.46958371E-06
  -1.29999995       1.63420634E-06
  -1.27999997       7.09802634E-07
  -1.25999999       1.20432196E-06
  -1.24000001       1.78865457E-06
  -1.22000003       1.03639218E-06
  -1.20000005       1.10286612E-06
  -1.18000007       1.83459360E-06
  -1.16000009       1.35669097E-06
  -1.14000010       1.16445813E-06
  -1.12000000       1.88853573E-06
  -1.10000002       1.61261573E-06
  -1.08000004       1.27845760E-06
  -1.05999994       1.93291089E-06
  -1.03999996       1.92020275E-06
  -1.01999998       1.66110794E-06
  -1.00000000       2.12161672E-06
 -0.980000019       1.63485731E-06
 -0.960000038       1.36614096E-06
 -0.940000057       2.83503732E-06
 -0.920000076       4.21591085E-06
 -0.899999976       4.14315673E-06
 -0.879999995       2.38224766E-06
 -0.860000014       7.22949309E-08
 -0.840000033       4.76343121E-06
 -0.820000052       2.33099236E-05
 -0.800000072       4.87432189E-05
 -0.779999971       7.70885381E-05
 -0.759999990       1.02358797E-04
 -0.740000010       1.70200306E-04
 -0.720000029       3.40464641E-04
 -0.700000048       7.26460188E-04
 -0.680000067       1.37762690E-03
 -0.660000086       2.42884876E-03
 -0.639999986       3.99505487E-03
 -0.620000005       6.48620864E-03
 -0.600000024       1.03590582E-02
 -0.580000043       1.64484940E-02
 -0.560000062       2.58581489E-02
 -0.540000081       4.06084098E-02
 -0.519999981       6.35976791E-02
 -0.500000000       9.73316431E-02
 -0.480000019      0.142004013    
 -0.460000038      0.193581730    
 -0.440000057      0.250329703    
 -0.420000076      0.321706057    
 -0.400000095      0.438153088    
 -0.379999995      0.631633103    
 -0.360000014      0.897961676    
 -0.340000033       1.15839493    
 -0.320000052       1.29777932    
 -0.300000072       1.28179920    
 -0.280000091       1.27451813    
 -0.259999990       1.58679020    
 -0.240000010       2.38467288    
 -0.220000029       3.38936305    
 -0.200000048       3.89837408    
 -0.180000067       3.36918068    
 -0.160000086       2.06720328    
 -0.139999986       1.16373932    
 -0.120000005       1.82268727    
 -0.100000024       3.99901295    
  -8.00000429E-02   6.17207336    
  -6.00000620E-02   6.39761066    
  -4.00000811E-02   4.29095650    
  -2.00001001E-02   1.28928232    
   0.00000000       1.16568282E-02
   1.99999809E-02   2.63354304E-05
   3.99999619E-02   9.05777597E-06
   5.99999428E-02   1.95346274E-06
   7.99999237E-02   1.31249567E-06
   9.99999046E-02   4.52540547E-07
  0.119999886       1.08353936E-06
  0.139999866       5.55541703E-07
  0.159999847       1.41009036E-06
  0.180000067       9.43300165E-07
  0.200000048       1.87190915E-06
  0.220000029       1.48188678E-06
  0.240000010       2.36833057E-06
  0.259999990       2.12631289E-06
  0.279999971       2.84616954E-06
  0.299999952       2.84204043E-06
  0.319999933       3.30397324E-06
  0.339999914       3.59969886E-06
  0.359999895       3.79585913E-06
  0.379999876       4.32319621E-06
  0.399999857       4.31928493E-06
  0.419999838       4.84833572E-06
  0.440000057       4.81539155E-06
  0.460000038       5.14542444E-06
  0.480000019       5.31175010E-06
  0.500000000       5.38915538E-06
  0.519999981       5.68626092E-06
  0.539999962       5.55291945E-06
  0.559999943       5.70297334E-06
  0.579999924       5.67021380E-06
  0.599999905       5.61447814E-06
  0.619999886       5.72104000E-06
  0.639999866       5.46279944E-06
  0.659999847       5.41520785E-06
  0.679999828       5.33060211E-06
  0.700000048       5.11080361E-06
  0.720000029       5.06445667E-06
  0.740000010       4.78686070E-06
  0.759999990       4.61395302E-06
  0.779999971       4.55973895E-06
  0.799999952       4.23988740E-06
  0.819999933       4.07686366E-06
  0.839999914       4.00093904E-06
  0.859999895       3.70880275E-06
  0.879999876       3.57055524E-06
  0.899999857       3.47191258E-06
  0.919999838       3.22225583E-06
  0.939999819       3.10601536E-06
  0.960000038       3.01740170E-06
  0.980000019       2.79361848E-06
   1.00000000       2.69039333E-06
   1.01999998       2.63843958E-06
   1.03999996       2.42454189E-06
   1.05999994       2.32878006E-06
   1.07999992       2.31594936E-06
   1.09999990       2.11924748E-06
   1.11999989       2.01864418E-06
   1.13999987       2.02142292E-06
   1.15999985       1.87950627E-06
   1.17999983       1.76166145E-06
   1.19999981       1.73334070E-06
   1.22000003       1.69675866E-06
   1.24000001       1.54832060E-06
   1.25999999       1.48377387E-06
   1.27999997       1.50358892E-06
   1.29999995       1.40034535E-06
   1.31999993       1.29816544E-06
   1.33999991       1.26692487E-06
   1.35999990       1.28435624E-06
   1.37999988       1.17096852E-06
   1.39999986       1.09479686E-06
   1.41999984       1.08087772E-06
   1.43999982       1.09436746E-06
   1.46000004       9.95538585E-07
   1.48000002       9.25872769E-07
   1.50000000       9.09265964E-07
   1.51999998       9.32894920E-07
   1.53999996       8.62683578E-07
   1.55999994       7.86960754E-07
   1.57999992       7.57520297E-07
   1.59999990       7.78957087E-07
   1.61999989       7.63051503E-07
   1.63999987       6.84210420E-07
   1.65999985       6.36811478E-07
   1.67999983       6.25356506E-07
   1.69999981       6.48317950E-07
   1.72000003       6.23517337E-07
   1.74000001       5.56786972E-07
   1.75999999       5.17325248E-07
   1.77999997       5.05013020E-07
   1.79999995       5.24354334E-07
   1.81999993       5.19254115E-07
   1.83999991       4.67154763E-07
   1.85999990       4.24003190E-07
   1.87999988       4.00651174E-07
   1.89999986       4.01312349E-07
   1.91999984       4.16942157E-07
   1.93999982       4.06687633E-07
   1.95999980       3.65794961E-07
   1.98000002       3.30030389E-07
   2.00000000       3.08071208E-07
   2.01999998       2.99957094E-07
   2.03999996       3.08732979E-07
   2.05999994       3.15536425E-07
   2.07999992       3.01037687E-07
   2.09999990       2.70612503E-07
   2.11999989       2.43460676E-07
   2.13999987       2.23430604E-07
   2.15999985       2.11665508E-07
   2.17999983       2.09732093E-07
   2.19999981       2.15861419E-07
   2.21999979       2.19243333E-07
   2.23999977       2.10959485E-07
   2.25999975       1.93609608E-07
   2.27999973       1.73550944E-07
   2.29999971       1.56459038E-07
   2.31999969       1.41682690E-07
   2.33999968       1.30418826E-07
   2.36000013       1.23136147E-07
   2.38000011       1.20758557E-07
   2.40000010       1.21175006E-07
   2.42000008       1.22549579E-07
   2.44000006       1.21651738E-07
   2.46000004       1.17028414E-07
   2.48000002       1.10016657E-07
   2.50000000       1.00840744E-07
   2.51999998       9.13647611E-08
   2.53999996       8.17094090E-08
   2.55999994       7.24811215E-08
   2.57999992       6.33778470E-08
   2.59999990       5.50936754E-08
   2.61999989       4.71907526E-08
   2.63999987       3.99668636E-08
   2.65999985       3.35885133E-08
   2.67999983       2.79502164E-08
   2.69999981       2.32773338E-08
   2.71999979       1.92036378E-08
   2.73999977       1.59727929E-08
   2.75999975       1.30757893E-08
   2.77999973       1.08595879E-08
   2.79999971       8.95424890E-09
   2.81999969       7.33940464E-09
   2.83999968       5.99156325E-09
   2.85999966       4.94606578E-09
   2.88000011       3.99416855E-09
   2.90000010       3.22148352E-09
   2.92000008       2.57171706E-09
   2.94000006       2.04717177E-09
   2.96000004       1.58634750E-09
   2.98000002       1.21609167E-09
   3.00000000       9.47969037E-10
   3.01999998       7.29276584E-10
   3.03999996       5.91479254E-10
   3.05999994       6.48483212E-10
   3.07999992       6.83811119E-10
   3.09999990       7.14220292E-08
