  -2.00000000       1.12754014E-06
  -1.98000002       1.47913534E-06
  -1.96000004       1.23132878E-07
  -1.94000006       6.11265136E-07
  -1.91999996       1.80923053E-06
  -1.89999998       6.29837984E-07
  -1.88000000       1.33641606E-07
  -1.86000001       1.57354407E-06
  -1.84000003       1.32350362E-06
  -1.82000005       4.68237928E-08
  -1.79999995       9.69370944E-07
  -1.77999997       1.74679212E-06
  -1.75999999       4.01156427E-07
  -1.74000001       3.89939203E-07
  -1.72000003       1.73430067E-06
  -1.70000005       1.00086299E-06
  -1.68000007       9.59992974E-08
  -1.65999997       1.36417475E-06
  -1.63999999       1.59329591E-06
  -1.62000000       2.24238704E-07
  -1.60000002       7.94716698E-07
  -1.58000004       1.89882064E-06
  -1.55999994       7.55398105E-07
  -1.53999996       3.13675230E-07
  -1.51999998       1.70280737E-06
  -1.50000000       1.42074964E-06
  -1.48000002       2.38196733E-07
  -1.46000004       1.18409355E-06
  -1.44000006       1.82972803E-06
  -1.42000008       5.89248486E-07
  -1.40000010       7.05472189E-07
  -1.38000000       1.85478802E-06
  -1.36000001       1.12199814E-06
  -1.34000003       5.28756289E-07
  -1.31999993       1.59901538E-06
  -1.29999995       1.54713257E-06
  -1.27999997       6.61898923E-07
  -1.25999999       1.32685420E-06
  -1.24000001       1.76030414E-06
  -1.22000003       9.54535039E-07
  -1.20000005       1.19523600E-06
  -1.18000007       1.84876899E-06
  -1.16000009       1.26843747E-06
  -1.14000010       1.22790664E-06
  -1.12000000       1.92339257E-06
  -1.10000002       1.52901657E-06
  -1.08000004       1.32273010E-06
  -1.05999994       1.97746567E-06
  -1.03999996       1.84716862E-06
  -1.01999998       1.69826717E-06
  -1.00000000       2.14011129E-06
 -0.980000019       1.57010413E-06
 -0.960000038       1.41631824E-06
 -0.940000057       2.92071218E-06
 -0.920000076       4.12285999E-06
 -0.899999976       4.14796068E-06
 -0.879999995       2.20791162E-06
 -0.860000014       8.47241068E-08
 -0.840000033       4.93462949E-06
 -0.820000052       2.35766056E-05
 -0.800000072       4.83629337E-05
 -0.779999971       7.61920965E-05
 -0.759999990       1.00598139E-04
 -0.740000010       1.68352664E-04
 -0.720000029       3.38680547E-04
 -0.700000048       7.21747230E-04
 -0.680000067       1.36898877E-03
 -0.660000086       2.40777479E-03
 -0.639999986       3.96387186E-03
 -0.620000005       6.42968016E-03
 -0.600000024       1.02775814E-02
 -0.580000043       1.63059458E-02
 -0.560000062       2.56470926E-02
 -0.540000081       4.02851067E-02
 -0.519999981       6.31595775E-02
 -0.500000000       9.67128649E-02
 -0.480000019      0.141101018    
 -0.460000038      0.192207396    
 -0.440000057      0.248309344    
 -0.420000076      0.319098622    
 -0.400000095      0.435193449    
 -0.379999995      0.628696144    
 -0.360000014      0.894786596    
 -0.340000033       1.15415752    
 -0.320000052       1.29122448    
 -0.300000072       1.27290535    
 -0.280000091       1.26513934    
 -0.259999990       1.58014643    
 -0.240000010       2.38281202    
 -0.220000029       3.39068484    
 -0.200000048       3.89841557    
 -0.180000067       3.36388397    
 -0.160000086       2.05759001    
 -0.139999986       1.15603101    
 -0.120000005       1.82447934    
 -0.100000024       4.01319170    
  -8.00000429E-02   6.19429731    
  -6.00000620E-02   6.41900396    
  -4.00000811E-02   4.30425453    
  -2.00001001E-02   1.29311466    
   0.00000000       1.16840973E-02
   1.99999809E-02   2.72318321E-05
   3.99999619E-02   8.34747698E-06
   5.99999428E-02   2.44993066E-06
   7.99999237E-02   9.46300986E-07
   9.99999046E-02   7.38049323E-07
  0.119999886       8.49805588E-07
  0.139999866       7.33082175E-07
  0.159999847       1.25641145E-06
  0.180000067       1.04012156E-06
  0.200000048       1.78690266E-06
  0.220000029       1.51029826E-06
  0.240000010       2.35610082E-06
  0.259999990       2.10017060E-06
  0.279999971       2.90094772E-06
  0.299999952       2.77086519E-06
  0.319999933       3.38430527E-06
  0.339999914       3.49213565E-06
  0.359999895       3.84740997E-06
  0.379999876       4.23013716E-06
  0.399999857       4.33445530E-06
  0.419999838       4.84533120E-06
  0.440000057       4.79207256E-06
  0.460000038       5.19647028E-06
  0.480000019       5.22003575E-06
  0.500000000       5.41374447E-06
  0.519999981       5.62757259E-06
  0.539999962       5.56706800E-06
  0.559999943       5.73811940E-06
  0.579999924       5.60914077E-06
  0.599999905       5.63578442E-06
  0.619999886       5.67281313E-06
  0.639999866       5.48662365E-06
  0.659999847       5.44653585E-06
  0.679999828       5.26982785E-06
  0.700000048       5.13396935E-06
  0.720000029       5.06811284E-06
  0.740000010       4.78464972E-06
  0.759999990       4.63212473E-06
  0.779999971       4.52643553E-06
  0.799999952       4.26970428E-06
  0.819999933       4.09852055E-06
  0.839999914       3.95990764E-06
  0.859999895       3.74149431E-06
  0.879999876       3.59185901E-06
  0.899999857       3.43742204E-06
  0.919999838       3.25105339E-06
  0.939999819       3.12461202E-06
  0.960000038       2.98850046E-06
  0.980000019       2.82039400E-06
   1.00000000       2.70621990E-06
   1.01999998       2.61298555E-06
   1.03999996       2.45049978E-06
   1.05999994       2.34001982E-06
   1.07999992       2.29735679E-06
   1.09999990       2.13988346E-06
   1.11999989       2.02456613E-06
   1.13999987       2.01901776E-06
   1.15999985       1.88204535E-06
   1.17999983       1.77132813E-06
   1.19999981       1.74401180E-06
   1.22000003       1.68122097E-06
   1.24000001       1.56706847E-06
   1.25999999       1.48773540E-06
   1.27999997       1.50244921E-06
   1.29999995       1.39993585E-06
   1.31999993       1.30860428E-06
   1.33999991       1.27430508E-06
   1.35999990       1.27658097E-06
   1.37999988       1.17826562E-06
   1.39999986       1.10003816E-06
   1.41999984       1.08846336E-06
   1.43999982       1.08724521E-06
   1.46000004       1.00191085E-06
   1.48000002       9.30850433E-07
   1.50000000       9.14951784E-07
   1.51999998       9.30785859E-07
   1.53999996       8.62534364E-07
   1.55999994       7.95537971E-07
   1.57999992       7.58438716E-07
   1.59999990       7.84843394E-07
   1.61999989       7.56546342E-07
   1.63999987       6.92043614E-07
   1.65999985       6.38854203E-07
   1.67999983       6.29154442E-07
   1.69999981       6.51668074E-07
   1.72000003       6.18969693E-07
   1.74000001       5.63780077E-07
   1.75999999       5.18648619E-07
   1.77999997       5.07355992E-07
   1.79999995       5.30120701E-07
   1.81999993       5.15581632E-07
   1.83999991       4.69735198E-07
   1.85999990       4.28371948E-07
   1.87999988       3.99354349E-07
   1.89999986       4.06392644E-07
   1.91999984       4.21055290E-07
   1.93999982       4.03933313E-07
   1.95999980       3.67704729E-07
   1.98000002       3.33656828E-07
   2.00000000       3.06592852E-07
   2.01999998       3.01823604E-07
   2.03999996       3.15171064E-07
   2.05999994       3.17385769E-07
   2.07999992       2.99230123E-07
   2.09999990       2.72198520E-07
   2.11999989       2.46041168E-07
   2.13999987       2.22475535E-07
   2.15999985       2.10980986E-07
   2.17999983       2.13749445E-07
   2.19999981       2.21619501E-07
   2.21999979       2.21405116E-07
   2.23999977       2.10112518E-07
   2.25999975       1.93577549E-07
   2.27999973       1.75311953E-07
   2.29999971       1.57523019E-07
   2.31999969       1.40549602E-07
   2.33999968       1.28961887E-07
   2.36000013       1.23867949E-07
   2.38000011       1.24438614E-07
   2.40000010       1.26184446E-07
   2.42000008       1.26767588E-07
   2.44000006       1.23741913E-07
   2.46000004       1.17628133E-07
   2.48000002       1.10119714E-07
   2.50000000       1.01301531E-07
   2.51999998       9.22512697E-08
   2.53999996       8.25812805E-08
   2.55999994       7.29635019E-08
   2.57999992       6.31985202E-08
   2.59999990       5.43998482E-08
   2.61999989       4.61387302E-08
   2.63999987       3.89915691E-08
   2.65999985       3.28631771E-08
   2.67999983       2.76967729E-08
   2.69999981       2.34586199E-08
   2.71999979       1.97993320E-08
   2.73999977       1.68368466E-08
   2.75999975       1.41304941E-08
   2.77999973       1.20089307E-08
   2.79999971       1.00990203E-08
   2.81999969       8.48413961E-09
   2.83999968       7.08961556E-09
   2.85999966       5.97165251E-09
   2.88000011       4.91994490E-09
   2.90000010       4.08386347E-09
   2.92000008       3.34424000E-09
   2.94000006       2.76184187E-09
   2.96000004       2.23960983E-09
   2.98000002       1.82078774E-09
   3.00000000       1.51560009E-09
   3.01999998       1.29422217E-09
   3.03999996       1.17356314E-09
   3.05999994       1.32395883E-09
   3.07999992       1.29930211E-09
   3.09999990       7.54089911E-08
