  -2.00000000       4.61813259E-13
  -1.98000002       5.25619825E-12
  -1.96000004       3.47116693E-12
  -1.94000006       4.80416011E-12
  -1.91999996       7.04072564E-12
  -1.89999998       1.81263316E-12
  -1.88000000       7.64903505E-12
  -1.86000001       2.58225039E-12
  -1.84000003       2.76434908E-12
  -1.82000005       3.67500258E-12
  -1.79999995       7.86981851E-12
  -1.77999997       1.37710581E-11
  -1.75999999       1.06018354E-11
  -1.74000001       1.00290843E-11
  -1.72000003       1.74718798E-11
  -1.70000005       2.22774663E-11
  -1.68000007       3.06295961E-11
  -1.65999997       3.36249847E-11
  -1.63999999       4.10827795E-11
  -1.62000000       3.46410782E-11
  -1.60000002       3.80107022E-11
  -1.58000004       4.45307402E-11
  -1.55999994       4.45609175E-11
  -1.53999996       6.71238273E-11
  -1.51999998       4.58928104E-11
  -1.50000000       5.71797262E-11
  -1.48000002       6.13539289E-11
  -1.46000004       6.54337973E-11
  -1.44000006       6.81985024E-11
  -1.42000008       7.55512042E-11
  -1.40000010       8.08593192E-11
  -1.38000000       9.86241921E-11
  -1.36000001       1.05979406E-10
  -1.34000003       9.06188458E-11
  -1.31999993       7.96929953E-11
  -1.29999995       1.12588661E-10
  -1.27999997       6.95960650E-11
  -1.25999999       1.95380823E-10
  -1.24000001       8.29999194E-11
  -1.22000003       3.83132859E-10
  -1.20000005       1.03589903E-09
  -1.18000007       1.81729787E-09
  -1.16000009       9.33690814E-09
  -1.14000010       1.86143616E-08
  -1.12000000       7.29686818E-08
  -1.10000002       1.75897384E-07
  -1.08000004       5.30812542E-07
  -1.05999994       1.36562835E-06
  -1.03999996       3.55855900E-06
  -1.01999998       8.99018414E-06
  -1.00000000       2.15778600E-05
 -0.980000019       5.14046296E-05
 -0.960000038       1.16155912E-04
 -0.940000057       2.58409244E-04
 -0.920000076       5.50808443E-04
 -0.899999976       1.14505948E-03
 -0.879999995       2.29903939E-03
 -0.860000014       4.47520521E-03
 -0.840000033       8.44512414E-03
 -0.820000052       1.54202832E-02
 -0.800000072       2.73181349E-02
 -0.779999971       4.68234308E-02
 -0.759999990       7.78422728E-02
 -0.740000010      0.125268161    
 -0.720000029      0.195401058    
 -0.700000048      0.295247525    
 -0.680000067      0.432152897    
 -0.660000086      0.613017857    
 -0.639999986      0.842105746    
 -0.620000005       1.12126374    
 -0.600000024       1.44572473    
 -0.580000043       1.80670249    
 -0.560000062       2.18677139    
 -0.540000081       2.56463218    
 -0.519999981       2.91420269    
 -0.500000000       3.20715642    
 -0.480000019       3.42149043    
 -0.460000038       3.53331542    
 -0.440000057       3.53913641    
 -0.420000076       3.42923927    
 -0.400000095       3.22539616    
 -0.379999995       2.93189192    
 -0.360000014       2.59021258    
 -0.340000033       2.20746565    
 -0.320000052       1.83368468    
 -0.300000072       1.46320295    
 -0.280000091       1.14395046    
 -0.259999990      0.855786681    
 -0.240000010      0.625429869    
 -0.220000029      0.444803864    
 -0.200000048      0.300159425    
 -0.180000067      0.200082406    
 -0.160000086      0.131341442    
 -0.139999986       8.03503618E-02
 -0.120000005       4.62714210E-02
 -0.100000024       2.74735037E-02
  -8.00000429E-02   1.75081547E-02
  -6.00000620E-02   1.09237963E-02
  -4.00000811E-02   5.56025747E-03
  -2.00001001E-02   1.45682576E-03
   0.00000000       1.72501932E-05
   1.99999809E-02   4.74832586E-06
   3.99999619E-02   1.22968941E-05
   5.99999428E-02   2.16412045E-05
   7.99999237E-02   3.05589529E-05
   9.99999046E-02   3.78304903E-05
  0.119999886       3.87768596E-05
  0.139999866       3.32683703E-05
  0.159999847       2.26481152E-05
  0.180000067       1.16544152E-05
  0.200000048       5.15627926E-06
  0.220000029       3.82886628E-06
  0.240000010       3.91296089E-06
  0.259999990       3.05355843E-06
  0.279999971       1.83923578E-06
  0.299999952       1.16924468E-06
  0.319999933       7.15246756E-07
  0.339999914       3.73064125E-07
  0.359999895       2.02417695E-07
  0.379999876       1.10021219E-07
  0.399999857       5.78866661E-08
  0.419999838       3.22391003E-08
  0.440000057       1.82193141E-08
  0.460000038       1.07702380E-08
  0.480000019       6.70025457E-09
  0.500000000       4.33695480E-09
  0.519999981       2.94548652E-09
  0.539999962       2.09761852E-09
  0.559999943       1.56091007E-09
  0.579999924       1.18507659E-09
  0.599999905       9.15588272E-10
  0.619999886       7.27876370E-10
  0.639999866       5.97016048E-10
  0.659999847       5.01624964E-10
  0.679999828       4.33200392E-10
  0.700000048       3.78805765E-10
  0.720000029       3.32909089E-10
  0.740000010       2.91796004E-10
  0.759999990       2.53925159E-10
  0.779999971       2.18106616E-10
  0.799999952       1.86445262E-10
  0.819999933       1.66620606E-10
  0.839999914       1.54578378E-10
  0.859999895       1.43818027E-10
  0.879999876       1.34500480E-10
  0.899999857       1.27658509E-10
  0.919999838       1.20573385E-10
  0.939999819       1.10542499E-10
  0.960000038       1.00350298E-10
  0.980000019       9.48175288E-11
   1.00000000       9.01175315E-11
   1.01999998       8.52684798E-11
   1.03999996       8.12380926E-11
   1.05999994       7.57601620E-11
   1.07999992       6.98621716E-11
   1.09999990       6.50471621E-11
   1.11999989       6.16892579E-11
   1.13999987       5.88247021E-11
   1.15999985       5.73286141E-11
   1.17999983       5.71804791E-11
   1.19999981       5.63624494E-11
   1.22000003       5.55999864E-11
   1.24000001       5.20932950E-11
   1.25999999       4.72623156E-11
   1.27999997       4.45801174E-11
   1.29999995       4.40307305E-11
   1.31999993       4.39582259E-11
   1.33999991       4.27305899E-11
   1.35999990       4.17376168E-11
   1.37999988       4.08306271E-11
   1.39999986       4.07712787E-11
   1.41999984       4.02907499E-11
   1.43999982       3.83485084E-11
   1.46000004       3.65753608E-11
   1.48000002       3.56172244E-11
   1.50000000       3.52593857E-11
   1.51999998       3.52642013E-11
   1.53999996       3.51982332E-11
   1.55999994       3.46338860E-11
   1.57999992       3.39099721E-11
   1.59999990       3.34407640E-11
   1.61999989       3.46074419E-11
   1.63999987       3.50628623E-11
   1.65999985       3.50168228E-11
   1.67999983       3.40557409E-11
   1.69999981       3.29786407E-11
   1.72000003       3.24012345E-11
   1.74000001       3.14171709E-11
   1.75999999       3.06763503E-11
   1.77999997       2.82648314E-11
   1.79999995       2.85131294E-11
   1.81999993       3.02938369E-11
   1.83999991       3.16166329E-11
   1.85999990       3.29019069E-11
   1.87999988       3.27439083E-11
   1.89999986       3.28497472E-11
   1.91999984       3.14616735E-11
   1.93999982       3.10328638E-11
   1.95999980       2.99775170E-11
   1.98000002       2.90898174E-11
   2.00000000       2.92417965E-11
   2.01999998       2.87937955E-11
   2.03999996       2.96724485E-11
   2.05999994       3.07917650E-11
   2.07999992       3.06453855E-11
   2.09999990       3.00640728E-11
   2.11999989       3.00709527E-11
   2.13999987       3.06848158E-11
   2.15999985       3.08167138E-11
   2.17999983       3.11960111E-11
   2.19999981       3.16813763E-11
   2.21999979       3.08293946E-11
   2.23999977       3.08016529E-11
   2.25999975       3.03284169E-11
   2.27999973       3.01699984E-11
   2.29999971       3.00143382E-11
   2.31999969       3.11986999E-11
   2.33999968       3.21410745E-11
   2.36000013       3.37623783E-11
   2.38000011       3.62446670E-11
   2.40000010       3.47693090E-11
   2.42000008       3.43690493E-11
   2.44000006       3.42677969E-11
   2.46000004       3.50558541E-11
   2.48000002       3.68818691E-11
   2.50000000       3.64715862E-11
   2.51999998       3.70353921E-11
   2.53999996       3.76903855E-11
   2.55999994       3.94228331E-11
   2.57999992       4.06458200E-11
   2.59999990       4.22897446E-11
   2.61999989       4.33181650E-11
   2.63999987       4.30860105E-11
   2.65999985       4.41434285E-11
   2.67999983       4.51668668E-11
   2.69999981       4.73796627E-11
   2.71999979       5.03909692E-11
   2.73999977       5.46566958E-11
   2.75999975       5.94011923E-11
   2.77999973       6.28196731E-11
   2.79999971       6.57764954E-11
   2.81999969       6.69353739E-11
   2.83999968       6.41253994E-11
   2.85999966       5.63728786E-11
   2.88000011       4.74498253E-11
   2.90000010       4.71524347E-11
   2.92000008       5.21413329E-11
   2.94000006       4.63667230E-11
   2.96000004       3.22248096E-11
   2.98000002       3.10654939E-11
   3.00000000       3.18380253E-11
   3.01999998       1.77803987E-11
   3.03999996       1.97996862E-11
   3.05999994       1.32097944E-11
   3.07999992       9.01842490E-12
   3.09999990       3.78178521E-12
