  -2.00000000       7.89780296E-13
  -1.98000002       5.55979828E-12
  -1.96000004       3.94413321E-12
  -1.94000006       4.44748188E-12
  -1.91999996       7.32512662E-12
  -1.89999998       1.39928086E-12
  -1.88000000       7.19233137E-12
  -1.86000001       2.22320426E-12
  -1.84000003       2.10214550E-12
  -1.82000005       3.33464311E-12
  -1.79999995       7.27327833E-12
  -1.77999997       1.30656519E-11
  -1.75999999       1.01982311E-11
  -1.74000001       9.20483308E-12
  -1.72000003       1.71172018E-11
  -1.70000005       2.13032526E-11
  -1.68000007       2.98986391E-11
  -1.65999997       3.17100825E-11
  -1.63999999       4.03715845E-11
  -1.62000000       3.47140580E-11
  -1.60000002       3.68164353E-11
  -1.58000004       4.39995401E-11
  -1.55999994       4.39420583E-11
  -1.53999996       6.66490613E-11
  -1.51999998       4.63248918E-11
  -1.50000000       5.62504487E-11
  -1.48000002       6.04938183E-11
  -1.46000004       6.44438530E-11
  -1.44000006       6.76142198E-11
  -1.42000008       7.50550178E-11
  -1.40000010       7.91147287E-11
  -1.38000000       9.61069696E-11
  -1.36000001       1.03434067E-10
  -1.34000003       8.95310978E-11
  -1.31999993       7.92434451E-11
  -1.29999995       1.11975977E-10
  -1.27999997       7.10759576E-11
  -1.25999999       1.89816746E-10
  -1.24000001       9.73748443E-11
  -1.22000003       3.48396589E-10
  -1.20000005       1.08901488E-09
  -1.18000007       1.71330994E-09
  -1.16000009       9.38966860E-09
  -1.14000010       1.84205646E-08
  -1.12000000       7.23706606E-08
  -1.10000002       1.75512085E-07
  -1.08000004       5.25868472E-07
  -1.05999994       1.36120241E-06
  -1.03999996       3.53264841E-06
  -1.01999998       8.94978621E-06
  -1.00000000       2.14524480E-05
 -0.980000019       5.11476683E-05
 -0.960000038       1.15575865E-04
 -0.940000057       2.57134117E-04
 -0.920000076       5.48304524E-04
 -0.899999976       1.13977795E-03
 -0.879999995       2.28931988E-03
 -0.860000014       4.45634499E-03
 -0.840000033       8.41202401E-03
 -0.820000052       1.53617030E-02
 -0.800000072       2.72198953E-02
 -0.779999971       4.66643274E-02
 -0.759999990       7.75909126E-02
 -0.740000010      0.124891490    
 -0.720000029      0.194844976    
 -0.700000048      0.294474214    
 -0.680000067      0.431095213    
 -0.660000086      0.611651659    
 -0.639999986      0.840390861    
 -0.620000005       1.11920774    
 -0.600000024       1.44338346    
 -0.580000043       1.80412149    
 -0.560000062       2.18415046    
 -0.540000081       2.56203008    
 -0.519999981       2.91193938    
 -0.500000000       3.20526838    
 -0.480000019       3.42028904    
 -0.460000038       3.53278518    
 -0.440000057       3.53940439    
 -0.420000076       3.43026900    
 -0.400000095       3.22702885    
 -0.379999995       2.93412280    
 -0.360000014       2.59264994    
 -0.340000033       2.21017170    
 -0.320000052       1.83624446    
 -0.300000072       1.46563256    
 -0.280000091       1.14616156    
 -0.259999990      0.857504785    
 -0.240000010      0.626998305    
 -0.220000029      0.445928991    
 -0.200000048      0.300974727    
 -0.180000067      0.200741634    
 -0.160000086      0.131777912    
 -0.139999986       8.06178004E-02
 -0.120000005       4.64459509E-02
 -0.100000024       2.75906846E-02
  -8.00000429E-02   1.75891723E-02
  -6.00000620E-02   1.09734759E-02
  -4.00000811E-02   5.58829308E-03
  -2.00001001E-02   1.46292208E-03
   0.00000000       1.78690352E-05
   1.99999809E-02   4.61310265E-06
   3.99999619E-02   1.21172088E-05
   5.99999428E-02   2.11560091E-05
   7.99999237E-02   3.02954613E-05
   9.99999046E-02   3.79571720E-05
  0.119999886       3.87846958E-05
  0.139999866       3.30602088E-05
  0.159999847       2.29637899E-05
  0.180000067       1.17243462E-05
  0.200000048       5.30018315E-06
  0.220000029       3.76692333E-06
  0.240000010       3.96894848E-06
  0.259999990       3.09540405E-06
  0.279999971       1.83107181E-06
  0.299999952       1.18259561E-06
  0.319999933       7.47153024E-07
  0.339999914       3.93865037E-07
  0.359999895       2.10774417E-07
  0.379999876       1.12787113E-07
  0.399999857       5.85449484E-08
  0.419999838       3.23356169E-08
  0.440000057       1.82192839E-08
  0.460000038       1.07495914E-08
  0.480000019       6.68540645E-09
  0.500000000       4.32142588E-09
  0.519999981       2.93146463E-09
  0.539999962       2.08357820E-09
  0.559999943       1.55057334E-09
  0.579999924       1.17755528E-09
  0.599999905       9.09555598E-10
  0.619999886       7.22224058E-10
  0.639999866       5.91413585E-10
  0.659999847       4.98846686E-10
  0.679999828       4.30415148E-10
  0.700000048       3.75861037E-10
  0.720000029       3.29247712E-10
  0.740000010       2.87817742E-10
  0.759999990       2.51312832E-10
  0.779999971       2.15780616E-10
  0.799999952       1.85166465E-10
  0.819999933       1.65333289E-10
  0.839999914       1.53383001E-10
  0.859999895       1.43290727E-10
  0.879999876       1.33983324E-10
  0.899999857       1.27332561E-10
  0.919999838       1.20001814E-10
  0.939999819       1.09512829E-10
  0.960000038       9.96926638E-11
  0.980000019       9.41595898E-11
   1.00000000       8.94688837E-11
   1.01999998       8.45293627E-11
   1.03999996       8.03815764E-11
   1.05999994       7.49393186E-11
   1.07999992       6.90530133E-11
   1.09999990       6.43791062E-11
   1.11999989       6.11295528E-11
   1.13999987       5.88329802E-11
   1.15999985       5.76665105E-11
   1.17999983       5.68178074E-11
   1.19999981       5.57962496E-11
   1.22000003       5.53217749E-11
   1.24000001       5.19505654E-11
   1.25999999       4.68492467E-11
   1.27999997       4.40898186E-11
   1.29999995       4.38126098E-11
   1.31999993       4.38968098E-11
   1.33999991       4.28111227E-11
   1.35999990       4.15286000E-11
   1.37999988       4.07206560E-11
   1.39999986       4.07885670E-11
   1.41999984       3.99989104E-11
   1.43999982       3.77720216E-11
   1.46000004       3.61003970E-11
   1.48000002       3.55240073E-11
   1.50000000       3.46155153E-11
   1.51999998       3.43313364E-11
   1.53999996       3.43624608E-11
   1.55999994       3.41045941E-11
   1.57999992       3.37300257E-11
   1.59999990       3.34047859E-11
   1.61999989       3.48288308E-11
   1.63999987       3.51188523E-11
   1.65999985       3.50567318E-11
   1.67999983       3.38641060E-11
   1.69999981       3.24267037E-11
   1.72000003       3.18546231E-11
   1.74000001       3.08921742E-11
   1.75999999       3.04564533E-11
   1.77999997       2.81368401E-11
   1.79999995       2.84403490E-11
   1.81999993       3.02128045E-11
   1.83999991       3.15047329E-11
   1.85999990       3.30751745E-11
   1.87999988       3.28394950E-11
   1.89999986       3.31054281E-11
   1.91999984       3.14789687E-11
   1.93999982       3.05912760E-11
   1.95999980       2.96830893E-11
   1.98000002       2.88872520E-11
   2.00000000       2.91604275E-11
   2.01999998       2.87114395E-11
   2.03999996       2.94742182E-11
   2.05999994       3.05238994E-11
   2.07999992       3.05941487E-11
   2.09999990       3.01215199E-11
   2.11999989       3.02777733E-11
   2.13999987       3.07294121E-11
   2.15999985       3.08011186E-11
   2.17999983       3.11641095E-11
   2.19999981       3.14495791E-11
   2.21999979       3.09608832E-11
   2.23999977       3.08432759E-11
   2.25999975       3.03285105E-11
   2.27999973       3.00710394E-11
   2.29999971       3.00731627E-11
   2.31999969       3.13525594E-11
   2.33999968       3.21816324E-11
   2.36000013       3.39610007E-11
   2.38000011       3.65000287E-11
   2.40000010       3.51658425E-11
   2.42000008       3.43439097E-11
   2.44000006       3.43184474E-11
   2.46000004       3.48416157E-11
   2.48000002       3.66973812E-11
   2.50000000       3.63588326E-11
   2.51999998       3.65975202E-11
   2.53999996       3.75014256E-11
   2.55999994       3.93578850E-11
   2.57999992       4.08961545E-11
   2.59999990       4.23159355E-11
   2.61999989       4.35279868E-11
   2.63999987       4.34035030E-11
   2.65999985       4.44234892E-11
   2.67999983       4.56266379E-11
   2.69999981       4.77947820E-11
   2.71999979       5.12569640E-11
   2.73999977       5.55975092E-11
   2.75999975       6.02841665E-11
   2.77999973       6.34501687E-11
   2.79999971       6.62870800E-11
   2.81999969       6.78049838E-11
   2.83999968       6.48147924E-11
   2.85999966       5.70666639E-11
   2.88000011       4.81257048E-11
   2.90000010       4.81599483E-11
   2.92000008       5.33898967E-11
   2.94000006       4.67457982E-11
   2.96000004       3.28684857E-11
   2.98000002       3.20419628E-11
   3.00000000       3.19599694E-11
   3.01999998       1.79819996E-11
   3.03999996       2.08286426E-11
   3.05999994       1.37140681E-11
   3.07999992       9.65260337E-12
   3.09999990       4.16924394E-12
