  -2.00000000       1.10348776E-06
  -1.98000002       1.39219730E-06
  -1.96000004       2.77011054E-08
  -1.94000006       1.01678427E-06
  -1.91999996       1.79443066E-06
  -1.89999998       3.20513152E-07
  -1.88000000       5.21233289E-07
  -1.86000001       1.73667252E-06
  -1.84000003       6.61836566E-07
  -1.82000005       2.41376426E-07
  -1.79999995       1.72105092E-06
  -1.77999997       1.10314306E-06
  -1.75999999       5.01817503E-08
  -1.74000001       1.47091737E-06
  -1.72000003       1.56759006E-06
  -1.70000005       1.16846216E-07
  -1.68000007       9.91847287E-07
  -1.65999997       1.72896557E-06
  -1.63999999       3.45934410E-07
  -1.62000000       6.95123333E-07
  -1.60000002       1.88261015E-06
  -1.58000004       6.63009928E-07
  -1.55999994       4.17181894E-07
  -1.53999996       1.95195025E-06
  -1.51999998       1.18285266E-06
  -1.50000000       2.03520642E-07
  -1.48000002       1.68136944E-06
  -1.46000004       1.68857525E-06
  -1.44000006       2.77491097E-07
  -1.42000008       1.23983500E-06
  -1.40000010       1.94178392E-06
  -1.38000000       5.84760755E-07
  -1.36000001       9.18089881E-07
  -1.34000003       1.94505765E-06
  -1.31999993       9.36290292E-07
  -1.29999995       8.06534331E-07
  -1.27999997       1.85995134E-06
  -1.25999999       1.21853054E-06
  -1.24000001       8.53781444E-07
  -1.22000003       1.80701034E-06
  -1.20000005       1.43259012E-06
  -1.18000007       9.93634217E-07
  -1.16000009       1.82647977E-06
  -1.14000010       1.62209312E-06
  -1.12000000       1.17769036E-06
  -1.10000002       1.89578986E-06
  -1.08000004       1.74052786E-06
  -1.05999994       1.39575297E-06
  -1.03999996       2.18890091E-06
  -1.01999998       1.95424832E-06
  -1.00000000       1.47707749E-06
 -0.980000019       1.89852858E-06
 -0.960000038       2.03789932E-06
 -0.940000057       2.78953598E-06
 -0.920000076       4.42059445E-06
 -0.899999976       2.82756423E-06
 -0.879999995       8.44182523E-07
 -0.860000014       6.20279025E-07
 -0.840000033       8.04759020E-06
 -0.820000052       2.44965995E-05
 -0.800000072       4.54387882E-05
 -0.779999971       6.09169438E-05
 -0.759999990       8.25889947E-05
 -0.740000010       1.47033556E-04
 -0.720000029       3.15887999E-04
 -0.700000048       6.69025350E-04
 -0.680000067       1.24524743E-03
 -0.660000086       2.16601789E-03
 -0.639999986       3.54706962E-03
 -0.620000005       5.77869173E-03
 -0.600000024       9.20032710E-03
 -0.580000043       1.45926941E-02
 -0.560000062       2.29106583E-02
 -0.540000081       3.63684185E-02
 -0.519999981       5.76752909E-02
 -0.500000000       8.91537890E-02
 -0.480000019      0.129712194    
 -0.460000038      0.174651280    
 -0.440000057      0.222476915    
 -0.420000076      0.285797685    
 -0.400000095      0.398526818    
 -0.379999995      0.592333913    
 -0.360000014      0.855846822    
 -0.340000033       1.09903073    
 -0.320000052       1.20508838    
 -0.300000072       1.15530026    
 -0.280000091       1.14372134    
 -0.259999990       1.49740267    
 -0.240000010       2.36304140    
 -0.220000029       3.41021276    
 -0.200000048       3.89458013    
 -0.180000067       3.28762817    
 -0.160000086       1.92524934    
 -0.139999986       1.05448139    
 -0.120000005       1.85156608    
 -0.100000024       4.20208645    
  -8.00000429E-02   6.48497534    
  -6.00000620E-02   6.69456244    
  -4.00000811E-02   4.47447777    
  -2.00001001E-02   1.34158087    
   0.00000000       1.21321846E-02
   1.99999809E-02   2.61699533E-05
   3.99999619E-02   1.05009995E-05
   5.99999428E-02   1.33792275E-06
   7.99999237E-02   1.82381837E-06
   9.99999046E-02   8.74122890E-08
  0.119999886       1.31799800E-06
  0.139999866       3.32523399E-07
  0.159999847       1.46551372E-06
  0.180000067       8.08060690E-07
  0.200000048       1.78065511E-06
  0.220000029       1.41221415E-06
  0.240000010       2.16741182E-06
  0.259999990       2.12077725E-06
  0.279999971       2.58742512E-06
  0.299999952       2.87395710E-06
  0.319999933       3.01919545E-06
  0.339999914       3.57413660E-06
  0.359999895       3.48364074E-06
  0.379999876       4.16672901E-06
  0.399999857       4.05768287E-06
  0.419999838       4.63331980E-06
  0.440000057       4.70896020E-06
  0.460000038       4.91373612E-06
  0.480000019       5.22203572E-06
  0.500000000       5.08112998E-06
  0.519999981       5.53105565E-06
  0.539999962       5.37414144E-06
  0.559999943       5.60365834E-06
  0.579999924       5.61373963E-06
  0.599999905       5.41845520E-06
  0.619999886       5.64026868E-06
  0.639999866       5.37766027E-06
  0.659999847       5.42788985E-06
  0.679999828       5.31498063E-06
  0.700000048       5.00942951E-06
  0.720000029       5.11232656E-06
  0.740000010       4.83078747E-06
  0.759999990       4.63434253E-06
  0.779999971       4.58854902E-06
  0.799999952       4.27109990E-06
  0.819999933       4.20469041E-06
  0.839999914       4.02874775E-06
  0.859999895       3.73625653E-06
  0.879999876       3.72749082E-06
  0.899999857       3.51058725E-06
  0.919999838       3.25618544E-06
  0.939999819       3.26485974E-06
  0.960000038       3.05087315E-06
  0.980000019       2.83695294E-06
   1.00000000       2.84648877E-06
   1.01999998       2.65856829E-06
   1.03999996       2.47502976E-06
   1.05999994       2.47721619E-06
   1.07999992       2.32940442E-06
   1.09999990       2.16851595E-06
   1.11999989       2.14761030E-06
   1.13999987       2.05661217E-06
   1.15999985       1.91477238E-06
   1.17999983       1.84534815E-06
   1.19999981       1.83233772E-06
   1.22000003       1.69644409E-06
   1.24000001       1.59711999E-06
   1.25999999       1.61165349E-06
   1.27999997       1.51556503E-06
   1.29999995       1.41907606E-06
   1.31999993       1.37375935E-06
   1.33999991       1.37304460E-06
   1.35999990       1.26931866E-06
   1.37999988       1.19719959E-06
   1.39999986       1.18492676E-06
   1.41999984       1.16309604E-06
   1.43999982       1.07450182E-06
   1.46000004       1.01791852E-06
   1.48000002       1.01270723E-06
   1.50000000       9.92437094E-07
   1.51999998       9.15821317E-07
   1.53999996       8.68848247E-07
   1.55999994       8.54755854E-07
   1.57999992       8.53173674E-07
   1.59999990       7.88136219E-07
   1.61999989       7.43619239E-07
   1.63999987       7.15832925E-07
   1.65999985       7.24138999E-07
   1.67999983       6.92243532E-07
   1.69999981       6.38225629E-07
   1.72000003       6.08631240E-07
   1.74000001       5.92631181E-07
   1.75999999       5.99552209E-07
   1.77999997       5.65698542E-07
   1.79999995       5.23078938E-07
   1.81999993       4.99293208E-07
   1.83999991       4.83304348E-07
   1.85999990       4.86558974E-07
   1.87999988       4.71342673E-07
   1.89999986       4.32805848E-07
   1.91999984       4.08099226E-07
   1.93999982       3.91895924E-07
   1.95999980       3.82325140E-07
   1.98000002       3.83700268E-07
   2.00000000       3.68654327E-07
   2.01999998       3.39298282E-07
   2.03999996       3.17701392E-07
   2.05999994       3.04743139E-07
   2.07999992       2.93129318E-07
   2.09999990       2.89919001E-07
   2.11999989       2.87518844E-07
   2.13999987       2.72846506E-07
   2.15999985       2.50607087E-07
   2.17999983       2.33260721E-07
   2.19999981       2.22690375E-07
   2.21999979       2.12726832E-07
   2.23999977       2.05316354E-07
   2.25999975       2.01922418E-07
   2.27999973       1.99394435E-07
   2.29999971       1.90253672E-07
   2.31999969       1.75953687E-07
   2.33999968       1.61497653E-07
   2.36000013       1.50554285E-07
   2.38000011       1.42024561E-07
   2.40000010       1.34920228E-07
   2.42000008       1.27628752E-07
   2.44000006       1.21056956E-07
   2.46000004       1.16740971E-07
   2.48000002       1.13367044E-07
   2.50000000       1.09938568E-07
   2.51999998       1.04524901E-07
   2.53999996       9.75414167E-08
   2.55999994       8.95085748E-08
   2.57999992       8.18962675E-08
   2.59999990       7.42202317E-08
   2.61999989       6.73657254E-08
   2.63999987       6.07874568E-08
   2.65999985       5.47923946E-08
   2.67999983       4.89083760E-08
   2.69999981       4.32548219E-08
   2.71999979       3.77781717E-08
   2.73999977       3.25790488E-08
   2.75999975       2.80228107E-08
   2.77999973       2.37311149E-08
   2.79999971       1.99952357E-08
   2.81999969       1.68188699E-08
   2.83999968       1.40533789E-08
   2.85999966       1.16115597E-08
   2.88000011       9.69477920E-09
   2.90000010       7.94646304E-09
   2.92000008       6.55258736E-09
   2.94000006       5.28683408E-09
   2.96000004       4.33760095E-09
   2.98000002       3.53173180E-09
   3.00000000       2.91633295E-09
   3.01999998       2.42449771E-09
   3.03999996       2.14635998E-09
   3.05999994       2.28134711E-09
   3.07999992       2.05210138E-09
   3.09999990       7.34333767E-08
