  -2.00000000       1.44773935E-06
  -1.98000002       1.25452891E-06
  -1.96000004       2.33846471E-08
  -1.94000006       1.52696987E-06
  -1.91999996       1.32893933E-06
  -1.89999998       2.93200770E-08
  -1.88000000       1.57453530E-06
  -1.86000001       1.32164223E-06
  -1.84000003       3.50366562E-08
  -1.82000005       1.58826424E-06
  -1.79999995       1.25343854E-06
  -1.77999997       5.72415502E-08
  -1.75999999       1.67007659E-06
  -1.74000001       1.27174894E-06
  -1.72000003       8.12764611E-08
  -1.70000005       1.71312672E-06
  -1.68000007       1.28727481E-06
  -1.65999997       1.18938090E-07
  -1.63999999       1.74444892E-06
  -1.62000000       1.28736644E-06
  -1.60000002       1.61635654E-07
  -1.58000004       1.79324456E-06
  -1.55999994       1.29274918E-06
  -1.53999996       2.15243205E-07
  -1.51999998       1.87012643E-06
  -1.50000000       1.29469095E-06
  -1.48000002       2.80323945E-07
  -1.46000004       1.96221140E-06
  -1.44000006       1.30516003E-06
  -1.42000008       3.58548448E-07
  -1.40000010       2.06387767E-06
  -1.38000000       1.33911453E-06
  -1.36000001       4.38193325E-07
  -1.34000003       2.14977126E-06
  -1.31999993       1.38825169E-06
  -1.29999995       5.41523150E-07
  -1.27999997       2.19613571E-06
  -1.25999999       1.43371756E-06
  -1.24000001       7.00364467E-07
  -1.22000003       2.23723782E-06
  -1.20000005       1.45969943E-06
  -1.18000007       9.30715885E-07
  -1.16000009       2.29563784E-06
  -1.14000010       1.46054424E-06
  -1.12000000       1.20256004E-06
  -1.10000002       2.33431774E-06
  -1.08000004       1.51365509E-06
  -1.05999994       1.60236277E-06
  -1.03999996       2.45837532E-06
  -1.01999998       1.46601963E-06
  -1.00000000       1.69301006E-06
 -0.980000019       2.47878506E-06
 -0.960000038       2.24266159E-06
 -0.940000057       3.42588078E-06
 -0.920000076       2.89230275E-06
 -0.899999976       9.74499812E-07
 -0.879999995       4.38104621E-07
 -0.860000014       3.92845641E-06
 -0.840000033       1.17142299E-05
 -0.820000052       2.50179619E-05
 -0.800000072       3.12291631E-05
 -0.779999971       3.88831322E-05
 -0.759999990       5.51929625E-05
 -0.740000010       1.25041493E-04
 -0.720000029       2.79900123E-04
 -0.700000048       5.70654520E-04
 -0.680000067       1.02669327E-03
 -0.660000086       1.74868503E-03
 -0.639999986       2.88417283E-03
 -0.620000005       4.66698268E-03
 -0.600000024       7.38783088E-03
 -0.580000043       1.15212295E-02
 -0.560000062       1.82755087E-02
 -0.540000081       2.97825113E-02
 -0.519999981       4.89398763E-02
 -0.500000000       7.65738487E-02
 -0.480000019      0.109803021    
 -0.460000038      0.142247006    
 -0.440000057      0.174830303    
 -0.420000076      0.226707324    
 -0.400000095      0.337429762    
 -0.379999995      0.535413742    
 -0.360000014      0.790772557    
 -0.340000033      0.994900644    
 -0.320000052       1.03183961    
 -0.300000072      0.923404276    
 -0.280000091      0.917923212    
 -0.259999990       1.36379027    
 -0.240000010       2.35407805    
 -0.220000029       3.45664263    
 -0.200000048       3.86445165    
 -0.180000067       3.09773302    
 -0.160000086       1.63832378    
 -0.139999986      0.857770979    
 -0.120000005       1.92813289    
 -0.100000024       4.58794594    
  -8.00000429E-02   7.04247618    
  -6.00000620E-02   7.20190716    
  -4.00000811E-02   4.77843666    
  -2.00001001E-02   1.42665815    
   0.00000000       1.28749469E-02
   1.99999809E-02   2.87874464E-05
   3.99999619E-02   1.00716707E-05
   5.99999428E-02   2.21212326E-06
   7.99999237E-02   1.14419038E-06
   9.99999046E-02   7.26309054E-07
  0.119999886       6.13881070E-07
  0.139999866       9.09938024E-07
  0.159999847       7.30837655E-07
  0.180000067       1.32320702E-06
  0.200000048       1.04487071E-06
  0.220000029       1.80952657E-06
  0.240000010       1.49567620E-06
  0.259999990       2.31220565E-06
  0.279999971       2.06118102E-06
  0.299999952       2.77438812E-06
  0.319999933       2.70259034E-06
  0.339999914       3.16775890E-06
  0.359999895       3.37732467E-06
  0.379999876       3.54454596E-06
  0.399999857       4.04065895E-06
  0.419999838       3.98809107E-06
  0.440000057       4.57355873E-06
  0.460000038       4.46011427E-06
  0.480000019       4.83792837E-06
  0.500000000       4.91173341E-06
  0.519999981       4.97450264E-06
  0.539999962       5.32294143E-06
  0.559999943       5.14905605E-06
  0.579999924       5.43415445E-06
  0.599999905       5.28292458E-06
  0.619999886       5.27307293E-06
  0.639999866       5.42850512E-06
  0.659999847       5.16317778E-06
  0.679999828       5.27405291E-06
  0.700000048       5.05294111E-06
  0.720000029       4.90797584E-06
  0.740000010       4.98353347E-06
  0.759999990       4.63353990E-06
  0.779999971       4.56642101E-06
  0.799999952       4.46993045E-06
  0.819999933       4.18261789E-06
  0.839999914       4.16510147E-06
  0.859999895       3.92222773E-06
  0.879999876       3.72018167E-06
  0.899999857       3.71843544E-06
  0.919999838       3.42447788E-06
  0.939999819       3.28105557E-06
  0.960000038       3.27692896E-06
  0.980000019       2.99207909E-06
   1.00000000       2.87763464E-06
   1.01999998       2.87613034E-06
   1.03999996       2.61973082E-06
   1.05999994       2.52138057E-06
   1.07999992       2.52239215E-06
   1.09999990       2.30661453E-06
   1.11999989       2.20716629E-06
   1.13999987       2.20825245E-06
   1.15999985       2.05120796E-06
   1.17999983       1.93494634E-06
   1.19999981       1.92036350E-06
   1.22000003       1.85081137E-06
   1.24000001       1.69586497E-06
   1.25999999       1.66591667E-06
   1.27999997       1.66580094E-06
   1.29999995       1.51121037E-06
   1.31999993       1.45265142E-06
   1.33999991       1.45404431E-06
   1.35999990       1.39461292E-06
   1.37999988       1.27426426E-06
   1.39999986       1.25167685E-06
   1.41999984       1.26123564E-06
   1.43999982       1.16687670E-06
   1.46000004       1.08953395E-06
   1.48000002       1.07787139E-06
   1.50000000       1.08438076E-06
   1.51999998       9.94294282E-07
   1.53999996       9.32286980E-07
   1.55999994       9.23730283E-07
   1.57999992       9.31398063E-07
   1.59999990       8.61857188E-07
   1.61999989       7.95413598E-07
   1.63999987       7.86336329E-07
   1.65999985       7.92189041E-07
   1.67999983       7.61161289E-07
   1.69999981       6.85762586E-07
   1.72000003       6.65651612E-07
   1.74000001       6.62711159E-07
   1.75999999       6.65949131E-07
   1.77999997       6.16257523E-07
   1.79999995       5.63155709E-07
   1.81999993       5.52312542E-07
   1.83999991       5.50975699E-07
   1.85999990       5.51033622E-07
   1.87999988       5.13092175E-07
   1.89999986       4.65679364E-07
   1.91999984       4.53113614E-07
   1.93999982       4.48333793E-07
   1.95999980       4.50495207E-07
   1.98000002       4.35752185E-07
   2.00000000       3.94818727E-07
   2.01999998       3.66982420E-07
   2.03999996       3.60150921E-07
   2.05999994       3.55342507E-07
   2.07999992       3.55769401E-07
   2.09999990       3.45784031E-07
   2.11999989       3.16351304E-07
   2.13999987       2.89321662E-07
   2.15999985       2.78683643E-07
   2.17999983       2.73376713E-07
   2.19999981       2.69519404E-07
   2.21999979       2.67633936E-07
   2.23999977       2.59035346E-07
   2.25999975       2.38940885E-07
   2.27999973       2.17321286E-07
   2.29999971       2.04695013E-07
   2.31999969       1.98529904E-07
   2.33999968       1.92609335E-07
   2.36000013       1.87763376E-07
   2.38000011       1.85358687E-07
   2.40000010       1.80861321E-07
   2.42000008       1.71486789E-07
   2.44000006       1.57344346E-07
   2.46000004       1.43973182E-07
   2.48000002       1.33857142E-07
   2.50000000       1.27058598E-07
   2.51999998       1.21137319E-07
   2.53999996       1.15727318E-07
   2.55999994       1.10051175E-07
   2.57999992       1.05682034E-07
   2.59999990       1.01840293E-07
   2.61999989       9.83773987E-08
   2.63999987       9.39306233E-08
   2.65999985       8.85185045E-08
   2.67999983       8.19072525E-08
   2.69999981       7.52311777E-08
   2.71999979       6.84476760E-08
   2.73999977       6.22773939E-08
   2.75999975       5.65400775E-08
   2.77999973       5.11992830E-08
   2.79999971       4.58201725E-08
   2.81999969       4.10924095E-08
   2.83999968       3.60319454E-08
   2.85999966       3.12462092E-08
   2.88000011       2.68230238E-08
   2.90000010       2.27261836E-08
   2.92000008       1.89313329E-08
   2.94000006       1.55866307E-08
   2.96000004       1.25924240E-08
   2.98000002       1.00026591E-08
   3.00000000       7.75710873E-09
   3.01999998       5.61706015E-09
   3.03999996       3.75003184E-09
   3.05999994       2.07453188E-09
   3.07999992       9.94236360E-10
   3.09999990       5.61751783E-08
