  -2.00000000       1.37571192E-06
  -1.98000002       1.20674611E-06
  -1.96000004       5.31043582E-08
  -1.94000006       1.65498648E-06
  -1.91999996       1.24292035E-06
  -1.89999998       6.60231052E-08
  -1.88000000       1.70875057E-06
  -1.86000001       1.07138180E-06
  -1.84000003       1.18515629E-07
  -1.82000005       1.81061341E-06
  -1.79999995       9.38109906E-07
  -1.77999997       1.86669098E-07
  -1.75999999       1.94239647E-06
  -1.74000001       9.24319977E-07
  -1.72000003       2.53962668E-07
  -1.70000005       1.91086247E-06
  -1.68000007       7.94987159E-07
  -1.65999997       4.01399802E-07
  -1.63999999       2.02955607E-06
  -1.62000000       7.18536796E-07
  -1.60000002       5.02972000E-07
  -1.58000004       2.12621876E-06
  -1.55999994       7.08888592E-07
  -1.53999996       6.00633484E-07
  -1.51999998       2.08279153E-06
  -1.50000000       6.35070023E-07
  -1.48000002       7.90668196E-07
  -1.46000004       2.08271013E-06
  -1.44000006       5.36923721E-07
  -1.42000008       1.04880269E-06
  -1.40000010       2.19740150E-06
  -1.38000000       4.92881043E-07
  -1.36000001       1.23840675E-06
  -1.34000003       2.31570243E-06
  -1.31999993       5.22837922E-07
  -1.29999995       1.37298309E-06
  -1.27999997       2.32665911E-06
  -1.25999999       6.08476057E-07
  -1.24000001       1.53091298E-06
  -1.22000003       2.25113354E-06
  -1.20000005       7.45823854E-07
  -1.18000007       1.74183072E-06
  -1.16000009       2.13339490E-06
  -1.14000010       9.27801750E-07
  -1.12000000       1.95962184E-06
  -1.10000002       2.00601630E-06
  -1.08000004       1.21572543E-06
  -1.05999994       2.27370356E-06
  -1.03999996       1.93480514E-06
  -1.01999998       1.43722059E-06
  -1.00000000       2.18547211E-06
 -0.980000019       2.01443845E-06
 -0.960000038       2.54468864E-06
 -0.940000057       3.53119572E-06
 -0.920000076       2.16944636E-06
 -0.899999976       1.11345321E-06
 -0.879999995       7.21122206E-07
 -0.860000014       3.95366897E-06
 -0.840000033       1.32875030E-05
 -0.820000052       2.29305624E-05
 -0.800000072       3.01650325E-05
 -0.779999971       3.36715457E-05
 -0.759999990       5.41847985E-05
 -0.740000010       1.19852906E-04
 -0.720000029       2.77332205E-04
 -0.700000048       5.49231889E-04
 -0.680000067       9.93786380E-04
 -0.660000086       1.67951011E-03
 -0.639999986       2.78168893E-03
 -0.620000005       4.49031498E-03
 -0.600000024       7.07690185E-03
 -0.580000043       1.10196602E-02
 -0.560000062       1.74948145E-02
 -0.540000081       2.87900846E-02
 -0.519999981       4.75635305E-02
 -0.500000000       7.46407583E-02
 -0.480000019      0.106367931    
 -0.460000038      0.136625990    
 -0.440000057      0.166495174    
 -0.420000076      0.216917813    
 -0.400000095      0.327982605    
 -0.379999995      0.527063191    
 -0.360000014      0.780506194    
 -0.340000033      0.976043344    
 -0.320000052      0.999700665    
 -0.300000072      0.881059408    
 -0.280000091      0.879426360    
 -0.259999990       1.34422147    
 -0.240000010       2.35716701    
 -0.220000029       3.46606112    
 -0.200000048       3.85526681    
 -0.180000067       3.05738473    
 -0.160000086       1.58263755    
 -0.139999986      0.823354900    
 -0.120000005       1.94598269    
 -0.100000024       4.66039324    
  -8.00000429E-02   7.14129734    
  -6.00000620E-02   7.28856468    
  -4.00000811E-02   4.82879114    
  -2.00001001E-02   1.44048858    
   0.00000000       1.30055295E-02
   1.99999809E-02   2.80533768E-05
   3.99999619E-02   1.11997360E-05
   5.99999428E-02   1.43560442E-06
   7.99999237E-02   1.86264685E-06
   9.99999046E-02   5.68474476E-08
  0.119999886       1.26436612E-06
  0.139999866       2.63475130E-07
  0.159999847       1.36193069E-06
  0.180000067       6.95598033E-07
  0.200000048       1.63247614E-06
  0.220000029       1.23249959E-06
  0.240000010       1.96482006E-06
  0.259999990       1.84161809E-06
  0.279999971       2.32080697E-06
  0.299999952       2.49599020E-06
  0.319999933       2.71225963E-06
  0.339999914       3.17028480E-06
  0.359999895       3.17068452E-06
  0.379999876       3.79555149E-06
  0.399999857       3.67871348E-06
  0.419999838       4.25205462E-06
  0.440000057       4.19282878E-06
  0.460000038       4.53654366E-06
  0.480000019       4.72192141E-06
  0.500000000       4.79488244E-06
  0.519999981       5.16313685E-06
  0.539999962       5.01304066E-06
  0.559999943       5.29314184E-06
  0.579999924       5.20279445E-06
  0.599999905       5.27196107E-06
  0.619999886       5.40437350E-06
  0.639999866       5.20093499E-06
  0.659999847       5.29911767E-06
  0.679999828       5.10953623E-06
  0.700000048       5.06314746E-06
  0.720000029       5.05940625E-06
  0.740000010       4.77458343E-06
  0.759999990       4.73406089E-06
  0.779999971       4.58645491E-06
  0.799999952       4.40242002E-06
  0.819999933       4.31373564E-06
  0.839999914       4.06736808E-06
  0.859999895       3.95992765E-06
  0.879999876       3.84681925E-06
  0.899999857       3.59381784E-06
  0.919999838       3.50008395E-06
  0.939999819       3.38670179E-06
  0.960000038       3.16562887E-06
  0.980000019       3.07525693E-06
   1.00000000       2.96505050E-06
   1.01999998       2.78403058E-06
   1.03999996       2.69604675E-06
   1.05999994       2.60035426E-06
   1.07999992       2.44401576E-06
   1.09999990       2.37095264E-06
   1.11999989       2.27932514E-06
   1.13999987       2.15236469E-06
   1.15999985       2.09278937E-06
   1.17999983       1.99638339E-06
   1.19999981       1.90687479E-06
   1.22000003       1.85010731E-06
   1.24000001       1.75027640E-06
   1.25999999       1.69842542E-06
   1.27999997       1.62571894E-06
   1.29999995       1.56057263E-06
   1.31999993       1.49673963E-06
   1.33999991       1.43717534E-06
   1.35999990       1.40083705E-06
   1.37999988       1.31488071E-06
   1.39999986       1.28282306E-06
   1.41999984       1.23420284E-06
   1.43999982       1.19455615E-06
   1.46000004       1.12026669E-06
   1.48000002       1.09821360E-06
   1.50000000       1.06467735E-06
   1.51999998       1.02224374E-06
   1.53999996       9.57037742E-07
   1.55999994       9.41852534E-07
   1.57999992       9.17250418E-07
   1.59999990       8.82985375E-07
   1.61999989       8.17327305E-07
   1.63999987       8.05592833E-07
   1.65999985       7.87498720E-07
   1.67999983       7.68900804E-07
   1.69999981       7.06942956E-07
   1.72000003       6.80181813E-07
   1.74000001       6.73785507E-07
   1.75999999       6.62971615E-07
   1.77999997       6.31964156E-07
   1.79999995       5.76592299E-07
   1.81999993       5.64934908E-07
   1.83999991       5.60870319E-07
   1.85999990       5.52465849E-07
   1.87999988       5.25321241E-07
   1.89999986       4.76336169E-07
   1.91999984       4.61465874E-07
   1.93999982       4.60756098E-07
   1.95999980       4.56637963E-07
   1.98000002       4.43731324E-07
   2.00000000       4.05037270E-07
   2.01999998       3.71621383E-07
   2.03999996       3.67810912E-07
   2.05999994       3.67387372E-07
   2.07999992       3.64983777E-07
   2.09999990       3.54090787E-07
   2.11999989       3.24089285E-07
   2.13999987       2.91937795E-07
   2.15999985       2.81498217E-07
   2.17999983       2.82009069E-07
   2.19999981       2.81668463E-07
   2.21999979       2.78705954E-07
   2.23999977       2.68440886E-07
   2.25999975       2.44662289E-07
   2.27999973       2.18569511E-07
   2.29999971       2.04282983E-07
   2.31999969       2.01746289E-07
   2.33999968       2.01133105E-07
   2.36000013       2.00176984E-07
   2.38000011       1.98151128E-07
   2.40000010       1.92301584E-07
   2.42000008       1.78725628E-07
   2.44000006       1.59804983E-07
   2.46000004       1.42697914E-07
   2.48000002       1.31773916E-07
   2.50000000       1.26511793E-07
   2.51999998       1.24316287E-07
   2.53999996       1.22588617E-07
   2.55999994       1.20428552E-07
   2.57999992       1.18333112E-07
   2.59999990       1.15150769E-07
   2.61999989       1.10437931E-07
   2.63999987       1.03359930E-07
   2.65999985       9.45267900E-08
   2.67999983       8.47377422E-08
   2.69999981       7.55360645E-08
   2.71999979       6.70165932E-08
   2.73999977       6.02543935E-08
   2.75999975       5.44882859E-08
   2.77999973       4.98466939E-08
   2.79999971       4.56702303E-08
   2.81999969       4.15676311E-08
   2.83999968       3.74653268E-08
   2.85999966       3.36784076E-08
   2.88000011       2.98681826E-08
   2.90000010       2.63384710E-08
   2.92000008       2.28281181E-08
   2.94000006       1.98326582E-08
   2.96000004       1.68994205E-08
   2.98000002       1.42837981E-08
   3.00000000       1.18386456E-08
   3.01999998       9.73448344E-09
   3.03999996       7.96439714E-09
   3.05999994       6.80877443E-09
   3.07999992       5.36125322E-09
   3.09999990       8.40062668E-08
