  -2.00000000       1.39745453E-06
  -1.98000002       1.15518162E-06
  -1.96000004       1.03243458E-07
  -1.94000006       1.84621831E-06
  -1.91999996       9.89497721E-07
  -1.89999998       1.81622482E-07
  -1.88000000       1.92074504E-06
  -1.86000001       6.76710783E-07
  -1.84000003       3.84607091E-07
  -1.82000005       2.00629347E-06
  -1.79999995       4.63055045E-07
  -1.77999997       6.27317263E-07
  -1.75999999       2.04623052E-06
  -1.74000001       3.44947125E-07
  -1.72000003       8.49062246E-07
  -1.70000005       1.86807210E-06
  -1.68000007       1.92176742E-07
  -1.65999997       1.22356118E-06
  -1.63999999       1.81974906E-06
  -1.62000000       1.12061933E-07
  -1.60000002       1.51172674E-06
  -1.58000004       1.73324577E-06
  -1.55999994       1.39225520E-07
  -1.53999996       1.68327779E-06
  -1.51999998       1.46112166E-06
  -1.50000000       2.57418691E-07
  -1.48000002       1.93190544E-06
  -1.46000004       1.18013577E-06
  -1.44000006       4.52479725E-07
  -1.42000008       2.24936798E-06
  -1.40000010       9.89554337E-07
  -1.38000000       6.82378186E-07
  -1.36000001       2.43767840E-06
  -1.34000003       8.68878544E-07
  -1.31999993       9.41969574E-07
  -1.29999995       2.45016008E-06
  -1.27999997       7.86148348E-07
  -1.25999999       1.26090902E-06
  -1.24000001       2.35515176E-06
  -1.22000003       7.63221635E-07
  -1.20000005       1.64076164E-06
  -1.18000007       2.19561866E-06
  -1.16000009       8.42753707E-07
  -1.14000010       2.01493117E-06
  -1.12000000       1.97716031E-06
  -1.10000002       1.08104859E-06
  -1.08000004       2.38724760E-06
  -1.05999994       1.83520513E-06
  -1.03999996       1.47370974E-06
  -1.01999998       2.39556675E-06
  -1.00000000       1.58407147E-06
 -0.980000019       2.14358806E-06
 -0.960000038       3.37004349E-06
 -0.940000057       2.34502704E-06
 -0.920000076       2.48894685E-06
 -0.899999976       8.23164498E-07
 -0.879999995       7.62223976E-07
 -0.860000014       5.76647335E-06
 -0.840000033       1.32373862E-05
 -0.820000052       2.17709512E-05
 -0.800000072       2.55063678E-05
 -0.779999971       2.93625108E-05
 -0.759999990       4.80174058E-05
 -0.740000010       1.20127428E-04
 -0.720000029       2.61426234E-04
 -0.700000048       5.28456585E-04
 -0.680000067       9.23268031E-04
 -0.660000086       1.58956659E-03
 -0.639999986       2.60137906E-03
 -0.620000005       4.22196602E-03
 -0.600000024       6.56086020E-03
 -0.580000043       1.01972539E-02
 -0.560000062       1.62720475E-02
 -0.540000081       2.71894019E-02
 -0.519999981       4.55171838E-02
 -0.500000000       7.14516640E-02
 -0.480000019      0.100883067    
 -0.460000038      0.127113402    
 -0.440000057      0.152946860    
 -0.420000076      0.201024160    
 -0.400000095      0.313496709    
 -0.379999995      0.514402449    
 -0.360000014      0.764198780    
 -0.340000033      0.944393754    
 -0.320000052      0.944997013    
 -0.300000072      0.810398877    
 -0.280000091      0.816691935    
 -0.259999990       1.31560743    
 -0.240000010       2.36539149    
 -0.220000029       3.48278475    
 -0.200000048       3.83665228    
 -0.180000067       2.98577046    
 -0.160000086       1.48713291    
 -0.139999986      0.766986310    
 -0.120000005       1.97939706    
 -0.100000024       4.78307009    
  -8.00000429E-02   7.30520344    
  -6.00000620E-02   7.42914867    
  -4.00000811E-02   4.90955400    
  -2.00001001E-02   1.46244884    
   0.00000000       1.31697645E-02
   1.99999809E-02   3.13289784E-05
   3.99999619E-02   8.64899448E-06
   5.99999428E-02   3.32458103E-06
   7.99999237E-02   3.75053673E-07
   9.99999046E-02   1.30141927E-06
  0.119999886       1.48766588E-07
  0.139999866       1.22127858E-06
  0.159999847       4.51279419E-07
  0.180000067       1.44854209E-06
  0.200000048       9.00980353E-07
  0.220000029       1.77429138E-06
  0.240000010       1.44467811E-06
  0.259999990       2.13265457E-06
  0.279999971       2.05213246E-06
  0.299999952       2.49588470E-06
  0.319999933       2.69672137E-06
  0.339999914       2.88778324E-06
  0.359999895       3.35171899E-06
  0.379999876       3.34304241E-06
  0.399999857       3.93932714E-06
  0.419999838       3.83455881E-06
  0.440000057       4.34234335E-06
  0.460000038       4.32014713E-06
  0.480000019       4.59081775E-06
  0.500000000       4.81663028E-06
  0.519999981       4.83069653E-06
  0.539999962       5.18194702E-06
  0.559999943       5.01542536E-06
  0.579999924       5.23876770E-06
  0.599999905       5.19398191E-06
  0.619999886       5.20458707E-06
  0.639999866       5.33670845E-06
  0.659999847       5.10648169E-06
  0.679999828       5.16321688E-06
  0.700000048       5.03495949E-06
  0.720000029       4.93205880E-06
  0.740000010       4.92464096E-06
  0.759999990       4.64167579E-06
  0.779999971       4.58541535E-06
  0.799999952       4.48248966E-06
  0.819999933       4.25442568E-06
  0.839999914       4.15731211E-06
  0.859999895       3.97325448E-06
  0.879999876       3.82685585E-06
  0.899999857       3.71179499E-06
  0.919999838       3.49421703E-06
  0.939999819       3.39336839E-06
  0.960000038       3.27436942E-06
  0.980000019       3.07448886E-06
   1.00000000       2.98684813E-06
   1.01999998       2.87486864E-06
   1.03999996       2.70335545E-06
   1.05999994       2.62783897E-06
   1.07999992       2.52098675E-06
   1.09999990       2.38231587E-06
   1.11999989       2.31546028E-06
   1.13999987       2.20861102E-06
   1.15999985       2.10824874E-06
   1.17999983       2.04360163E-06
   1.19999981       1.93812002E-06
   1.22000003       1.87583646E-06
   1.24000001       1.79978520E-06
   1.25999999       1.71708302E-06
   1.27999997       1.66089012E-06
   1.29999995       1.58629246E-06
   1.31999993       1.54153156E-06
   1.33999991       1.45556396E-06
   1.35999990       1.41462272E-06
   1.37999988       1.37111817E-06
   1.39999986       1.29974228E-06
   1.41999984       1.25222414E-06
   1.43999982       1.21064772E-06
   1.46000004       1.18249977E-06
   1.48000002       1.10310816E-06
   1.50000000       1.07518758E-06
   1.51999998       1.04305582E-06
   1.53999996       1.01921250E-06
   1.55999994       9.43563634E-07
   1.57999992       9.21695516E-07
   1.59999990       8.99781298E-07
   1.61999989       8.80867731E-07
   1.63999987       8.13956603E-07
   1.65999985       7.84973622E-07
   1.67999983       7.74581906E-07
   1.69999981       7.61031856E-07
   1.72000003       7.16538864E-07
   1.74000001       6.64546064E-07
   1.75999999       6.60865453E-07
   1.77999997       6.51115784E-07
   1.79999995       6.36345021E-07
   1.81999993       5.83279871E-07
   1.83999991       5.50508787E-07
   1.85999990       5.49836955E-07
   1.87999988       5.43618341E-07
   1.89999986       5.31228466E-07
   1.91999984       4.86519127E-07
   1.93999982       4.51447534E-07
   1.95999980       4.50441803E-07
   1.98000002       4.48384469E-07
   2.00000000       4.43416639E-07
   2.01999998       4.17711135E-07
   2.03999996       3.75948758E-07
   2.05999994       3.57983822E-07
   2.07999992       3.59594594E-07
   2.09999990       3.58396761E-07
   2.11999989       3.55271226E-07
   2.13999987       3.35620655E-07
   2.15999985       3.00671928E-07
   2.17999983       2.77740639E-07
   2.19999981       2.75312175E-07
   2.21999979       2.75924293E-07
   2.23999977       2.75290972E-07
   2.25999975       2.70976955E-07
   2.27999973       2.54810516E-07
   2.29999971       2.28127533E-07
   2.31999969       2.06315121E-07
   2.33999968       1.97555337E-07
   2.36000013       1.97293801E-07
   2.38000011       1.97006869E-07
   2.40000010       1.96542970E-07
   2.42000008       1.93408255E-07
   2.44000006       1.84737758E-07
   2.46000004       1.68629995E-07
   2.48000002       1.49905219E-07
   2.50000000       1.34695895E-07
   2.51999998       1.26903302E-07
   2.53999996       1.23322565E-07
   2.55999994       1.21933212E-07
   2.57999992       1.20033548E-07
   2.59999990       1.18248003E-07
   2.61999989       1.15719445E-07
   2.63999987       1.12082176E-07
   2.65999985       1.06226075E-07
   2.67999983       9.85714905E-08
   2.69999981       8.91208884E-08
   2.71999979       7.97620672E-08
   2.73999977       7.09022032E-08
   2.75999975       6.35698711E-08
   2.77999973       5.76324339E-08
   2.79999971       5.31306448E-08
   2.81999969       4.86147016E-08
   2.83999968       4.48895179E-08
   2.85999966       4.11344203E-08
   2.88000011       3.73816569E-08
   2.90000010       3.34849162E-08
   2.92000008       2.98539149E-08
   2.94000006       2.60439066E-08
   2.96000004       2.25335555E-08
   2.98000002       1.88881621E-08
   3.00000000       1.54292898E-08
   3.01999998       1.22646764E-08
   3.03999996       9.22119359E-09
   3.05999994       6.16400886E-09
   3.07999992       3.82018506E-09
   3.09999990       5.40230296E-08
