  -2.00000000       1.38402015E-06
  -1.98000002       1.08455140E-06
  -1.96000004       1.30550774E-07
  -1.94000006       1.94581708E-06
  -1.91999996       8.66597190E-07
  -1.89999998       2.56074514E-07
  -1.88000000       1.97163308E-06
  -1.86000001       5.09804295E-07
  -1.84000003       5.63465278E-07
  -1.82000005       2.01915645E-06
  -1.79999995       2.95618747E-07
  -1.77999997       8.82487029E-07
  -1.75999999       1.91965410E-06
  -1.74000001       1.54597828E-07
  -1.72000003       1.21578921E-06
  -1.70000005       1.69757095E-06
  -1.68000007       8.22136030E-08
  -1.65999997       1.60364084E-06
  -1.63999999       1.49015443E-06
  -1.62000000       1.19907810E-07
  -1.60000002       1.88833428E-06
  -1.58000004       1.23525524E-06
  -1.55999994       2.82203672E-07
  -1.53999996       2.05635001E-06
  -1.51999998       9.20978493E-07
  -1.50000000       5.63271158E-07
  -1.48000002       2.18528567E-06
  -1.46000004       6.44444981E-07
  -1.44000006       9.47180638E-07
  -1.42000008       2.23968664E-06
  -1.40000010       4.53562478E-07
  -1.38000000       1.36411711E-06
  -1.36000001       2.17107845E-06
  -1.34000003       3.91170346E-07
  -1.31999993       1.76167032E-06
  -1.29999995       1.97905524E-06
  -1.27999997       4.61902204E-07
  -1.25999999       2.12949453E-06
  -1.24000001       1.72960256E-06
  -1.22000003       6.82247958E-07
  -1.20000005       2.41295561E-06
  -1.18000007       1.47340711E-06
  -1.16000009       1.04614458E-06
  -1.14000010       2.54372253E-06
  -1.12000000       1.26854741E-06
  -1.10000002       1.54168913E-06
  -1.08000004       2.58759815E-06
  -1.05999994       1.26027624E-06
  -1.03999996       2.05907622E-06
  -1.01999998       2.23848429E-06
  -1.00000000       1.32584466E-06
 -0.980000019       2.79989354E-06
 -0.960000038       2.86983641E-06
 -0.940000057       2.43535669E-06
 -0.920000076       2.45110527E-06
 -0.899999976       5.45108321E-07
 -0.879999995       1.08276140E-06
 -0.860000014       6.62257071E-06
 -0.840000033       1.25364750E-05
 -0.820000052       2.20150796E-05
 -0.800000072       2.24537325E-05
 -0.779999971       2.80645145E-05
 -0.759999990       4.61108793E-05
 -0.740000010       1.18516458E-04
 -0.720000029       2.57652951E-04
 -0.700000048       5.13034232E-04
 -0.680000067       9.00141895E-04
 -0.660000086       1.53885130E-03
 -0.639999986       2.53737252E-03
 -0.620000005       4.08266485E-03
 -0.600000024       6.34831842E-03
 -0.580000043       9.80150141E-03
 -0.560000062       1.57533586E-02
 -0.540000081       2.64776815E-02
 -0.519999981       4.46525551E-02
 -0.500000000       7.00387806E-02
 -0.480000019       9.83646736E-02
 -0.460000038      0.122759089    
 -0.440000057      0.146704972    
 -0.420000076      0.194037274    
 -0.400000095      0.307196587    
 -0.379999995      0.509268582    
 -0.360000014      0.756832600    
 -0.340000033      0.929760039    
 -0.320000052      0.919183254    
 -0.300000072      0.777734101    
 -0.280000091      0.788588166    
 -0.259999990       1.30394542    
 -0.240000010       2.37089539    
 -0.220000029       3.49051833    
 -0.200000048       3.82694316    
 -0.180000067       2.95053339    
 -0.160000086       1.44209421    
 -0.139999986      0.741517365    
 -0.120000005       1.99632382    
 -0.100000024       4.84077072    
  -8.00000429E-02   7.38019037    
  -6.00000620E-02   7.49247169    
  -4.00000811E-02   4.94533348    
  -2.00001001E-02   1.47204280    
   0.00000000       1.32780420E-02
   1.99999809E-02   2.86963314E-05
   3.99999619E-02   1.12345479E-05
   5.99999428E-02   1.64824326E-06
   7.99999237E-02   1.63417030E-06
   9.99999046E-02   3.12289671E-07
  0.119999886       9.32133730E-07
  0.139999866       5.72893953E-07
  0.159999847       9.40620453E-07
  0.180000067       1.03389073E-06
  0.200000048       1.14725697E-06
  0.220000029       1.55877512E-06
  0.240000010       1.47607318E-06
  0.259999990       2.11044176E-06
  0.279999971       1.92256994E-06
  0.299999952       2.64825076E-06
  0.319999933       2.47700700E-06
  0.339999914       3.11542863E-06
  0.359999895       3.09163488E-06
  0.379999876       3.47933565E-06
  0.399999857       3.71290048E-06
  0.419999838       3.81533027E-06
  0.440000057       4.29906731E-06
  0.460000038       4.22459743E-06
  0.480000019       4.72031616E-06
  0.500000000       4.64425921E-06
  0.519999981       4.87324724E-06
  0.539999962       5.01775185E-06
  0.559999943       4.96547409E-06
  0.579999924       5.30438592E-06
  0.599999905       5.10914742E-06
  0.619999886       5.25346650E-06
  0.639999866       5.20256799E-06
  0.659999847       5.06958986E-06
  0.679999828       5.25007999E-06
  0.700000048       4.97114388E-06
  0.720000029       4.94562892E-06
  0.740000010       4.87525858E-06
  0.759999990       4.63181823E-06
  0.779999971       4.69062707E-06
  0.799999952       4.40445638E-06
  0.819999933       4.23351776E-06
  0.839999914       4.25774033E-06
  0.859999895       3.93877008E-06
  0.879999876       3.82686585E-06
  0.899999857       3.76167213E-06
  0.919999838       3.48766025E-06
  0.939999819       3.42476210E-06
  0.960000038       3.29379782E-06
  0.980000019       3.07061123E-06
   1.00000000       3.03490538E-06
   1.01999998       2.88851311E-06
   1.03999996       2.69703833E-06
   1.05999994       2.67133760E-06
   1.07999992       2.54688075E-06
   1.09999990       2.37106497E-06
   1.11999989       2.33964511E-06
   1.13999987       2.26277075E-06
   1.15999985       2.08854408E-06
   1.17999983       2.04099751E-06
   1.19999981       2.02396427E-06
   1.22000003       1.84697399E-06
   1.24000001       1.78215942E-06
   1.25999999       1.80219354E-06
   1.27999997       1.65297206E-06
   1.29999995       1.56809494E-06
   1.31999993       1.56912142E-06
   1.33999991       1.51523886E-06
   1.35999990       1.38898315E-06
   1.37999988       1.35188043E-06
   1.39999986       1.37209759E-06
   1.41999984       1.26249847E-06
   1.43999982       1.18856678E-06
   1.46000004       1.17684567E-06
   1.48000002       1.17935360E-06
   1.50000000       1.06966195E-06
   1.51999998       1.02021681E-06
   1.53999996       1.02044760E-06
   1.55999994       1.01478656E-06
   1.57999992       9.17852390E-07
   1.59999990       8.76389834E-07
   1.61999989       8.75193393E-07
   1.63999987       8.78632989E-07
   1.65999985       7.98522535E-07
   1.67999983       7.52433948E-07
   1.69999981       7.41482438E-07
   1.72000003       7.55925896E-07
   1.74000001       7.10439849E-07
   1.75999999       6.48423679E-07
   1.77999997       6.29050021E-07
   1.79999995       6.30426882E-07
   1.81999993       6.33374668E-07
   1.83999991       5.79880805E-07
   1.85999990       5.36829589E-07
   1.87999988       5.22460823E-07
   1.89999986       5.25180610E-07
   1.91999984       5.27692919E-07
   1.93999982       4.86246506E-07
   1.95999980       4.46148533E-07
   1.98000002       4.31173845E-07
   2.00000000       4.26419405E-07
   2.01999998       4.32773675E-07
   2.03999996       4.17440845E-07
   2.05999994       3.78488210E-07
   2.07999992       3.53894279E-07
   2.09999990       3.43057110E-07
   2.11999989       3.39428368E-07
   2.13999987       3.43016495E-07
   2.15999985       3.33386254E-07
   2.17999983       3.04670891E-07
   2.19999981       2.80922706E-07
   2.21999979       2.69092681E-07
   2.23999977       2.61692833E-07
   2.25999975       2.58571333E-07
   2.27999973       2.59200959E-07
   2.29999971       2.51694189E-07
   2.31999969       2.32280883E-07
   2.33999968       2.12053493E-07
   2.36000013       2.00246944E-07
   2.38000011       1.92664288E-07
   2.40000010       1.86262767E-07
   2.42000008       1.81702291E-07
   2.44000006       1.80300560E-07
   2.46000004       1.76514220E-07
   2.48000002       1.66927634E-07
   2.50000000       1.53478169E-07
   2.51999998       1.41522676E-07
   2.53999996       1.32850246E-07
   2.55999994       1.26676255E-07
   2.57999992       1.20590641E-07
   2.59999990       1.14619240E-07
   2.61999989       1.08988701E-07
   2.63999987       1.04473727E-07
   2.65999985       1.00430370E-07
   2.67999983       9.63833813E-08
   2.69999981       9.12725682E-08
   2.71999979       8.55380122E-08
   2.73999977       7.91759049E-08
   2.75999975       7.32015479E-08
   2.77999973       6.78928700E-08
   2.79999971       6.31560297E-08
   2.81999969       5.90122262E-08
   2.83999968       5.49951764E-08
   2.85999966       5.07281079E-08
   2.88000011       4.64342733E-08
   2.90000010       4.18870130E-08
   2.92000008       3.74705849E-08
   2.94000006       3.27940839E-08
   2.96000004       2.83377712E-08
   2.98000002       2.38894255E-08
   3.00000000       1.98996730E-08
   3.01999998       1.62327574E-08
   3.03999996       1.30095730E-08
   3.05999994       1.06753557E-08
   3.07999992       7.92528709E-09
   3.09999990       8.99943160E-08
