  -2.00000000       1.42530848E-06
  -1.98000002       1.07436222E-06
  -1.96000004       1.37208218E-07
  -1.94000006       1.97147756E-06
  -1.91999996       8.06600497E-07
  -1.89999998       2.97991249E-07
  -1.88000000       1.99292458E-06
  -1.86000001       4.47352704E-07
  -1.84000003       6.47118327E-07
  -1.82000005       2.00182899E-06
  -1.79999995       2.32956296E-07
  -1.77999997       9.97867801E-07
  -1.75999999       1.83592181E-06
  -1.74000001       1.00108650E-07
  -1.72000003       1.37685640E-06
  -1.70000005       1.59771514E-06
  -1.68000007       7.56299912E-08
  -1.65999997       1.74647221E-06
  -1.63999999       1.31976515E-06
  -1.62000000       1.84729117E-07
  -1.60000002       1.99385158E-06
  -1.58000004       1.00036448E-06
  -1.55999994       4.32095817E-07
  -1.53999996       2.14864190E-06
  -1.51999998       6.91839716E-07
  -1.50000000       7.78748131E-07
  -1.48000002       2.18920036E-06
  -1.46000004       4.57383351E-07
  -1.44000006       1.21118433E-06
  -1.42000008       2.10459530E-06
  -1.40000010       3.33814398E-07
  -1.38000000       1.66581162E-06
  -1.36000001       1.89924731E-06
  -1.34000003       3.66922137E-07
  -1.31999993       2.07908033E-06
  -1.29999995       1.63208858E-06
  -1.27999997       5.53561449E-07
  -1.25999999       2.40245026E-06
  -1.24000001       1.35664709E-06
  -1.22000003       8.94554375E-07
  -1.20000005       2.57579040E-06
  -1.18000007       1.12657256E-06
  -1.16000009       1.35481741E-06
  -1.14000010       2.54913971E-06
  -1.12000000       1.01490741E-06
  -1.10000002       1.88930676E-06
  -1.08000004       2.44209150E-06
  -1.05999994       1.15343391E-06
  -1.03999996       2.32808543E-06
  -1.01999998       2.01596936E-06
  -1.00000000       1.39645874E-06
 -0.980000019       2.98051100E-06
 -0.960000038       2.58094269E-06
 -0.940000057       2.64954451E-06
 -0.920000076       2.26608790E-06
 -0.899999976       4.80947278E-07
 -0.879999995       1.35274797E-06
 -0.860000014       6.69844667E-06
 -0.840000033       1.26135328E-05
 -0.820000052       2.16593089E-05
 -0.800000072       2.16257104E-05
 -0.779999971       2.69687698E-05
 -0.759999990       4.61071431E-05
 -0.740000010       1.16787589E-04
 -0.720000029       2.57277105E-04
 -0.700000048       5.04818221E-04
 -0.680000067       8.91848409E-04
 -0.660000086       1.51594006E-03
 -0.639999986       2.51126336E-03
 -0.620000005       4.02272353E-03
 -0.600000024       6.25522435E-03
 -0.580000043       9.63543262E-03
 -0.560000062       1.55266123E-02
 -0.540000081       2.61894371E-02
 -0.519999981       4.42763902E-02
 -0.500000000       6.94559962E-02
 -0.480000019       9.72560048E-02
 -0.460000038      0.120891586    
 -0.440000057      0.143994421    
 -0.420000076      0.191076845    
 -0.400000095      0.304563671    
 -0.379999995      0.507150888    
 -0.360000014      0.753712773    
 -0.340000033      0.923351288    
 -0.320000052      0.907932341    
 -0.300000072      0.763522863    
 -0.280000091      0.776626766    
 -0.259999990       1.29919434    
 -0.240000010       2.37362432    
 -0.220000029       3.49388027    
 -0.200000048       3.82247877    
 -0.180000067       2.93485570    
 -0.160000086       1.42235875    
 -0.139999986      0.730635285    
 -0.120000005       2.00395060    
 -0.100000024       4.86602449    
  -8.00000429E-02   7.41252232    
  -6.00000620E-02   7.51961231    
  -4.00000811E-02   4.96049976    
  -2.00001001E-02   1.47611666    
   0.00000000       1.33173298E-02
   1.99999809E-02   2.82963865E-05
   3.99999619E-02   1.16900092E-05
   5.99999428E-02   1.29992941E-06
   7.99999237E-02   1.92208540E-06
   9.99999046E-02   2.74846936E-08
  0.119999886       1.18419621E-06
  0.139999866       3.05140901E-07
  0.159999847       1.18024536E-06
  0.180000067       7.80763401E-07
  0.200000048       1.37606924E-06
  0.220000029       1.33903904E-06
  0.240000010       1.67826158E-06
  0.259999990       1.94383915E-06
  0.279999971       2.05623201E-06
  0.299999952       2.53971166E-06
  0.319999933       2.49348318E-06
  0.339999914       3.07243522E-06
  0.359999895       3.00024749E-06
  0.379999876       3.53468931E-06
  0.399999857       3.59441310E-06
  0.419999838       3.94868994E-06
  0.440000057       4.19203297E-06
  0.460000038       4.28678641E-06
  0.480000019       4.62631579E-06
  0.500000000       4.58002887E-06
  0.519999981       4.90295724E-06
  0.539999962       4.94703045E-06
  0.559999943       5.07275718E-06
  0.579999924       5.20766116E-06
  0.599999905       5.08828452E-06
  0.619999886       5.23366725E-06
  0.639999866       5.16374985E-06
  0.659999847       5.16533237E-06
  0.679999828       5.16997761E-06
  0.700000048       4.95051563E-06
  0.720000029       4.96279472E-06
  0.740000010       4.85823512E-06
  0.759999990       4.68817507E-06
  0.779999971       4.62662547E-06
  0.799999952       4.39537916E-06
  0.819999933       4.30896125E-06
  0.839999914       4.21476670E-06
  0.859999895       3.93205346E-06
  0.879999876       3.86415468E-06
  0.899999857       3.75352897E-06
  0.919999838       3.49704806E-06
  0.939999819       3.42772773E-06
  0.960000038       3.30270564E-06
  0.980000019       3.08877429E-06
   1.00000000       3.02658100E-06
   1.01999998       2.90246612E-06
   1.03999996       2.71401541E-06
   1.05999994       2.66531515E-06
   1.07999992       2.56101839E-06
   1.09999990       2.37926020E-06
   1.11999989       2.34576464E-06
   1.13999987       2.27201394E-06
   1.15999985       2.08648271E-06
   1.17999983       2.06409823E-06
   1.19999981       2.02113029E-06
   1.22000003       1.84429348E-06
   1.24000001       1.81277971E-06
   1.25999999       1.78896732E-06
   1.27999997       1.66406357E-06
   1.29999995       1.57872978E-06
   1.31999993       1.57098611E-06
   1.33999991       1.52598102E-06
   1.35999990       1.38263829E-06
   1.37999988       1.37401810E-06
   1.39999986       1.36526239E-06
   1.41999984       1.27485816E-06
   1.43999982       1.18607613E-06
   1.46000004       1.19086815E-06
   1.48000002       1.18063940E-06
   1.50000000       1.07499841E-06
   1.51999998       1.02124091E-06
   1.53999996       1.02996250E-06
   1.55999994       1.01965418E-06
   1.57999992       9.21934827E-07
   1.59999990       8.74893203E-07
   1.61999989       8.86249552E-07
   1.63999987       8.82249367E-07
   1.65999985       8.07090942E-07
   1.67999983       7.44355248E-07
   1.69999981       7.53031259E-07
   1.72000003       7.58534952E-07
   1.74000001       7.22648394E-07
   1.75999999       6.42837222E-07
   1.77999997       6.29597764E-07
   1.79999995       6.39114546E-07
   1.81999993       6.39183668E-07
   1.83999991       5.89890476E-07
   1.85999990       5.28686940E-07
   1.87999988       5.24001962E-07
   1.89999986       5.32918193E-07
   1.91999984       5.34169715E-07
   1.93999982       4.96705923E-07
   1.95999980       4.40571569E-07
   1.98000002       4.26787267E-07
   2.00000000       4.33629964E-07
   2.01999998       4.38711396E-07
   2.03999996       4.27464869E-07
   2.05999994       3.83702854E-07
   2.07999992       3.45905931E-07
   2.09999990       3.40391608E-07
   2.11999989       3.45525223E-07
   2.13999987       3.49357862E-07
   2.15999985       3.42636980E-07
   2.17999983       3.12470945E-07
   2.19999981       2.77283959E-07
   2.21999979       2.61771419E-07
   2.23999977       2.62063736E-07
   2.25999975       2.64092535E-07
   2.27999973       2.65581548E-07
   2.29999971       2.60552042E-07
   2.31999969       2.40557483E-07
   2.33999968       2.12848335E-07
   2.36000013       1.94072300E-07
   2.38000011       1.87483806E-07
   2.40000010       1.86408656E-07
   2.42000008       1.85780593E-07
   2.44000006       1.85964439E-07
   2.46000004       1.83895793E-07
   2.48000002       1.75350223E-07
   2.50000000       1.60108598E-07
   2.51999998       1.43079774E-07
   2.53999996       1.29461341E-07
   2.55999994       1.21292999E-07
   2.57999992       1.16587849E-07
   2.59999990       1.13490586E-07
   2.61999989       1.10518847E-07
   2.63999987       1.07656504E-07
   2.65999985       1.04887690E-07
   2.67999983       1.01826451E-07
   2.69999981       9.75567858E-08
   2.71999979       9.20526588E-08
   2.73999977       8.50955928E-08
   2.75999975       7.77558427E-08
   2.77999973       7.06411853E-08
   2.79999971       6.40234390E-08
   2.81999969       5.84365623E-08
   2.83999968       5.34571747E-08
   2.85999966       4.88809953E-08
   2.88000011       4.45077504E-08
   2.90000010       4.02187226E-08
   2.92000008       3.59776244E-08
   2.94000006       3.16108242E-08
   2.96000004       2.72667151E-08
   2.98000002       2.29984796E-08
   3.00000000       1.90134326E-08
   3.01999998       1.51550612E-08
   3.03999996       1.16294370E-08
   3.05999994       8.80238371E-09
   3.07999992       5.97284489E-09
   3.09999990       7.62831718E-08
