  -2.00000000       1.43179182E-06
  -1.98000002       1.07148389E-06
  -1.96000004       1.38232679E-07
  -1.94000006       1.97354484E-06
  -1.91999996       7.97405278E-07
  -1.89999998       3.03999769E-07
  -1.88000000       1.99425040E-06
  -1.86000001       4.38555048E-07
  -1.84000003       6.59455281E-07
  -1.82000005       1.99894862E-06
  -1.79999995       2.24971359E-07
  -1.77999997       1.01556918E-06
  -1.75999999       1.82554970E-06
  -1.74000001       9.37101632E-08
  -1.72000003       1.40140776E-06
  -1.70000005       1.58159537E-06
  -1.68000007       7.64607790E-08
  -1.65999997       1.76325227E-06
  -1.63999999       1.29489933E-06
  -1.62000000       1.96216007E-07
  -1.60000002       2.00918248E-06
  -1.58000004       9.69438588E-07
  -1.55999994       4.56169118E-07
  -1.53999996       2.15143587E-06
  -1.51999998       6.62382774E-07
  -1.50000000       8.10913207E-07
  -1.48000002       2.18688024E-06
  -1.46000004       4.35914359E-07
  -1.44000006       1.24777171E-06
  -1.42000008       2.07540029E-06
  -1.40000010       3.24085846E-07
  -1.38000000       1.70541853E-06
  -1.36000001       1.85664260E-06
  -1.34000003       3.75472183E-07
  -1.31999993       2.11506631E-06
  -1.29999995       1.57471982E-06
  -1.27999997       5.83020665E-07
  -1.25999999       2.43684030E-06
  -1.24000001       1.29586317E-06
  -1.22000003       9.38523840E-07
  -1.20000005       2.59329386E-06
  -1.18000007       1.07573101E-06
  -1.16000009       1.40229770E-06
  -1.14000010       2.54512156E-06
  -1.12000000       9.86752639E-07
  -1.10000002       1.93161895E-06
  -1.08000004       2.41271346E-06
  -1.05999994       1.15619434E-06
  -1.03999996       2.36268397E-06
  -1.01999998       1.96799056E-06
  -1.00000000       1.41792384E-06
 -0.980000019       3.01061982E-06
 -0.960000038       2.53736380E-06
 -0.940000057       2.67756536E-06
 -0.920000076       2.23077632E-06
 -0.899999976       4.77113645E-07
 -0.879999995       1.39965607E-06
 -0.860000014       6.68262965E-06
 -0.840000033       1.26334744E-05
 -0.820000052       2.15657619E-05
 -0.800000072       2.15388263E-05
 -0.779999971       2.67900250E-05
 -0.759999990       4.61530581E-05
 -0.740000010       1.16549920E-04
 -0.720000029       2.57266744E-04
 -0.700000048       5.03642950E-04
 -0.680000067       8.90732103E-04
 -0.660000086       1.51276635E-03
 -0.639999986       2.50745704E-03
 -0.620000005       4.01464710E-03
 -0.600000024       6.24162797E-03
 -0.580000043       9.61206201E-03
 -0.560000062       1.54935457E-02
 -0.540000081       2.61492655E-02
 -0.519999981       4.42226119E-02
 -0.500000000       6.93741962E-02
 -0.480000019       9.70972925E-02
 -0.460000038      0.120626494    
 -0.440000057      0.143609226    
 -0.420000076      0.190656930    
 -0.400000095      0.304194838    
 -0.379999995      0.506853640    
 -0.360000014      0.753273785    
 -0.340000033      0.922432184    
 -0.320000052      0.906328976    
 -0.300000072      0.761495531    
 -0.280000091      0.774933577    
 -0.259999990       1.29853606    
 -0.240000010       2.37403154    
 -0.220000029       3.49436355    
 -0.200000048       3.82182217    
 -0.180000067       2.93260074    
 -0.160000086       1.41953635    
 -0.139999986      0.729093134    
 -0.120000005       2.00504971    
 -0.100000024       4.86962700    
  -8.00000429E-02   7.41712284    
  -6.00000620E-02   7.52346277    
  -4.00000811E-02   4.96264839    
  -2.00001001E-02   1.47669411    
   0.00000000       1.33223571E-02
   1.99999809E-02   2.83086974E-05
   3.99999619E-02   1.17005056E-05
   5.99999428E-02   1.29100727E-06
   7.99999237E-02   1.94073141E-06
   9.99999046E-02   1.19584618E-08
  0.119999886       1.21319181E-06
  0.139999866       2.87173066E-07
  0.159999847       1.21817652E-06
  0.180000067       7.58752833E-07
  0.200000048       1.41349676E-06
  0.220000029       1.30467026E-06
  0.240000010       1.69736495E-06
  0.259999990       1.89221544E-06
  0.279999971       2.05295555E-06
  0.299999952       2.49534446E-06
  0.319999933       2.49777577E-06
  0.339999914       3.07991104E-06
  0.359999895       3.03055799E-06
  0.379999876       3.57692966E-06
  0.399999857       3.59065734E-06
  0.419999838       3.94248445E-06
  0.440000057       4.12468125E-06
  0.460000038       4.26565157E-06
  0.480000019       4.62102935E-06
  0.500000000       4.62568869E-06
  0.519999981       4.94651476E-06
  0.539999962       4.92301524E-06
  0.559999943       5.03477531E-06
  0.579999924       5.15806732E-06
  0.599999905       5.12116821E-06
  0.619999886       5.28361761E-06
  0.639999866       5.15831516E-06
  0.659999847       5.12576753E-06
  0.679999828       5.13148143E-06
  0.700000048       4.99560792E-06
  0.720000029       4.99990756E-06
  0.740000010       4.81898087E-06
  0.759999990       4.65955645E-06
  0.779999971       4.64798632E-06
  0.799999952       4.43156523E-06
  0.819999933       4.28475187E-06
  0.839999914       4.17936235E-06
  0.859999895       3.97433178E-06
  0.879999876       3.87950240E-06
  0.899999857       3.70822045E-06
  0.919999838       3.51211997E-06
  0.939999819       3.45964690E-06
  0.960000038       3.27102862E-06
  0.980000019       3.08642529E-06
   1.00000000       3.05906451E-06
   1.01999998       2.88009505E-06
   1.03999996       2.70868259E-06
   1.05999994       2.69439670E-06
   1.07999992       2.53794474E-06
   1.09999990       2.38107668E-06
   1.11999989       2.36930509E-06
   1.13999987       2.24395512E-06
   1.15999985       2.10308190E-06
   1.17999983       2.07209609E-06
   1.19999981       1.99898432E-06
   1.22000003       1.87023784E-06
   1.24000001       1.79819278E-06
   1.25999999       1.79329265E-06
   1.27999997       1.67086876E-06
   1.29999995       1.56647945E-06
   1.31999993       1.59088131E-06
   1.33999991       1.50574681E-06
   1.35999990       1.40068073E-06
   1.37999988       1.36481606E-06
   1.39999986       1.37052984E-06
   1.41999984       1.27367434E-06
   1.43999982       1.18510252E-06
   1.46000004       1.19830236E-06
   1.48000002       1.17201489E-06
   1.50000000       1.08484505E-06
   1.51999998       1.01272622E-06
   1.53999996       1.04118465E-06
   1.55999994       1.00949319E-06
   1.57999992       9.31153693E-07
   1.59999990       8.68095754E-07
   1.61999989       8.93794834E-07
   1.63999987       8.77927732E-07
   1.65999985       8.08978882E-07
   1.67999983       7.46306796E-07
   1.69999981       7.50039021E-07
   1.72000003       7.66641165E-07
   1.74000001       7.12762414E-07
   1.75999999       6.53611494E-07
   1.77999997       6.20500145E-07
   1.79999995       6.47379579E-07
   1.81999993       6.37388780E-07
   1.83999991       5.86582814E-07
   1.85999990       5.36447317E-07
   1.87999988       5.15615000E-07
   1.89999986       5.41081704E-07
   1.91999984       5.33403409E-07
   1.93999982       4.91689548E-07
   1.95999980       4.48461549E-07
   1.98000002       4.20883794E-07
   2.00000000       4.34895014E-07
   2.01999998       4.45838424E-07
   2.03999996       4.20780282E-07
   2.05999994       3.85361432E-07
   2.07999992       3.50379025E-07
   2.09999990       3.34115583E-07
   2.11999989       3.47806804E-07
   2.13999987       3.56012691E-07
   2.15999985       3.38115342E-07
   2.17999983       3.10687568E-07
   2.19999981       2.82789699E-07
   2.21999979       2.60013934E-07
   2.23999977       2.57505747E-07
   2.25999975       2.68456290E-07
   2.27999973       2.70486623E-07
   2.29999971       2.57378844E-07
   2.31999969       2.37613278E-07
   2.33999968       2.16242398E-07
   2.36000013       1.96283509E-07
   2.38000011       1.83951073E-07
   2.40000010       1.83802939E-07
   2.42000008       1.89381893E-07
   2.44000006       1.91038467E-07
   2.46000004       1.84187158E-07
   2.48000002       1.72078217E-07
   2.50000000       1.58836343E-07
   2.51999998       1.45346476E-07
   2.53999996       1.31798330E-07
   2.55999994       1.20537038E-07
   2.57999992       1.13468651E-07
   2.59999990       1.11350239E-07
   2.61999989       1.11588349E-07
   2.63999987       1.11097627E-07
   2.65999985       1.08266448E-07
   2.67999983       1.03208947E-07
   2.69999981       9.67845892E-08
   2.71999979       9.03902446E-08
   2.73999977       8.39298906E-08
   2.75999975       7.78112224E-08
   2.77999973       7.17882926E-08
   2.79999971       6.55685213E-08
   2.81999969       5.96789533E-08
   2.83999968       5.39598766E-08
   2.85999966       4.85697811E-08
   2.88000011       4.35733156E-08
   2.90000010       3.89676593E-08
   2.92000008       3.47088509E-08
   2.94000006       3.05288523E-08
   2.96000004       2.64392295E-08
   2.98000002       2.24641941E-08
   3.00000000       1.86578148E-08
   3.01999998       1.48914570E-08
   3.03999996       1.13750005E-08
   3.05999994       8.44033998E-09
   3.07999992       5.59119950E-09
   3.09999990       7.21791622E-08
