  -2.00000000       6.56438315E-12
  -1.98000002       1.69823736E-12
  -1.96000004       6.38547592E-13
  -1.94000006       5.58820178E-12
  -1.91999996       1.29814020E-12
  -1.89999998       1.10048854E-11
  -1.88000000       6.75560823E-12
  -1.86000001       6.01971814E-12
  -1.84000003       1.54684217E-11
  -1.82000005       8.01014550E-12
  -1.79999995       6.79488930E-12
  -1.77999997       9.88511443E-12
  -1.75999999       1.51507765E-11
  -1.74000001       2.93984143E-11
  -1.72000003       2.12431496E-11
  -1.70000005       2.67625158E-11
  -1.68000007       2.17788149E-11
  -1.65999997       3.18604969E-11
  -1.63999999       2.63778686E-11
  -1.62000000       2.34758671E-11
  -1.60000002       4.85894866E-11
  -1.58000004       4.27669983E-11
  -1.55999994       4.25534434E-11
  -1.53999996       4.89035965E-11
  -1.51999998       4.41967435E-11
  -1.50000000       7.51748941E-11
  -1.48000002       7.04119957E-11
  -1.46000004       7.78337880E-11
  -1.44000006       8.41192116E-11
  -1.42000008       9.16968862E-11
  -1.40000010       1.06204226E-10
  -1.38000000       1.07666299E-10
  -1.36000001       1.17514345E-10
  -1.34000003       1.25801550E-10
  -1.31999993       1.24133370E-10
  -1.29999995       1.46979276E-10
  -1.27999997       1.13980748E-10
  -1.25999999       2.21084540E-10
  -1.24000001       4.97146872E-11
  -1.22000003       6.29817087E-10
  -1.20000005       2.59582966E-10
  -1.18000007       2.26408914E-09
  -1.16000009       4.98180119E-09
  -1.14000010       1.43411141E-08
  -1.12000000       4.94222760E-08
  -1.10000002       1.19267881E-07
  -1.08000004       3.80816545E-07
  -1.05999994       9.33828062E-07
  -1.03999996       2.59271610E-06
  -1.01999998       6.34788648E-06
  -1.00000000       1.58223575E-05
 -0.980000019       3.74438569E-05
 -0.960000038       8.61727967E-05
 -0.940000057       1.93102504E-04
 -0.920000076       4.15825285E-04
 -0.899999976       8.75223428E-04
 -0.879999995       1.77134888E-03
 -0.860000014       3.49320588E-03
 -0.840000033       6.65200455E-03
 -0.820000052       1.22932987E-02
 -0.800000072       2.20047981E-02
 -0.779999971       3.81499492E-02
 -0.759999990       6.41416907E-02
 -0.740000010      0.104370870    
 -0.720000029      0.164753541    
 -0.700000048      0.251716673    
 -0.680000067      0.372943759    
 -0.660000086      0.535109103    
 -0.639999986      0.744107068    
 -0.620000005       1.00263429    
 -0.600000024       1.30853987    
 -0.580000043       1.65577388    
 -0.560000062       2.02830482    
 -0.540000081       2.40996647    
 -0.519999981       2.77126646    
 -0.500000000       3.09149265    
 -0.480000019       3.33738065    
 -0.460000038       3.49534416    
 -0.440000057       3.54243708    
 -0.420000076       3.48343706    
 -0.400000095       3.31356883    
 -0.379999995       3.06092572    
 -0.360000014       2.73033214    
 -0.340000033       2.37231922    
 -0.320000052       1.98195827    
 -0.300000072       1.61943364    
 -0.280000091       1.27217245    
 -0.259999990      0.968695819    
 -0.240000010      0.722637177    
 -0.220000029      0.514410019    
 -0.200000048      0.354525924    
 -0.180000067      0.242321059    
 -0.160000086      0.159483299    
 -0.139999986       9.80337188E-02
 -0.120000005       5.79412356E-02
 -0.100000024       3.53726372E-02
  -8.00000429E-02   2.28887741E-02
  -6.00000620E-02   1.44285373E-02
  -4.00000811E-02   7.41472375E-03
  -2.00001001E-02   1.96684198E-03
   0.00000000       1.96386809E-05
   1.99999809E-02   3.56565306E-06
   3.99999619E-02   8.87060287E-06
   5.99999428E-02   1.60305699E-05
   7.99999237E-02   2.31932681E-05
   9.99999046E-02   3.03531233E-05
  0.119999886       3.37431702E-05
  0.139999866       3.37192178E-05
  0.159999847       2.79933392E-05
  0.180000067       1.93178421E-05
  0.200000048       1.15522835E-05
  0.220000029       6.26338260E-06
  0.240000010       4.31924354E-06
  0.259999990       3.85841622E-06
  0.279999971       3.38515974E-06
  0.299999952       2.60814750E-06
  0.319999933       1.88119020E-06
  0.339999914       1.36257790E-06
  0.359999895       9.02288321E-07
  0.379999876       5.47558500E-07
  0.399999857       3.22296813E-07
  0.419999838       1.80694030E-07
  0.440000057       9.91794451E-08
  0.460000038       5.51458506E-08
  0.480000019       3.10629069E-08
  0.500000000       1.81151147E-08
  0.519999981       1.09865566E-08
  0.539999962       6.90407909E-09
  0.559999943       4.50823601E-09
  0.579999924       3.07293480E-09
  0.599999905       2.18290230E-09
  0.619999886       1.60361757E-09
  0.639999866       1.21322097E-09
  0.659999847       9.41528855E-10
  0.679999828       7.48217877E-10
  0.700000048       6.09680917E-10
  0.720000029       5.08666609E-10
  0.740000010       4.29672492E-10
  0.759999990       3.65914105E-10
  0.779999971       3.13322979E-10
  0.799999952       2.72176504E-10
  0.819999933       2.41197479E-10
  0.839999914       2.12083379E-10
  0.859999895       1.88004057E-10
  0.879999876       1.70504749E-10
  0.899999857       1.56347546E-10
  0.919999838       1.43317178E-10
  0.939999819       1.30514918E-10
  0.960000038       1.17651527E-10
  0.980000019       1.10341097E-10
   1.00000000       1.06317066E-10
   1.01999998       1.01090532E-10
   1.03999996       9.49059234E-11
   1.05999994       9.20324511E-11
   1.07999992       8.98577671E-11
   1.09999990       8.63524391E-11
   1.11999989       8.24234361E-11
   1.13999987       7.51872384E-11
   1.15999985       6.91377094E-11
   1.17999983       6.56999385E-11
   1.19999981       6.12741871E-11
   1.22000003       5.65714905E-11
   1.24000001       5.49360141E-11
   1.25999999       5.61844321E-11
   1.27999997       5.54003302E-11
   1.29999995       5.31692329E-11
   1.31999993       5.02531280E-11
   1.33999991       4.74787987E-11
   1.35999990       4.64736409E-11
   1.37999988       4.40965979E-11
   1.39999986       4.09464164E-11
   1.41999984       3.92444827E-11
   1.43999982       4.04139430E-11
   1.46000004       4.19636721E-11
   1.48000002       4.16508182E-11
   1.50000000       4.19272672E-11
   1.51999998       4.31658979E-11
   1.53999996       4.29714875E-11
   1.55999994       4.18596754E-11
   1.57999992       4.06932474E-11
   1.59999990       3.89854954E-11
   1.61999989       3.67019123E-11
   1.63999987       3.63502180E-11
   1.65999985       3.66139202E-11
   1.67999983       3.61798438E-11
   1.69999981       3.71322417E-11
   1.72000003       3.56759310E-11
   1.74000001       3.33292352E-11
   1.75999999       3.20181867E-11
   1.77999997       3.26836266E-11
   1.79999995       3.33903079E-11
   1.81999993       3.21790337E-11
   1.83999991       3.15774906E-11
   1.85999990       2.97887895E-11
   1.87999988       2.88381593E-11
   1.89999986       2.94309473E-11
   1.91999984       3.06277191E-11
   1.93999982       3.22777846E-11
   1.95999980       3.18267114E-11
   1.98000002       3.22268844E-11
   2.00000000       3.29148549E-11
   2.01999998       3.41384768E-11
   2.03999996       3.53963109E-11
   2.05999994       3.49453730E-11
   2.07999992       3.52858194E-11
   2.09999990       3.41044380E-11
   2.11999989       3.32790080E-11
   2.13999987       3.43487599E-11
   2.15999985       3.58206416E-11
   2.17999983       3.63328222E-11
   2.19999981       3.47369147E-11
   2.21999979       3.44668079E-11
   2.23999977       3.37645988E-11
   2.25999975       3.36664550E-11
   2.27999973       3.37085915E-11
   2.29999971       3.26861940E-11
   2.31999969       3.29511488E-11
   2.33999968       3.33017502E-11
   2.36000013       3.40212164E-11
   2.38000011       3.38955045E-11
   2.40000010       3.52464100E-11
   2.42000008       3.80865513E-11
   2.44000006       3.90449756E-11
   2.46000004       3.99475349E-11
   2.48000002       3.95507030E-11
   2.50000000       4.26895984E-11
   2.51999998       4.73350421E-11
   2.53999996       4.79722859E-11
   2.55999994       4.78121015E-11
   2.57999992       4.71768319E-11
   2.59999990       4.84315019E-11
   2.61999989       4.93941832E-11
   2.63999987       5.29320268E-11
   2.65999985       5.68398974E-11
   2.67999983       6.12564235E-11
   2.69999981       6.77278858E-11
   2.71999979       7.14941578E-11
   2.73999977       7.53844417E-11
   2.75999975       7.78651588E-11
   2.77999973       7.81106360E-11
   2.79999971       7.10494788E-11
   2.81999969       5.81179271E-11
   2.83999968       5.16037907E-11
   2.85999966       5.64968142E-11
   2.88000011       6.15061405E-11
   2.90000010       5.30928704E-11
   2.92000008       4.21417345E-11
   2.94000006       4.48599075E-11
   2.96000004       4.14960774E-11
   2.98000002       2.73473293E-11
   3.00000000       2.97985699E-11
   3.01999998       2.42777968E-11
   3.03999996       1.43831388E-11
   3.05999994       1.52851256E-11
   3.07999992       7.95794767E-12
   3.09999990       2.25537189E-12
