  -2.00000000       4.05935008E-12
  -1.98000002       1.82134798E-12
  -1.96000004       2.83320459E-13
  -1.94000006       5.47805204E-12
  -1.91999996       1.63944769E-12
  -1.89999998       8.68123021E-12
  -1.88000000       6.99189578E-12
  -1.86000001       4.93836786E-12
  -1.84000003       1.32445149E-11
  -1.82000005       7.10724578E-12
  -1.79999995       5.43685409E-12
  -1.77999997       8.42021852E-12
  -1.75999999       1.29177433E-11
  -1.74000001       2.62941682E-11
  -1.72000003       2.11953337E-11
  -1.70000005       2.52972678E-11
  -1.68000007       2.09450669E-11
  -1.65999997       2.96452446E-11
  -1.63999999       2.66162700E-11
  -1.62000000       2.25417601E-11
  -1.60000002       4.58454247E-11
  -1.58000004       4.04528321E-11
  -1.55999994       3.83230357E-11
  -1.53999996       4.98836042E-11
  -1.51999998       4.00637509E-11
  -1.50000000       7.21723098E-11
  -1.48000002       6.76756429E-11
  -1.46000004       7.41435663E-11
  -1.44000006       7.92168969E-11
  -1.42000008       8.73680503E-11
  -1.40000010       1.01202574E-10
  -1.38000000       1.04294233E-10
  -1.36000001       1.13253552E-10
  -1.34000003       1.18952140E-10
  -1.31999993       1.17654261E-10
  -1.29999995       1.44207854E-10
  -1.27999997       1.01810678E-10
  -1.25999999       2.16484566E-10
  -1.24000001       5.25939362E-11
  -1.22000003       5.69783110E-10
  -1.20000005       3.82971155E-10
  -1.18000007       1.93435690E-09
  -1.16000009       5.41900791E-09
  -1.14000010       1.31738167E-08
  -1.12000000       4.97825923E-08
  -1.10000002       1.15787927E-07
  -1.08000004       3.74466481E-07
  -1.05999994       9.20729178E-07
  -1.03999996       2.53922440E-06
  -1.01999998       6.26892688E-06
  -1.00000000       1.55265243E-05
 -0.980000019       3.69452755E-05
 -0.960000038       8.47855626E-05
 -0.940000057       1.90446823E-04
 -0.920000076       4.09950502E-04
 -0.899999976       8.63491790E-04
 -0.879999995       1.74874032E-03
 -0.860000014       3.44931474E-03
 -0.840000033       6.57443330E-03
 -0.820000052       1.21517442E-02
 -0.800000072       2.17702333E-02
 -0.779999971       3.77552994E-02
 -0.759999990       6.35221228E-02
 -0.740000010      0.103414759    
 -0.720000029      0.163335159    
 -0.700000048      0.249706909    
 -0.680000067      0.370147884    
 -0.660000086      0.531463504    
 -0.639999986      0.739394307    
 -0.620000005      0.996980011    
 -0.600000024       1.30183327    
 -0.580000043       1.64839363    
 -0.560000062       2.02043414    
 -0.540000081       2.40210390    
 -0.519999981       2.76406479    
 -0.500000000       3.08515692    
 -0.480000019       3.33310032    
 -0.460000038       3.49247336    
 -0.440000057       3.54268074    
 -0.420000076       3.48490810    
 -0.400000095       3.31837797    
 -0.379999995       3.06615543    
 -0.360000014       2.73799324    
 -0.340000033       2.37974691    
 -0.320000052       1.98989296    
 -0.300000072       1.62721455    
 -0.280000091       1.27865267    
 -0.259999990      0.974800348    
 -0.240000010      0.727607369    
 -0.220000029      0.518086791    
 -0.200000048      0.357504666    
 -0.180000067      0.244592398    
 -0.160000086      0.160991594    
 -0.139999986       9.90181044E-02
 -0.120000005       5.85909113E-02
 -0.100000024       3.58132273E-02
  -8.00000429E-02   2.31945328E-02
  -6.00000620E-02   1.46264629E-02
  -4.00000811E-02   7.52585148E-03
  -2.00001001E-02   1.99287827E-03
   0.00000000       2.16584995E-05
   1.99999809E-02   3.25928204E-06
   3.99999619E-02   8.78886112E-06
   5.99999428E-02   1.54427889E-05
   7.99999237E-02   2.28031677E-05
   9.99999046E-02   3.01851633E-05
  0.119999886       3.36598059E-05
  0.139999866       3.34167416E-05
  0.159999847       2.81129269E-05
  0.180000067       1.97567188E-05
  0.200000048       1.17459203E-05
  0.220000029       6.56298607E-06
  0.240000010       4.33439163E-06
  0.259999990       3.91705817E-06
  0.279999971       3.42610679E-06
  0.299999952       2.63373227E-06
  0.319999933       1.96397309E-06
  0.339999914       1.43738180E-06
  0.359999895       9.43722455E-07
  0.379999876       5.71116232E-07
  0.399999857       3.41385061E-07
  0.419999838       1.96489864E-07
  0.440000057       1.09911994E-07
  0.460000038       6.17297360E-08
  0.480000019       3.48646623E-08
  0.500000000       2.02537276E-08
  0.519999981       1.21985719E-08
  0.539999962       7.60806351E-09
  0.559999943       4.94991248E-09
  0.579999924       3.35886607E-09
  0.599999905       2.36964071E-09
  0.619999886       1.72684822E-09
  0.639999866       1.30338451E-09
  0.659999847       1.01638298E-09
  0.679999828       8.09459610E-10
  0.700000048       6.59478361E-10
  0.720000029       5.49780887E-10
  0.740000010       4.64935535E-10
  0.759999990       3.95288136E-10
  0.779999971       3.35586614E-10
  0.799999952       2.90399399E-10
  0.819999933       2.57177030E-10
  0.839999914       2.25732794E-10
  0.859999895       1.98352751E-10
  0.879999876       1.79266685E-10
  0.899999857       1.66616276E-10
  0.919999838       1.54422530E-10
  0.939999819       1.40194606E-10
  0.960000038       1.25196534E-10
  0.980000019       1.17806223E-10
   1.00000000       1.14055709E-10
   1.01999998       1.07741649E-10
   1.03999996       1.01041175E-10
   1.05999994       9.74786779E-11
   1.07999992       9.45809681E-11
   1.09999990       9.04111647E-11
   1.11999989       8.57167740E-11
   1.13999987       7.88700494E-11
   1.15999985       7.31952277E-11
   1.17999983       6.95698221E-11
   1.19999981       6.46132522E-11
   1.22000003       6.00323263E-11
   1.24000001       5.86535334E-11
   1.25999999       5.91104388E-11
   1.27999997       5.87312005E-11
   1.29999995       5.71354318E-11
   1.31999993       5.38534703E-11
   1.33999991       5.01354513E-11
   1.35999990       4.81868226E-11
   1.37999988       4.62638816E-11
   1.39999986       4.37621883E-11
   1.41999984       4.22184718E-11
   1.43999982       4.28331225E-11
   1.46000004       4.42424569E-11
   1.48000002       4.37173527E-11
   1.50000000       4.28174163E-11
   1.51999998       4.40371177E-11
   1.53999996       4.45263861E-11
   1.55999994       4.38620390E-11
   1.57999992       4.25591472E-11
   1.59999990       4.05022821E-11
   1.61999989       3.88956124E-11
   1.63999987       3.90809433E-11
   1.65999985       3.99373035E-11
   1.67999983       3.92767659E-11
   1.69999981       3.99691807E-11
   1.72000003       3.83447649E-11
   1.74000001       3.56224564E-11
   1.75999999       3.46827844E-11
   1.77999997       3.49310234E-11
   1.79999995       3.59456770E-11
   1.81999993       3.48023242E-11
   1.83999991       3.36880107E-11
   1.85999990       3.20182214E-11
   1.87999988       3.11929545E-11
   1.89999986       3.25301626E-11
   1.91999984       3.34091435E-11
   1.93999982       3.47340837E-11
   1.95999980       3.41151586E-11
   1.98000002       3.41236032E-11
   2.00000000       3.50350547E-11
   2.01999998       3.62973748E-11
   2.03999996       3.72338202E-11
   2.05999994       3.69566946E-11
   2.07999992       3.70739064E-11
   2.09999990       3.55900309E-11
   2.11999989       3.49826557E-11
   2.13999987       3.61910779E-11
   2.15999985       3.82561691E-11
   2.17999983       3.83793552E-11
   2.19999981       3.66002749E-11
   2.21999979       3.59628508E-11
   2.23999977       3.56303112E-11
   2.25999975       3.61219735E-11
   2.27999973       3.64358960E-11
   2.29999971       3.56897289E-11
   2.31999969       3.59525985E-11
   2.33999968       3.65577707E-11
   2.36000013       3.74006173E-11
   2.38000011       3.82005504E-11
   2.40000010       3.89689114E-11
   2.42000008       4.08142582E-11
   2.44000006       4.11160411E-11
   2.46000004       4.14136676E-11
   2.48000002       4.23650524E-11
   2.50000000       4.57685001E-11
   2.51999998       5.08275991E-11
   2.53999996       5.13772636E-11
   2.55999994       5.08729517E-11
   2.57999992       4.93977359E-11
   2.59999990       5.03834266E-11
   2.61999989       5.25616078E-11
   2.63999987       5.59965720E-11
   2.65999985       6.01557831E-11
   2.67999983       6.42080972E-11
   2.69999981       7.09719020E-11
   2.71999979       7.49793977E-11
   2.73999977       7.85166099E-11
   2.75999975       8.13670381E-11
   2.77999973       8.08150907E-11
   2.79999971       7.24407964E-11
   2.81999969       5.79203907E-11
   2.83999968       5.18916403E-11
   2.85999966       5.85360788E-11
   2.88000011       6.33189612E-11
   2.90000010       5.48709411E-11
   2.92000008       4.51281686E-11
   2.94000006       4.78897200E-11
   2.96000004       4.13812699E-11
   2.98000002       2.70931732E-11
   3.00000000       3.12792708E-11
   3.01999998       2.36342265E-11
   3.03999996       1.58178765E-11
   3.05999994       1.53784745E-11
   3.07999992       7.85377839E-12
   3.09999990       3.36741767E-12
