  -2.00000000       1.06693777E-11
  -1.98000002       4.34775046E-12
  -1.96000004       1.60527321E-11
  -1.94000006       1.18183432E-11
  -1.91999996       1.23581171E-11
  -1.89999998       2.04564699E-11
  -1.88000000       1.50380559E-11
  -1.86000001       3.96345318E-11
  -1.84000003       3.05567932E-11
  -1.82000005       2.85696709E-11
  -1.79999995       3.94695700E-11
  -1.77999997       3.09387863E-11
  -1.75999999       3.16596645E-11
  -1.74000001       4.28271585E-11
  -1.72000003       3.56346966E-11
  -1.70000005       4.19235827E-11
  -1.68000007       2.60986129E-11
  -1.65999997       3.21358808E-11
  -1.63999999       3.41216569E-11
  -1.62000000       5.54231244E-11
  -1.60000002       5.37395267E-11
  -1.58000004       5.34508479E-11
  -1.55999994       7.50015328E-11
  -1.53999996       5.07132461E-11
  -1.51999998       9.09895978E-11
  -1.50000000       7.09822340E-11
  -1.48000002       8.94159122E-11
  -1.46000004       1.03169057E-10
  -1.44000006       1.08792822E-10
  -1.42000008       1.21706797E-10
  -1.40000010       1.40694470E-10
  -1.38000000       1.52160742E-10
  -1.36000001       1.58501573E-10
  -1.34000003       1.92707170E-10
  -1.31999993       2.30217040E-10
  -1.29999995       2.49565008E-10
  -1.27999997       2.86645790E-10
  -1.25999999       2.85525464E-10
  -1.24000001       3.01369762E-10
  -1.22000003       5.79658155E-10
  -1.20000005       1.41264611E-10
  -1.18000007       2.17423857E-09
  -1.16000009       5.38005696E-10
  -1.14000010       1.15190755E-08
  -1.12000000       1.53785980E-08
  -1.10000002       6.94359699E-08
  -1.08000004       1.66356145E-07
  -1.05999994       4.71664634E-07
  -1.03999996       1.28514614E-06
  -1.01999998       3.16990690E-06
  -1.00000000       8.29990313E-06
 -0.980000019       1.93741635E-05
 -0.960000038       4.67361606E-05
 -0.940000057       1.04608582E-04
 -0.920000076       2.33282452E-04
 -0.899999976       4.96375374E-04
 -0.879999995       1.03058200E-03
 -0.860000014       2.07317481E-03
 -0.840000033       4.02706396E-03
 -0.820000052       7.62356026E-03
 -0.800000072       1.39067154E-02
 -0.779999971       2.47204434E-02
 -0.759999990       4.23948877E-02
 -0.740000010       7.07169473E-02
 -0.720000029      0.114053987    
 -0.700000048      0.178509265    
 -0.680000067      0.270726919    
 -0.660000086      0.397696018    
 -0.639999986      0.567011476    
 -0.620000005      0.781892955    
 -0.600000024       1.04779375    
 -0.580000043       1.35660744    
 -0.560000062       1.70848942    
 -0.540000081       2.07706761    
 -0.519999981       2.45824146    
 -0.500000000       2.80633926    
 -0.480000019       3.12057281    
 -0.460000038       3.34705734    
 -0.440000057       3.49331331    
 -0.420000076       3.52597904    
 -0.400000095       3.44713449    
 -0.379999995       3.27932096    
 -0.360000014       3.00503778    
 -0.340000033       2.68200445    
 -0.320000052       2.32167244    
 -0.300000072       1.93408489    
 -0.280000091       1.57196927    
 -0.259999990       1.24277139    
 -0.240000010      0.941935480    
 -0.220000029      0.691452503    
 -0.200000048      0.499210984    
 -0.180000067      0.350733936    
 -0.160000086      0.234138072    
 -0.139999986      0.148167148    
 -0.120000005       9.16316658E-02
 -0.100000024       5.84441908E-02
  -8.00000429E-02   3.92548889E-02
  -6.00000620E-02   2.55867839E-02
  -4.00000811E-02   1.35407988E-02
  -2.00001001E-02   3.66097619E-03
   0.00000000       3.38518621E-05
   1.99999809E-02   2.02470551E-06
   3.99999619E-02   5.04219815E-06
   5.99999428E-02   9.29381986E-06
   7.99999237E-02   1.38767246E-05
   9.99999046E-02   1.92066836E-05
  0.119999886       2.32196799E-05
  0.139999866       2.65185681E-05
  0.159999847       2.71452591E-05
  0.180000067       2.51689853E-05
  0.200000048       2.08334495E-05
  0.220000029       1.56507504E-05
  0.240000010       1.07273099E-05
  0.259999990       7.18232741E-06
  0.279999971       5.28076544E-06
  0.299999952       4.47316961E-06
  0.319999933       3.92510947E-06
  0.339999914       3.23886434E-06
  0.359999895       2.51461620E-06
  0.379999876       2.08605798E-06
  0.399999857       1.77055836E-06
  0.419999838       1.47391029E-06
  0.440000057       1.19060110E-06
  0.460000038       9.05999968E-07
  0.480000019       6.38509164E-07
  0.500000000       4.22159815E-07
  0.519999981       2.68374009E-07
  0.539999962       1.66829025E-07
  0.559999943       1.02423307E-07
  0.579999924       6.25055421E-08
  0.599999905       3.81457426E-08
  0.619999886       2.35100224E-08
  0.639999866       1.47585117E-08
  0.659999847       9.48761159E-09
  0.679999828       6.26289953E-09
  0.700000048       4.26680336E-09
  0.720000029       3.00666936E-09
  0.740000010       2.18941021E-09
  0.759999990       1.64200820E-09
  0.779999971       1.26747290E-09
  0.799999952       1.00661079E-09
  0.819999933       8.14954770E-10
  0.839999914       6.72748079E-10
  0.859999895       5.62295654E-10
  0.879999876       4.77012874E-10
  0.899999857       4.14127677E-10
  0.919999838       3.61079444E-10
  0.939999819       3.14379078E-10
  0.960000038       2.80176743E-10
  0.980000019       2.51896559E-10
   1.00000000       2.26926422E-10
   1.01999998       2.06937037E-10
   1.03999996       1.89972940E-10
   1.05999994       1.74576284E-10
   1.07999992       1.61442804E-10
   1.09999990       1.49699961E-10
   1.11999989       1.39212378E-10
   1.13999987       1.32819547E-10
   1.15999985       1.27368061E-10
   1.17999983       1.19456167E-10
   1.19999981       1.13731274E-10
   1.22000003       1.08110888E-10
   1.24000001       1.01920361E-10
   1.25999999       9.59808413E-11
   1.27999997       8.95389596E-11
   1.29999995       8.24537244E-11
   1.31999993       7.78789949E-11
   1.33999991       7.70120565E-11
   1.35999990       7.55843027E-11
   1.37999988       7.36701811E-11
   1.39999986       7.09919484E-11
   1.41999984       6.85529411E-11
   1.43999982       6.65963534E-11
   1.46000004       6.49784393E-11
   1.48000002       6.53010146E-11
   1.50000000       6.38930228E-11
   1.51999998       5.90567178E-11
   1.53999996       5.59533947E-11
   1.55999994       5.70792094E-11
   1.57999992       5.82711379E-11
   1.59999990       5.70553570E-11
   1.61999989       5.46188927E-11
   1.63999987       5.34037814E-11
   1.65999985       5.27676514E-11
   1.67999983       5.27379113E-11
   1.69999981       5.17171792E-11
   1.72000003       5.23530733E-11
   1.74000001       5.33069908E-11
   1.75999999       5.07392808E-11
   1.77999997       5.01109883E-11
   1.79999995       4.93794033E-11
   1.81999993       4.86166177E-11
   1.83999991       4.70243636E-11
   1.85999990       4.69283293E-11
   1.87999988       4.95851901E-11
   1.89999986       4.91389707E-11
   1.91999984       4.89970911E-11
   1.93999982       4.67776790E-11
   1.95999980       4.73496728E-11
   1.98000002       4.93124187E-11
   2.00000000       4.95807805E-11
   2.01999998       5.08467955E-11
   2.03999996       5.18686968E-11
   2.05999994       5.35072542E-11
   2.07999992       5.32301009E-11
   2.09999990       5.22841562E-11
   2.11999989       5.30211847E-11
   2.13999987       5.28420051E-11
   2.15999985       5.21921534E-11
   2.17999983       5.25637277E-11
   2.19999981       5.42360948E-11
   2.21999979       5.63920091E-11
   2.23999977       5.65330283E-11
   2.25999975       5.62614157E-11
   2.27999973       5.62248442E-11
   2.29999971       5.83466470E-11
   2.31999969       5.88148558E-11
   2.33999968       5.79505506E-11
   2.36000013       5.77318401E-11
   2.38000011       5.81359336E-11
   2.40000010       6.24841429E-11
   2.42000008       6.70992706E-11
   2.44000006       7.20600524E-11
   2.46000004       7.22071777E-11
   2.48000002       7.04678468E-11
   2.50000000       7.32925734E-11
   2.51999998       7.65150165E-11
   2.53999996       8.15921219E-11
   2.55999994       8.95546762E-11
   2.57999992       1.02598659E-10
   2.59999990       1.11864421E-10
   2.61999989       1.15990752E-10
   2.63999987       1.19772248E-10
   2.65999985       1.21220534E-10
   2.67999983       1.15555399E-10
   2.69999981       1.02600310E-10
   2.71999979       9.73468320E-11
   2.73999977       9.67288055E-11
   2.75999975       9.97265465E-11
   2.77999973       9.91475652E-11
   2.79999971       9.03718003E-11
   2.81999969       8.21510568E-11
   2.83999968       8.27189151E-11
   2.85999966       8.12665907E-11
   2.88000011       6.61535896E-11
   2.90000010       5.80346673E-11
   2.92000008       6.22885424E-11
   2.94000006       5.13678509E-11
   2.96000004       4.57370079E-11
   2.98000002       5.07822777E-11
   3.00000000       3.55165411E-11
   3.01999998       3.59071869E-11
   3.03999996       2.84246619E-11
   3.05999994       2.01260432E-11
   3.07999992       1.79032535E-11
   3.09999990       4.25670653E-12
