  -2.00000000       7.38947445E-12
  -1.98000002       1.94075528E-12
  -1.96000004       9.09213763E-12
  -1.94000006       1.18317829E-11
  -1.91999996       4.69795990E-12
  -1.89999998       2.14642523E-11
  -1.88000000       1.25852800E-11
  -1.86000001       3.42791941E-11
  -1.84000003       3.39876426E-11
  -1.82000005       2.23769041E-11
  -1.79999995       3.47489780E-11
  -1.77999997       2.92737362E-11
  -1.75999999       2.87788491E-11
  -1.74000001       4.37707127E-11
  -1.72000003       2.99840361E-11
  -1.70000005       4.50134235E-11
  -1.68000007       2.57687014E-11
  -1.65999997       3.27108410E-11
  -1.63999999       3.04900272E-11
  -1.62000000       4.45730571E-11
  -1.60000002       5.62232899E-11
  -1.58000004       5.03873540E-11
  -1.55999994       7.04429640E-11
  -1.53999996       4.51468064E-11
  -1.51999998       7.07098824E-11
  -1.50000000       7.52493137E-11
  -1.48000002       8.05967307E-11
  -1.46000004       1.00933907E-10
  -1.44000006       1.05879541E-10
  -1.42000008       1.13204605E-10
  -1.40000010       1.37326622E-10
  -1.38000000       1.50469345E-10
  -1.36000001       1.69284295E-10
  -1.34000003       2.02995842E-10
  -1.31999993       2.07725240E-10
  -1.29999995       2.49538140E-10
  -1.27999997       2.75465317E-10
  -1.25999999       3.21474597E-10
  -1.24000001       2.27190017E-10
  -1.22000003       6.92444990E-10
  -1.20000005       3.74205528E-11
  -1.18000007       2.11961804E-09
  -1.16000009       9.76551728E-10
  -1.14000010       9.47357659E-09
  -1.12000000       1.85916811E-08
  -1.10000002       5.81855240E-08
  -1.08000004       1.73761507E-07
  -1.05999994       4.27393132E-07
  -1.03999996       1.26290013E-06
  -1.01999998       3.00191982E-06
  -1.00000000       7.98372730E-06
 -0.980000019       1.86454854E-05
 -0.960000038       4.47667408E-05
 -0.940000057       1.01149693E-04
 -0.920000076       2.23990646E-04
 -0.899999976       4.80478891E-04
 -0.879999995       9.93693597E-04
 -0.860000014       2.00843019E-03
 -0.840000033       3.89837567E-03
 -0.820000052       7.39626028E-03
 -0.800000072       1.35090388E-02
 -0.779999971       2.40336023E-02
 -0.759999990       4.13093455E-02
 -0.740000010       6.89284801E-02
 -0.720000029      0.111451313    
 -0.700000048      0.174492687    
 -0.680000067      0.265288651    
 -0.660000086      0.389932126    
 -0.639999986      0.557187438    
 -0.620000005      0.769046485    
 -0.600000024       1.03263271    
 -0.580000043       1.33859992    
 -0.560000062       1.68888354    
 -0.540000081       2.05610299    
 -0.519999981       2.43784213    
 -0.500000000       2.78686810    
 -0.480000019       3.10531068    
 -0.460000038       3.33425760    
 -0.440000057       3.48871732    
 -0.420000076       3.52405334    
 -0.400000095       3.45422840    
 -0.379999995       3.29032898    
 -0.360000014       3.01993299    
 -0.340000033       2.70219374    
 -0.320000052       2.34162641    
 -0.300000072       1.95442986    
 -0.280000091       1.59256768    
 -0.259999990       1.26078844    
 -0.240000010      0.956974983    
 -0.220000029      0.704266608    
 -0.200000048      0.509688139    
 -0.180000067      0.358606935    
 -0.160000086      0.239736348    
 -0.139999986      0.152022436    
 -0.120000005       9.42517370E-02
 -0.100000024       6.02637976E-02
  -8.00000429E-02   4.05898094E-02
  -6.00000620E-02   2.65133977E-02
  -4.00000811E-02   1.40701672E-02
  -2.00001001E-02   3.79863777E-03
   0.00000000       3.93096489E-05
   1.99999809E-02   1.41731061E-06
   3.99999619E-02   5.30172429E-06
   5.99999428E-02   8.56656698E-06
   7.99999237E-02   1.36713170E-05
   9.99999046E-02   1.86489124E-05
  0.119999886       2.28532808E-05
  0.139999866       2.60222041E-05
  0.159999847       2.65650142E-05
  0.180000067       2.52941809E-05
  0.200000048       2.11790375E-05
  0.220000029       1.59354258E-05
  0.240000010       1.13250790E-05
  0.259999990       7.53557470E-06
  0.279999971       5.48444268E-06
  0.299999952       4.53187204E-06
  0.319999933       4.07405287E-06
  0.339999914       3.34295169E-06
  0.359999895       2.66647407E-06
  0.379999876       2.13591352E-06
  0.399999857       1.80534778E-06
  0.419999838       1.57078148E-06
  0.440000057       1.28489728E-06
  0.460000038       9.77395075E-07
  0.480000019       7.06708363E-07
  0.500000000       4.87969373E-07
  0.519999981       3.21604489E-07
  0.539999962       2.03329577E-07
  0.559999943       1.24660673E-07
  0.579999924       7.52526859E-08
  0.599999905       4.53612969E-08
  0.619999886       2.76588619E-08
  0.639999866       1.71455969E-08
  0.659999847       1.08439746E-08
  0.679999828       7.07611125E-09
  0.700000048       4.79478635E-09
  0.720000029       3.35167138E-09
  0.740000010       2.41125919E-09
  0.759999990       1.78441195E-09
  0.779999971       1.35630462E-09
  0.799999952       1.05313003E-09
  0.819999933       8.41956393E-10
  0.839999914       6.94070856E-10
  0.859999895       5.75985204E-10
  0.879999876       4.83177776E-10
  0.899999857       4.15205564E-10
  0.919999838       3.62684605E-10
  0.939999819       3.15331788E-10
  0.960000038       2.73268713E-10
  0.980000019       2.44281900E-10
   1.00000000       2.23456739E-10
   1.01999998       2.06561698E-10
   1.03999996       1.89362206E-10
   1.05999994       1.73607448E-10
   1.07999992       1.60685215E-10
   1.09999990       1.48949242E-10
   1.11999989       1.38512105E-10
   1.13999987       1.29546193E-10
   1.15999985       1.22612184E-10
   1.17999983       1.17085550E-10
   1.19999981       1.12407236E-10
   1.22000003       1.05960095E-10
   1.24000001       9.93342908E-11
   1.25999999       9.39758826E-11
   1.27999997       8.84034373E-11
   1.29999995       8.18815363E-11
   1.31999993       7.62242491E-11
   1.33999991       7.35917577E-11
   1.35999990       7.22076010E-11
   1.37999988       6.92819274E-11
   1.39999986       6.59504812E-11
   1.41999984       6.43971404E-11
   1.43999982       6.46240839E-11
   1.46000004       6.42852577E-11
   1.48000002       6.43122500E-11
   1.50000000       6.43315401E-11
   1.51999998       6.19300236E-11
   1.53999996       5.96502986E-11
   1.55999994       5.79028214E-11
   1.57999992       5.50267748E-11
   1.59999990       5.24035676E-11
   1.61999989       4.99365445E-11
   1.63999987       5.01274924E-11
   1.65999985       5.15325768E-11
   1.67999983       5.25607613E-11
   1.69999981       5.28164561E-11
   1.72000003       5.19771726E-11
   1.74000001       5.07087185E-11
   1.75999999       4.77425252E-11
   1.77999997       4.68406217E-11
   1.79999995       4.61455978E-11
   1.81999993       4.57819269E-11
   1.83999991       4.53391630E-11
   1.85999990       4.34357342E-11
   1.87999988       4.33551320E-11
   1.89999986       4.39774224E-11
   1.91999984       4.59721428E-11
   1.93999982       4.55725839E-11
   1.95999980       4.50401834E-11
   1.98000002       4.70662398E-11
   2.00000000       4.77518823E-11
   2.01999998       4.82836410E-11
   2.03999996       4.99403990E-11
   2.05999994       5.12232895E-11
   2.07999992       4.98934574E-11
   2.09999990       4.71010245E-11
   2.11999989       4.67718954E-11
   2.13999987       4.87752859E-11
   2.15999985       5.02270760E-11
   2.17999983       5.21189342E-11
   2.19999981       5.30763142E-11
   2.21999979       5.42586982E-11
   2.23999977       5.42697137E-11
   2.25999975       5.41975319E-11
   2.27999973       5.45518838E-11
   2.29999971       5.44397687E-11
   2.31999969       5.37549866E-11
   2.33999968       5.39535014E-11
   2.36000013       5.43322505E-11
   2.38000011       5.55386466E-11
   2.40000010       6.05037756E-11
   2.42000008       6.46162637E-11
   2.44000006       6.73029826E-11
   2.46000004       6.89401938E-11
   2.48000002       6.83785251E-11
   2.50000000       7.29877409E-11
   2.51999998       7.94755164E-11
   2.53999996       8.28643126E-11
   2.55999994       8.86880500E-11
   2.57999992       9.85943827E-11
   2.59999990       1.08043380E-10
   2.61999989       1.11324901E-10
   2.63999987       1.12033043E-10
   2.65999985       1.11325726E-10
   2.67999983       1.06467689E-10
   2.69999981       9.49168730E-11
   2.71999979       8.78769141E-11
   2.73999977       9.06980602E-11
   2.75999975       9.58268395E-11
   2.77999973       9.35814481E-11
   2.79999971       8.25220170E-11
   2.81999969       7.65411415E-11
   2.83999968       7.81353593E-11
   2.85999966       7.18123408E-11
   2.88000011       5.89677127E-11
   2.90000010       6.01807285E-11
   2.92000008       6.11652673E-11
   2.94000006       4.49490688E-11
   2.96000004       4.38258388E-11
   2.98000002       4.45270348E-11
   3.00000000       3.09715621E-11
   3.01999998       3.27366120E-11
   3.03999996       2.08800772E-11
   3.05999994       1.71252873E-11
   3.07999992       1.26059493E-11
   3.09999990       3.82150605E-12
