  -2.00000000       2.03686269E-11
  -1.98000002       9.79405446E-12
  -1.96000004       1.96523822E-11
  -1.94000006       1.53648760E-11
  -1.91999996       2.58602497E-11
  -1.89999998       3.22497307E-11
  -1.88000000       1.74393451E-11
  -1.86000001       3.46245393E-11
  -1.84000003       2.15572178E-11
  -1.82000005       3.30002727E-11
  -1.79999995       4.86888932E-11
  -1.77999997       3.97674602E-11
  -1.75999999       4.38573206E-11
  -1.74000001       5.17846530E-11
  -1.72000003       4.25052216E-11
  -1.70000005       5.21679852E-11
  -1.68000007       5.13690965E-11
  -1.65999997       6.71204065E-11
  -1.63999999       5.17699043E-11
  -1.62000000       6.16932963E-11
  -1.60000002       5.72666220E-11
  -1.58000004       6.31325270E-11
  -1.55999994       8.53828536E-11
  -1.53999996       5.98312372E-11
  -1.51999998       1.11875828E-10
  -1.50000000       8.32923522E-11
  -1.48000002       1.09973981E-10
  -1.46000004       1.21000279E-10
  -1.44000006       1.22950650E-10
  -1.42000008       1.45047238E-10
  -1.40000010       1.67956413E-10
  -1.38000000       1.89719185E-10
  -1.36000001       1.94587624E-10
  -1.34000003       2.35615888E-10
  -1.31999993       2.93273128E-10
  -1.29999995       3.07738446E-10
  -1.27999997       3.33128664E-10
  -1.25999999       4.00570688E-10
  -1.24000001       4.24180052E-10
  -1.22000003       7.62792440E-10
  -1.20000005       3.11661030E-10
  -1.18000007       2.15607998E-09
  -1.16000009       1.04658067E-10
  -1.14000010       8.98623220E-09
  -1.12000000       8.75035155E-09
  -1.10000002       4.87664416E-08
  -1.08000004       1.09600521E-07
  -1.05999994       3.19893047E-07
  -1.03999996       8.81170081E-07
  -1.01999998       2.15883802E-06
  -1.00000000       5.82921439E-06
 -0.980000019       1.34257180E-05
 -0.960000038       3.33731368E-05
 -0.940000057       7.44023855E-05
 -0.920000076       1.69071558E-04
 -0.899999976       3.61779908E-04
 -0.879999995       7.61320756E-04
 -0.860000014       1.54636544E-03
 -0.840000033       3.03731672E-03
 -0.820000052       5.82121639E-03
 -0.800000072       1.07227322E-02
 -0.779999971       1.93264391E-02
 -0.759999990       3.34607624E-02
 -0.740000010       5.66356629E-02
 -0.720000029       9.22273174E-02
 -0.700000048      0.146542072    
 -0.680000067      0.224494830    
 -0.660000086      0.334901214    
 -0.639999986      0.482491672    
 -0.620000005      0.676024139    
 -0.600000024      0.915504634    
 -0.580000043       1.20545042    
 -0.560000062       1.53354740    
 -0.540000081       1.89886689    
 -0.519999981       2.26804185    
 -0.500000000       2.64143062    
 -0.480000019       2.96350336    
 -0.460000038       3.24140859    
 -0.440000057       3.42503476    
 -0.420000076       3.50729370    
 -0.400000095       3.49658847    
 -0.379999995       3.35911822    
 -0.360000014       3.13808608    
 -0.340000033       2.85058570    
 -0.320000052       2.49378157    
 -0.300000072       2.11841154    
 -0.280000091       1.75659347    
 -0.259999990       1.40490639    
 -0.240000010       1.08096325    
 -0.220000029      0.811456859    
 -0.200000048      0.597369730    
 -0.180000067      0.425314188    
 -0.160000086      0.287848145    
 -0.139999986      0.185526147    
 -0.120000005      0.117170408    
 -0.100000024       7.63964131E-02
  -8.00000429E-02   5.25743142E-02
  -6.00000620E-02   3.50621268E-02
  -4.00000811E-02   1.89011209E-02
  -2.00001001E-02   5.15481131E-03
   0.00000000       5.13438645E-05
   1.99999809E-02   1.04828609E-06
   3.99999619E-02   4.35383390E-06
   5.99999428E-02   6.75686488E-06
   7.99999237E-02   1.08497206E-05
   9.99999046E-02   1.48703020E-05
  0.119999886       1.87593232E-05
  0.139999866       2.23234638E-05
  0.159999847       2.39872752E-05
  0.180000067       2.40822010E-05
  0.200000048       2.19798876E-05
  0.220000029       1.87155638E-05
  0.240000010       1.45652912E-05
  0.259999990       1.05000836E-05
  0.279999971       7.66109952E-06
  0.299999952       5.76978709E-06
  0.319999933       4.77523645E-06
  0.339999914       4.05096716E-06
  0.359999895       3.58626130E-06
  0.379999876       2.99010526E-06
  0.399999857       2.46494255E-06
  0.419999838       2.01445823E-06
  0.440000057       1.67330825E-06
  0.460000038       1.46745219E-06
  0.480000019       1.26718555E-06
  0.500000000       1.04053947E-06
  0.519999981       8.20542311E-07
  0.539999962       6.19665457E-07
  0.559999943       4.43080580E-07
  0.579999924       2.99750980E-07
  0.599999905       1.94222650E-07
  0.619999886       1.22532271E-07
  0.639999866       7.64507604E-08
  0.659999847       4.76983644E-08
  0.679999828       2.99487581E-08
  0.700000048       1.90215701E-08
  0.720000029       1.23049144E-08
  0.740000010       8.15128232E-09
  0.759999990       5.53842305E-09
  0.779999971       3.88304144E-09
  0.799999952       2.80490875E-09
  0.819999933       2.07232764E-09
  0.839999914       1.57324787E-09
  0.859999895       1.22942834E-09
  0.879999876       9.80856840E-10
  0.899999857       7.95802535E-10
  0.919999838       6.56948718E-10
  0.939999819       5.55119450E-10
  0.960000038       4.82971552E-10
  0.980000019       4.19715179E-10
   1.00000000       3.59224483E-10
   1.01999998       3.08752302E-10
   1.03999996       2.71405287E-10
   1.05999994       2.45050258E-10
   1.07999992       2.26187763E-10
   1.09999990       2.11754475E-10
   1.11999989       1.97544120E-10
   1.13999987       1.83149024E-10
   1.15999985       1.68110109E-10
   1.17999983       1.53315360E-10
   1.19999981       1.42394083E-10
   1.22000003       1.32852757E-10
   1.24000001       1.24979957E-10
   1.25999999       1.20565724E-10
   1.27999997       1.15478460E-10
   1.29999995       1.08419745E-10
   1.31999993       1.02900841E-10
   1.33999991       9.89145918E-11
   1.35999990       9.36837413E-11
   1.37999988       8.92703064E-11
   1.39999986       8.52729762E-11
   1.41999984       8.34918384E-11
   1.43999982       8.23776811E-11
   1.46000004       7.87151316E-11
   1.48000002       7.53638471E-11
   1.50000000       7.49092594E-11
   1.51999998       7.32153504E-11
   1.53999996       6.88519727E-11
   1.55999994       6.58979676E-11
   1.57999992       6.37417688E-11
   1.59999990       6.30761970E-11
   1.61999989       6.21796989E-11
   1.63999987       6.15446166E-11
   1.65999985       6.03626524E-11
   1.67999983       5.81669608E-11
   1.69999981       5.64637850E-11
   1.72000003       5.65329103E-11
   1.74000001       5.69757713E-11
   1.75999999       5.56461717E-11
   1.77999997       5.61310651E-11
   1.79999995       5.61096482E-11
   1.81999993       5.51982002E-11
   1.83999991       5.55697779E-11
   1.85999990       5.64858160E-11
   1.87999988       5.67644751E-11
   1.89999986       5.43782935E-11
   1.91999984       5.43652692E-11
   1.93999982       5.52613025E-11
   1.95999980       5.66485053E-11
   1.98000002       5.68099595E-11
   2.00000000       5.58127919E-11
   2.01999998       5.60356032E-11
   2.03999996       5.48064684E-11
   2.05999994       5.44716494E-11
   2.07999992       5.54869137E-11
   2.09999990       5.77294879E-11
   2.11999989       5.95054769E-11
   2.13999987       5.96725586E-11
   2.15999985       6.00361844E-11
   2.17999983       6.02985301E-11
   2.19999981       6.17056545E-11
   2.21999979       6.43916517E-11
   2.23999977       6.60320548E-11
   2.25999975       6.66977515E-11
   2.27999973       6.66257952E-11
   2.29999971       6.80749693E-11
   2.31999969       6.85310281E-11
   2.33999968       7.06202458E-11
   2.36000013       7.50947707E-11
   2.38000011       7.66528507E-11
   2.40000010       7.73714981E-11
   2.42000008       8.10882195E-11
   2.44000006       8.81695272E-11
   2.46000004       9.32248168E-11
   2.48000002       9.62887825E-11
   2.50000000       1.04669329E-10
   2.51999998       1.12671261E-10
   2.53999996       1.18215576E-10
   2.55999994       1.25894989E-10
   2.57999992       1.33081754E-10
   2.59999990       1.32361483E-10
   2.61999989       1.25519845E-10
   2.63999987       1.19452101E-10
   2.65999985       1.16523860E-10
   2.67999983       1.14766141E-10
   2.69999981       1.18420898E-10
   2.71999979       1.21665095E-10
   2.73999977       1.09586881E-10
   2.75999975       9.44382905E-11
   2.77999973       9.40727496E-11
   2.79999971       1.00721931E-10
   2.81999969       9.20165055E-11
   2.83999968       8.15518555E-11
   2.85999966       8.65396851E-11
   2.88000011       8.08139944E-11
   2.90000010       6.18593579E-11
   2.92000008       6.37703640E-11
   2.94000006       6.18874743E-11
   2.96000004       4.82642815E-11
   2.98000002       5.12037843E-11
   3.00000000       3.81952595E-11
   3.01999998       3.46574193E-11
   3.03999996       3.07933401E-11
   3.05999994       2.13314297E-11
   3.07999992       1.80539438E-11
   3.09999990       2.37942652E-12
