  -2.00000000       3.50176550E-12
  -1.98000002       1.81365047E-12
  -1.96000004       2.80636720E-14
  -1.94000006       1.15609631E-11
  -1.91999996       5.25102791E-12
  -1.89999998       1.51748683E-11
  -1.88000000       1.13524485E-11
  -1.86000001       1.27361359E-11
  -1.84000003       3.48254203E-11
  -1.82000005       1.73649515E-11
  -1.79999995       3.33790530E-11
  -1.77999997       3.06508742E-11
  -1.75999999       3.43731987E-11
  -1.74000001       5.67701337E-11
  -1.72000003       4.35576783E-11
  -1.70000005       4.68370967E-11
  -1.68000007       6.07580167E-11
  -1.65999997       6.52626425E-11
  -1.63999999       8.50527565E-11
  -1.62000000       7.18179960E-11
  -1.60000002       1.03838022E-10
  -1.58000004       1.11317712E-10
  -1.55999994       1.12644644E-10
  -1.53999996       1.68283970E-10
  -1.51999998       1.29879871E-10
  -1.50000000       2.40703013E-10
  -1.48000002       1.87085000E-10
  -1.46000004       2.30724412E-10
  -1.44000006       2.62235844E-10
  -1.42000008       2.68785910E-10
  -1.40000010       3.79809101E-10
  -1.38000000       4.37443304E-10
  -1.36000001       5.31448552E-10
  -1.34000003       5.85091864E-10
  -1.31999993       5.41136247E-10
  -1.29999995       5.64647107E-10
  -1.27999997       6.82975787E-10
  -1.25999999       7.34901695E-10
  -1.24000001       1.03531383E-09
  -1.22000003       1.00503039E-09
  -1.20000005       1.91139149E-09
  -1.18000007       9.15230114E-10
  -1.16000009       4.59633931E-09
  -1.14000010       3.21846327E-10
  -1.12000000       1.54697091E-08
  -1.10000002       7.78359688E-09
  -1.08000004       6.11893185E-08
  -1.05999994       1.20107885E-07
  -1.03999996       3.36489563E-07
  -1.01999998       9.71169698E-07
  -1.00000000       2.12058580E-06
 -0.980000019       6.29465831E-06
 -0.960000038       1.29054069E-05
 -0.940000057       3.51247545E-05
 -0.920000076       7.10013555E-05
 -0.899999976       1.73510271E-04
 -0.879999995       3.43910709E-04
 -0.860000014       7.63403019E-04
 -0.840000033       1.46501791E-03
 -0.820000052       2.99017783E-03
 -0.800000072       5.49345324E-03
 -0.779999971       1.04160616E-02
 -0.759999990       1.81724094E-02
 -0.740000010       3.21807936E-02
 -0.720000029       5.31315207E-02
 -0.700000048       8.80607292E-02
 -0.680000067      0.137535721    
 -0.660000086      0.213128895    
 -0.639999986      0.315479338    
 -0.620000005      0.456206173    
 -0.600000024      0.640390754    
 -0.580000043      0.865869761    
 -0.560000062       1.14661932    
 -0.540000081       1.46126115    
 -0.519999981       1.81057131    
 -0.500000000       2.18420172    
 -0.480000019       2.53936124    
 -0.460000038       2.87360120    
 -0.440000057       3.16220546    
 -0.420000076       3.35691071    
 -0.400000095       3.46202040    
 -0.379999995       3.47840452    
 -0.360000014       3.37740564    
 -0.340000033       3.17045188    
 -0.320000052       2.89979553    
 -0.300000072       2.58114505    
 -0.280000091       2.21868968    
 -0.259999990       1.84001541    
 -0.240000010       1.48412776    
 -0.220000029       1.17105627    
 -0.200000048      0.899965882    
 -0.180000067      0.666058004    
 -0.160000086      0.469468385    
 -0.139999986      0.315904766    
 -0.120000005      0.208842456    
 -0.100000024      0.144045740    
  -8.00000429E-02  0.106210850    
  -6.00000620E-02   7.56025463E-02
  -4.00000811E-02   4.26574089E-02
  -2.00001001E-02   1.19574200E-02
   0.00000000       1.05435407E-04
   1.99999809E-02   1.22562358E-06
   3.99999619E-02   1.97182317E-06
   5.99999428E-02   4.10303937E-06
   7.99999237E-02   5.80837377E-06
   9.99999046E-02   8.85726240E-06
  0.119999886       1.10962719E-05
  0.139999866       1.42761110E-05
  0.159999847       1.62541746E-05
  0.180000067       1.80920451E-05
  0.200000048       1.88319300E-05
  0.220000029       1.86678808E-05
  0.240000010       1.78626324E-05
  0.259999990       1.57068553E-05
  0.279999971       1.33574958E-05
  0.299999952       1.10871124E-05
  0.319999933       8.71355041E-06
  0.339999914       7.00482315E-06
  0.359999895       5.85843554E-06
  0.379999876       4.87646685E-06
  0.399999857       4.26162160E-06
  0.419999838       3.73445164E-06
  0.440000057       3.34412880E-06
  0.460000038       2.83068653E-06
  0.480000019       2.46533727E-06
  0.500000000       2.15871205E-06
  0.519999981       1.93289316E-06
  0.539999962       1.70743988E-06
  0.559999943       1.43016041E-06
  0.579999924       1.22341010E-06
  0.599999905       1.06871300E-06
  0.619999886       9.38473647E-07
  0.639999866       8.43574867E-07
  0.659999847       7.55014412E-07
  0.679999828       6.42611269E-07
  0.700000048       5.14549242E-07
  0.720000029       3.93636924E-07
  0.740000010       2.91960106E-07
  0.759999990       2.10927979E-07
  0.779999971       1.48679590E-07
  0.799999952       1.02425837E-07
  0.819999933       6.91363837E-08
  0.839999914       4.61300402E-08
  0.859999895       3.07087547E-08
  0.879999876       2.04820463E-08
  0.899999857       1.37985250E-08
  0.919999838       9.45086054E-09
  0.939999819       6.61075905E-09
  0.960000038       4.71694950E-09
  0.980000019       3.43912299E-09
   1.00000000       2.57128430E-09
   1.01999998       1.96997574E-09
   1.03999996       1.54192770E-09
   1.05999994       1.22142396E-09
   1.07999992       9.86194570E-10
   1.09999990       8.22468205E-10
   1.11999989       7.00292380E-10
   1.13999987       5.98782968E-10
   1.15999985       5.11525156E-10
   1.17999983       4.43453801E-10
   1.19999981       3.90591698E-10
   1.22000003       3.48448187E-10
   1.24000001       3.13608250E-10
   1.25999999       2.85867163E-10
   1.27999997       2.62168731E-10
   1.29999995       2.40099302E-10
   1.31999993       2.19644788E-10
   1.33999991       2.03677339E-10
   1.35999990       1.92606361E-10
   1.37999988       1.79124979E-10
   1.39999986       1.66451339E-10
   1.41999984       1.58699082E-10
   1.43999982       1.55255558E-10
   1.46000004       1.51942389E-10
   1.48000002       1.45572512E-10
   1.50000000       1.39200346E-10
   1.51999998       1.32375319E-10
   1.53999996       1.23659749E-10
   1.55999994       1.14890548E-10
   1.57999992       1.07504616E-10
   1.59999990       1.05021047E-10
   1.61999989       1.02644178E-10
   1.63999987       9.93445048E-11
   1.65999985       9.95264149E-11
   1.67999983       9.99843056E-11
   1.69999981       1.00109775E-10
   1.72000003       9.58919888E-11
   1.74000001       9.15139076E-11
   1.75999999       8.90405388E-11
   1.77999997       8.72321104E-11
   1.79999995       8.72677555E-11
   1.81999993       8.55538973E-11
   1.83999991       8.57241778E-11
   1.85999990       8.44170567E-11
   1.87999988       8.04438252E-11
   1.89999986       7.89631277E-11
   1.91999984       8.11305884E-11
   1.93999982       8.67423217E-11
   1.95999980       8.58185745E-11
   1.98000002       8.51407000E-11
   2.00000000       8.61152955E-11
   2.01999998       8.71823863E-11
   2.03999996       8.83707413E-11
   2.05999994       8.67156832E-11
   2.07999992       8.83072296E-11
   2.09999990       8.87009910E-11
   2.11999989       8.97037652E-11
   2.13999987       9.08523951E-11
   2.15999985       9.36259195E-11
   2.17999983       1.01005579E-10
   2.19999981       1.03796673E-10
   2.21999979       1.06884113E-10
   2.23999977       1.09683415E-10
   2.25999975       1.12425749E-10
   2.27999973       1.17711382E-10
   2.29999971       1.25063571E-10
   2.31999969       1.33905706E-10
   2.33999968       1.44048759E-10
   2.36000013       1.56646252E-10
   2.38000011       1.65726224E-10
   2.40000010       1.70093883E-10
   2.42000008       1.71539893E-10
   2.44000006       1.69026321E-10
   2.46000004       1.65440189E-10
   2.48000002       1.55776975E-10
   2.50000000       1.54674482E-10
   2.51999998       1.59005226E-10
   2.53999996       1.57502525E-10
   2.55999994       1.58293892E-10
   2.57999992       1.50658014E-10
   2.59999990       1.38371981E-10
   2.61999989       1.30559286E-10
   2.63999987       1.34125905E-10
   2.65999985       1.34456335E-10
   2.67999983       1.24192434E-10
   2.69999981       1.17916163E-10
   2.71999979       1.20555566E-10
   2.73999977       1.15681562E-10
   2.75999975       9.90397764E-11
   2.77999973       1.00754405E-10
   2.79999971       1.08101431E-10
   2.81999969       9.19112425E-11
   2.83999968       8.18293350E-11
   2.85999966       8.86807711E-11
   2.88000011       7.50487728E-11
   2.90000010       6.90866669E-11
   2.92000008       6.81963652E-11
   2.94000006       5.12664564E-11
   2.96000004       5.09149251E-11
   2.98000002       4.29074762E-11
   3.00000000       3.73239530E-11
   3.01999998       3.04438558E-11
   3.03999996       1.94583898E-11
   3.05999994       1.64279909E-11
   3.07999992       1.09211477E-11
   3.09999990       2.52043872E-12
