  -2.00000000       3.39635546E-12
  -1.98000002       5.13798899E-12
  -1.96000004       7.00913936E-13
  -1.94000006       1.28179949E-11
  -1.91999996       6.09974918E-12
  -1.89999998       1.92959034E-11
  -1.88000000       1.72992454E-11
  -1.86000001       1.94077705E-11
  -1.84000003       3.57065072E-11
  -1.82000005       1.45078593E-11
  -1.79999995       4.06918388E-11
  -1.77999997       3.36687137E-11
  -1.75999999       4.00742217E-11
  -1.74000001       7.06403200E-11
  -1.72000003       5.89744434E-11
  -1.70000005       8.38962164E-11
  -1.68000007       1.04477538E-10
  -1.65999997       1.05593437E-10
  -1.63999999       1.29958933E-10
  -1.62000000       1.20910365E-10
  -1.60000002       1.71933925E-10
  -1.58000004       1.72113157E-10
  -1.55999994       1.78657047E-10
  -1.53999996       2.54473664E-10
  -1.51999998       2.17346419E-10
  -1.50000000       3.67239961E-10
  -1.48000002       3.09826387E-10
  -1.46000004       4.56444410E-10
  -1.44000006       5.53243673E-10
  -1.42000008       5.61282520E-10
  -1.40000010       6.57304433E-10
  -1.38000000       6.21661500E-10
  -1.36000001       6.78675005E-10
  -1.34000003       7.84744381E-10
  -1.31999993       8.93801921E-10
  -1.29999995       1.10815646E-09
  -1.27999997       1.45220269E-09
  -1.25999999       1.62388791E-09
  -1.24000001       2.17538787E-09
  -1.22000003       2.29531794E-09
  -1.20000005       3.82303522E-09
  -1.18000007       2.80485635E-09
  -1.16000009       7.18884863E-09
  -1.14000010       2.03293493E-09
  -1.12000000       1.97055616E-08
  -1.10000002       6.70886724E-09
  -1.08000004       6.75956073E-08
  -1.05999994       7.61242660E-08
  -1.03999996       2.85251190E-07
  -1.01999998       6.78893969E-07
  -1.00000000       1.56227679E-06
 -0.980000019       4.56238286E-06
 -0.960000038       9.14779503E-06
 -0.940000057       2.60385714E-05
 -0.920000076       5.05799471E-05
 -0.899999976       1.30132874E-04
 -0.879999995       2.50288751E-04
 -0.860000014       5.78101433E-04
 -0.840000033       1.09387352E-03
 -0.820000052       2.28481065E-03
 -0.800000072       4.22079349E-03
 -0.779999971       8.03731848E-03
 -0.759999990       1.43679418E-02
 -0.740000010       2.51544975E-02
 -0.720000029       4.31192070E-02
 -0.700000048       7.01907873E-02
 -0.680000067      0.113871686    
 -0.660000086      0.174838856    
 -0.639999986      0.264829576    
 -0.620000005      0.387209207    
 -0.600000024      0.546186268    
 -0.580000043      0.755925894    
 -0.560000062       1.00562024    
 -0.540000081       1.30039120    
 -0.519999981       1.64058077    
 -0.500000000       1.99402070    
 -0.480000019       2.35528660    
 -0.460000038       2.71205473    
 -0.440000057       3.01546955    
 -0.420000076       3.24810982    
 -0.400000095       3.41192245    
 -0.379999995       3.47602701    
 -0.360000014       3.41912889    
 -0.340000033       3.26546693    
 -0.320000052       3.04133081    
 -0.300000072       2.74856496    
 -0.280000091       2.39722514    
 -0.259999990       2.02213621    
 -0.240000010       1.66190243    
 -0.220000029       1.33553302    
 -0.200000048       1.04432094    
 -0.180000067      0.786294699    
 -0.160000086      0.563603818    
 -0.139999986      0.385250360    
 -0.120000005      0.258978665    
 -0.100000024      0.182908058    
  -8.00000429E-02  0.139090911    
  -6.00000620E-02  0.101753362    
  -4.00000811E-02   5.84925488E-02
  -2.00001001E-02   1.65352169E-02
   0.00000000       1.53250643E-04
   1.99999809E-02   3.48721159E-07
   3.99999619E-02   2.33412538E-06
   5.99999428E-02   2.88410229E-06
   7.99999237E-02   5.07716777E-06
   9.99999046E-02   7.09443611E-06
  0.119999886       9.35215758E-06
  0.139999866       1.19544038E-05
  0.159999847       1.37526185E-05
  0.180000067       1.58108523E-05
  0.200000048       1.67019116E-05
  0.220000029       1.74460638E-05
  0.240000010       1.72263026E-05
  0.259999990       1.59490191E-05
  0.279999971       1.44462338E-05
  0.299999952       1.24863791E-05
  0.319999933       1.03820048E-05
  0.339999914       8.57924806E-06
  0.359999895       7.08597145E-06
  0.379999876       5.81689073E-06
  0.399999857       5.06232664E-06
  0.419999838       4.43419822E-06
  0.440000057       3.84394889E-06
  0.460000038       3.40355837E-06
  0.480000019       3.03344859E-06
  0.500000000       2.69601583E-06
  0.519999981       2.34277809E-06
  0.539999962       2.03340983E-06
  0.559999943       1.84296198E-06
  0.579999924       1.63848108E-06
  0.599999905       1.47020774E-06
  0.619999886       1.27260989E-06
  0.639999866       1.07218352E-06
  0.659999847       9.43229338E-07
  0.679999828       8.49943319E-07
  0.700000048       7.60407033E-07
  0.720000029       6.80451592E-07
  0.740000010       6.01636259E-07
  0.759999990       5.10001541E-07
  0.779999971       4.08937836E-07
  0.799999952       3.12521735E-07
  0.819999933       2.31119515E-07
  0.839999914       1.67208256E-07
  0.859999895       1.18925655E-07
  0.879999876       8.33869223E-08
  0.899999857       5.77921071E-08
  0.919999838       3.97678903E-08
  0.939999819       2.72769629E-08
  0.960000038       1.86991347E-08
  0.980000019       1.29604576E-08
   1.00000000       9.11758757E-09
   1.01999998       6.50687326E-09
   1.03999996       4.72202766E-09
   1.05999994       3.48995055E-09
   1.07999992       2.64542921E-09
   1.09999990       2.04657358E-09
   1.11999989       1.60543245E-09
   1.13999987       1.28518851E-09
   1.15999985       1.06075193E-09
   1.17999983       9.05041708E-10
   1.19999981       7.74703635E-10
   1.22000003       6.60216881E-10
   1.24000001       5.65754443E-10
   1.25999999       4.91458374E-10
   1.27999997       4.36882502E-10
   1.29999995       3.92686078E-10
   1.31999993       3.54021035E-10
   1.33999991       3.18402971E-10
   1.35999990       2.90887092E-10
   1.37999988       2.72398160E-10
   1.39999986       2.56335342E-10
   1.41999984       2.37918241E-10
   1.43999982       2.21284144E-10
   1.46000004       2.07336245E-10
   1.48000002       1.93779409E-10
   1.50000000       1.84276233E-10
   1.51999998       1.78807760E-10
   1.53999996       1.74117110E-10
   1.55999994       1.68200467E-10
   1.57999992       1.59250002E-10
   1.59999990       1.52705390E-10
   1.61999989       1.47491450E-10
   1.63999987       1.42311940E-10
   1.65999985       1.39751974E-10
   1.67999983       1.37176367E-10
   1.69999981       1.33455302E-10
   1.72000003       1.27988925E-10
   1.74000001       1.25345040E-10
   1.75999999       1.23445948E-10
   1.77999997       1.19461580E-10
   1.79999995       1.16908552E-10
   1.81999993       1.14423845E-10
   1.83999991       1.12650930E-10
   1.85999990       1.11385276E-10
   1.87999988       1.11064692E-10
   1.89999986       1.12368614E-10
   1.91999984       1.12589299E-10
   1.93999982       1.12620295E-10
   1.95999980       1.10172545E-10
   1.98000002       1.10258871E-10
   2.00000000       1.12312527E-10
   2.01999998       1.14878475E-10
   2.03999996       1.15272930E-10
   2.05999994       1.16694154E-10
   2.07999992       1.20516749E-10
   2.09999990       1.22210048E-10
   2.11999989       1.26465852E-10
   2.13999987       1.32198946E-10
   2.15999985       1.39855516E-10
   2.17999983       1.44174367E-10
   2.19999981       1.42881179E-10
   2.21999979       1.48577789E-10
   2.23999977       1.61074182E-10
   2.25999975       1.72923217E-10
   2.27999973       1.82399262E-10
   2.29999971       1.93788707E-10
   2.31999969       2.04833983E-10
   2.33999968       2.10628626E-10
   2.36000013       2.10307521E-10
   2.38000011       2.03800657E-10
   2.40000010       1.95579691E-10
   2.42000008       1.88364158E-10
   2.44000006       1.84934526E-10
   2.46000004       1.90721966E-10
   2.48000002       1.98936395E-10
   2.50000000       2.02677208E-10
   2.51999998       1.96742303E-10
   2.53999996       1.82769758E-10
   2.55999994       1.77585280E-10
   2.57999992       1.76543682E-10
   2.59999990       1.74184805E-10
   2.61999989       1.64724193E-10
   2.63999987       1.55111271E-10
   2.65999985       1.57008018E-10
   2.67999983       1.55460894E-10
   2.69999981       1.39250833E-10
   2.71999979       1.30512975E-10
   2.73999977       1.37850092E-10
   2.75999975       1.32517372E-10
   2.77999973       1.18919513E-10
   2.79999971       1.18031224E-10
   2.81999969       1.06322624E-10
   2.83999968       9.22005389E-11
   2.85999966       9.92405463E-11
   2.88000011       8.77478784E-11
   2.90000010       7.86962856E-11
   2.92000008       8.32593300E-11
   2.94000006       6.51332183E-11
   2.96000004       5.97452920E-11
   2.98000002       4.90158539E-11
   3.00000000       4.22461024E-11
   3.01999998       3.62845969E-11
   3.03999996       2.55991825E-11
   3.05999994       2.08877898E-11
   3.07999992       1.32764754E-11
   3.09999990       5.42429946E-12
