  -2.00000000       9.98270216E-12
  -1.98000002       3.01047815E-12
  -1.96000004       2.06201115E-12
  -1.94000006       8.34192871E-12
  -1.91999996       7.10644260E-12
  -1.89999998       1.62881340E-11
  -1.88000000       2.28770509E-11
  -1.86000001       1.23791003E-11
  -1.84000003       3.20288379E-11
  -1.82000005       1.64751303E-11
  -1.79999995       4.88186713E-11
  -1.77999997       4.75853870E-11
  -1.75999999       4.71319997E-11
  -1.74000001       7.54152713E-11
  -1.72000003       8.37280037E-11
  -1.70000005       1.08179410E-10
  -1.68000007       1.49604051E-10
  -1.65999997       1.42065804E-10
  -1.63999999       1.99032166E-10
  -1.62000000       1.97612732E-10
  -1.60000002       2.60467758E-10
  -1.58000004       2.90210661E-10
  -1.55999994       3.17046334E-10
  -1.53999996       4.60837007E-10
  -1.51999998       3.98649752E-10
  -1.50000000       6.26534380E-10
  -1.48000002       5.47885015E-10
  -1.46000004       6.64212296E-10
  -1.44000006       6.84273249E-10
  -1.42000008       6.66314670E-10
  -1.40000010       9.46944634E-10
  -1.38000000       1.15719156E-09
  -1.36000001       1.49470214E-09
  -1.34000003       1.79171133E-09
  -1.31999993       2.06678319E-09
  -1.29999995       2.49143350E-09
  -1.27999997       3.23244587E-09
  -1.25999999       3.80619802E-09
  -1.24000001       5.10325027E-09
  -1.22000003       5.58608537E-09
  -1.20000005       8.50518589E-09
  -1.18000007       9.29279143E-09
  -1.16000009       1.84181150E-08
  -1.14000010       1.50550008E-08
  -1.12000000       3.97796676E-08
  -1.10000002       2.60543569E-08
  -1.08000004       1.00423073E-07
  -1.05999994       8.73392736E-08
  -1.03999996       3.13823364E-07
  -1.01999998       5.08451478E-07
  -1.00000000       1.37581640E-06
 -0.980000019       3.09829579E-06
 -0.960000038       7.42035900E-06
 -0.940000057       1.72541058E-05
 -0.920000076       4.03090016E-05
 -0.899999976       8.65499824E-05
 -0.879999995       1.99937102E-04
 -0.860000014       3.91709240E-04
 -0.840000033       8.74264457E-04
 -0.820000052       1.60508079E-03
 -0.800000072       3.34893237E-03
 -0.779999971       5.93252946E-03
 -0.759999990       1.12559767E-02
 -0.740000010       1.95718892E-02
 -0.720000029       3.36014032E-02
 -0.700000048       5.67506850E-02
 -0.680000067       9.03444141E-02
 -0.660000086      0.143586129    
 -0.639999986      0.218257546    
 -0.620000005      0.321153939    
 -0.600000024      0.464713722    
 -0.580000043      0.644939780    
 -0.560000062      0.870184422    
 -0.540000081       1.14798236    
 -0.519999981       1.45900917    
 -0.500000000       1.79869211    
 -0.480000019       2.16571712    
 -0.460000038       2.52330208    
 -0.440000057       2.84143853    
 -0.420000076       3.11798477    
 -0.400000095       3.32980251    
 -0.379999995       3.43726969    
 -0.360000014       3.43450046    
 -0.340000033       3.34228754    
 -0.320000052       3.16836739    
 -0.300000072       2.90831470    
 -0.280000091       2.57801056    
 -0.259999990       2.21480322    
 -0.240000010       1.85568559    
 -0.220000029       1.51998806    
 -0.200000048       1.21116173    
 -0.180000067      0.929247737    
 -0.160000086      0.677860022    
 -0.139999986      0.470632315    
 -0.120000005      0.321837366    
 -0.100000024      0.233323708    
  -8.00000429E-02  0.183645248    
  -6.00000620E-02  0.138376817    
  -4.00000811E-02   8.10794234E-02
  -2.00001001E-02   2.31396556E-02
   0.00000000       2.13515028E-04
   1.99999809E-02   1.94783482E-07
   3.99999619E-02   2.35636912E-06
   5.99999428E-02   2.06929690E-06
   7.99999237E-02   4.56373937E-06
   9.99999046E-02   5.49774541E-06
  0.119999886       8.01730039E-06
  0.139999866       9.55478754E-06
  0.159999847       1.17511418E-05
  0.180000067       1.35124046E-05
  0.200000048       1.48254767E-05
  0.220000029       1.58761250E-05
  0.240000010       1.58203693E-05
  0.259999990       1.56193546E-05
  0.279999971       1.47744704E-05
  0.299999952       1.32698742E-05
  0.319999933       1.16564206E-05
  0.339999914       1.00079496E-05
  0.359999895       8.38700271E-06
  0.379999876       7.03869500E-06
  0.399999857       6.04186516E-06
  0.419999838       5.12849056E-06
  0.440000057       4.52069344E-06
  0.460000038       4.03464037E-06
  0.480000019       3.56754754E-06
  0.500000000       3.17202694E-06
  0.519999981       2.80674385E-06
  0.539999962       2.53727831E-06
  0.559999943       2.26579186E-06
  0.579999924       2.00003001E-06
  0.599999905       1.78597588E-06
  0.619999886       1.57769830E-06
  0.639999866       1.45296337E-06
  0.659999847       1.29982152E-06
  0.679999828       1.13846386E-06
  0.700000048       1.00779278E-06
  0.720000029       8.73531064E-07
  0.740000010       7.64821436E-07
  0.759999990       7.00020962E-07
  0.779999971       6.43655028E-07
  0.799999952       5.73102795E-07
  0.819999933       4.94708047E-07
  0.839999914       4.17794013E-07
  0.859999895       3.43445038E-07
  0.879999876       2.71905719E-07
  0.899999857       2.06753626E-07
  0.919999838       1.51910015E-07
  0.939999819       1.08781791E-07
  0.960000038       7.66336541E-08
  0.980000019       5.36265112E-08
   1.00000000       3.74511657E-08
   1.01999998       2.61585846E-08
   1.03999996       1.83563369E-08
   1.05999994       1.29960531E-08
   1.07999992       9.30802102E-09
   1.09999990       6.74601175E-09
   1.11999989       4.96387154E-09
   1.13999987       3.73396070E-09
   1.15999985       2.85683921E-09
   1.17999983       2.21080887E-09
   1.19999981       1.74158854E-09
   1.22000003       1.40826284E-09
   1.24000001       1.17020627E-09
   1.25999999       9.82603221E-10
   1.27999997       8.30810809E-10
   1.29999995       7.14642956E-10
   1.31999993       6.24564844E-10
   1.33999991       5.47686618E-10
   1.35999990       4.76543527E-10
   1.37999988       4.24186325E-10
   1.39999986       3.86684795E-10
   1.41999984       3.48987977E-10
   1.43999982       3.19369198E-10
   1.46000004       2.94216845E-10
   1.48000002       2.70928197E-10
   1.50000000       2.52595916E-10
   1.51999998       2.34674696E-10
   1.53999996       2.25560431E-10
   1.55999994       2.19640528E-10
   1.57999992       2.14765816E-10
   1.59999990       2.09088871E-10
   1.61999989       2.02343572E-10
   1.63999987       1.96664462E-10
   1.65999985       1.83963192E-10
   1.67999983       1.73635661E-10
   1.69999981       1.64336364E-10
   1.72000003       1.59059099E-10
   1.74000001       1.57754559E-10
   1.75999999       1.50884333E-10
   1.77999997       1.46394827E-10
   1.79999995       1.43912104E-10
   1.81999993       1.44942738E-10
   1.83999991       1.43843090E-10
   1.85999990       1.40616435E-10
   1.87999988       1.41522100E-10
   1.89999986       1.39238315E-10
   1.91999984       1.36697237E-10
   1.93999982       1.33969877E-10
   1.95999980       1.35305725E-10
   1.98000002       1.37418493E-10
   2.00000000       1.37017050E-10
   2.01999998       1.39409539E-10
   2.03999996       1.43489123E-10
   2.05999994       1.51653051E-10
   2.07999992       1.59805572E-10
   2.09999990       1.63180025E-10
   2.11999989       1.67061379E-10
   2.13999987       1.72841949E-10
   2.15999985       1.82856869E-10
   2.17999983       1.95430783E-10
   2.19999981       2.08285278E-10
   2.21999979       2.23355945E-10
   2.23999977       2.36383524E-10
   2.25999975       2.43933568E-10
   2.27999973       2.48010973E-10
   2.29999971       2.47407039E-10
   2.31999969       2.42038334E-10
   2.33999968       2.34085223E-10
   2.36000013       2.33328912E-10
   2.38000011       2.38618708E-10
   2.40000010       2.48207649E-10
   2.42000008       2.50370669E-10
   2.44000006       2.43413345E-10
   2.46000004       2.31993480E-10
   2.48000002       2.27413394E-10
   2.50000000       2.28151942E-10
   2.51999998       2.30753971E-10
   2.53999996       2.35828551E-10
   2.55999994       2.26155566E-10
   2.57999992       2.18671012E-10
   2.59999990       2.26407282E-10
   2.61999989       2.27336927E-10
   2.63999987       2.07799583E-10
   2.65999985       1.94466276E-10
   2.67999983       2.05028355E-10
   2.69999981       1.95780142E-10
   2.71999979       1.78017323E-10
   2.73999977       1.82755949E-10
   2.75999975       1.77194370E-10
   2.77999973       1.54888852E-10
   2.79999971       1.51067436E-10
   2.81999969       1.51560986E-10
   2.83999968       1.35412251E-10
   2.85999966       1.35610301E-10
   2.88000011       1.22552135E-10
   2.90000010       1.07982484E-10
   2.92000008       1.13099613E-10
   2.94000006       9.61268287E-11
   2.96000004       9.49706633E-11
   2.98000002       8.29956659E-11
   3.00000000       7.14365581E-11
   3.01999998       6.49478110E-11
   3.03999996       5.29781392E-11
   3.05999994       4.68830461E-11
   3.07999992       3.11888987E-11
   3.09999990       2.97832349E-11
