  -2.00000000       1.58251658E-11
  -1.98000002       2.56314891E-12
  -1.96000004       5.47848832E-12
  -1.94000006       5.04375968E-12
  -1.91999996       1.12536300E-11
  -1.89999998       9.44566560E-12
  -1.88000000       2.56792070E-11
  -1.86000001       1.00749218E-11
  -1.84000003       2.78949086E-11
  -1.82000005       1.98544219E-11
  -1.79999995       4.14834903E-11
  -1.77999997       5.07617108E-11
  -1.75999999       4.63874390E-11
  -1.74000001       6.72976466E-11
  -1.72000003       9.07623351E-11
  -1.70000005       9.64410288E-11
  -1.68000007       1.55045365E-10
  -1.65999997       1.36820041E-10
  -1.63999999       1.98496955E-10
  -1.62000000       2.03248682E-10
  -1.60000002       2.58026045E-10
  -1.58000004       3.02400383E-10
  -1.55999994       3.15376614E-10
  -1.53999996       4.78683093E-10
  -1.51999998       4.16563589E-10
  -1.50000000       6.13894491E-10
  -1.48000002       5.43888268E-10
  -1.46000004       6.34322983E-10
  -1.44000006       6.93795188E-10
  -1.42000008       6.70893063E-10
  -1.40000010       9.57677271E-10
  -1.38000000       1.17802212E-09
  -1.36000001       1.51081936E-09
  -1.34000003       1.83412785E-09
  -1.31999993       2.13613771E-09
  -1.29999995       2.55616328E-09
  -1.27999997       3.31729888E-09
  -1.25999999       3.89554433E-09
  -1.24000001       5.20665955E-09
  -1.22000003       5.77901949E-09
  -1.20000005       8.82790729E-09
  -1.18000007       1.02471320E-08
  -1.16000009       1.84847284E-08
  -1.14000010       1.77671531E-08
  -1.12000000       3.70830939E-08
  -1.10000002       3.73683591E-08
  -1.08000004       8.36622434E-08
  -1.05999994       1.29901977E-07
  -1.03999996       2.39134579E-07
  -1.01999998       6.56620728E-07
  -1.00000000       1.09200278E-06
 -0.980000019       3.55622433E-06
 -0.960000038       6.44283409E-06
 -0.940000057       1.84771561E-05
 -0.920000076       3.71951937E-05
 -0.899999976       8.91003729E-05
 -0.879999995       1.90869396E-04
 -0.860000014       3.93890805E-04
 -0.840000033       8.50859098E-04
 -0.820000052       1.59193878E-03
 -0.800000072       3.29530519E-03
 -0.779999971       5.84569201E-03
 -0.759999990       1.11324238E-02
 -0.740000010       1.92739256E-02
 -0.720000029       3.32542993E-02
 -0.700000048       5.60428239E-02
 -0.680000067       8.93279389E-02
 -0.660000086      0.142172202    
 -0.639999986      0.215944588    
 -0.620000005      0.318233967    
 -0.600000024      0.460762262    
 -0.580000043      0.639500320    
 -0.560000062      0.863875687    
 -0.540000081       1.14038646    
 -0.519999981       1.44986713    
 -0.500000000       1.78913200    
 -0.480000019       2.15599990    
 -0.460000038       2.51326895    
 -0.440000057       2.83230233    
 -0.420000076       3.11090374    
 -0.400000095       3.32476115    
 -0.379999995       3.43437982    
 -0.360000014       3.43451810    
 -0.340000033       3.34546900    
 -0.320000052       3.17413163    
 -0.300000072       2.91592288    
 -0.280000091       2.58693099    
 -0.259999990       2.22454596    
 -0.240000010       1.86565530    
 -0.220000029       1.52963674    
 -0.200000048       1.22004414    
 -0.180000067      0.936968982    
 -0.160000086      0.684102774    
 -0.139999986      0.475325942    
 -0.120000005      0.325329632    
 -0.100000024      0.236176446    
  -8.00000429E-02  0.186226413    
  -6.00000620E-02  0.140537500    
  -4.00000811E-02   8.24191794E-02
  -2.00001001E-02   2.35391203E-02
   0.00000000       2.14460015E-04
   1.99999809E-02   4.85064504E-07
   3.99999619E-02   2.10179701E-06
   5.99999428E-02   2.16494141E-06
   7.99999237E-02   4.46704371E-06
   9.99999046E-02   5.48143771E-06
  0.119999886       8.00998896E-06
  0.139999866       9.44946078E-06
  0.159999847       1.17063209E-05
  0.180000067       1.32812911E-05
  0.200000048       1.47482042E-05
  0.220000029       1.57919421E-05
  0.240000010       1.58112107E-05
  0.259999990       1.55793387E-05
  0.279999971       1.46870289E-05
  0.299999952       1.33579924E-05
  0.319999933       1.17229347E-05
  0.339999914       1.00081661E-05
  0.359999895       8.49485696E-06
  0.379999876       7.10412178E-06
  0.399999857       6.05424520E-06
  0.419999838       5.21019501E-06
  0.440000057       4.53841949E-06
  0.460000038       4.07178823E-06
  0.480000019       3.57789258E-06
  0.500000000       3.22105734E-06
  0.519999981       2.82184851E-06
  0.539999962       2.56264821E-06
  0.559999943       2.26823431E-06
  0.579999924       2.04360367E-06
  0.599999905       1.79760559E-06
  0.619999886       1.59923650E-06
  0.639999866       1.46304706E-06
  0.659999847       1.30081060E-06
  0.679999828       1.16779245E-06
  0.700000048       1.02961394E-06
  0.720000029       8.81290589E-07
  0.740000010       7.79514949E-07
  0.759999990       7.11594510E-07
  0.779999971       6.43075850E-07
  0.799999952       5.73341481E-07
  0.819999933       5.06563936E-07
  0.839999914       4.37120946E-07
  0.859999895       3.61481000E-07
  0.879999876       2.84968138E-07
  0.899999857       2.15867900E-07
  0.919999838       1.59059269E-07
  0.939999819       1.14984999E-07
  0.960000038       8.20346386E-08
  0.980000019       5.80676733E-08
   1.00000000       4.08245313E-08
   1.01999998       2.85783806E-08
   1.03999996       2.00259933E-08
   1.05999994       1.41042023E-08
   1.07999992       1.00332294E-08
   1.09999990       7.21341920E-09
   1.11999989       5.26015231E-09
   1.13999987       3.91573662E-09
   1.15999985       2.96208369E-09
   1.17999983       2.26817476E-09
   1.19999981       1.77015269E-09
   1.22000003       1.41583767E-09
   1.24000001       1.16535737E-09
   1.25999999       9.73275238E-10
   1.27999997       8.15534473E-10
   1.29999995       6.95553726E-10
   1.31999993       6.05358708E-10
   1.33999991       5.30373412E-10
   1.35999990       4.60894184E-10
   1.37999988       4.07008705E-10
   1.39999986       3.66977865E-10
   1.41999984       3.30045435E-10
   1.43999982       3.01663305E-10
   1.46000004       2.78044310E-10
   1.48000002       2.55717558E-10
   1.50000000       2.39613857E-10
   1.51999998       2.22082033E-10
   1.53999996       2.10472278E-10
   1.55999994       2.03822278E-10
   1.57999992       1.98194072E-10
   1.59999990       1.92974262E-10
   1.61999989       1.84636861E-10
   1.63999987       1.78577417E-10
   1.65999985       1.67850234E-10
   1.67999983       1.57616004E-10
   1.69999981       1.49089019E-10
   1.72000003       1.43279472E-10
   1.74000001       1.43471013E-10
   1.75999999       1.36951978E-10
   1.77999997       1.32633265E-10
   1.79999995       1.31481409E-10
   1.81999993       1.30248756E-10
   1.83999991       1.29151301E-10
   1.85999990       1.25803298E-10
   1.87999988       1.27225341E-10
   1.89999986       1.25227037E-10
   1.91999984       1.23060548E-10
   1.93999982       1.21441829E-10
   1.95999980       1.22645283E-10
   1.98000002       1.26419070E-10
   2.00000000       1.26203353E-10
   2.01999998       1.28878588E-10
   2.03999996       1.32196851E-10
   2.05999994       1.39247364E-10
   2.07999992       1.47373586E-10
   2.09999990       1.50016069E-10
   2.11999989       1.54158838E-10
   2.13999987       1.60098990E-10
   2.15999985       1.70909439E-10
   2.17999983       1.82679163E-10
   2.19999981       1.95204769E-10
   2.21999979       2.11312870E-10
   2.23999977       2.24143204E-10
   2.25999975       2.30127653E-10
   2.27999973       2.31985556E-10
   2.29999971       2.31687738E-10
   2.31999969       2.26238556E-10
   2.33999968       2.18386045E-10
   2.36000013       2.18636914E-10
   2.38000011       2.24096380E-10
   2.40000010       2.36047071E-10
   2.42000008       2.41168446E-10
   2.44000006       2.35822778E-10
   2.46000004       2.24060492E-10
   2.48000002       2.17372287E-10
   2.50000000       2.19862087E-10
   2.51999998       2.21930613E-10
   2.53999996       2.25582580E-10
   2.55999994       2.17486334E-10
   2.57999992       2.13789222E-10
   2.59999990       2.23504396E-10
   2.61999989       2.20586452E-10
   2.63999987       2.03746769E-10
   2.65999985       1.94736102E-10
   2.67999983       2.04596687E-10
   2.69999981       1.92707725E-10
   2.71999979       1.76292259E-10
   2.73999977       1.83220994E-10
   2.75999975       1.73933368E-10
   2.77999973       1.52386451E-10
   2.79999971       1.52775417E-10
   2.81999969       1.51871085E-10
   2.83999968       1.39051604E-10
   2.85999966       1.39322040E-10
   2.88000011       1.21305535E-10
   2.90000010       1.09292388E-10
   2.92000008       1.12447912E-10
   2.94000006       9.77965833E-11
   2.96000004       9.86481660E-11
   2.98000002       8.54593687E-11
   3.00000000       7.65192285E-11
   3.01999998       6.83040222E-11
   3.03999996       5.74884931E-11
   3.05999994       5.03886030E-11
   3.07999992       3.35559601E-11
   3.09999990       3.11011668E-11
