  -2.00000000       2.04978343E-11
  -1.98000002       2.85173751E-12
  -1.96000004       1.69140760E-11
  -1.94000006       4.07640241E-12
  -1.91999996       2.78076971E-11
  -1.89999998       6.92913045E-12
  -1.88000000       3.98723936E-11
  -1.86000001       2.47263668E-11
  -1.84000003       3.05631666E-11
  -1.82000005       5.17804341E-11
  -1.79999995       4.25907989E-11
  -1.77999997       7.82399284E-11
  -1.75999999       7.21118165E-11
  -1.74000001       7.30840249E-11
  -1.72000003       1.30395389E-10
  -1.70000005       1.01864933E-10
  -1.68000007       1.84987553E-10
  -1.65999997       1.62784397E-10
  -1.63999999       2.18214224E-10
  -1.62000000       2.56789368E-10
  -1.60000002       2.90273250E-10
  -1.58000004       3.74343057E-10
  -1.55999994       3.76706583E-10
  -1.53999996       5.40694434E-10
  -1.51999998       5.46074352E-10
  -1.50000000       6.07623840E-10
  -1.48000002       6.19468699E-10
  -1.46000004       6.31753705E-10
  -1.44000006       7.84424081E-10
  -1.42000008       8.16153034E-10
  -1.40000010       1.06989551E-09
  -1.38000000       1.34172884E-09
  -1.36000001       1.65422054E-09
  -1.34000003       2.06211248E-09
  -1.31999993       2.48053711E-09
  -1.29999995       2.93758151E-09
  -1.27999997       3.70241038E-09
  -1.25999999       4.41815473E-09
  -1.24000001       5.60232616E-09
  -1.22000003       6.79156020E-09
  -1.20000005       9.71236780E-09
  -1.18000007       1.36787897E-08
  -1.16000009       1.80075439E-08
  -1.14000010       2.68715112E-08
  -1.12000000       2.84251058E-08
  -1.10000002       6.98759877E-08
  -1.08000004       3.97727220E-08
  -1.05999994       2.36377090E-07
  -1.03999996       6.67574511E-08
  -1.01999998       9.89402224E-07
  -1.00000000       4.80245376E-07
 -0.980000019       4.51349388E-06
 -0.960000038       4.36075561E-06
 -0.940000057       2.09890131E-05
 -0.920000076       3.02710432E-05
 -0.899999976       9.46352884E-05
 -0.879999995       1.69099891E-04
 -0.860000014       4.00263350E-04
 -0.840000033       7.89991813E-04
 -0.820000052       1.56886759E-03
 -0.800000072       3.14897159E-03
 -0.779999971       5.65624563E-03
 -0.759999990       1.08064394E-02
 -0.740000010       1.85614750E-02
 -0.720000029       3.24121043E-02
 -0.700000048       5.42689525E-02
 -0.680000067       8.68981332E-02
 -0.660000086      0.138645202    
 -0.639999986      0.210255340    
 -0.620000005      0.311112463    
 -0.600000024      0.450918376    
 -0.580000043      0.626094639    
 -0.560000062      0.848330021    
 -0.540000081       1.12145245    
 -0.519999981       1.42716336    
 -0.500000000       1.76541889    
 -0.480000019       2.13167906    
 -0.460000038       2.48808956    
 -0.440000057       2.80941272    
 -0.420000076       3.09301543    
 -0.400000095       3.31180954    
 -0.379999995       3.42680597    
 -0.360000014       3.43423128    
 -0.340000033       3.35309196    
 -0.320000052       3.18820429    
 -0.300000072       2.93468237    
 -0.280000091       2.60906577    
 -0.259999990       2.24881697    
 -0.240000010       1.89058018    
 -0.220000029       1.55382001    
 -0.200000048       1.24238551    
 -0.180000067      0.956433177    
 -0.160000086      0.699871182    
 -0.139999986      0.487197727    
 -0.120000005      0.334171236    
 -0.100000024      0.243433177    
  -8.00000429E-02  0.192809224    
  -6.00000620E-02  0.146075323    
  -4.00000811E-02   8.58500376E-02
  -2.00001001E-02   2.45681871E-02
   0.00000000       2.15172156E-04
   1.99999809E-02   1.46888942E-06
   3.99999619E-02   1.18449293E-06
   5.99999428E-02   2.61805917E-06
   7.99999237E-02   3.93473601E-06
   9.99999046E-02   5.54623239E-06
  0.119999886       7.70853876E-06
  0.139999866       9.35090247E-06
  0.159999847       1.16271385E-05
  0.180000067       1.29174641E-05
  0.200000048       1.45404165E-05
  0.220000029       1.53439632E-05
  0.240000010       1.57981485E-05
  0.259999990       1.55925936E-05
  0.279999971       1.45273734E-05
  0.299999952       1.34252123E-05
  0.319999933       1.18891403E-05
  0.339999914       1.01278365E-05
  0.359999895       8.64588583E-06
  0.379999876       7.30115789E-06
  0.399999857       6.11727046E-06
  0.419999838       5.35676281E-06
  0.440000057       4.65626317E-06
  0.460000038       4.08045435E-06
  0.480000019       3.68712790E-06
  0.500000000       3.27596035E-06
  0.519999981       2.91676679E-06
  0.539999962       2.56490830E-06
  0.559999943       2.33947640E-06
  0.579999924       2.10248822E-06
  0.599999905       1.85350416E-06
  0.619999886       1.64985443E-06
  0.639999866       1.46001310E-06
  0.659999847       1.35151788E-06
  0.679999828       1.21918356E-06
  0.700000048       1.06228208E-06
  0.720000029       9.32900321E-07
  0.740000010       8.11816335E-07
  0.759999990       7.11305688E-07
  0.779999971       6.51309790E-07
  0.799999952       6.04654531E-07
  0.819999933       5.42601811E-07
  0.839999914       4.66082668E-07
  0.859999895       3.87402594E-07
  0.879999876       3.13681539E-07
  0.899999857       2.46437537E-07
  0.919999838       1.86970169E-07
  0.939999819       1.37250098E-07
  0.960000038       9.79921211E-08
  0.980000019       6.86106318E-08
   1.00000000       4.75119037E-08
   1.01999998       3.27654064E-08
   1.03999996       2.26618244E-08
   1.05999994       1.57808042E-08
   1.07999992       1.11224470E-08
   1.09999990       7.94987898E-09
   1.11999989       5.74243941E-09
   1.13999987       4.20475255E-09
   1.15999985       3.13669224E-09
   1.17999983       2.38131292E-09
   1.19999981       1.84270688E-09
   1.22000003       1.44811652E-09
   1.24000001       1.16361909E-09
   1.25999999       9.64438751E-10
   1.27999997       8.03849154E-10
   1.29999995       6.80297541E-10
   1.31999993       5.83331494E-10
   1.33999991       5.02333064E-10
   1.35999990       4.33938718E-10
   1.37999988       3.74962617E-10
   1.39999986       3.29929695E-10
   1.41999984       2.96420166E-10
   1.43999982       2.73756212E-10
   1.46000004       2.54234939E-10
   1.48000002       2.35455017E-10
   1.50000000       2.21160673E-10
   1.51999998       2.09276929E-10
   1.53999996       1.96767436E-10
   1.55999994       1.84512017E-10
   1.57999992       1.72173900E-10
   1.59999990       1.62000649E-10
   1.61999989       1.53817153E-10
   1.63999987       1.47332188E-10
   1.65999985       1.43980716E-10
   1.67999983       1.36304162E-10
   1.69999981       1.29459318E-10
   1.72000003       1.23584490E-10
   1.74000001       1.19024290E-10
   1.75999999       1.14879897E-10
   1.77999997       1.09464389E-10
   1.79999995       1.10336178E-10
   1.81999993       1.08344285E-10
   1.83999991       1.07153446E-10
   1.85999990       1.03570409E-10
   1.87999988       9.93879215E-11
   1.89999986       9.97274763E-11
   1.91999984       9.94617305E-11
   1.93999982       1.03066569E-10
   1.95999980       1.01999624E-10
   1.98000002       1.04183731E-10
   2.00000000       1.06436047E-10
   2.01999998       1.08299876E-10
   2.03999996       1.14829549E-10
   2.05999994       1.19094679E-10
   2.07999992       1.24329907E-10
   2.09999990       1.25148142E-10
   2.11999989       1.28247774E-10
   2.13999987       1.39607395E-10
   2.15999985       1.55174928E-10
   2.17999983       1.68781655E-10
   2.19999981       1.75551101E-10
   2.21999979       1.85703009E-10
   2.23999977       1.96412511E-10
   2.25999975       1.98179126E-10
   2.27999973       1.93746907E-10
   2.29999971       1.87435706E-10
   2.31999969       1.79463375E-10
   2.33999968       1.73418932E-10
   2.36000013       1.75625917E-10
   2.38000011       1.80925414E-10
   2.40000010       1.89243038E-10
   2.42000008       1.94458158E-10
   2.44000006       1.88616664E-10
   2.46000004       1.78741952E-10
   2.48000002       1.71128348E-10
   2.50000000       1.79706708E-10
   2.51999998       1.84637555E-10
   2.53999996       1.75556472E-10
   2.55999994       1.68619396E-10
   2.57999992       1.71564665E-10
   2.59999990       1.79170151E-10
   2.61999989       1.67651781E-10
   2.63999987       1.55719951E-10
   2.65999985       1.58746460E-10
   2.67999983       1.61528943E-10
   2.69999981       1.45445628E-10
   2.71999979       1.34909223E-10
   2.73999977       1.40980991E-10
   2.75999975       1.25678523E-10
   2.77999973       1.14497120E-10
   2.79999971       1.20290278E-10
   2.81999969       1.10154309E-10
   2.83999968       1.03564206E-10
   2.85999966       1.02811738E-10
   2.88000011       8.15111589E-11
   2.90000010       8.10765829E-11
   2.92000008       8.00331815E-11
   2.94000006       7.12939360E-11
   2.96000004       7.16953788E-11
   2.98000002       5.74944294E-11
   3.00000000       5.64163299E-11
   3.01999998       4.40393833E-11
   3.03999996       3.80486961E-11
   3.05999994       3.12530071E-11
   3.07999992       1.97552114E-11
   3.09999990       1.91629837E-11
