  -2.00000000       4.46973569E-11
  -1.98000002       1.74685336E-11
  -1.96000004       5.86250631E-11
  -1.94000006       3.65920558E-11
  -1.91999996       6.76028469E-11
  -1.89999998       6.51604881E-11
  -1.88000000       7.76594761E-11
  -1.86000001       1.16357868E-10
  -1.84000003       9.08171732E-11
  -1.82000005       1.56320706E-10
  -1.79999995       1.18687754E-10
  -1.77999997       1.62595992E-10
  -1.75999999       1.95238353E-10
  -1.74000001       1.86201665E-10
  -1.72000003       2.31410835E-10
  -1.70000005       2.49602228E-10
  -1.68000007       2.67155131E-10
  -1.65999997       3.34914430E-10
  -1.63999999       3.23200966E-10
  -1.62000000       4.36956027E-10
  -1.60000002       4.87111351E-10
  -1.58000004       6.01042938E-10
  -1.55999994       6.98414271E-10
  -1.53999996       6.84729551E-10
  -1.51999998       9.34556654E-10
  -1.50000000       7.57213903E-10
  -1.48000002       9.70012515E-10
  -1.46000004       9.58197965E-10
  -1.44000006       1.15112875E-09
  -1.42000008       1.51894897E-09
  -1.40000010       1.64537750E-09
  -1.38000000       2.06383177E-09
  -1.36000001       2.42954501E-09
  -1.34000003       3.00156922E-09
  -1.31999993       3.73313425E-09
  -1.29999995       4.49368054E-09
  -1.27999997       5.22799981E-09
  -1.25999999       6.56528210E-09
  -1.24000001       7.63592212E-09
  -1.22000003       1.10650893E-08
  -1.20000005       1.38874725E-08
  -1.18000007       2.23662830E-08
  -1.16000009       2.23584458E-08
  -1.14000010       4.35410961E-08
  -1.12000000       3.36816726E-08
  -1.10000002       1.02129420E-07
  -1.08000004       4.93174142E-08
  -1.05999994       2.73016354E-07
  -1.03999996       1.15454078E-07
  -1.01999998       9.37192226E-07
  -1.00000000       6.33466243E-07
 -0.980000019       4.01853731E-06
 -0.960000038       4.36012397E-06
 -0.940000057       1.92942061E-05
 -0.920000076       2.68174990E-05
 -0.899999976       9.10322269E-05
 -0.879999995       1.44695776E-04
 -0.860000014       3.92683723E-04
 -0.840000033       6.84859639E-04
 -0.820000052       1.52436283E-03
 -0.800000072       2.82548112E-03
 -0.779999971       5.35793835E-03
 -0.759999990       1.00365402E-02
 -0.740000010       1.72662307E-02
 -0.720000029       3.06605268E-02
 -0.700000048       5.06344810E-02
 -0.680000067       8.22358876E-02
 -0.660000086      0.131250381    
 -0.639999986      0.198843539    
 -0.620000005      0.296858549    
 -0.600000024      0.430431992    
 -0.580000043      0.598925948    
 -0.560000062      0.816629529    
 -0.540000081       1.08195996    
 -0.519999981       1.38030708    
 -0.500000000       1.71643662    
 -0.480000019       2.08045864    
 -0.460000038       2.43488479    
 -0.440000057       2.76113892    
 -0.420000076       3.05458689    
 -0.400000095       3.28302383    
 -0.379999995       3.40932035    
 -0.360000014       3.43211031    
 -0.340000033       3.36750841    
 -0.320000052       3.21620083    
 -0.300000072       2.97281933    
 -0.280000091       2.65475893    
 -0.259999990       2.29934549    
 -0.240000010       1.94287586    
 -0.220000029       1.60488856    
 -0.200000048       1.28988302    
 -0.180000067      0.998074949    
 -0.160000086      0.733712435    
 -0.139999986      0.512774944    
 -0.120000005      0.353258789    
 -0.100000024      0.259245276    
  -8.00000429E-02  0.207281932    
  -6.00000620E-02  0.158319399    
  -4.00000811E-02   9.34937298E-02
  -2.00001001E-02   2.68259589E-02
   0.00000000       2.34520587E-04
   1.99999809E-02   1.69553800E-06
   3.99999619E-02   8.09913331E-07
   5.99999428E-02   2.87540161E-06
   7.99999237E-02   3.30264174E-06
   9.99999046E-02   5.68941823E-06
  0.119999886       6.83543294E-06
  0.139999866       9.29650651E-06
  0.159999847       1.08198728E-05
  0.180000067       1.26852947E-05
  0.200000048       1.40063548E-05
  0.220000029       1.47711771E-05
  0.240000010       1.55074376E-05
  0.259999990       1.52612101E-05
  0.279999971       1.46204593E-05
  0.299999952       1.34626080E-05
  0.319999933       1.19965480E-05
  0.339999914       1.05427089E-05
  0.359999895       8.93200195E-06
  0.379999876       7.55905921E-06
  0.399999857       6.46913713E-06
  0.419999838       5.53922837E-06
  0.440000057       4.86153931E-06
  0.460000038       4.23821257E-06
  0.480000019       3.83707447E-06
  0.500000000       3.40830502E-06
  0.519999981       3.04433047E-06
  0.539999962       2.69372481E-06
  0.559999943       2.44489024E-06
  0.579999924       2.18515083E-06
  0.599999905       1.97889131E-06
  0.619999886       1.72728699E-06
  0.639999866       1.56503313E-06
  0.659999847       1.40999475E-06
  0.679999828       1.27327110E-06
  0.700000048       1.16088859E-06
  0.720000029       1.01043895E-06
  0.740000010       8.75505407E-07
  0.759999990       7.82573807E-07
  0.779999971       7.00710928E-07
  0.799999952       6.29457872E-07
  0.819999933       5.75414958E-07
  0.839999914       5.22419896E-07
  0.859999895       4.55682596E-07
  0.879999876       3.78457742E-07
  0.899999857       3.02572658E-07
  0.919999838       2.35791731E-07
  0.939999819       1.79870909E-07
  0.960000038       1.34298446E-07
  0.980000019       9.82862076E-08
   1.00000000       7.05992846E-08
   1.01999998       4.99607502E-08
   1.03999996       3.50271030E-08
   1.05999994       2.45077452E-08
   1.07999992       1.72342087E-08
   1.09999990       1.22045112E-08
   1.11999989       8.72567973E-09
   1.13999987       6.32260777E-09
   1.15999985       4.67175321E-09
   1.17999983       3.52429863E-09
   1.19999981       2.70273537E-09
   1.22000003       2.10918349E-09
   1.24000001       1.67114755E-09
   1.25999999       1.34905320E-09
   1.27999997       1.12659215E-09
   1.29999995       9.58342850E-10
   1.31999993       8.15410739E-10
   1.33999991       6.95007663E-10
   1.35999990       5.98858796E-10
   1.37999988       5.22566601E-10
   1.39999986       4.64520672E-10
   1.41999984       4.19491636E-10
   1.43999982       3.77556653E-10
   1.46000004       3.42964379E-10
   1.48000002       3.17020854E-10
   1.50000000       2.92478458E-10
   1.51999998       2.72318584E-10
   1.53999996       2.57029065E-10
   1.55999994       2.43965903E-10
   1.57999992       2.35285097E-10
   1.59999990       2.26648200E-10
   1.61999989       2.19966545E-10
   1.63999987       2.12300011E-10
   1.65999985       2.02926592E-10
   1.67999983       1.94048888E-10
   1.69999981       1.81029830E-10
   1.72000003       1.71384837E-10
   1.74000001       1.66715128E-10
   1.75999999       1.65222142E-10
   1.77999997       1.63106639E-10
   1.79999995       1.59744051E-10
   1.81999993       1.57075505E-10
   1.83999991       1.51519006E-10
   1.85999990       1.52373142E-10
   1.87999988       1.53829546E-10
   1.89999986       1.51036461E-10
   1.91999984       1.48592666E-10
   1.93999982       1.45509757E-10
   1.95999980       1.47226301E-10
   1.98000002       1.46740897E-10
   2.00000000       1.51862162E-10
   2.01999998       1.57427127E-10
   2.03999996       1.60723504E-10
   2.05999994       1.67093422E-10
   2.07999992       1.71043082E-10
   2.09999990       1.79761650E-10
   2.11999989       1.87587890E-10
   2.13999987       1.98873945E-10
   2.15999985       2.15398435E-10
   2.17999983       2.28422059E-10
   2.19999981       2.40052422E-10
   2.21999979       2.47294352E-10
   2.23999977       2.56341837E-10
   2.25999975       2.58470217E-10
   2.27999973       2.51607846E-10
   2.29999971       2.46341003E-10
   2.31999969       2.45075876E-10
   2.33999968       2.44428783E-10
   2.36000013       2.46577259E-10
   2.38000011       2.57598332E-10
   2.40000010       2.59224558E-10
   2.42000008       2.50584387E-10
   2.44000006       2.39328307E-10
   2.46000004       2.31061573E-10
   2.48000002       2.36936581E-10
   2.50000000       2.41068943E-10
   2.51999998       2.35976128E-10
   2.53999996       2.26676289E-10
   2.55999994       2.25901714E-10
   2.57999992       2.34419428E-10
   2.59999990       2.21596491E-10
   2.61999989       2.08847620E-10
   2.63999987       2.14830986E-10
   2.65999985       2.19575663E-10
   2.67999983       1.97178857E-10
   2.69999981       1.84693136E-10
   2.71999979       1.93529720E-10
   2.73999977       1.79949930E-10
   2.75999975       1.61496400E-10
   2.77999973       1.63177846E-10
   2.79999971       1.51316404E-10
   2.81999969       1.34504546E-10
   2.83999968       1.44340095E-10
   2.85999966       1.30471689E-10
   2.88000011       1.16348653E-10
   2.90000010       1.11987725E-10
   2.92000008       9.47228546E-11
   2.94000006       9.66888514E-11
   2.96000004       8.06305162E-11
   2.98000002       7.06792819E-11
   3.00000000       6.46970671E-11
   3.01999998       5.50511442E-11
   3.03999996       5.07991496E-11
   3.05999994       3.52808442E-11
   3.07999992       2.82940026E-11
   3.09999990       1.13987847E-11
