  -2.00000000       7.54347973E-12
  -1.98000002       5.98035987E-12
  -1.96000004       4.02313599E-12
  -1.94000006       3.65525795E-12
  -1.91999996       5.37385371E-12
  -1.89999998       1.01740534E-11
  -1.88000000       1.31935799E-11
  -1.86000001       1.56643119E-11
  -1.84000003       1.53545805E-11
  -1.82000005       1.19816405E-11
  -1.79999995       1.20370163E-11
  -1.77999997       1.42885937E-11
  -1.75999999       1.49591815E-11
  -1.74000001       1.16838388E-11
  -1.72000003       7.17610563E-12
  -1.70000005       7.19491697E-12
  -1.68000007       8.47783822E-12
  -1.65999997       9.00256866E-12
  -1.63999999       5.73261490E-12
  -1.62000000       4.95674335E-12
  -1.60000002       8.68358770E-12
  -1.58000004       1.00465660E-11
  -1.55999994       7.77233226E-12
  -1.53999996       5.00731748E-12
  -1.51999998       6.47198484E-12
  -1.50000000       9.79846759E-12
  -1.48000002       1.20056378E-11
  -1.46000004       1.11757400E-11
  -1.44000006       1.10174812E-11
  -1.42000008       1.22732831E-11
  -1.40000010       1.27408318E-11
  -1.38000000       1.88327097E-11
  -1.36000001       1.83737608E-11
  -1.34000003       1.96521879E-11
  -1.31999993       2.40397997E-11
  -1.29999995       1.34258828E-11
  -1.27999997       1.49567275E-10
  -1.25999999       1.19297267E-10
  -1.24000001       1.02445563E-09
  -1.22000003       2.28471753E-09
  -1.20000005       8.06427014E-09
  -1.18000007       2.44162450E-08
  -1.16000009       7.02699978E-08
  -1.14000010       2.06854878E-07
  -1.12000000       5.56407997E-07
  -1.10000002       1.51595100E-06
  -1.08000004       3.89702700E-06
  -1.05999994       9.83365953E-06
  -1.03999996       2.38807170E-05
  -1.01999998       5.62914684E-05
  -1.00000000       1.28539774E-04
 -0.980000019       2.83868721E-04
 -0.960000038       6.08266797E-04
 -0.940000057       1.26019190E-03
 -0.920000076       2.53179227E-03
 -0.899999976       4.92275273E-03
 -0.879999995       9.27300751E-03
 -0.860000014       1.69177540E-02
 -0.840000033       2.98872087E-02
 -0.820000052       5.11495098E-02
 -0.800000072       8.47624689E-02
 -0.779999971      0.136065990    
 -0.759999990      0.211514220    
 -0.740000010      0.318471283    
 -0.720000029      0.464403123    
 -0.700000048      0.655865192    
 -0.680000067      0.897142351    
 -0.660000086       1.18845177    
 -0.639999986       1.52490342    
 -0.620000005       1.89482999    
 -0.600000024       2.28051662    
 -0.580000043       2.65818572    
 -0.560000062       3.00082016    
 -0.540000081       3.28105927    
 -0.519999981       3.47433519    
 -0.500000000       3.56330800    
 -0.480000019       3.53933167    
 -0.460000038       3.40497351    
 -0.440000057       3.17242908    
 -0.420000076       2.86275721    
 -0.400000095       2.50199318    
 -0.379999995       2.11773491    
 -0.360000014       1.73618317    
 -0.340000033       1.37839329    
 -0.320000052       1.06005621    
 -0.300000072      0.789406776    
 -0.280000091      0.569450200    
 -0.259999990      0.397817194    
 -0.240000010      0.269119740    
 -0.220000029      0.176421583    
 -0.200000048      0.111883610    
 -0.180000067       6.88576177E-02
 -0.160000086       4.09166291E-02
 -0.139999986       2.36466713E-02
 -0.120000005       1.31766070E-02
 -0.100000024       7.12178089E-03
  -8.00000429E-02   3.77440103E-03
  -6.00000620E-02   1.82422355E-03
  -4.00000811E-02   1.04694755E-03
  -2.00001001E-02   5.14424755E-04
   0.00000000       3.20195395E-05
   1.99999809E-02   1.14420516E-04
   3.99999619E-02   4.93150474E-05
   5.99999428E-02   1.37707557E-05
   7.99999237E-02   7.76058005E-06
   9.99999046E-02   2.34791514E-06
  0.119999886       1.10483586E-06
  0.139999866       3.61067407E-07
  0.159999847       1.27957094E-07
  0.180000067       5.63653373E-08
  0.200000048       9.79184112E-09
  0.220000029       9.40454292E-09
  0.240000010       3.12402992E-10
  0.259999990       1.58815605E-09
  0.279999971       2.33148528E-10
  0.299999952       3.17680049E-10
  0.319999933       2.32997094E-10
  0.339999914       1.38926967E-10
  0.359999895       1.55131380E-10
  0.379999876       1.03644954E-10
  0.399999857       9.83071263E-11
  0.419999838       7.90771754E-11
  0.440000057       7.05973613E-11
  0.460000038       6.11320369E-11
  0.480000019       5.43825748E-11
  0.500000000       4.82237514E-11
  0.519999981       4.17044420E-11
  0.539999962       3.75300242E-11
  0.559999943       3.49473228E-11
  0.579999924       3.25915926E-11
  0.599999905       2.87437643E-11
  0.619999886       2.43902728E-11
  0.639999866       2.16343471E-11
  0.659999847       2.11669259E-11
  0.679999828       1.93780617E-11
  0.700000048       1.70349256E-11
  0.720000029       1.59327967E-11
  0.740000010       1.51700666E-11
  0.759999990       1.42224774E-11
  0.779999971       1.32776385E-11
  0.799999952       1.32684384E-11
  0.819999933       1.26592816E-11
  0.839999914       1.15243197E-11
  0.859999895       1.12143333E-11
  0.879999876       1.08675213E-11
  0.899999857       1.02295446E-11
  0.919999838       9.47175238E-12
  0.939999819       9.02384070E-12
  0.960000038       9.28850486E-12
  0.980000019       8.70772118E-12
   1.00000000       8.02513958E-12
   1.01999998       8.00445907E-12
   1.03999996       8.12966101E-12
   1.05999994       8.23146499E-12
   1.07999992       7.89774843E-12
   1.09999990       7.46848069E-12
   1.11999989       7.05393990E-12
   1.13999987       7.07334582E-12
   1.15999985       7.33429897E-12
   1.17999983       6.48104010E-12
   1.19999981       6.11629931E-12
   1.22000003       6.32993831E-12
   1.24000001       6.12896149E-12
   1.25999999       5.88977218E-12
   1.27999997       5.58263115E-12
   1.29999995       5.46929906E-12
   1.31999993       5.38908848E-12
   1.33999991       5.16188481E-12
   1.35999990       4.69525937E-12
   1.37999988       4.54492910E-12
   1.39999986       4.90870105E-12
   1.41999984       4.85794998E-12
   1.43999982       4.66447714E-12
   1.46000004       4.87509555E-12
   1.48000002       5.34211564E-12
   1.50000000       5.66029602E-12
   1.51999998       5.10516889E-12
   1.53999996       4.86644579E-12
   1.55999994       5.00865061E-12
   1.57999992       4.89318742E-12
   1.59999990       4.75772720E-12
   1.61999989       4.16959869E-12
   1.63999987       4.21745668E-12
   1.65999985       3.97274531E-12
   1.67999983       4.07067435E-12
   1.69999981       4.02423581E-12
   1.72000003       3.72732574E-12
   1.74000001       4.14769000E-12
   1.75999999       3.57959821E-12
   1.77999997       3.75752771E-12
   1.79999995       3.62746812E-12
   1.81999993       3.18269022E-12
   1.83999991       3.13369556E-12
   1.85999990       2.88196723E-12
   1.87999988       3.35842899E-12
   1.89999986       3.26254301E-12
   1.91999984       3.05241943E-12
   1.93999982       3.03345500E-12
   1.95999980       3.28664656E-12
   1.98000002       3.57586508E-12
   2.00000000       3.56527091E-12
   2.01999998       3.74724991E-12
   2.03999996       3.70014002E-12
   2.05999994       3.54623275E-12
   2.07999992       3.47511950E-12
   2.09999990       3.63188429E-12
   2.11999989       3.80027997E-12
   2.13999987       3.53842368E-12
   2.15999985       3.39668723E-12
   2.17999983       3.35624215E-12
   2.19999981       3.47456048E-12
   2.21999979       3.64106965E-12
   2.23999977       3.30270338E-12
   2.25999975       3.40113376E-12
   2.27999973       2.95296058E-12
   2.29999971       3.15454542E-12
   2.31999969       3.12550311E-12
   2.33999968       2.66528401E-12
   2.36000013       3.00190732E-12
   2.38000011       2.84528043E-12
   2.40000010       3.12506011E-12
   2.42000008       3.24643806E-12
   2.44000006       3.35619748E-12
   2.46000004       3.66656271E-12
   2.48000002       3.73626087E-12
   2.50000000       4.27867117E-12
   2.51999998       3.73497977E-12
   2.53999996       3.92561894E-12
   2.55999994       4.30494789E-12
   2.57999992       4.24386784E-12
   2.59999990       4.11617485E-12
   2.61999989       3.58588701E-12
   2.63999987       4.10924593E-12
   2.65999985       4.24929709E-12
   2.67999983       3.88836532E-12
   2.69999981       3.73329189E-12
   2.71999979       4.17087762E-12
   2.73999977       4.88825603E-12
   2.75999975       4.50804455E-12
   2.77999973       4.14537328E-12
   2.79999971       4.40477689E-12
   2.81999969       4.76085621E-12
   2.83999968       5.13856926E-12
   2.85999966       4.94601582E-12
   2.88000011       4.92622176E-12
   2.90000010       5.19224334E-12
   2.92000008       4.84641320E-12
   2.94000006       5.44398554E-12
   2.96000004       5.31342722E-12
   2.98000002       5.22363229E-12
   3.00000000       5.31731516E-12
   3.01999998       4.97116974E-12
   3.03999996       5.05164140E-12
   3.05999994       5.42389918E-12
   3.07999992       6.29056833E-12
   3.09999990       9.38889418E-12
