  -2.00000000       4.45407426E-12
  -1.98000002       3.65016047E-12
  -1.96000004       2.01704257E-12
  -1.94000006       2.87343977E-12
  -1.91999996       5.69997261E-12
  -1.89999998       1.23231460E-11
  -1.88000000       1.62016026E-11
  -1.86000001       1.74550808E-11
  -1.84000003       1.62858043E-11
  -1.82000005       1.27040826E-11
  -1.79999995       1.28422958E-11
  -1.77999997       1.55483196E-11
  -1.75999999       1.62053045E-11
  -1.74000001       1.30461171E-11
  -1.72000003       9.13896736E-12
  -1.70000005       1.09964520E-11
  -1.68000007       1.22974070E-11
  -1.65999997       1.23751356E-11
  -1.63999999       9.26469665E-12
  -1.62000000       7.59739147E-12
  -1.60000002       1.03595058E-11
  -1.58000004       1.13660366E-11
  -1.55999994       9.04709554E-12
  -1.53999996       5.74430607E-12
  -1.51999998       5.82018374E-12
  -1.50000000       1.02517239E-11
  -1.48000002       1.33418502E-11
  -1.46000004       1.24693988E-11
  -1.44000006       1.23543641E-11
  -1.42000008       1.49912496E-11
  -1.40000010       1.75438275E-11
  -1.38000000       2.36607695E-11
  -1.36000001       2.69064389E-11
  -1.34000003       1.78951437E-11
  -1.31999993       3.49937891E-11
  -1.29999995       1.54026737E-12
  -1.27999997       1.57895474E-10
  -1.25999999       1.25432040E-10
  -1.24000001       9.00175046E-10
  -1.22000003       2.38626718E-09
  -1.20000005       7.18871052E-09
  -1.18000007       2.39404763E-08
  -1.16000009       6.57626984E-08
  -1.14000010       1.98080514E-07
  -1.12000000       5.30336308E-07
  -1.10000002       1.44502553E-06
  -1.08000004       3.73455714E-06
  -1.05999994       9.40258997E-06
  -1.03999996       2.29338584E-05
  -1.01999998       5.40361252E-05
  -1.00000000       1.23717269E-04
 -0.980000019       2.73479614E-04
 -0.960000038       5.86983282E-04
 -0.940000057       1.21802627E-03
 -0.920000076       2.45032739E-03
 -0.899999976       4.77254856E-03
 -0.879999995       9.00210999E-03
 -0.860000014       1.64505243E-02
 -0.840000033       2.91039106E-02
 -0.820000052       4.98857722E-02
 -0.800000072       8.27948898E-02
 -0.779999971      0.133106560    
 -0.759999990      0.207236022    
 -0.740000010      0.312495351    
 -0.720000029      0.456398547    
 -0.700000048      0.645533621    
 -0.680000067      0.884370208    
 -0.660000086       1.17332768    
 -0.639999986       1.50779605    
 -0.620000005       1.87647319    
 -0.600000024       2.26185274    
 -0.580000043       2.64054465    
 -0.560000062       2.98543310    
 -0.540000081       3.26931810    
 -0.519999981       3.46721816    
 -0.500000000       3.56149697    
 -0.480000019       3.54302883    
 -0.460000038       3.41375542    
 -0.440000057       3.18561125    
 -0.420000076       2.87902594    
 -0.400000095       2.52019429    
 -0.379999995       2.13640022    
 -0.360000014       1.75423551    
 -0.340000033       1.39489436    
 -0.320000052       1.07438982    
 -0.300000072      0.801380396    
 -0.280000091      0.578924835    
 -0.259999990      0.405134618    
 -0.240000010      0.274442703    
 -0.220000029      0.180229783    
 -0.200000048      0.114463702    
 -0.180000067       7.05470815E-02
 -0.160000086       4.20161821E-02
 -0.139999986       2.42736563E-02
 -0.120000005       1.36063639E-02
 -0.100000024       7.29719875E-03
  -8.00000429E-02   3.95234814E-03
  -6.00000620E-02   1.82065577E-03
  -4.00000811E-02   1.17639522E-03
  -2.00001001E-02   4.67923033E-04
   0.00000000       4.36483169E-05
   1.99999809E-02   1.12698341E-04
   3.99999619E-02   5.77427381E-05
   5.99999428E-02   1.39121739E-05
   7.99999237E-02   7.81009112E-06
   9.99999046E-02   2.65864833E-06
  0.119999886       1.04480591E-06
  0.139999866       4.24996813E-07
  0.159999847       1.15624815E-07
  0.180000067       6.43139799E-08
  0.200000048       9.42643474E-09
  0.220000029       9.16903886E-09
  0.240000010       9.03996711E-10
  0.259999990       1.14421295E-09
  0.279999971       4.23300617E-10
  0.299999952       1.75705478E-10
  0.319999933       2.46258791E-10
  0.339999914       1.02365567E-10
  0.359999895       1.34501688E-10
  0.379999876       8.70513592E-11
  0.399999857       8.12878445E-11
  0.419999838       6.50273169E-11
  0.440000057       5.50592766E-11
  0.460000038       4.77246159E-11
  0.480000019       4.20030122E-11
  0.500000000       3.84852428E-11
  0.519999981       3.59210751E-11
  0.539999962       3.36620905E-11
  0.559999943       3.05563908E-11
  0.579999924       2.76921819E-11
  0.599999905       2.45282111E-11
  0.619999886       2.14775316E-11
  0.639999866       1.86478350E-11
  0.659999847       1.68055899E-11
  0.679999828       1.58305088E-11
  0.700000048       1.49719733E-11
  0.720000029       1.45288816E-11
  0.740000010       1.37538895E-11
  0.759999990       1.24954127E-11
  0.779999971       1.13415059E-11
  0.799999952       1.03255824E-11
  0.819999933       9.59388818E-12
  0.839999914       8.96154765E-12
  0.859999895       8.86234228E-12
  0.879999876       8.60737696E-12
  0.899999857       7.98708408E-12
  0.919999838       7.20022132E-12
  0.939999819       6.52254813E-12
  0.960000038       6.34929175E-12
  0.980000019       6.21231278E-12
   1.00000000       6.38769333E-12
   1.01999998       7.01476724E-12
   1.03999996       7.27328614E-12
   1.05999994       7.46681536E-12
   1.07999992       7.39659202E-12
   1.09999990       7.14132269E-12
   1.11999989       6.82870817E-12
   1.13999987       6.33086682E-12
   1.15999985       6.16061022E-12
   1.17999983       5.90299381E-12
   1.19999981       6.04958098E-12
   1.22000003       6.24177186E-12
   1.24000001       6.02169616E-12
   1.25999999       5.95943954E-12
   1.27999997       5.59866606E-12
   1.29999995       5.06291536E-12
   1.31999993       4.71885378E-12
   1.33999991       4.31119767E-12
   1.35999990       3.87273894E-12
   1.37999988       3.51921335E-12
   1.39999986       3.44937837E-12
   1.41999984       3.57902423E-12
   1.43999982       3.92077213E-12
   1.46000004       4.50324326E-12
   1.48000002       5.17555096E-12
   1.50000000       6.12976163E-12
   1.51999998       6.53546791E-12
   1.53999996       6.19735339E-12
   1.55999994       5.78265344E-12
   1.57999992       4.90700579E-12
   1.59999990       4.25568261E-12
   1.61999989       3.70484372E-12
   1.63999987       3.77301185E-12
   1.65999985       4.07881715E-12
   1.67999983       4.18955582E-12
   1.69999981       4.49191118E-12
   1.72000003       4.17947231E-12
   1.74000001       3.97504946E-12
   1.75999999       3.35742979E-12
   1.77999997       3.19784520E-12
   1.79999995       3.12376882E-12
   1.81999993       2.72067416E-12
   1.83999991       2.70748246E-12
   1.85999990       2.36187328E-12
   1.87999988       2.25660744E-12
   1.89999986       2.29216212E-12
   1.91999984       2.41401951E-12
   1.93999982       2.72616521E-12
   1.95999980       2.96765889E-12
   1.98000002       3.31329300E-12
   2.00000000       3.44144635E-12
   2.01999998       3.61909374E-12
   2.03999996       3.76458587E-12
   2.05999994       3.52387000E-12
   2.07999992       3.28363595E-12
   2.09999990       3.01015896E-12
   2.11999989       2.93794459E-12
   2.13999987       3.01575345E-12
   2.15999985       3.16199953E-12
   2.17999983       3.37074249E-12
   2.19999981       3.37241303E-12
   2.21999979       3.52923290E-12
   2.23999977       3.19617314E-12
   2.25999975       3.02704042E-12
   2.27999973       2.69823400E-12
   2.29999971       2.45844491E-12
   2.31999969       2.39103030E-12
   2.33999968       2.24312452E-12
   2.36000013       2.53559803E-12
   2.38000011       2.58027280E-12
   2.40000010       2.62587781E-12
   2.42000008       2.92584425E-12
   2.44000006       2.96431781E-12
   2.46000004       3.39633009E-12
   2.48000002       3.58014638E-12
   2.50000000       4.25294609E-12
   2.51999998       4.62260048E-12
   2.53999996       4.33934009E-12
   2.55999994       4.20207836E-12
   2.57999992       3.70971309E-12
   2.59999990       3.38567976E-12
   2.61999989       2.96327221E-12
   2.63999987       3.11003935E-12
   2.65999985       3.44020602E-12
   2.67999983       3.35243530E-12
   2.69999981       3.46749279E-12
   2.71999979       3.63157247E-12
   2.73999977       4.11091690E-12
   2.75999975       4.37998986E-12
   2.77999973       4.44769308E-12
   2.79999971       4.52538311E-12
   2.81999969       4.30832670E-12
   2.83999968       4.32458236E-12
   2.85999966       4.71322937E-12
   2.88000011       5.21010839E-12
   2.90000010       6.07121818E-12
   2.92000008       5.98676447E-12
   2.94000006       6.00697747E-12
   2.96000004       5.58868273E-12
   2.98000002       4.95660674E-12
   3.00000000       5.14168048E-12
   3.01999998       4.75064909E-12
   3.03999996       4.87259452E-12
   3.05999994       5.40796184E-12
   3.07999992       6.43415616E-12
   3.09999990       1.11713225E-11
