  -2.00000000       6.67423419E-13
  -1.98000002       1.50580037E-12
  -1.96000004       8.53693505E-12
  -1.94000006       1.21033713E-11
  -1.91999996       1.42875121E-11
  -1.89999998       1.26290063E-11
  -1.88000000       1.43248920E-11
  -1.86000001       1.09538888E-11
  -1.84000003       1.02209968E-11
  -1.82000005       1.52275588E-11
  -1.79999995       1.53698408E-11
  -1.77999997       1.12357658E-11
  -1.75999999       9.01063425E-12
  -1.74000001       1.15230178E-11
  -1.72000003       2.04950900E-11
  -1.70000005       2.10349030E-11
  -1.68000007       1.73865072E-11
  -1.65999997       1.48485738E-11
  -1.63999999       2.34433098E-11
  -1.62000000       2.51019136E-11
  -1.60000002       1.32847032E-11
  -1.58000004       1.06842131E-11
  -1.55999994       1.49214530E-11
  -1.53999996       2.28406530E-11
  -1.51999998       2.18076373E-11
  -1.50000000       1.38440769E-11
  -1.48000002       1.25582990E-11
  -1.46000004       1.69856820E-11
  -1.44000006       1.99638674E-11
  -1.42000008       2.20152282E-11
  -1.40000010       2.67444331E-11
  -1.38000000       2.36787465E-11
  -1.36000001       2.21707583E-11
  -1.34000003       2.51715732E-11
  -1.31999993       1.65973485E-11
  -1.29999995       7.29229593E-11
  -1.27999997       5.74285931E-12
  -1.25999999       3.06483922E-10
  -1.24000001       4.31296193E-10
  -1.22000003       2.04799000E-09
  -1.20000005       5.86885740E-09
  -1.18000007       1.71669594E-08
  -1.16000009       5.58313573E-08
  -1.14000010       1.49789059E-07
  -1.12000000       4.36898148E-07
  -1.10000002       1.14551631E-06
  -1.08000004       3.04341688E-06
  -1.05999994       7.67289021E-06
  -1.03999996       1.88182730E-05
  -1.01999998       4.48264764E-05
  -1.00000000       1.02922015E-04
 -0.980000019       2.29911006E-04
 -0.960000038       4.95729560E-04
 -0.940000057       1.03747309E-03
 -0.920000076       2.10040878E-03
 -0.899999976       4.12050774E-03
 -0.879999995       7.82897510E-03
 -0.860000014       1.44031290E-02
 -0.840000033       2.56733708E-02
 -0.820000052       4.43034358E-02
 -0.800000072       7.40736946E-02
 -0.779999971      0.119920000    
 -0.759999990      0.188051701    
 -0.740000010      0.285603911    
 -0.720000029      0.420090705    
 -0.700000048      0.598513126    
 -0.680000067      0.825763702    
 -0.660000086       1.10358679    
 -0.639999986       1.42831016    
 -0.620000005       1.79049039    
 -0.600000024       2.17380333    
 -0.580000043       2.55614305    
 -0.560000062       2.91111016    
 -0.540000081       3.21093178    
 -0.519999981       3.43036437    
 -0.500000000       3.54909396    
 -0.480000019       3.55668473    
 -0.460000038       3.45188451    
 -0.440000057       3.24481916    
 -0.420000076       2.95415068    
 -0.400000095       2.60475540    
 -0.379999995       2.22463465    
 -0.360000014       1.83982921    
 -0.340000033       1.47403121    
 -0.320000052       1.14354157    
 -0.300000072      0.859364152    
 -0.280000091      0.625450373    
 -0.259999990      0.440791070    
 -0.240000010      0.301059008    
 -0.220000029      0.198889166    
 -0.200000048      0.127550617    
 -0.180000067       7.89431259E-02
 -0.160000086       4.75564376E-02
 -0.139999986       2.75804903E-02
 -0.120000005       1.55790159E-02
 -0.100000024       8.50542076E-03
  -8.00000429E-02   4.50920127E-03
  -6.00000620E-02   2.16011284E-03
  -4.00000811E-02   1.56462356E-03
  -2.00001001E-02   4.56596987E-04
   0.00000000       1.10562905E-05
   1.99999809E-02   7.84066506E-05
   3.99999619E-02   9.76427109E-05
   5.99999428E-02   3.34049073E-05
   7.99999237E-02   5.00252736E-06
   9.99999046E-02   4.43734643E-06
  0.119999886       1.31827812E-06
  0.139999866       4.45839419E-07
  0.159999847       2.36419680E-07
  0.180000067       3.71669060E-08
  0.200000048       3.64188928E-08
  0.220000029       2.89124458E-09
  0.240000010       4.76114614E-09
  0.259999990       9.73895853E-10
  0.279999971       5.42863310E-10
  0.299999952       5.32315747E-10
  0.319999933       1.62342584E-10
  0.339999914       2.55118038E-10
  0.359999895       1.26080299E-10
  0.379999876       1.31294073E-10
  0.399999857       9.78015169E-11
  0.419999838       8.22208551E-11
  0.440000057       6.84186457E-11
  0.460000038       5.80969092E-11
  0.480000019       4.87669731E-11
  0.500000000       4.19939014E-11
  0.519999981       3.99487526E-11
  0.539999962       3.54001689E-11
  0.559999943       2.80807669E-11
  0.579999924       2.36181751E-11
  0.599999905       2.35317876E-11
  0.619999886       2.44527038E-11
  0.639999866       2.20099355E-11
  0.659999847       1.73066700E-11
  0.679999828       1.60779098E-11
  0.700000048       1.59970440E-11
  0.720000029       1.43528141E-11
  0.740000010       1.22868399E-11
  0.759999990       1.14622912E-11
  0.779999971       1.15352354E-11
  0.799999952       1.00812223E-11
  0.819999933       8.64733025E-12
  0.839999914       8.06632018E-12
  0.859999895       7.58925735E-12
  0.879999876       6.74437763E-12
  0.899999857       5.65821435E-12
  0.919999838       5.47605624E-12
  0.939999819       5.97793343E-12
  0.960000038       6.12358168E-12
  0.980000019       5.81071389E-12
   1.00000000       5.47579690E-12
   1.01999998       5.39246208E-12
   1.03999996       5.33682126E-12
   1.05999994       5.50447968E-12
   1.07999992       5.49248928E-12
   1.09999990       5.26774154E-12
   1.11999989       5.66228184E-12
   1.13999987       5.40207809E-12
   1.15999985       4.89051247E-12
   1.17999983       5.23914375E-12
   1.19999981       5.36751373E-12
   1.22000003       4.68563339E-12
   1.24000001       4.28634558E-12
   1.25999999       4.79775334E-12
   1.27999997       4.82406866E-12
   1.29999995       3.99441504E-12
   1.31999993       3.45623595E-12
   1.33999991       3.36655920E-12
   1.35999990       3.62356304E-12
   1.37999988       3.38255595E-12
   1.39999986       2.88464261E-12
   1.41999984       3.15332938E-12
   1.43999982       3.74348816E-12
   1.46000004       3.75540744E-12
   1.48000002       3.55662787E-12
   1.50000000       4.02543060E-12
   1.51999998       4.44668261E-12
   1.53999996       3.82181613E-12
   1.55999994       3.59002932E-12
   1.57999992       3.74472935E-12
   1.59999990       3.81367420E-12
   1.61999989       3.72866278E-12
   1.63999987       3.52115624E-12
   1.65999985       3.66443291E-12
   1.67999983       2.97539706E-12
   1.69999981       3.01392960E-12
   1.72000003       3.18656234E-12
   1.74000001       2.80711348E-12
   1.75999999       3.04379915E-12
   1.77999997       2.74390710E-12
   1.79999995       2.41932516E-12
   1.81999993       1.98767738E-12
   1.83999991       2.12999280E-12
   1.85999990       2.40184630E-12
   1.87999988       1.96789937E-12
   1.89999986       2.05765960E-12
   1.91999984       2.09614227E-12
   1.93999982       2.25580232E-12
   1.95999980       2.28473143E-12
   1.98000002       2.45657531E-12
   2.00000000       2.53172244E-12
   2.01999998       2.33024234E-12
   2.03999996       2.32969698E-12
   2.05999994       2.23383768E-12
   2.07999992       2.48786105E-12
   2.09999990       2.56398722E-12
   2.11999989       2.48411665E-12
   2.13999987       2.50921809E-12
   2.15999985       2.35049306E-12
   2.17999983       2.27736688E-12
   2.19999981       2.24395068E-12
   2.21999979       2.42095645E-12
   2.23999977       2.27902159E-12
   2.25999975       1.84083521E-12
   2.27999973       2.21007175E-12
   2.29999971       2.01986518E-12
   2.31999969       2.01212549E-12
   2.33999968       2.32290272E-12
   2.36000013       2.19344118E-12
   2.38000011       2.14091700E-12
   2.40000010       1.93511895E-12
   2.42000008       2.41467653E-12
   2.44000006       2.77438142E-12
   2.46000004       3.00128065E-12
   2.48000002       2.68373605E-12
   2.50000000       2.66255464E-12
   2.51999998       3.37498887E-12
   2.53999996       2.40174850E-12
   2.55999994       2.32169535E-12
   2.57999992       3.06670271E-12
   2.59999990       3.32586628E-12
   2.61999989       2.89840851E-12
   2.63999987       2.10434339E-12
   2.65999985       2.45223980E-12
   2.67999983       2.66306031E-12
   2.69999981       3.05928828E-12
   2.71999979       3.12994053E-12
   2.73999977       2.92403081E-12
   2.75999975       2.83545886E-12
   2.77999973       2.93277251E-12
   2.79999971       3.50179542E-12
   2.81999969       3.91171470E-12
   2.83999968       3.89825325E-12
   2.85999966       4.11608508E-12
   2.88000011       3.98690152E-12
   2.90000010       4.10621320E-12
   2.92000008       4.18321714E-12
   2.94000006       4.08213654E-12
   2.96000004       4.65181929E-12
   2.98000002       4.66801034E-12
   3.00000000       5.05737032E-12
   3.01999998       4.43250905E-12
   3.03999996       4.33944027E-12
   3.05999994       6.48019355E-12
   3.07999992       8.61320997E-12
   3.09999990       3.59039794E-12
