  -2.00000000       7.08099893E-14
  -1.98000002       4.21517812E-12
  -1.96000004       6.50722098E-12
  -1.94000006       8.29139014E-12
  -1.91999996       1.75054606E-11
  -1.89999998       8.83395787E-12
  -1.88000000       9.71608211E-12
  -1.86000001       8.21281237E-12
  -1.84000003       1.26023185E-11
  -1.82000005       2.23829687E-11
  -1.79999995       1.93260269E-11
  -1.77999997       2.21706854E-11
  -1.75999999       3.05315460E-11
  -1.74000001       2.83376447E-11
  -1.72000003       3.38910427E-11
  -1.70000005       3.69408185E-11
  -1.68000007       4.71268649E-11
  -1.65999997       3.89127966E-11
  -1.63999999       5.14122321E-11
  -1.62000000       5.52580794E-11
  -1.60000002       4.14071867E-11
  -1.58000004       5.54191484E-11
  -1.55999994       6.43314846E-11
  -1.53999996       7.24176136E-11
  -1.51999998       6.91436838E-11
  -1.50000000       6.39262740E-11
  -1.48000002       6.19369625E-11
  -1.46000004       5.95107782E-11
  -1.44000006       5.71293360E-11
  -1.42000008       6.45649992E-11
  -1.40000010       6.67360264E-11
  -1.38000000       6.38533670E-11
  -1.36000001       5.76672321E-11
  -1.34000003       6.75573764E-11
  -1.31999993       5.95179045E-11
  -1.29999995       1.08607422E-10
  -1.27999997       3.66767276E-11
  -1.25999999       2.21941993E-10
  -1.24000001       2.17013157E-10
  -1.22000003       6.52537913E-10
  -1.20000005       2.52619414E-09
  -1.18000007       4.91829422E-09
  -1.16000009       2.20439826E-08
  -1.14000010       5.14335881E-08
  -1.12000000       1.69579735E-07
  -1.10000002       4.40715269E-07
  -1.08000004       1.21588573E-06
  -1.05999994       3.16236969E-06
  -1.03999996       7.91739876E-06
  -1.01999998       1.95912453E-05
  -1.00000000       4.59983894E-05
 -0.980000019       1.06311752E-04
 -0.960000038       2.35392858E-04
 -0.940000057       5.08157886E-04
 -0.920000076       1.05935952E-03
 -0.899999976       2.14049895E-03
 -0.879999995       4.19245148E-03
 -0.860000014       7.94358738E-03
 -0.840000033       1.45991230E-02
 -0.820000052       2.59558223E-02
 -0.800000072       4.47469875E-02
 -0.779999971       7.46677443E-02
 -0.759999990      0.120731257    
 -0.740000010      0.189070404    
 -0.720000029      0.286780238    
 -0.700000048      0.421415389    
 -0.680000067      0.599688768    
 -0.660000086      0.826828659    
 -0.639999986       1.10396850    
 -0.620000005       1.42800486    
 -0.600000024       1.78903794    
 -0.580000043       2.17106223    
 -0.560000062       2.55215502    
 -0.540000081       2.90571070    
 -0.519999981       3.20501423    
 -0.500000000       3.42345047    
 -0.480000019       3.54287863    
 -0.460000038       3.55080438    
 -0.440000057       3.44745207    
 -0.420000076       3.24215817    
 -0.400000095       2.95293808    
 -0.379999995       2.60614991    
 -0.360000014       2.22644687    
 -0.340000033       1.84414220    
 -0.320000052       1.47775352    
 -0.300000072       1.14873374    
 -0.280000091      0.863432467    
 -0.259999990      0.629917920    
 -0.240000010      0.444035292    
 -0.220000029      0.304292977    
 -0.200000048      0.200505987    
 -0.180000067      0.130253926    
 -0.160000086       7.87491649E-02
 -0.139999986       4.94445078E-02
 -0.120000005       2.82146670E-02
 -0.100000024       1.48666650E-02
  -8.00000429E-02   8.91215727E-03
  -6.00000620E-02   5.65919466E-03
  -4.00000811E-02   2.87654344E-03
  -2.00001001E-02   7.58701703E-04
   0.00000000       4.03010881E-06
   1.99999809E-02   1.40968477E-05
   3.99999619E-02   2.98388695E-05
   5.99999428E-02   4.99377129E-05
   7.99999237E-02   5.70470729E-05
   9.99999046E-02   4.71113271E-05
  0.119999886       2.41577782E-05
  0.139999866       4.74583840E-06
  0.159999847       1.93543065E-06
  0.180000067       2.85607871E-06
  0.200000048       8.47973809E-07
  0.220000029       2.15302407E-07
  0.240000010       2.15438646E-07
  0.259999990       5.02692536E-08
  0.279999971       3.16983133E-08
  0.299999952       1.72568910E-08
  0.319999933       7.33909555E-09
  0.339999914       5.68377345E-09
  0.359999895       3.00250980E-09
  0.379999876       2.24194352E-09
  0.399999857       1.52141932E-09
  0.419999838       1.12400589E-09
  0.440000057       8.48510040E-10
  0.460000038       6.43069376E-10
  0.480000019       5.15607945E-10
  0.500000000       4.25362356E-10
  0.519999981       3.61872032E-10
  0.539999962       3.09470338E-10
  0.559999943       2.69274603E-10
  0.579999924       2.33644243E-10
  0.599999905       1.98250721E-10
  0.619999886       1.68613026E-10
  0.639999866       1.47967499E-10
  0.659999847       1.30954941E-10
  0.679999828       1.18133101E-10
  0.700000048       1.08518763E-10
  0.720000029       1.04122634E-10
  0.740000010       9.91698806E-11
  0.759999990       8.75937933E-11
  0.779999971       7.57765101E-11
  0.799999952       6.79946446E-11
  0.819999933       6.52935483E-11
  0.839999914       6.19849727E-11
  0.859999895       5.65896045E-11
  0.879999876       5.36092559E-11
  0.899999857       5.20419714E-11
  0.919999838       4.89775373E-11
  0.939999819       4.32548025E-11
  0.960000038       3.77755015E-11
  0.980000019       3.57922893E-11
   1.00000000       3.58684436E-11
   1.01999998       3.56695229E-11
   1.03999996       3.42591719E-11
   1.05999994       3.27506494E-11
   1.07999992       3.25758968E-11
   1.09999990       3.10000012E-11
   1.11999989       2.81047911E-11
   1.13999987       2.57515866E-11
   1.15999985       2.46434123E-11
   1.17999983       2.50567154E-11
   1.19999981       2.47346657E-11
   1.22000003       2.48401005E-11
   1.24000001       2.47843447E-11
   1.25999999       2.42224261E-11
   1.27999997       2.43668263E-11
   1.29999995       2.42024265E-11
   1.31999993       2.38723312E-11
   1.33999991       2.22614358E-11
   1.35999990       2.09098450E-11
   1.37999988       2.00665630E-11
   1.39999986       1.88522670E-11
   1.41999984       1.83172939E-11
   1.43999982       1.83448447E-11
   1.46000004       1.91818731E-11
   1.48000002       1.93511821E-11
   1.50000000       1.87012992E-11
   1.51999998       1.93818867E-11
   1.53999996       1.95871305E-11
   1.55999994       1.83745449E-11
   1.57999992       1.60222443E-11
   1.59999990       1.47675708E-11
   1.61999989       1.56186973E-11
   1.63999987       1.51935131E-11
   1.65999985       1.56489925E-11
   1.67999983       1.57751416E-11
   1.69999981       1.64828533E-11
   1.72000003       1.77263707E-11
   1.74000001       1.75108122E-11
   1.75999999       1.81454678E-11
   1.77999997       1.65567768E-11
   1.79999995       1.61391542E-11
   1.81999993       1.63718171E-11
   1.83999991       1.60082104E-11
   1.85999990       1.62013285E-11
   1.87999988       1.49717062E-11
   1.89999986       1.51234754E-11
   1.91999984       1.48550616E-11
   1.93999982       1.50298489E-11
   1.95999980       1.51135458E-11
   1.98000002       1.47911579E-11
   2.00000000       1.50102222E-11
   2.01999998       1.45415468E-11
   2.03999996       1.43472994E-11
   2.05999994       1.40460473E-11
   2.07999992       1.30966193E-11
   2.09999990       1.22467453E-11
   2.11999989       1.16238599E-11
   2.13999987       1.20650304E-11
   2.15999985       1.32024851E-11
   2.17999983       1.40535326E-11
   2.19999981       1.42422584E-11
   2.21999979       1.41119876E-11
   2.23999977       1.54295396E-11
   2.25999975       1.54986579E-11
   2.27999973       1.56615866E-11
   2.29999971       1.50427622E-11
   2.31999969       1.56997887E-11
   2.33999968       1.71938176E-11
   2.36000013       1.62245165E-11
   2.38000011       1.65232255E-11
   2.40000010       1.57965672E-11
   2.42000008       1.52312624E-11
   2.44000006       1.45459426E-11
   2.46000004       1.50824440E-11
   2.48000002       1.68083585E-11
   2.50000000       1.63536164E-11
   2.51999998       1.73160219E-11
   2.53999996       1.71002205E-11
   2.55999994       1.69938352E-11
   2.57999992       1.61521890E-11
   2.59999990       1.53708470E-11
   2.61999989       1.65115664E-11
   2.63999987       1.48768532E-11
   2.65999985       1.45742012E-11
   2.67999983       1.64062774E-11
   2.69999981       1.95697659E-11
   2.71999979       2.07751160E-11
   2.73999977       1.98942772E-11
   2.75999975       2.08377551E-11
   2.77999973       2.16041213E-11
   2.79999971       2.10799191E-11
   2.81999969       2.04544506E-11
   2.83999968       2.08334495E-11
   2.85999966       2.39497623E-11
   2.88000011       2.73345183E-11
   2.90000010       3.07403755E-11
   2.92000008       3.41671379E-11
   2.94000006       3.47168891E-11
   2.96000004       3.20649896E-11
   2.98000002       2.24063424E-11
   3.00000000       1.45293257E-11
   3.01999998       1.56979013E-11
   3.03999996       1.62120439E-11
   3.05999994       5.64322113E-12
   3.07999992       8.62349428E-12
   3.09999990       1.81362174E-12
