  -2.00000000       1.83430823E-11
  -1.98000002       3.00559252E-12
  -1.96000004       1.45618787E-13
  -1.94000006       1.52626210E-11
  -1.91999996       4.92373113E-12
  -1.89999998       2.79469590E-11
  -1.88000000       2.02134021E-11
  -1.86000001       3.30698975E-11
  -1.84000003       7.14843323E-11
  -1.82000005       4.07344436E-11
  -1.79999995       8.73996153E-11
  -1.77999997       7.11736017E-11
  -1.75999999       1.02224312E-10
  -1.74000001       1.55958371E-10
  -1.72000003       1.37922507E-10
  -1.70000005       1.95348154E-10
  -1.68000007       2.01349187E-10
  -1.65999997       2.38412595E-10
  -1.63999999       3.34995448E-10
  -1.62000000       3.43620632E-10
  -1.60000002       4.55667892E-10
  -1.58000004       5.08047215E-10
  -1.55999994       6.15727525E-10
  -1.53999996       7.11520509E-10
  -1.51999998       6.12695228E-10
  -1.50000000       8.60438165E-10
  -1.48000002       7.97257482E-10
  -1.46000004       1.09665244E-09
  -1.44000006       1.32263556E-09
  -1.42000008       1.62033054E-09
  -1.40000010       2.12754703E-09
  -1.38000000       2.45499354E-09
  -1.36000001       3.12537818E-09
  -1.34000003       3.80438969E-09
  -1.31999993       4.69549866E-09
  -1.29999995       5.89842974E-09
  -1.27999997       7.46549311E-09
  -1.25999999       9.35992084E-09
  -1.24000001       1.35067859E-08
  -1.22000003       1.80104749E-08
  -1.20000005       2.60124349E-08
  -1.18000007       3.00918117E-08
  -1.16000009       4.94032726E-08
  -1.14000010       5.05140179E-08
  -1.12000000       1.08094142E-07
  -1.10000002       7.17138917E-08
  -1.08000004       2.59966924E-07
  -1.05999994       6.89076742E-08
  -1.03999996       7.36804395E-07
  -1.01999998       2.23048851E-08
  -1.00000000       2.47228650E-06
 -0.980000019       5.30845114E-07
 -0.960000038       9.60381385E-06
 -0.940000057       7.27417910E-06
 -0.920000076       3.93860173E-05
 -0.899999976       5.50818877E-05
 -0.879999995       1.60271389E-04
 -0.860000014       3.04973248E-04
 -0.840000033       6.34797616E-04
 -0.820000052       1.34775741E-03
 -0.800000072       2.43217265E-03
 -0.779999971       4.94005950E-03
 -0.759999990       8.71113874E-03
 -0.740000010       1.57196559E-02
 -0.720000029       2.76153348E-02
 -0.700000048       4.54444177E-02
 -0.680000067       7.54518881E-02
 -0.660000086      0.119391367    
 -0.639999986      0.182228014    
 -0.620000005      0.275065303    
 -0.600000024      0.398149103    
 -0.580000043      0.557922482    
 -0.560000062      0.767397940    
 -0.540000081       1.01904273    
 -0.519999981       1.30717015    
 -0.500000000       1.63916731    
 -0.480000019       1.99712086    
 -0.460000038       2.34834075    
 -0.440000057       2.68251348    
 -0.420000076       2.98980665    
 -0.400000095       3.23215890    
 -0.379999995       3.37660646    
 -0.360000014       3.42442751    
 -0.340000033       3.38613677    
 -0.320000052       3.25697684    
 -0.300000072       3.03087139    
 -0.280000091       2.72622132    
 -0.259999990       2.37979436    
 -0.240000010       2.02711535    
 -0.220000029       1.68830335    
 -0.200000048       1.36833906    
 -0.180000067       1.06763399    
 -0.160000086      0.790613532    
 -0.139999986      0.555956483    
 -0.120000005      0.385738969    
 -0.100000024      0.286470115    
  -8.00000429E-02  0.232708767    
  -6.00000620E-02  0.180009678    
  -4.00000811E-02  0.107176699    
  -2.00001001E-02   3.08450107E-02
   0.00000000       2.79410742E-04
   1.99999809E-02   6.48200455E-07
   3.99999619E-02   1.86144121E-06
   5.99999428E-02   1.81767598E-06
   7.99999237E-02   3.80759138E-06
   9.99999046E-02   4.57647911E-06
  0.119999886       6.89047192E-06
  0.139999866       8.12038797E-06
  0.159999847       1.03778784E-05
  0.180000067       1.17622876E-05
  0.200000048       1.32203386E-05
  0.220000029       1.42450972E-05
  0.240000010       1.46291959E-05
  0.259999990       1.50025071E-05
  0.279999971       1.44360210E-05
  0.299999952       1.34707761E-05
  0.319999933       1.23146147E-05
  0.339999914       1.08777358E-05
  0.359999895       9.42405495E-06
  0.379999876       8.06579374E-06
  0.399999857       6.90596335E-06
  0.419999838       5.89720321E-06
  0.440000057       5.18156003E-06
  0.460000038       4.57079113E-06
  0.480000019       4.00657973E-06
  0.500000000       3.64402877E-06
  0.519999981       3.24077564E-06
  0.539999962       2.93597964E-06
  0.559999943       2.57772763E-06
  0.579999924       2.35723837E-06
  0.599999905       2.10950338E-06
  0.619999886       1.92586231E-06
  0.639999866       1.70590079E-06
  0.659999847       1.51816300E-06
  0.679999828       1.38669861E-06
  0.700000048       1.24571022E-06
  0.720000029       1.14394186E-06
  0.740000010       1.02516083E-06
  0.759999990       8.84708925E-07
  0.779999971       7.81313361E-07
  0.799999952       7.03123760E-07
  0.819999933       6.30054842E-07
  0.839999914       5.71931366E-07
  0.859999895       5.26203223E-07
  0.879999876       4.73917140E-07
  0.899999857       4.07612248E-07
  0.919999838       3.35403854E-07
  0.939999819       2.67294865E-07
  0.960000038       2.08219788E-07
  0.980000019       1.58974814E-07
   1.00000000       1.18887030E-07
   1.01999998       8.70805934E-08
   1.03999996       6.26632541E-08
   1.05999994       4.45469261E-08
   1.07999992       3.14276640E-08
   1.09999990       2.21193570E-08
   1.11999989       1.56293236E-08
   1.13999987       1.11542597E-08
   1.15999985       8.04671529E-09
   1.17999983       5.89165827E-09
   1.19999981       4.39343895E-09
   1.22000003       3.33036776E-09
   1.24000001       2.56727395E-09
   1.25999999       2.00678318E-09
   1.27999997       1.60907421E-09
   1.29999995       1.31863198E-09
   1.31999993       1.09440945E-09
   1.33999991       9.19631482E-10
   1.35999990       7.76391562E-10
   1.37999988       6.72048417E-10
   1.39999986       5.89640226E-10
   1.41999984       5.17044796E-10
   1.43999982       4.58086208E-10
   1.46000004       4.10848799E-10
   1.48000002       3.75575016E-10
   1.50000000       3.44639373E-10
   1.51999998       3.14777177E-10
   1.53999996       2.91003888E-10
   1.55999994       2.73723544E-10
   1.57999992       2.62207756E-10
   1.59999990       2.50814869E-10
   1.61999989       2.40684833E-10
   1.63999987       2.30932079E-10
   1.65999985       2.17891913E-10
   1.67999983       2.08670733E-10
   1.69999981       1.99446029E-10
   1.72000003       1.90955196E-10
   1.74000001       1.83864188E-10
   1.75999999       1.78358606E-10
   1.77999997       1.77224402E-10
   1.79999995       1.70651535E-10
   1.81999993       1.65893702E-10
   1.83999991       1.63099104E-10
   1.85999990       1.62348260E-10
   1.87999988       1.65017860E-10
   1.89999986       1.62243774E-10
   1.91999984       1.59875529E-10
   1.93999982       1.56693852E-10
   1.95999980       1.58989558E-10
   1.98000002       1.63496577E-10
   2.00000000       1.65607889E-10
   2.01999998       1.72191747E-10
   2.03999996       1.76373222E-10
   2.05999994       1.79109977E-10
   2.07999992       1.86737986E-10
   2.09999990       1.99645245E-10
   2.11999989       2.19841062E-10
   2.13999987       2.32469877E-10
   2.15999985       2.39903986E-10
   2.17999983       2.51163479E-10
   2.19999981       2.63366717E-10
   2.21999979       2.68212785E-10
   2.23999977       2.59995164E-10
   2.25999975       2.56540983E-10
   2.27999973       2.55824723E-10
   2.29999971       2.57273175E-10
   2.31999969       2.62673577E-10
   2.33999968       2.68622569E-10
   2.36000013       2.74084672E-10
   2.38000011       2.68392003E-10
   2.40000010       2.58760569E-10
   2.42000008       2.48146309E-10
   2.44000006       2.48200793E-10
   2.46000004       2.55797994E-10
   2.48000002       2.60346744E-10
   2.50000000       2.47533577E-10
   2.51999998       2.34937347E-10
   2.53999996       2.46235532E-10
   2.55999994       2.48912002E-10
   2.57999992       2.33571718E-10
   2.59999990       2.23020796E-10
   2.61999989       2.32891345E-10
   2.63999987       2.34879144E-10
   2.65999985       2.15221396E-10
   2.67999983       2.13153439E-10
   2.69999981       2.14572249E-10
   2.71999979       1.99688655E-10
   2.73999977       1.85728599E-10
   2.75999975       1.88522850E-10
   2.77999973       1.72931974E-10
   2.79999971       1.58563690E-10
   2.81999969       1.67035136E-10
   2.83999968       1.44993351E-10
   2.85999966       1.41263903E-10
   2.88000011       1.44570078E-10
   2.90000010       1.21835569E-10
   2.92000008       1.17560198E-10
   2.94000006       9.74948594E-11
   2.96000004       9.40797509E-11
   2.98000002       8.72352954E-11
   3.00000000       7.31453231E-11
   3.01999998       7.28972646E-11
   3.03999996       5.86866875E-11
   3.05999994       5.40588442E-11
   3.07999992       3.59047306E-11
   3.09999990       4.79601567E-11
