  -2.00000000       3.92274928E-12
  -1.98000002       2.22373487E-12
  -1.96000004       8.03478638E-12
  -1.94000006       3.30766144E-12
  -1.91999996       7.84612826E-12
  -1.89999998       4.51009629E-12
  -1.88000000       2.86416398E-12
  -1.86000001       6.93669601E-12
  -1.84000003       1.10188412E-11
  -1.82000005       1.70311057E-11
  -1.79999995       1.16833860E-11
  -1.77999997       8.63630695E-12
  -1.75999999       1.60879209E-11
  -1.74000001       1.78133272E-11
  -1.72000003       2.47217611E-11
  -1.70000005       2.26194376E-11
  -1.68000007       2.95920718E-11
  -1.65999997       2.79869079E-11
  -1.63999999       4.21902305E-11
  -1.62000000       6.03362221E-11
  -1.60000002       4.52374804E-11
  -1.58000004       5.16431967E-11
  -1.55999994       5.70569009E-11
  -1.53999996       5.56632865E-11
  -1.51999998       8.07034994E-11
  -1.50000000       6.57502872E-11
  -1.48000002       6.93920477E-11
  -1.46000004       7.11045181E-11
  -1.44000006       7.80890630E-11
  -1.42000008       8.57920332E-11
  -1.40000010       8.51211393E-11
  -1.38000000       7.78101542E-11
  -1.36000001       7.18030843E-11
  -1.34000003       9.70066666E-11
  -1.31999993       1.11132506E-10
  -1.29999995       9.93712473E-11
  -1.27999997       1.30597116E-10
  -1.25999999       4.41375339E-11
  -1.24000001       3.94383581E-10
  -1.22000003       5.65696830E-11
  -1.20000005       1.78478610E-09
  -1.18000007       2.68084355E-09
  -1.16000009       1.11660059E-08
  -1.14000010       3.18521742E-08
  -1.12000000       8.75028263E-08
  -1.10000002       2.67956551E-07
  -1.08000004       6.81275424E-07
  -1.05999994       1.90264689E-06
  -1.03999996       4.71369367E-06
  -1.01999998       1.19530887E-05
  -1.00000000       2.85348742E-05
 -0.980000019       6.67224158E-05
 -0.960000038       1.51085798E-04
 -0.940000057       3.29753762E-04
 -0.920000076       7.01853540E-04
 -0.899999976       1.43814704E-03
 -0.879999995       2.86916830E-03
 -0.860000014       5.52556664E-03
 -0.840000033       1.03301834E-02
 -0.820000052       1.86914168E-02
 -0.800000072       3.27693895E-02
 -0.779999971       5.56691736E-02
 -0.759999990       9.15679410E-02
 -0.740000010      0.146000713    
 -0.720000029      0.225367740    
 -0.700000048      0.337195605    
 -0.680000067      0.488537848    
 -0.660000086      0.685847282    
 -0.639999986      0.932699502    
 -0.620000005       1.22861159    
 -0.600000024       1.56817055    
 -0.580000043       1.93839288    
 -0.560000062       2.32195115    
 -0.540000081       2.69356537    
 -0.519999981       3.02782822    
 -0.500000000       3.29650593    
 -0.480000019       3.47707510    
 -0.460000038       3.55332017    
 -0.440000057       3.51644039    
 -0.420000076       3.37335968    
 -0.400000095       3.13187432    
 -0.379999995       2.82071853    
 -0.360000014       2.45631599    
 -0.340000033       2.07754588    
 -0.320000052       1.69614363    
 -0.300000072       1.34837472    
 -0.280000091       1.03053117    
 -0.259999990      0.771780431    
 -0.240000010      0.550860643    
 -0.220000029      0.388339520    
 -0.200000048      0.261699140    
 -0.180000067      0.169228360    
 -0.160000086      0.110093541    
 -0.139999986       6.78037852E-02
 -0.120000005       3.82987112E-02
 -0.100000024       2.19705962E-02
  -8.00000429E-02   1.38445701E-02
  -6.00000620E-02   8.59190524E-03
  -4.00000811E-02   4.36551869E-03
  -2.00001001E-02   1.12642068E-03
   0.00000000       1.74818524E-05
   1.99999809E-02   6.22363586E-06
   3.99999619E-02   1.71704123E-05
   5.99999428E-02   2.80334589E-05
   7.99999237E-02   3.93555420E-05
   9.99999046E-02   4.42011005E-05
  0.119999886       4.07471816E-05
  0.139999866       2.77429426E-05
  0.159999847       1.31161396E-05
  0.180000067       4.75887191E-06
  0.200000048       3.53823634E-06
  0.220000029       3.80702181E-06
  0.240000010       2.28790213E-06
  0.259999990       1.04581272E-06
  0.279999971       6.62226057E-07
  0.299999952       3.40051542E-07
  0.319999933       1.50584498E-07
  0.339999914       8.21602981E-08
  0.359999895       3.98296152E-08
  0.379999876       2.10744044E-08
  0.399999857       1.20341292E-08
  0.419999838       6.97506719E-09
  0.440000057       4.46277104E-09
  0.460000038       2.92819036E-09
  0.480000019       2.02907979E-09
  0.500000000       1.46031642E-09
  0.519999981       1.08784126E-09
  0.539999962       8.25660484E-10
  0.559999943       6.36736663E-10
  0.579999924       5.11563458E-10
  0.599999905       4.26085639E-10
  0.619999886       3.60663804E-10
  0.639999866       3.05279857E-10
  0.659999847       2.57622451E-10
  0.679999828       2.20034171E-10
  0.700000048       1.89105731E-10
  0.720000029       1.65090941E-10
  0.740000010       1.46129969E-10
  0.759999990       1.31093830E-10
  0.779999971       1.23791699E-10
  0.799999952       1.19219745E-10
  0.819999933       1.11490164E-10
  0.839999914       1.01809249E-10
  0.859999895       9.31146965E-11
  0.879999876       8.54822393E-11
  0.899999857       7.81296139E-11
  0.919999838       7.31801633E-11
  0.939999819       7.14264203E-11
  0.960000038       7.03802780E-11
  0.980000019       6.54341026E-11
   1.00000000       5.97185357E-11
   1.01999998       5.56361346E-11
   1.03999996       5.14091582E-11
   1.05999994       4.76195541E-11
   1.07999992       4.54821458E-11
   1.09999990       4.33851566E-11
   1.11999989       4.15782964E-11
   1.13999987       4.09323825E-11
   1.15999985       4.04083988E-11
   1.17999983       3.92684774E-11
   1.19999981       3.74818163E-11
   1.22000003       3.52019594E-11
   1.24000001       3.37007089E-11
   1.25999999       3.39358264E-11
   1.27999997       3.33209085E-11
   1.29999995       3.09605154E-11
   1.31999993       2.95536651E-11
   1.33999991       2.95996387E-11
   1.35999990       3.02063513E-11
   1.37999988       3.07125991E-11
   1.39999986       3.01781412E-11
   1.41999984       3.00698910E-11
   1.43999982       3.00479364E-11
   1.46000004       2.95763726E-11
   1.48000002       2.84753662E-11
   1.50000000       2.77616680E-11
   1.51999998       2.70435375E-11
   1.53999996       2.59479487E-11
   1.55999994       2.53830637E-11
   1.57999992       2.44325688E-11
   1.59999990       2.40964297E-11
   1.61999989       2.34995304E-11
   1.63999987       2.23641140E-11
   1.65999985       2.23772285E-11
   1.67999983       2.25151252E-11
   1.69999981       2.22385721E-11
   1.72000003       2.17439747E-11
   1.74000001       2.14816134E-11
   1.75999999       2.22018376E-11
   1.77999997       2.33811373E-11
   1.79999995       2.37260385E-11
   1.81999993       2.26845365E-11
   1.83999991       2.22335917E-11
   1.85999990       2.22839646E-11
   1.87999988       2.25114094E-11
   1.89999986       2.27171008E-11
   1.91999984       2.26795353E-11
   1.93999982       2.24252127E-11
   1.95999980       2.24331300E-11
   1.98000002       2.26175311E-11
   2.00000000       2.23305888E-11
   2.01999998       2.19126453E-11
   2.03999996       2.13910539E-11
   2.05999994       2.08331893E-11
   2.07999992       2.12177359E-11
   2.09999990       2.26713075E-11
   2.11999989       2.30915096E-11
   2.13999987       2.26236824E-11
   2.15999985       2.24037455E-11
   2.17999983       2.20955372E-11
   2.19999981       2.22632763E-11
   2.21999979       2.26124518E-11
   2.23999977       2.32558417E-11
   2.25999975       2.35268784E-11
   2.27999973       2.36348233E-11
   2.29999971       2.34474280E-11
   2.31999969       2.29628105E-11
   2.33999968       2.28749710E-11
   2.36000013       2.22596819E-11
   2.38000011       2.21526599E-11
   2.40000010       2.36335135E-11
   2.42000008       2.53335877E-11
   2.44000006       2.57713018E-11
   2.46000004       2.62778445E-11
   2.48000002       2.64193979E-11
   2.50000000       2.71371606E-11
   2.51999998       2.80175050E-11
   2.53999996       2.79148649E-11
   2.55999994       2.84735187E-11
   2.57999992       2.94665230E-11
   2.59999990       3.09464503E-11
   2.61999989       3.33848262E-11
   2.63999987       3.41106900E-11
   2.65999985       3.47141933E-11
   2.67999983       3.47335632E-11
   2.69999981       3.49029763E-11
   2.71999979       3.51222662E-11
   2.73999977       3.55598606E-11
   2.75999975       3.83044430E-11
   2.77999973       4.26255836E-11
   2.79999971       4.84918321E-11
   2.81999969       5.36184083E-11
   2.83999968       5.69867868E-11
   2.85999966       5.79528960E-11
   2.88000011       5.50511511E-11
   2.90000010       4.65380269E-11
   2.92000008       3.56244548E-11
   2.94000006       3.34251481E-11
   2.96000004       3.96399025E-11
   2.98000002       3.69565836E-11
   3.00000000       2.51088594E-11
   3.01999998       2.77085455E-11
   3.03999996       2.46596008E-11
   3.05999994       1.28127457E-11
   3.07999992       1.42259104E-11
   3.09999990       5.30104346E-12
