  -2.00000000       3.42659473E-12
  -1.98000002       2.18510279E-12
  -1.96000004       5.22055836E-12
  -1.94000006       2.48742498E-12
  -1.91999996       6.52774102E-12
  -1.89999998       2.99654304E-14
  -1.88000000       6.04037089E-12
  -1.86000001       4.96761920E-12
  -1.84000003       2.20316994E-12
  -1.82000005       6.65966804E-12
  -1.79999995       5.61472873E-12
  -1.77999997       5.23269319E-12
  -1.75999999       5.46200671E-12
  -1.74000001       7.75048081E-12
  -1.72000003       2.13593813E-11
  -1.70000005       1.48306749E-11
  -1.68000007       1.83215786E-11
  -1.65999997       1.46211168E-11
  -1.63999999       2.74009895E-11
  -1.62000000       2.91291886E-11
  -1.60000002       2.60092572E-11
  -1.58000004       3.30356437E-11
  -1.55999994       3.04658486E-11
  -1.53999996       5.78982626E-11
  -1.51999998       4.62485640E-11
  -1.50000000       5.26660451E-11
  -1.48000002       6.32608271E-11
  -1.46000004       6.53459994E-11
  -1.44000006       6.76704595E-11
  -1.42000008       7.57828383E-11
  -1.40000010       7.84708895E-11
  -1.38000000       8.95348518E-11
  -1.36000001       9.11425241E-11
  -1.34000003       9.30164973E-11
  -1.31999993       1.14869447E-10
  -1.29999995       1.32850966E-10
  -1.27999997       1.14236551E-10
  -1.25999999       1.42889200E-10
  -1.24000001       2.35531927E-10
  -1.22000003       1.00017439E-10
  -1.20000005       1.14571042E-09
  -1.18000007       5.12244747E-10
  -1.16000009       6.40617781E-09
  -1.14000010       1.05754205E-08
  -1.12000000       4.34580230E-08
  -1.10000002       1.11399586E-07
  -1.08000004       3.14731096E-07
  -1.05999994       8.77937509E-07
  -1.03999996       2.20468496E-06
  -1.01999998       5.82725625E-06
  -1.00000000       1.39096301E-05
 -0.980000019       3.38945611E-05
 -0.960000038       7.73650609E-05
 -0.940000057       1.74440473E-04
 -0.920000076       3.77739663E-04
 -0.899999976       7.94649241E-04
 -0.879999995       1.62118149E-03
 -0.860000014       3.19605274E-03
 -0.840000033       6.12771232E-03
 -0.820000052       1.13413427E-02
 -0.800000072       2.04045046E-02
 -0.779999971       3.54910493E-02
 -0.759999990       5.98979443E-02
 -0.740000010       9.78925899E-02
 -0.720000029      0.155025214    
 -0.700000048      0.237993851    
 -0.680000067      0.353747457    
 -0.660000086      0.509999752    
 -0.639999986      0.711718440    
 -0.620000005      0.963325500    
 -0.600000024       1.26236796    
 -0.580000043       1.60396218    
 -0.560000062       1.97397244    
 -0.540000081       2.35416842    
 -0.519999981       2.72128177    
 -0.500000000       3.04580164    
 -0.480000019       3.30726361    
 -0.460000038       3.47369647    
 -0.440000057       3.54352236    
 -0.420000076       3.49229908    
 -0.400000095       3.34676003    
 -0.379999995       3.09604669    
 -0.360000014       2.78453016    
 -0.340000033       2.42275977    
 -0.320000052       2.03873086    
 -0.300000072       1.67333329    
 -0.280000091       1.31802130    
 -0.259999990       1.01221538    
 -0.240000010      0.757495821    
 -0.220000029      0.540706754    
 -0.200000048      0.375858784    
 -0.180000067      0.258521944    
 -0.160000086      0.170296833    
 -0.139999986      0.105108514    
 -0.120000005       6.26482442E-02
 -0.100000024       3.85466628E-02
  -8.00000429E-02   2.51072310E-02
  -6.00000620E-02   1.58782192E-02
  -4.00000811E-02   8.21222924E-03
  -2.00001001E-02   2.17629457E-03
   0.00000000       2.39650944E-05
   1.99999809E-02   2.74993999E-06
   3.99999619E-02   8.48898617E-06
   5.99999428E-02   1.39868907E-05
   7.99999237E-02   2.17395445E-05
   9.99999046E-02   2.77872841E-05
  0.119999886       3.21124753E-05
  0.139999866       3.25863621E-05
  0.159999847       2.88578958E-05
  0.180000067       2.13972671E-05
  0.200000048       1.35690789E-05
  0.220000029       7.80635946E-06
  0.240000010       5.00318265E-06
  0.259999990       4.09933045E-06
  0.279999971       3.66874156E-06
  0.299999952       2.92652794E-06
  0.319999933       2.25615122E-06
  0.339999914       1.75524326E-06
  0.359999895       1.27104011E-06
  0.379999876       8.27809231E-07
  0.399999857       5.16577074E-07
  0.419999838       3.13170119E-07
  0.440000057       1.81358203E-07
  0.460000038       1.03081092E-07
  0.480000019       5.84060977E-08
  0.500000000       3.33309984E-08
  0.519999981       1.94675671E-08
  0.539999962       1.17305277E-08
  0.559999943       7.35270111E-09
  0.579999924       4.80401052E-09
  0.599999905       3.26926575E-09
  0.619999886       2.31258213E-09
  0.639999866       1.69726777E-09
  0.659999847       1.28487332E-09
  0.679999828       9.90503679E-10
  0.700000048       7.76334164E-10
  0.720000029       6.29193642E-10
  0.740000010       5.22488608E-10
  0.759999990       4.40491171E-10
  0.779999971       3.79620335E-10
  0.799999952       3.37825962E-10
  0.819999933       3.02065206E-10
  0.839999914       2.64332556E-10
  0.859999895       2.29009672E-10
  0.879999876       2.00000003E-10
  0.899999857       1.82271975E-10
  0.919999838       1.69303474E-10
  0.939999819       1.57199989E-10
  0.960000038       1.47045237E-10
  0.980000019       1.35790018E-10
   1.00000000       1.23290073E-10
   1.01999998       1.12176296E-10
   1.03999996       1.05868384E-10
   1.05999994       1.02127307E-10
   1.07999992       9.79779868E-11
   1.09999990       9.33158620E-11
   1.11999989       8.89982046E-11
   1.13999987       8.52001109E-11
   1.15999985       8.01196262E-11
   1.17999983       7.17982618E-11
   1.19999981       6.50425130E-11
   1.22000003       6.17217458E-11
   1.24000001       5.97798200E-11
   1.25999999       5.98591940E-11
   1.27999997       5.94136823E-11
   1.29999995       5.84091803E-11
   1.31999993       5.66621298E-11
   1.33999991       5.40382739E-11
   1.35999990       5.13459206E-11
   1.37999988       5.00768628E-11
   1.39999986       4.98333701E-11
   1.41999984       4.86423193E-11
   1.43999982       4.63578134E-11
   1.46000004       4.49210530E-11
   1.48000002       4.39032491E-11
   1.50000000       4.26845816E-11
   1.51999998       4.03939764E-11
   1.53999996       3.98726920E-11
   1.55999994       4.21686748E-11
   1.57999992       4.39400114E-11
   1.59999990       4.32045164E-11
   1.61999989       4.15949983E-11
   1.63999987       4.17452635E-11
   1.65999985       4.08837200E-11
   1.67999983       3.84161071E-11
   1.69999981       3.65946093E-11
   1.72000003       3.65799543E-11
   1.74000001       3.79431417E-11
   1.75999999       3.78876583E-11
   1.77999997       3.81612068E-11
   1.79999995       3.90194543E-11
   1.81999993       3.70978664E-11
   1.83999991       3.50174056E-11
   1.85999990       3.44996323E-11
   1.87999988       3.65732479E-11
   1.89999986       3.73944660E-11
   1.91999984       3.54772982E-11
   1.93999982       3.53917104E-11
   1.95999980       3.62382381E-11
   1.98000002       3.74964330E-11
   2.00000000       3.80409107E-11
   2.01999998       3.81311753E-11
   2.03999996       3.84695990E-11
   2.05999994       3.88833271E-11
   2.07999992       3.97776256E-11
   2.09999990       4.06868012E-11
   2.11999989       4.15317537E-11
   2.13999987       4.16790491E-11
   2.15999985       4.06531267E-11
   2.17999983       3.84605646E-11
   2.19999981       3.82016363E-11
   2.21999979       3.85180776E-11
   2.23999977       3.85617267E-11
   2.25999975       3.92574688E-11
   2.27999973       4.00464037E-11
   2.29999971       4.19058850E-11
   2.31999969       4.22808767E-11
   2.33999968       4.05148970E-11
   2.36000013       4.15094278E-11
   2.38000011       4.28888557E-11
   2.40000010       4.38088003E-11
   2.42000008       4.59439431E-11
   2.44000006       4.68380751E-11
   2.46000004       4.63712194E-11
   2.48000002       4.76455923E-11
   2.50000000       5.16301966E-11
   2.51999998       5.30179685E-11
   2.53999996       5.34771880E-11
   2.55999994       5.58243729E-11
   2.57999992       5.88445057E-11
   2.59999990       6.25581878E-11
   2.61999989       6.34564346E-11
   2.63999987       6.89415677E-11
   2.65999985       7.70352671E-11
   2.67999983       8.12129045E-11
   2.69999981       8.61824501E-11
   2.71999979       9.28913196E-11
   2.73999977       9.62811220E-11
   2.75999975       9.12340342E-11
   2.77999973       8.32312760E-11
   2.79999971       7.50903298E-11
   2.81999969       6.89980642E-11
   2.83999968       7.04749037E-11
   2.85999966       7.37711420E-11
   2.88000011       6.75661332E-11
   2.90000010       5.54893631E-11
   2.92000008       5.46990404E-11
   2.94000006       5.75418289E-11
   2.96000004       4.25280644E-11
   2.98000002       4.00992156E-11
   3.00000000       4.36313034E-11
   3.01999998       2.98645518E-11
   3.03999996       3.22338718E-11
   3.05999994       2.22594825E-11
   3.07999992       1.66245229E-11
   3.09999990       1.28753024E-11
