  -2.00000000       2.15292562E-12
  -1.98000002       2.04186733E-12
  -1.96000004       2.98934814E-12
  -1.94000006       9.58148816E-13
  -1.91999996       5.48748200E-12
  -1.89999998       5.06476805E-12
  -1.88000000       8.61212837E-12
  -1.86000001       1.96070113E-12
  -1.84000003       8.78329267E-12
  -1.82000005       1.01954608E-11
  -1.79999995       6.82282963E-12
  -1.77999997       1.14287121E-11
  -1.75999999       1.14938527E-11
  -1.74000001       9.57231776E-12
  -1.72000003       1.13228871E-11
  -1.70000005       1.07754552E-11
  -1.68000007       2.02281889E-11
  -1.65999997       2.58729618E-11
  -1.63999999       2.91318636E-11
  -1.62000000       2.03843158E-11
  -1.60000002       3.01039818E-11
  -1.58000004       3.26658145E-11
  -1.55999994       2.68217393E-11
  -1.53999996       5.28253968E-11
  -1.51999998       3.37050665E-11
  -1.50000000       6.17569260E-11
  -1.48000002       5.35572316E-11
  -1.46000004       5.77410203E-11
  -1.44000006       6.84008752E-11
  -1.42000008       8.04904962E-11
  -1.40000010       9.01836245E-11
  -1.38000000       9.94422600E-11
  -1.36000001       1.15100610E-10
  -1.34000003       1.19253357E-10
  -1.31999993       1.23030253E-10
  -1.29999995       1.54274066E-10
  -1.27999997       1.45274737E-10
  -1.25999999       2.34007924E-10
  -1.24000001       2.16396095E-10
  -1.22000003       2.79550966E-10
  -1.20000005       7.90207288E-10
  -1.18000007       4.25565250E-10
  -1.16000009       4.84001994E-09
  -1.14000010       5.59996316E-09
  -1.12000000       3.35106662E-08
  -1.10000002       6.73723477E-08
  -1.08000004       2.30713624E-07
  -1.05999994       5.81030804E-07
  -1.03999996       1.56755391E-06
  -1.01999998       4.06193885E-06
  -1.00000000       9.89242108E-06
 -0.980000019       2.43617524E-05
 -0.960000038       5.58384600E-05
 -0.940000057       1.28102343E-04
 -0.920000076       2.78647989E-04
 -0.899999976       5.95099700E-04
 -0.879999995       1.22330955E-03
 -0.860000014       2.44338438E-03
 -0.840000033       4.73080063E-03
 -0.820000052       8.85715894E-03
 -0.800000072       1.61231086E-02
 -0.779999971       2.83449702E-02
 -0.759999990       4.84437980E-02
 -0.740000010       8.00328851E-02
 -0.720000029      0.128373787    
 -0.700000048      0.199328452    
 -0.680000067      0.300061494    
 -0.660000086      0.437888622    
 -0.639999986      0.618734837    
 -0.620000005      0.848418295    
 -0.600000024       1.12543035    
 -0.580000043       1.44989657    
 -0.560000062       1.80573380    
 -0.540000081       2.18554378    
 -0.519999981       2.55561161    
 -0.500000000       2.90603876    
 -0.480000019       3.18997455    
 -0.460000038       3.40880775    
 -0.440000057       3.51195908    
 -0.420000076       3.52662945    
 -0.400000095       3.41214848    
 -0.379999995       3.21470237    
 -0.360000014       2.92932963    
 -0.340000033       2.58031368    
 -0.320000052       2.21796393    
 -0.300000072       1.83427620    
 -0.280000091       1.47090316    
 -0.259999990       1.15339792    
 -0.240000010      0.869148970    
 -0.220000029      0.630092561    
 -0.200000048      0.449125350    
 -0.180000067      0.313229889    
 -0.160000086      0.207778826    
 -0.139999986      0.130157039    
 -0.120000005       7.94537365E-02
 -0.100000024       5.00142351E-02
  -8.00000429E-02   3.31881419E-02
  -6.00000620E-02   2.13593338E-02
  -4.00000811E-02   1.12058688E-02
  -2.00001001E-02   3.00380494E-03
   0.00000000       3.03656216E-05
   1.99999809E-02   2.03284117E-06
   3.99999619E-02   6.43450585E-06
   5.99999428E-02   1.03361681E-05
   7.99999237E-02   1.64864578E-05
   9.99999046E-02   2.16525787E-05
  0.119999886       2.66481693E-05
  0.139999866       2.91178530E-05
  0.159999847       2.83419849E-05
  0.180000067       2.46597338E-05
  0.200000048       1.91110958E-05
  0.220000029       1.28876927E-05
  0.240000010       8.17582713E-06
  0.259999990       5.60089666E-06
  0.279999971       4.59100602E-06
  0.299999952       3.96072164E-06
  0.319999933       3.27118369E-06
  0.339999914       2.53891608E-06
  0.359999895       2.10277858E-06
  0.379999876       1.77013169E-06
  0.399999857       1.39166320E-06
  0.419999838       1.02750585E-06
  0.440000057       7.24460847E-07
  0.460000038       4.81784525E-07
  0.480000019       3.01715176E-07
  0.500000000       1.81764847E-07
  0.519999981       1.07316168E-07
  0.539999962       6.31284038E-08
  0.559999943       3.75456644E-08
  0.579999924       2.27596928E-08
  0.599999905       1.41147396E-08
  0.619999886       8.97865782E-09
  0.639999866       5.92069460E-09
  0.659999847       4.06869471E-09
  0.679999828       2.87482549E-09
  0.700000048       2.08124340E-09
  0.720000029       1.56045288E-09
  0.740000010       1.20829324E-09
  0.759999990       9.63529478E-10
  0.779999971       7.85844001E-10
  0.799999952       6.56516841E-10
  0.819999933       5.50463952E-10
  0.839999914       4.63208916E-10
  0.859999895       4.03205719E-10
  0.879999876       3.55934393E-10
  0.899999857       3.10300508E-10
  0.919999838       2.68657652E-10
  0.939999819       2.41285519E-10
  0.960000038       2.23660562E-10
  0.980000019       2.05418432E-10
   1.00000000       1.88125737E-10
   1.01999998       1.72782830E-10
   1.03999996       1.60184033E-10
   1.05999994       1.49080581E-10
   1.07999992       1.37702960E-10
   1.09999990       1.27510336E-10
   1.11999989       1.19679738E-10
   1.13999987       1.13859353E-10
   1.15999985       1.08934112E-10
   1.17999983       1.03701492E-10
   1.19999981       9.90980700E-11
   1.22000003       9.48641027E-11
   1.24000001       9.03397912E-11
   1.25999999       8.44134068E-11
   1.27999997       7.77828149E-11
   1.29999995       7.44799084E-11
   1.31999993       7.26287641E-11
   1.33999991       7.07936904E-11
   1.35999990       6.89847346E-11
   1.37999988       6.72870579E-11
   1.39999986       6.59068009E-11
   1.41999984       6.24695157E-11
   1.43999982       5.92299751E-11
   1.46000004       5.75907967E-11
   1.48000002       5.59460117E-11
   1.50000000       5.41976845E-11
   1.51999998       5.23162277E-11
   1.53999996       5.16255719E-11
   1.55999994       5.09517706E-11
   1.57999992       5.25993346E-11
   1.59999990       5.42095639E-11
   1.61999989       5.38072989E-11
   1.63999987       5.27060201E-11
   1.65999985       4.97942937E-11
   1.67999983       4.91742445E-11
   1.69999981       4.93282325E-11
   1.72000003       4.94631489E-11
   1.74000001       5.02891860E-11
   1.75999999       4.99106832E-11
   1.77999997       4.92838235E-11
   1.79999995       4.73957366E-11
   1.81999993       4.56067580E-11
   1.83999991       4.54838493E-11
   1.85999990       4.60467324E-11
   1.87999988       4.71132022E-11
   1.89999986       4.59152473E-11
   1.91999984       4.43569209E-11
   1.93999982       4.53670955E-11
   1.95999980       4.64832686E-11
   1.98000002       4.69785426E-11
   2.00000000       4.72775395E-11
   2.01999998       4.84373409E-11
   2.03999996       4.84537480E-11
   2.05999994       4.75954345E-11
   2.07999992       4.97341474E-11
   2.09999990       5.22725301E-11
   2.11999989       5.23387965E-11
   2.13999987       5.02448916E-11
   2.15999985       4.88246665E-11
   2.17999983       4.86633824E-11
   2.19999981       4.95703686E-11
   2.21999979       5.10354398E-11
   2.23999977       5.11169128E-11
   2.25999975       5.19760693E-11
   2.27999973       5.21719820E-11
   2.29999971       5.38330699E-11
   2.31999969       5.64520999E-11
   2.33999968       5.69109759E-11
   2.36000013       5.81496171E-11
   2.38000011       5.71655293E-11
   2.40000010       5.70732142E-11
   2.42000008       5.83462931E-11
   2.44000006       6.14513856E-11
   2.46000004       6.45754075E-11
   2.48000002       6.70113687E-11
   2.50000000       6.71169648E-11
   2.51999998       6.59277147E-11
   2.53999996       7.23419866E-11
   2.55999994       7.89594778E-11
   2.57999992       8.41504921E-11
   2.59999990       9.06686809E-11
   2.61999989       9.72362260E-11
   2.63999987       1.07615236E-10
   2.65999985       1.11126830E-10
   2.67999983       1.13027518E-10
   2.69999981       1.13768578E-10
   2.71999979       1.09234531E-10
   2.73999977       9.98452918E-11
   2.75999975       9.04605696E-11
   2.77999973       9.05900077E-11
   2.79999971       9.45634959E-11
   2.81999969       9.22118631E-11
   2.83999968       8.13290893E-11
   2.85999966       7.48832801E-11
   2.88000011       7.64475497E-11
   2.90000010       6.64120356E-11
   2.92000008       5.30097702E-11
   2.94000006       6.02411454E-11
   2.96000004       5.91032362E-11
   2.98000002       4.41336724E-11
   3.00000000       4.72606364E-11
   3.01999998       3.68104817E-11
   3.03999996       3.25473953E-11
   3.05999994       2.94589214E-11
   3.07999992       1.81362859E-11
   3.09999990       1.62014811E-11
