  -2.00000000       3.30892605E-12
  -1.98000002       1.41119950E-12
  -1.96000004       4.49319098E-12
  -1.94000006       1.03721641E-11
  -1.91999996       1.70605869E-12
  -1.89999998       1.92014946E-11
  -1.88000000       1.11687135E-11
  -1.86000001       2.76616074E-11
  -1.84000003       3.26702415E-11
  -1.82000005       1.75629997E-11
  -1.79999995       2.86918093E-11
  -1.77999997       2.60855192E-11
  -1.75999999       2.56813130E-11
  -1.74000001       4.09356125E-11
  -1.72000003       2.66105801E-11
  -1.70000005       4.39662785E-11
  -1.68000007       2.58451177E-11
  -1.65999997       3.19397807E-11
  -1.63999999       2.93397598E-11
  -1.62000000       3.78312728E-11
  -1.60000002       5.61538420E-11
  -1.58000004       4.84365950E-11
  -1.55999994       6.47255582E-11
  -1.53999996       4.52573257E-11
  -1.51999998       5.67526200E-11
  -1.50000000       7.68011973E-11
  -1.48000002       7.37997857E-11
  -1.46000004       9.59766988E-11
  -1.44000006       1.01294813E-10
  -1.42000008       1.06027187E-10
  -1.40000010       1.31715611E-10
  -1.38000000       1.46496551E-10
  -1.36000001       1.74545350E-10
  -1.34000003       2.06243092E-10
  -1.31999993       1.94050220E-10
  -1.29999995       2.47156628E-10
  -1.27999997       2.66006550E-10
  -1.25999999       3.34437644E-10
  -1.24000001       2.03147596E-10
  -1.22000003       6.95396796E-10
  -1.20000005       1.04505855E-10
  -1.18000007       1.84644855E-09
  -1.16000009       1.63799629E-09
  -1.14000010       7.67477726E-09
  -1.12000000       2.11171098E-08
  -1.10000002       5.13030471E-08
  -1.08000004       1.76862358E-07
  -1.05999994       4.05977204E-07
  -1.03999996       1.23747793E-06
  -1.01999998       2.92540426E-06
  -1.00000000       7.75108037E-06
 -0.980000019       1.82721378E-05
 -0.960000038       4.34887661E-05
 -0.940000057       9.91414054E-05
 -0.920000076       2.18320871E-04
 -0.899999976       4.70710831E-04
 -0.879999995       9.71643778E-04
 -0.860000014       1.96804618E-03
 -0.840000033       3.82158789E-03
 -0.820000052       7.25470856E-03
 -0.800000072       1.32698594E-02
 -0.779999971       2.36080065E-02
 -0.759999990       4.06494662E-02
 -0.740000010       6.78267553E-02
 -0.720000029      0.109852754    
 -0.700000048      0.172029644    
 -0.680000067      0.261917621    
 -0.660000086      0.385185599    
 -0.639999986      0.551046848    
 -0.620000005      0.761208117    
 -0.600000024       1.02307487    
 -0.580000043       1.32763052    
 -0.560000062       1.67640579    
 -0.540000081       2.04335737    
 -0.519999981       2.42469597    
 -0.500000000       2.77506232    
 -0.480000019       3.09524918    
 -0.460000038       3.32650161    
 -0.440000057       3.48541427    
 -0.420000076       3.52277136    
 -0.400000095       3.45856738    
 -0.379999995       3.29689550    
 -0.360000014       3.02926564    
 -0.340000033       2.71470165    
 -0.320000052       2.35400939    
 -0.300000072       1.96720552    
 -0.280000091       1.60549545    
 -0.259999990       1.27207160    
 -0.240000010      0.966460228    
 -0.220000029      0.712367415    
 -0.200000048      0.516312957    
 -0.180000067      0.363593876    
 -0.160000086      0.243292138    
 -0.139999986      0.154475868    
 -0.120000005       9.59219337E-02
 -0.100000024       6.14251010E-02
  -8.00000429E-02   4.14446518E-02
  -6.00000620E-02   2.71097310E-02
  -4.00000811E-02   1.44086871E-02
  -2.00001001E-02   3.89019772E-03
   0.00000000       4.12049267E-05
   1.99999809E-02   1.26839757E-06
   3.99999619E-02   5.47541731E-06
   5.99999428E-02   8.33225567E-06
   7.99999237E-02   1.35600276E-05
   9.99999046E-02   1.80523184E-05
  0.119999886       2.24125743E-05
  0.139999866       2.57740903E-05
  0.159999847       2.65224371E-05
  0.180000067       2.51728379E-05
  0.200000048       2.12362975E-05
  0.220000029       1.63281929E-05
  0.240000010       1.15441935E-05
  0.259999990       7.82039206E-06
  0.279999971       5.59340742E-06
  0.299999952       4.61638683E-06
  0.319999933       4.10313169E-06
  0.339999914       3.46363800E-06
  0.359999895       2.70715191E-06
  0.379999876       2.20575134E-06
  0.399999857       1.84885846E-06
  0.419999838       1.58551688E-06
  0.440000057       1.33508183E-06
  0.460000038       1.04618027E-06
  0.480000019       7.60443186E-07
  0.500000000       5.23382766E-07
  0.519999981       3.47111808E-07
  0.539999962       2.23271243E-07
  0.559999943       1.39732464E-07
  0.579999924       8.57949942E-08
  0.599999905       5.22850918E-08
  0.619999886       3.20227151E-08
  0.639999866       1.98373815E-08
  0.659999847       1.25157218E-08
  0.679999828       8.14241563E-09
  0.700000048       5.50055734E-09
  0.720000029       3.83061449E-09
  0.740000010       2.73968759E-09
  0.759999990       2.01668726E-09
  0.779999971       1.51971447E-09
  0.799999952       1.16969012E-09
  0.819999933       9.29819277E-10
  0.839999914       7.60529639E-10
  0.859999895       6.28748220E-10
  0.879999876       5.29041144E-10
  0.899999857       4.57435423E-10
  0.919999838       4.01365968E-10
  0.939999819       3.49797524E-10
  0.960000038       3.01536518E-10
  0.980000019       2.67163458E-10
   1.00000000       2.44259613E-10
   1.01999998       2.26113100E-10
   1.03999996       2.07530992E-10
   1.05999994       1.89120886E-10
   1.07999992       1.73729767E-10
   1.09999990       1.60337840E-10
   1.11999989       1.49015966E-10
   1.13999987       1.39561723E-10
   1.15999985       1.32321709E-10
   1.17999983       1.27988689E-10
   1.19999981       1.22643784E-10
   1.22000003       1.15727039E-10
   1.24000001       1.08941071E-10
   1.25999999       1.02124531E-10
   1.27999997       9.68181993E-11
   1.29999995       9.08951317E-11
   1.31999993       8.45112313E-11
   1.33999991       7.97675676E-11
   1.35999990       7.68787187E-11
   1.37999988       7.39741601E-11
   1.39999986       7.15549148E-11
   1.41999984       7.06310566E-11
   1.43999982       7.01431621E-11
   1.46000004       6.89649587E-11
   1.48000002       6.80809784E-11
   1.50000000       6.66198346E-11
   1.51999998       6.53202284E-11
   1.53999996       6.44143697E-11
   1.55999994       6.27743621E-11
   1.57999992       5.95252250E-11
   1.59999990       5.65361265E-11
   1.61999989       5.51719156E-11
   1.63999987       5.54404890E-11
   1.65999985       5.73019028E-11
   1.67999983       5.85801685E-11
   1.69999981       5.82971102E-11
   1.72000003       5.62958881E-11
   1.74000001       5.40213638E-11
   1.75999999       5.23827093E-11
   1.77999997       5.11149595E-11
   1.79999995       5.02906015E-11
   1.81999993       5.05730249E-11
   1.83999991       5.03591821E-11
   1.85999990       4.90758267E-11
   1.87999988       4.83479992E-11
   1.89999986       4.95952446E-11
   1.91999984       5.15786719E-11
   1.93999982       5.06681155E-11
   1.95999980       4.91456320E-11
   1.98000002       4.99212130E-11
   2.00000000       5.08182177E-11
   2.01999998       5.16131790E-11
   2.03999996       5.36106680E-11
   2.05999994       5.46565640E-11
   2.07999992       5.28992232E-11
   2.09999990       4.95863212E-11
   2.11999989       4.97633046E-11
   2.13999987       5.22454510E-11
   2.15999985       5.43476028E-11
   2.17999983       5.69900030E-11
   2.19999981       5.69242396E-11
   2.21999979       5.73410347E-11
   2.23999977       5.76326070E-11
   2.25999975       5.86807408E-11
   2.27999973       5.97120201E-11
   2.29999971       5.88868468E-11
   2.31999969       5.89247123E-11
   2.33999968       5.99406982E-11
   2.36000013       6.05872297E-11
   2.38000011       6.33048197E-11
   2.40000010       6.82294846E-11
   2.42000008       7.00877203E-11
   2.44000006       7.02194899E-11
   2.46000004       7.19018317E-11
   2.48000002       7.41325057E-11
   2.50000000       7.85895168E-11
   2.51999998       8.63955088E-11
   2.53999996       9.08653847E-11
   2.55999994       9.55963086E-11
   2.57999992       1.03164463E-10
   2.59999990       1.11281553E-10
   2.61999989       1.16926621E-10
   2.63999987       1.15127380E-10
   2.65999985       1.11132659E-10
   2.67999983       1.05738737E-10
   2.69999981       9.56554697E-11
   2.71999979       8.92752330E-11
   2.73999977       9.32341773E-11
   2.75999975       1.00719107E-10
   2.77999973       9.67792513E-11
   2.79999971       8.33461772E-11
   2.81999969       7.76870096E-11
   2.83999968       7.86994775E-11
   2.85999966       7.12170461E-11
   2.88000011       6.08582976E-11
   2.90000010       6.73415837E-11
   2.92000008       6.51154616E-11
   2.94000006       4.60611757E-11
   2.96000004       4.66707159E-11
   2.98000002       4.22630507E-11
   3.00000000       3.15581658E-11
   3.01999998       3.34373848E-11
   3.03999996       2.03792538E-11
   3.05999994       1.86656697E-11
   3.07999992       1.14001239E-11
   3.09999990       7.29291801E-12
