  -2.00000000       1.39058634E-11
  -1.98000002       4.82500888E-12
  -1.96000004       1.21970125E-11
  -1.94000006       1.54957540E-11
  -1.91999996       1.56951448E-11
  -1.89999998       3.36339394E-11
  -1.88000000       1.44857876E-11
  -1.86000001       3.17861050E-11
  -1.84000003       2.41583160E-11
  -1.82000005       2.59918580E-11
  -1.79999995       4.72025231E-11
  -1.77999997       3.87050357E-11
  -1.75999999       3.96402251E-11
  -1.74000001       5.44262413E-11
  -1.72000003       3.66617361E-11
  -1.70000005       5.57542346E-11
  -1.68000007       4.73421823E-11
  -1.65999997       6.71562111E-11
  -1.63999999       5.28610489E-11
  -1.62000000       5.69839072E-11
  -1.60000002       6.01194650E-11
  -1.58000004       5.76775433E-11
  -1.55999994       8.35980243E-11
  -1.53999996       5.53168587E-11
  -1.51999998       9.69529179E-11
  -1.50000000       9.25519938E-11
  -1.48000002       1.03465458E-10
  -1.46000004       1.22971383E-10
  -1.44000006       1.22412760E-10
  -1.42000008       1.41411285E-10
  -1.40000010       1.75907275E-10
  -1.38000000       1.94709929E-10
  -1.36000001       2.01884592E-10
  -1.34000003       2.48006227E-10
  -1.31999993       2.81934864E-10
  -1.29999995       3.22074339E-10
  -1.27999997       3.39929584E-10
  -1.25999999       4.36325587E-10
  -1.24000001       3.91579213E-10
  -1.22000003       9.01587915E-10
  -1.20000005       2.14271462E-10
  -1.18000007       2.21055707E-09
  -1.16000009       2.53726262E-10
  -1.14000010       7.76457831E-09
  -1.12000000       1.11618244E-08
  -1.10000002       4.06070271E-08
  -1.08000004       1.18070417E-07
  -1.05999994       2.85673735E-07
  -1.03999996       8.82979862E-07
  -1.01999998       2.03693253E-06
  -1.00000000       5.66676636E-06
 -0.980000019       1.29594191E-05
 -0.960000038       3.21733387E-05
 -0.940000057       7.23170815E-05
 -0.920000076       1.63035613E-04
 -0.899999976       3.52270668E-04
 -0.879999995       7.36505259E-04
 -0.860000014       1.50637573E-03
 -0.840000033       2.94913677E-03
 -0.820000052       5.67461504E-03
 -0.800000072       1.04468819E-02
 -0.779999971       1.88628454E-02
 -0.759999990       3.26980278E-02
 -0.740000010       5.53732626E-02
 -0.720000029       9.03699398E-02
 -0.700000048      0.143578187    
 -0.680000067      0.220543355    
 -0.660000086      0.328901231    
 -0.639999986      0.475207686    
 -0.620000005      0.665599406    
 -0.600000024      0.903987348    
 -0.580000043       1.19005811    
 -0.560000062       1.51811433    
 -0.540000081       1.88004053    
 -0.519999981       2.25077677    
 -0.500000000       2.62351704    
 -0.480000019       2.94791961    
 -0.460000038       3.23013210    
 -0.440000057       3.41589856    
 -0.420000076       3.50539255    
 -0.400000095       3.49896359    
 -0.379999995       3.36567593    
 -0.360000014       3.15079880    
 -0.340000033       2.86578321    
 -0.320000052       2.51028109    
 -0.300000072       2.13694882    
 -0.280000091       1.77485716    
 -0.259999990       1.42119169    
 -0.240000010       1.09535289    
 -0.220000029      0.824014723    
 -0.200000048      0.607693374    
 -0.180000067      0.433251739    
 -0.160000086      0.293658912    
 -0.139999986      0.189603135    
 -0.120000005      0.119984716    
 -0.100000024       7.83944130E-02
  -8.00000429E-02   5.40896840E-02
  -6.00000620E-02   3.61526757E-02
  -4.00000811E-02   1.95294917E-02
  -2.00001001E-02   5.32819983E-03
   0.00000000       5.40596520E-05
   1.99999809E-02   8.15273893E-07
   3.99999619E-02   4.41573684E-06
   5.99999428E-02   6.29054693E-06
   7.99999237E-02   1.07298374E-05
   9.99999046E-02   1.44118267E-05
  0.119999886       1.86550787E-05
  0.139999866       2.19223803E-05
  0.159999847       2.35207699E-05
  0.180000067       2.38790853E-05
  0.200000048       2.20523380E-05
  0.220000029       1.89044949E-05
  0.240000010       1.48114877E-05
  0.259999990       1.08769764E-05
  0.279999971       7.86620967E-06
  0.299999952       5.99790064E-06
  0.319999933       4.86304680E-06
  0.339999914       4.13526914E-06
  0.359999895       3.62964920E-06
  0.379999876       3.11466351E-06
  0.399999857       2.53508051E-06
  0.419999838       2.09324503E-06
  0.440000057       1.72435648E-06
  0.460000038       1.48752827E-06
  0.480000019       1.31353136E-06
  0.500000000       1.10518226E-06
  0.519999981       8.78439664E-07
  0.539999962       6.69261112E-07
  0.559999943       4.87743876E-07
  0.579999924       3.37901156E-07
  0.599999905       2.23491540E-07
  0.619999886       1.42900845E-07
  0.639999866       8.95952539E-08
  0.659999847       5.58080586E-08
  0.679999828       3.49381004E-08
  0.700000048       2.21274306E-08
  0.720000029       1.42508725E-08
  0.740000010       9.39100708E-09
  0.759999990       6.34167785E-09
  0.779999971       4.40249126E-09
  0.799999952       3.13278714E-09
  0.819999933       2.29345321E-09
  0.839999914       1.73459302E-09
  0.859999895       1.34196620E-09
  0.879999876       1.06331421E-09
  0.899999857       8.62966865E-10
  0.919999838       7.11932957E-10
  0.939999819       5.91576454E-10
  0.960000038       5.01617581E-10
  0.980000019       4.39437098E-10
   1.00000000       3.83923560E-10
   1.01999998       3.32947891E-10
   1.03999996       2.90756336E-10
   1.05999994       2.60467897E-10
   1.07999992       2.40119119E-10
   1.09999990       2.23379482E-10
   1.11999989       2.06058837E-10
   1.13999987       1.88476318E-10
   1.15999985       1.73027218E-10
   1.17999983       1.60395572E-10
   1.19999981       1.49256829E-10
   1.22000003       1.38797446E-10
   1.24000001       1.30252947E-10
   1.25999999       1.25384619E-10
   1.27999997       1.21282123E-10
   1.29999995       1.14131871E-10
   1.31999993       1.06973527E-10
   1.33999991       1.01736189E-10
   1.35999990       9.70450387E-11
   1.37999988       9.16868664E-11
   1.39999986       8.61890628E-11
   1.41999984       8.33839386E-11
   1.43999982       8.27138080E-11
   1.46000004       8.06110040E-11
   1.48000002       7.82834492E-11
   1.50000000       7.82324205E-11
   1.51999998       7.71880476E-11
   1.53999996       7.39120293E-11
   1.55999994       7.03694672E-11
   1.57999992       6.58985505E-11
   1.59999990       6.38569961E-11
   1.61999989       6.26750735E-11
   1.63999987       6.23125510E-11
   1.65999985       6.21147786E-11
   1.67999983       6.08490064E-11
   1.69999981       6.00130917E-11
   1.72000003       5.92841401E-11
   1.74000001       5.80258758E-11
   1.75999999       5.59720777E-11
   1.77999997       5.62239179E-11
   1.79999995       5.69573382E-11
   1.81999993       5.73245340E-11
   1.83999991       5.75538089E-11
   1.85999990       5.68396545E-11
   1.87999988       5.55275860E-11
   1.89999986       5.41013692E-11
   1.91999984       5.56710268E-11
   1.93999982       5.70868665E-11
   1.95999980       5.74672254E-11
   1.98000002       5.74439801E-11
   2.00000000       5.65688364E-11
   2.01999998       5.58771258E-11
   2.03999996       5.48181188E-11
   2.05999994       5.49366247E-11
   2.07999992       5.52253486E-11
   2.09999990       5.58612635E-11
   2.11999989       5.75341511E-11
   2.13999987       5.94460869E-11
   2.15999985       6.09607018E-11
   2.17999983       6.21611720E-11
   2.19999981       6.27926253E-11
   2.21999979       6.46330212E-11
   2.23999977       6.68709602E-11
   2.25999975       6.72537512E-11
   2.27999973       6.68382780E-11
   2.29999971       6.73266720E-11
   2.31999969       6.86255219E-11
   2.33999968       7.32946898E-11
   2.36000013       7.76078715E-11
   2.38000011       7.85078669E-11
   2.40000010       7.81178178E-11
   2.42000008       8.10365594E-11
   2.44000006       8.76430040E-11
   2.46000004       9.39922445E-11
   2.48000002       9.81114912E-11
   2.50000000       1.07859055E-10
   2.51999998       1.19401447E-10
   2.53999996       1.22388821E-10
   2.55999994       1.25660260E-10
   2.57999992       1.28189057E-10
   2.59999990       1.24791955E-10
   2.61999989       1.17181903E-10
   2.63999987       1.10159985E-10
   2.65999985       1.09569187E-10
   2.67999983       1.11094675E-10
   2.69999981       1.14428501E-10
   2.71999979       1.12505047E-10
   2.73999977       1.00030748E-10
   2.75999975       9.03711272E-11
   2.77999973       9.43527756E-11
   2.79999971       9.65149419E-11
   2.81999969       8.26456958E-11
   2.83999968       7.58571816E-11
   2.85999966       8.30094743E-11
   2.88000011       7.43150402E-11
   2.90000010       6.05079875E-11
   2.92000008       6.53096258E-11
   2.94000006       5.59912811E-11
   2.96000004       4.67864393E-11
   2.98000002       4.84324594E-11
   3.00000000       3.33396297E-11
   3.01999998       3.23830025E-11
   3.03999996       2.39374492E-11
   3.05999994       1.88733196E-11
   3.07999992       1.33738584E-11
   3.09999990       6.84712356E-12
