  -2.00000000       7.25252757E-13
  -1.98000002       6.36154541E-12
  -1.96000004       1.10515642E-11
  -1.94000006       4.52436005E-12
  -1.91999996       1.73737674E-11
  -1.89999998       5.26178016E-12
  -1.88000000       2.77689139E-11
  -1.86000001       1.14354377E-11
  -1.84000003       1.72694983E-11
  -1.82000005       2.86926941E-11
  -1.79999995       2.08796314E-11
  -1.77999997       3.88987245E-11
  -1.75999999       3.42230827E-11
  -1.74000001       2.07503702E-11
  -1.72000003       5.35664776E-11
  -1.70000005       3.85935346E-11
  -1.68000007       5.62115944E-11
  -1.65999997       4.48903241E-11
  -1.63999999       7.75114209E-11
  -1.62000000       7.96053501E-11
  -1.60000002       6.67655861E-11
  -1.58000004       9.18570220E-11
  -1.55999994       9.32406721E-11
  -1.53999996       1.52266713E-10
  -1.51999998       1.28789368E-10
  -1.50000000       1.27176394E-10
  -1.48000002       1.50399304E-10
  -1.46000004       1.39609005E-10
  -1.44000006       1.79334894E-10
  -1.42000008       2.01421352E-10
  -1.40000010       2.19255059E-10
  -1.38000000       2.50857335E-10
  -1.36000001       3.01501490E-10
  -1.34000003       3.48005236E-10
  -1.31999993       4.48069054E-10
  -1.29999995       4.95291808E-10
  -1.27999997       5.58229518E-10
  -1.25999999       4.85837093E-10
  -1.24000001       6.95906277E-10
  -1.22000003       4.95109953E-10
  -1.20000005       1.26663657E-09
  -1.18000007       5.61380276E-10
  -1.16000009       2.69392397E-09
  -1.14000010       2.91746494E-09
  -1.12000000       7.94989408E-09
  -1.10000002       2.78988619E-08
  -1.08000004       4.70310972E-08
  -1.05999994       2.07637328E-07
  -1.03999996       3.84730981E-07
  -1.01999998       1.35894152E-06
  -1.00000000       2.83043642E-06
 -0.980000019       8.11487280E-06
 -0.960000038       1.78891260E-05
 -0.940000057       4.39164287E-05
 -0.920000076       9.72475318E-05
 -0.899999976       2.14869200E-04
 -0.879999995       4.59898380E-04
 -0.860000014       9.39659541E-04
 -0.840000033       1.91003759E-03
 -0.820000052       3.65276402E-03
 -0.800000072       6.99266046E-03
 -0.779999971       1.25845876E-02
 -0.759999990       2.26224456E-02
 -0.740000010       3.83600965E-02
 -0.720000029       6.46998584E-02
 -0.700000048      0.103441246    
 -0.680000067      0.163625360    
 -0.660000086      0.246778965    
 -0.639999986      0.365814984    
 -0.620000005      0.520981073    
 -0.600000024      0.722904503    
 -0.580000043      0.972917557    
 -0.560000062       1.26410472    
 -0.540000081       1.60439527    
 -0.519999981       1.96021354    
 -0.500000000       2.33275414    
 -0.480000019       2.69374561    
 -0.460000038       3.00174952    
 -0.440000057       3.26139760    
 -0.420000076       3.43233085    
 -0.400000095       3.48815775    
 -0.379999995       3.45456171    
 -0.360000014       3.32045031    
 -0.340000033       3.07782960    
 -0.320000052       2.77069831    
 -0.300000072       2.43272352    
 -0.280000091       2.06724811    
 -0.259999990       1.69164681    
 -0.240000010       1.34297848    
 -0.220000029       1.04323959    
 -0.200000048      0.790516615    
 -0.180000067      0.577127457    
 -0.160000086      0.401187122    
 -0.139999986      0.266291589    
 -0.120000005      0.173523933    
 -0.100000024      0.117434725    
  -8.00000429E-02   8.45189989E-02
  -6.00000620E-02   5.88376261E-02
  -4.00000811E-02   3.26954573E-02
  -2.00001001E-02   9.08640958E-03
   0.00000000       8.25155003E-05
   1.99999809E-02   1.03909201E-06
   3.99999619E-02   2.65475251E-06
   5.99999428E-02   4.71544627E-06
   7.99999237E-02   7.10152472E-06
   9.99999046E-02   1.03998018E-05
  0.119999886       1.31179877E-05
  0.139999866       1.65344536E-05
  0.159999847       1.85899189E-05
  0.180000067       2.01637613E-05
  0.200000048       2.03811796E-05
  0.220000029       1.94286968E-05
  0.240000010       1.76929752E-05
  0.259999990       1.47883438E-05
  0.279999971       1.18657072E-05
  0.299999952       9.39853362E-06
  0.319999933       7.22836739E-06
  0.339999914       5.81920995E-06
  0.359999895       4.87776560E-06
  0.379999876       4.30638192E-06
  0.399999857       3.70064322E-06
  0.419999838       3.18699631E-06
  0.440000057       2.72392163E-06
  0.460000038       2.42821056E-06
  0.480000019       2.08050392E-06
  0.500000000       1.78197467E-06
  0.519999981       1.50472329E-06
  0.539999962       1.26683972E-06
  0.559999943       1.12690100E-06
  0.579999924       1.01060414E-06
  0.599999905       8.70569011E-07
  0.619999886       7.25642508E-07
  0.639999866       5.87338377E-07
  0.659999847       4.54936867E-07
  0.679999828       3.34583405E-07
  0.700000048       2.35108303E-07
  0.720000029       1.59798290E-07
  0.740000010       1.06469486E-07
  0.759999990       7.03301950E-08
  0.779999971       4.63333443E-08
  0.799999952       3.06085930E-08
  0.819999933       2.04478408E-08
  0.839999914       1.38339393E-08
  0.859999895       9.47904333E-09
  0.879999876       6.62811850E-09
  0.899999857       4.75575712E-09
  0.919999838       3.49050477E-09
  0.939999819       2.60593525E-09
  0.960000038       1.99559946E-09
  0.980000019       1.57641045E-09
   1.00000000       1.27215161E-09
   1.01999998       1.03650244E-09
   1.03999996       8.59411098E-10
   1.05999994       7.32935268E-10
   1.07999992       6.31815822E-10
   1.09999990       5.42503487E-10
   1.11999989       4.66294059E-10
   1.13999987       4.07972600E-10
   1.15999985       3.67027519E-10
   1.17999983       3.34158007E-10
   1.19999981       3.04019865E-10
   1.22000003       2.80170886E-10
   1.24000001       2.59269606E-10
   1.25999999       2.39653242E-10
   1.27999997       2.25886809E-10
   1.29999995       2.15716361E-10
   1.31999993       2.01790376E-10
   1.33999991       1.86714935E-10
   1.35999990       1.75405274E-10
   1.37999988       1.66835518E-10
   1.39999986       1.62929059E-10
   1.41999984       1.57966751E-10
   1.43999982       1.47243273E-10
   1.46000004       1.36933603E-10
   1.48000002       1.29811425E-10
   1.50000000       1.22036978E-10
   1.51999998       1.18057022E-10
   1.53999996       1.17552149E-10
   1.55999994       1.14528616E-10
   1.57999992       1.09601508E-10
   1.59999990       1.03959535E-10
   1.61999989       1.03134654E-10
   1.63999987       1.02228524E-10
   1.65999985       1.00008828E-10
   1.67999983       9.70896141E-11
   1.69999981       9.47268652E-11
   1.72000003       9.44993320E-11
   1.74000001       9.35843347E-11
   1.75999999       9.45126408E-11
   1.77999997       9.20226326E-11
   1.79999995       9.20986620E-11
   1.81999993       9.33777985E-11
   1.83999991       9.23771892E-11
   1.85999990       9.27270621E-11
   1.87999988       9.26039384E-11
   1.89999986       9.42420170E-11
   1.91999984       9.11465764E-11
   1.93999982       8.89168045E-11
   1.95999980       8.76852757E-11
   1.98000002       8.72320549E-11
   2.00000000       8.81230089E-11
   2.01999998       8.65554087E-11
   2.03999996       8.87336177E-11
   2.05999994       9.05657910E-11
   2.07999992       8.98774388E-11
   2.09999990       8.92660668E-11
   2.11999989       8.93453644E-11
   2.13999987       9.18052717E-11
   2.15999985       9.29969851E-11
   2.17999983       9.44457429E-11
   2.19999981       9.72913139E-11
   2.21999979       9.94224147E-11
   2.23999977       1.05391779E-10
   2.25999975       1.11303744E-10
   2.27999973       1.16269737E-10
   2.29999971       1.17938839E-10
   2.31999969       1.23129701E-10
   2.33999968       1.32018563E-10
   2.36000013       1.40803549E-10
   2.38000011       1.53314597E-10
   2.40000010       1.62196312E-10
   2.42000008       1.69839268E-10
   2.44000006       1.74112919E-10
   2.46000004       1.78229820E-10
   2.48000002       1.80072846E-10
   2.50000000       1.72648562E-10
   2.51999998       1.66763561E-10
   2.53999996       1.59284211E-10
   2.55999994       1.54155161E-10
   2.57999992       1.54793844E-10
   2.59999990       1.58337676E-10
   2.61999989       1.58198246E-10
   2.63999987       1.45889190E-10
   2.65999985       1.32913361E-10
   2.67999983       1.31536851E-10
   2.69999981       1.35729997E-10
   2.71999979       1.28102889E-10
   2.73999977       1.20015303E-10
   2.75999975       1.24526708E-10
   2.77999973       1.26918642E-10
   2.79999971       1.09296877E-10
   2.81999969       9.76445799E-11
   2.83999968       1.02348859E-10
   2.85999966       9.12297321E-11
   2.88000011       8.16821194E-11
   2.90000010       8.80785514E-11
   2.92000008       7.35401601E-11
   2.94000006       6.58456970E-11
   2.96000004       6.39801614E-11
   2.98000002       4.51979530E-11
   3.00000000       4.46453707E-11
   3.01999998       3.36049140E-11
   3.03999996       3.19483398E-11
   3.05999994       2.07863518E-11
   3.07999992       1.50675861E-11
   3.09999990       3.96011739E-12
