  -2.00000000       4.82909789E-11
  -1.98000002       1.88040694E-11
  -1.96000004       6.04648137E-11
  -1.94000006       3.96123308E-11
  -1.91999996       6.87140483E-11
  -1.89999998       6.91398189E-11
  -1.88000000       7.85684295E-11
  -1.86000001       1.20973620E-10
  -1.84000003       9.45625037E-11
  -1.82000005       1.60702479E-10
  -1.79999995       1.24112012E-10
  -1.77999997       1.66111250E-10
  -1.75999999       2.01784214E-10
  -1.74000001       1.95139613E-10
  -1.72000003       2.38009779E-10
  -1.70000005       2.61474481E-10
  -1.68000007       2.73374934E-10
  -1.65999997       3.46074586E-10
  -1.63999999       3.32707417E-10
  -1.62000000       4.47802906E-10
  -1.60000002       5.00813002E-10
  -1.58000004       6.14160778E-10
  -1.55999994       7.17937654E-10
  -1.53999996       6.98026914E-10
  -1.51999998       9.53908508E-10
  -1.50000000       7.76354869E-10
  -1.48000002       9.91257632E-10
  -1.46000004       9.84177517E-10
  -1.44000006       1.17633447E-09
  -1.42000008       1.56193880E-09
  -1.40000010       1.68713077E-09
  -1.38000000       2.10668882E-09
  -1.36000001       2.47446441E-09
  -1.34000003       3.04794145E-09
  -1.31999993       3.78625264E-09
  -1.29999995       4.57633353E-09
  -1.27999997       5.35360467E-09
  -1.25999999       6.75717438E-09
  -1.24000001       7.87322207E-09
  -1.22000003       1.14074421E-08
  -1.20000005       1.43019019E-08
  -1.18000007       2.28548522E-08
  -1.16000009       2.31208563E-08
  -1.14000010       4.40301875E-08
  -1.12000000       3.55084815E-08
  -1.10000002       1.01643835E-07
  -1.08000004       5.51612338E-08
  -1.05999994       2.65738947E-07
  -1.03999996       1.34946958E-07
  -1.01999998       9.03407681E-07
  -1.00000000       6.94724804E-07
 -0.980000019       3.90305422E-06
 -0.960000038       4.51569122E-06
 -0.940000057       1.89753755E-05
 -0.920000076       2.70765049E-05
 -0.899999976       9.02775137E-05
 -0.879999995       1.44537262E-04
 -0.860000014       3.91218287E-04
 -0.840000033       6.81482954E-04
 -0.820000052       1.52146723E-03
 -0.800000072       2.81071919E-03
 -0.779999971       5.34599693E-03
 -0.759999990       9.99757834E-03
 -0.740000010       1.72116999E-02
 -0.720000029       3.05748992E-02
 -0.700000048       5.04670367E-02
 -0.680000067       8.20240304E-02
 -0.660000086      0.130895942    
 -0.639999986      0.198318601    
 -0.620000005      0.296197265    
 -0.600000024      0.429461122    
 -0.580000043      0.597662747    
 -0.560000062      0.815144062    
 -0.540000081       1.08008564    
 -0.519999981       1.37810409    
 -0.500000000       1.71412802    
 -0.480000019       2.07801270    
 -0.460000038       2.43234229    
 -0.440000057       2.75882936    
 -0.420000076       3.05272818    
 -0.400000095       3.28160071    
 -0.379999995       3.40843272    
 -0.360000014       3.43195987    
 -0.340000033       3.36814070    
 -0.320000052       3.21747899    
 -0.300000072       2.97458982    
 -0.280000091       2.65690804    
 -0.259999990       2.30173826    
 -0.240000010       1.94536114    
 -0.220000029       1.60732830    
 -0.200000048       1.29216492    
 -0.180000067       1.00008428    
 -0.160000086      0.735347331    
 -0.139999986      0.514015019    
 -0.120000005      0.354185939    
 -0.100000024      0.260017902    
  -8.00000429E-02  0.207993641    
  -6.00000620E-02  0.158923537    
  -4.00000811E-02   9.38732773E-02
  -2.00001001E-02   2.69366540E-02
   0.00000000       2.36196211E-04
   1.99999809E-02   1.62297738E-06
   3.99999619E-02   8.81096753E-07
   5.99999428E-02   2.86715772E-06
   7.99999237E-02   3.37548363E-06
   9.99999046E-02   5.74931937E-06
  0.119999886       6.87037027E-06
  0.139999866       9.25266704E-06
  0.159999847       1.06621756E-05
  0.180000067       1.25712531E-05
  0.200000048       1.40073107E-05
  0.220000029       1.49065636E-05
  0.240000010       1.55177586E-05
  0.259999990       1.51129279E-05
  0.279999971       1.45872764E-05
  0.299999952       1.35815662E-05
  0.319999933       1.19930064E-05
  0.339999914       1.04685578E-05
  0.359999895       9.02263037E-06
  0.379999876       7.56472946E-06
  0.399999857       6.43939529E-06
  0.419999838       5.61111119E-06
  0.440000057       4.81309053E-06
  0.460000038       4.29137754E-06
  0.480000019       3.81555083E-06
  0.500000000       3.42937005E-06
  0.519999981       3.03957086E-06
  0.539999962       2.71401700E-06
  0.559999943       2.43199747E-06
  0.579999924       2.21122809E-06
  0.599999905       1.95542248E-06
  0.619999886       1.76233436E-06
  0.639999866       1.54922316E-06
  0.659999847       1.41616158E-06
  0.679999828       1.29003479E-06
  0.700000048       1.14284910E-06
  0.720000029       1.02207719E-06
  0.740000010       8.93284152E-07
  0.759999990       7.72353133E-07
  0.779999971       6.96875532E-07
  0.799999952       6.43470059E-07
  0.819999933       5.82198197E-07
  0.839999914       5.14874841E-07
  0.859999895       4.48745624E-07
  0.879999876       3.81832365E-07
  0.899999857       3.12596740E-07
  0.919999838       2.45122550E-07
  0.939999819       1.84992629E-07
  0.960000038       1.35645607E-07
  0.980000019       9.77799459E-08
   1.00000000       6.97490208E-08
   1.01999998       4.94208692E-08
   1.03999996       3.49113769E-08
   1.05999994       2.46667007E-08
   1.07999992       1.75152071E-08
   1.09999990       1.25133859E-08
   1.11999989       8.99926178E-09
   1.13999987       6.54644872E-09
   1.15999985       4.84294205E-09
   1.17999983       3.65327035E-09
   1.19999981       2.80235790E-09
   1.22000003       2.18310281E-09
   1.24000001       1.72683701E-09
   1.25999999       1.39059064E-09
   1.27999997       1.15929966E-09
   1.29999995       9.85146076E-10
   1.31999993       8.36670011E-10
   1.33999991       7.11150583E-10
   1.35999990       6.09982731E-10
   1.37999988       5.31405864E-10
   1.39999986       4.70994022E-10
   1.41999984       4.25405239E-10
   1.43999982       3.82632981E-10
   1.46000004       3.46957824E-10
   1.48000002       3.21702470E-10
   1.50000000       2.94600955E-10
   1.51999998       2.74277212E-10
   1.53999996       2.58253974E-10
   1.55999994       2.45092280E-10
   1.57999992       2.36827891E-10
   1.59999990       2.26876892E-10
   1.61999989       2.21038396E-10
   1.63999987       2.12110773E-10
   1.65999985       2.02844824E-10
   1.67999983       1.92969973E-10
   1.69999981       1.80056789E-10
   1.72000003       1.71580597E-10
   1.74000001       1.65064254E-10
   1.75999999       1.63318276E-10
   1.77999997       1.59987051E-10
   1.79999995       1.56605687E-10
   1.81999993       1.54714741E-10
   1.83999991       1.49515275E-10
   1.85999990       1.50628454E-10
   1.87999988       1.51396257E-10
   1.89999986       1.48253215E-10
   1.91999984       1.45468734E-10
   1.93999982       1.43525136E-10
   1.95999980       1.45384565E-10
   1.98000002       1.44775275E-10
   2.00000000       1.49053950E-10
   2.01999998       1.54247712E-10
   2.03999996       1.59604482E-10
   2.05999994       1.65301370E-10
   2.07999992       1.69478043E-10
   2.09999990       1.77462961E-10
   2.11999989       1.85802582E-10
   2.13999987       1.97372951E-10
   2.15999985       2.13432411E-10
   2.17999983       2.27071764E-10
   2.19999981       2.37698083E-10
   2.21999979       2.45220899E-10
   2.23999977       2.53133819E-10
   2.25999975       2.56672655E-10
   2.27999973       2.50112459E-10
   2.29999971       2.45432535E-10
   2.31999969       2.44688797E-10
   2.33999968       2.42896092E-10
   2.36000013       2.46058784E-10
   2.38000011       2.56439425E-10
   2.40000010       2.57837141E-10
   2.42000008       2.49411769E-10
   2.44000006       2.38906589E-10
   2.46000004       2.30997943E-10
   2.48000002       2.37666054E-10
   2.50000000       2.41906245E-10
   2.51999998       2.36171388E-10
   2.53999996       2.27095204E-10
   2.55999994       2.27097605E-10
   2.57999992       2.36825393E-10
   2.59999990       2.22932561E-10
   2.61999989       2.09942397E-10
   2.63999987       2.16184015E-10
   2.65999985       2.21019161E-10
   2.67999983       1.99032207E-10
   2.69999981       1.86351837E-10
   2.71999979       1.96948957E-10
   2.73999977       1.80866988E-10
   2.75999975       1.61840374E-10
   2.77999973       1.63886751E-10
   2.79999971       1.51384072E-10
   2.81999969       1.37257886E-10
   2.83999968       1.45457632E-10
   2.85999966       1.30661412E-10
   2.88000011       1.16635618E-10
   2.90000010       1.12218096E-10
   2.92000008       9.60965474E-11
   2.94000006       9.81740661E-11
   2.96000004       8.24980570E-11
   2.98000002       7.21012902E-11
   3.00000000       6.55580243E-11
   3.01999998       5.62599967E-11
   3.03999996       5.14113647E-11
   3.05999994       3.61664865E-11
   3.07999992       2.93572840E-11
   3.09999990       1.08571763E-11
