  -2.00000000       2.43825724E-11
  -1.98000002       9.90400123E-12
  -1.96000004       5.55442359E-11
  -1.94000006       2.39258075E-11
  -1.91999996       7.62601440E-11
  -1.89999998       4.51609063E-11
  -1.88000000       9.11278067E-11
  -1.86000001       8.95523586E-11
  -1.84000003       8.02155425E-11
  -1.82000005       1.58719884E-10
  -1.79999995       1.36934963E-10
  -1.77999997       2.12248288E-10
  -1.75999999       1.96694341E-10
  -1.74000001       1.99722724E-10
  -1.72000003       3.03028797E-10
  -1.70000005       2.59321176E-10
  -1.68000007       3.74442033E-10
  -1.65999997       3.97529371E-10
  -1.63999999       4.78574347E-10
  -1.62000000       6.02570494E-10
  -1.60000002       6.08343875E-10
  -1.58000004       7.25599025E-10
  -1.55999994       7.44304562E-10
  -1.53999996       8.75475747E-10
  -1.51999998       9.91245752E-10
  -1.50000000       9.99889505E-10
  -1.48000002       1.37304779E-09
  -1.46000004       1.55909852E-09
  -1.44000006       2.03576334E-09
  -1.42000008       2.32285480E-09
  -1.40000010       2.85193757E-09
  -1.38000000       3.55260354E-09
  -1.36000001       4.15894252E-09
  -1.34000003       5.24556709E-09
  -1.31999993       6.57220545E-09
  -1.29999995       8.28150259E-09
  -1.27999997       1.09519069E-08
  -1.25999999       1.52369513E-08
  -1.24000001       2.08421209E-08
  -1.22000003       2.78474133E-08
  -1.20000005       3.55020227E-08
  -1.18000007       5.05016899E-08
  -1.16000009       6.37341060E-08
  -1.14000010       1.00185716E-07
  -1.12000000       1.07329925E-07
  -1.10000002       2.06217763E-07
  -1.08000004       1.61336985E-07
  -1.05999994       4.70182670E-07
  -1.03999996       2.21395993E-07
  -1.01999998       1.17885372E-06
  -1.00000000       6.38736594E-07
 -0.980000019       3.44057980E-06
 -0.960000038       4.57785882E-06
 -0.940000057       1.20110699E-05
 -0.920000076       2.97187544E-05
 -0.899999976       5.18206980E-05
 -0.879999995       1.50300868E-04
 -0.860000014       2.49070756E-04
 -0.840000033       6.23463420E-04
 -0.820000052       1.14010077E-03
 -0.800000072       2.28222064E-03
 -0.779999971       4.46370151E-03
 -0.759999990       7.84213562E-03
 -0.740000010       1.46260839E-02
 -0.720000029       2.50456315E-02
 -0.700000048       4.19592261E-02
 -0.680000067       7.00826794E-02
 -0.660000086      0.110127203    
 -0.639999986      0.170198217    
 -0.620000005      0.257762909    
 -0.600000024      0.372901320    
 -0.580000043      0.526833117    
 -0.560000062      0.728234708    
 -0.540000081      0.968660235    
 -0.519999981       1.24969077    
 -0.500000000       1.57701921    
 -0.480000019       1.92838097    
 -0.460000038       2.27718019    
 -0.440000057       2.61745644    
 -0.420000076       2.93407345    
 -0.400000095       3.18661022    
 -0.379999995       3.34588599    
 -0.360000014       3.41411662    
 -0.340000033       3.39709520    
 -0.320000052       3.28620672    
 -0.300000072       3.07516050    
 -0.280000091       2.78253555    
 -0.259999990       2.44449902    
 -0.240000010       2.09593272    
 -0.220000029       1.75742304    
 -0.200000048       1.43434501    
 -0.180000067       1.12678599    
 -0.160000086      0.839410663    
 -0.139999986      0.593147993    
 -0.120000005      0.413903385    
 -0.100000024      0.310509473    
  -8.00000429E-02  0.255538940    
  -6.00000620E-02  0.199809805    
  -4.00000811E-02  0.119687907    
  -2.00001001E-02   3.45790274E-02
   0.00000000       3.02809611E-04
   1.99999809E-02   1.96292444E-06
   3.99999619E-02   5.36457208E-07
   5.99999428E-02   2.65283688E-06
   7.99999237E-02   2.74700210E-06
   9.99999046E-02   5.01056638E-06
  0.119999886       5.88288549E-06
  0.139999866       8.15666863E-06
  0.159999847       9.49333480E-06
  0.180000067       1.12841208E-05
  0.200000048       1.26025298E-05
  0.220000029       1.34560778E-05
  0.240000010       1.44164660E-05
  0.259999990       1.44358301E-05
  0.279999971       1.43130974E-05
  0.299999952       1.34883794E-05
  0.319999933       1.23164536E-05
  0.339999914       1.12615326E-05
  0.359999895       9.75417879E-06
  0.379999876       8.35269475E-06
  0.399999857       7.33588149E-06
  0.419999838       6.23708593E-06
  0.440000057       5.38232689E-06
  0.460000038       4.82017458E-06
  0.480000019       4.25432745E-06
  0.500000000       3.80252550E-06
  0.519999981       3.37013375E-06
  0.539999962       3.11180065E-06
  0.559999943       2.76136848E-06
  0.579999924       2.48066658E-06
  0.599999905       2.20200695E-06
  0.619999886       2.04856974E-06
  0.639999866       1.83752286E-06
  0.659999847       1.65934148E-06
  0.679999828       1.46377283E-06
  0.700000048       1.31515696E-06
  0.720000029       1.22837821E-06
  0.740000010       1.11045802E-06
  0.759999990       9.98130758E-07
  0.779999971       8.88443935E-07
  0.799999952       7.65633558E-07
  0.819999933       6.73805744E-07
  0.839999914       6.20974447E-07
  0.859999895       5.74047874E-07
  0.879999876       5.20632909E-07
  0.899999857       4.66445812E-07
  0.919999838       4.11417432E-07
  0.939999819       3.51632366E-07
  0.960000038       2.87793682E-07
  0.980000019       2.25645437E-07
   1.00000000       1.71238327E-07
   1.01999998       1.27135849E-07
   1.03999996       9.31680333E-08
   1.05999994       6.76848799E-08
   1.07999992       4.87923515E-08
   1.09999990       3.49775320E-08
   1.11999989       2.50337955E-08
   1.13999987       1.79672970E-08
   1.15999985       1.29722553E-08
   1.17999983       9.42500744E-09
   1.19999981       6.90438817E-09
   1.22000003       5.15153298E-09
   1.24000001       3.91464772E-09
   1.25999999       3.01707126E-09
   1.27999997       2.34737674E-09
   1.29999995       1.85675153E-09
   1.31999993       1.50358315E-09
   1.33999991       1.24001742E-09
   1.35999990       1.04122122E-09
   1.37999988       8.89900653E-10
   1.39999986       7.73093589E-10
   1.41999984       6.70366096E-10
   1.43999982       5.85298199E-10
   1.46000004       5.19982390E-10
   1.48000002       4.66711558E-10
   1.50000000       4.20656399E-10
   1.51999998       3.84890647E-10
   1.53999996       3.57797958E-10
   1.55999994       3.33956141E-10
   1.57999992       3.13362808E-10
   1.59999990       2.93382763E-10
   1.61999989       2.81082435E-10
   1.63999987       2.66254019E-10
   1.65999985       2.52143251E-10
   1.67999983       2.41775294E-10
   1.69999981       2.32452779E-10
   1.72000003       2.27363697E-10
   1.74000001       2.21117888E-10
   1.75999999       2.14018789E-10
   1.77999997       2.01606815E-10
   1.79999995       1.96908170E-10
   1.81999993       1.95745975E-10
   1.83999991       1.89873145E-10
   1.85999990       1.89487606E-10
   1.87999988       1.87977731E-10
   1.89999986       1.89508520E-10
   1.91999984       1.86971938E-10
   1.93999982       1.86448232E-10
   1.95999980       1.90050226E-10
   1.98000002       1.92181784E-10
   2.00000000       1.98603509E-10
   2.01999998       1.98431646E-10
   2.03999996       2.01459016E-10
   2.05999994       2.12448920E-10
   2.07999992       2.26512420E-10
   2.09999990       2.45201165E-10
   2.11999989       2.57162236E-10
   2.13999987       2.68384370E-10
   2.15999985       2.76943163E-10
   2.17999983       2.81042134E-10
   2.19999981       2.81204088E-10
   2.21999979       2.75230644E-10
   2.23999977       2.71658390E-10
   2.25999975       2.64052058E-10
   2.27999973       2.65762384E-10
   2.29999971       2.75489603E-10
   2.31999969       2.84454876E-10
   2.33999968       2.85811291E-10
   2.36000013       2.76117823E-10
   2.38000011       2.65038241E-10
   2.40000010       2.51951932E-10
   2.42000008       2.50541671E-10
   2.44000006       2.53042781E-10
   2.46000004       2.52920435E-10
   2.48000002       2.46745485E-10
   2.50000000       2.38326497E-10
   2.51999998       2.42026427E-10
   2.53999996       2.39533698E-10
   2.55999994       2.24969279E-10
   2.57999992       2.14461254E-10
   2.59999990       2.18604607E-10
   2.61999989       2.20154686E-10
   2.63999987       1.97753161E-10
   2.65999985       1.92392755E-10
   2.67999983       1.98027955E-10
   2.69999981       1.84420090E-10
   2.71999979       1.70115491E-10
   2.73999977       1.74457060E-10
   2.75999975       1.60370786E-10
   2.77999973       1.48250717E-10
   2.79999971       1.48306922E-10
   2.81999969       1.24470767E-10
   2.83999968       1.20515195E-10
   2.85999966       1.18821550E-10
   2.88000011       1.00973126E-10
   2.90000010       1.03242553E-10
   2.92000008       8.76127157E-11
   2.94000006       7.53605373E-11
   2.96000004       6.60069360E-11
   2.98000002       5.34966793E-11
   3.00000000       5.22591206E-11
   3.01999998       3.66373355E-11
   3.03999996       3.38197005E-11
   3.05999994       2.31502578E-11
   3.07999992       2.12546491E-11
   3.09999990       8.98183351E-12
