  -2.00000000       5.32713075E-11
  -1.98000002       1.76936053E-11
  -1.96000004       7.90155996E-11
  -1.94000006       4.82505910E-11
  -1.91999996       9.47702333E-11
  -1.89999998       8.70697264E-11
  -1.88000000       1.15624725E-10
  -1.86000001       1.42393847E-10
  -1.84000003       1.09236911E-10
  -1.82000005       2.16799162E-10
  -1.79999995       1.88085270E-10
  -1.77999997       2.67011580E-10
  -1.75999999       2.68634004E-10
  -1.74000001       2.60499289E-10
  -1.72000003       3.57808616E-10
  -1.70000005       3.57188723E-10
  -1.68000007       4.37431841E-10
  -1.65999997       5.18047938E-10
  -1.63999999       5.41101997E-10
  -1.62000000       7.10118575E-10
  -1.60000002       7.28809235E-10
  -1.58000004       8.36152481E-10
  -1.55999994       8.78511708E-10
  -1.53999996       9.19770371E-10
  -1.51999998       1.21487365E-09
  -1.50000000       1.15433574E-09
  -1.48000002       1.68224867E-09
  -1.46000004       1.88787164E-09
  -1.44000006       2.33881048E-09
  -1.42000008       2.81311285E-09
  -1.40000010       3.26665228E-09
  -1.38000000       4.15696810E-09
  -1.36000001       4.84106355E-09
  -1.34000003       6.03496897E-09
  -1.31999993       7.55867902E-09
  -1.29999995       9.60982582E-09
  -1.27999997       1.27826150E-08
  -1.25999999       1.80977828E-08
  -1.24000001       2.38180693E-08
  -1.22000003       3.19673141E-08
  -1.20000005       3.98473716E-08
  -1.18000007       5.90818630E-08
  -1.16000009       7.09146946E-08
  -1.14000010       1.16889936E-07
  -1.12000000       1.13397789E-07
  -1.10000002       2.43774480E-07
  -1.08000004       1.51360780E-07
  -1.05999994       5.63485742E-07
  -1.03999996       1.20349483E-07
  -1.01999998       1.45276101E-06
  -1.00000000       1.61488316E-07
 -0.980000019       4.30815908E-06
 -0.960000038       2.81548091E-06
 -0.940000057       1.43767957E-05
 -0.920000076       2.47190765E-05
 -0.899999976       5.54702710E-05
 -0.879999995       1.40539414E-04
 -0.860000014       2.43521936E-04
 -0.840000033       6.11655298E-04
 -0.820000052       1.08756113E-03
 -0.800000072       2.25260179E-03
 -0.779999971       4.30788007E-03
 -0.759999990       7.64865987E-03
 -0.740000010       1.43011156E-02
 -0.720000029       2.43428703E-02
 -0.700000048       4.10750434E-02
 -0.680000067       6.85438216E-02
 -0.660000086      0.107629560    
 -0.639999986      0.166976556    
 -0.620000005      0.252897710    
 -0.600000024      0.365976214    
 -0.580000043      0.518340409    
 -0.560000062      0.717235446    
 -0.540000081      0.954566598    
 -0.519999981       1.23372793    
 -0.500000000       1.55946493    
 -0.480000019       1.90876579    
 -0.460000038       2.25693464    
 -0.440000057       2.59880996    
 -0.420000076       2.91777825    
 -0.400000095       3.17302275    
 -0.379999995       3.33652258    
 -0.360000014       3.41051388    
 -0.340000033       3.39948583    
 -0.320000052       3.29384136    
 -0.300000072       3.08719945    
 -0.280000091       2.79819083    
 -0.259999990       2.46268559    
 -0.240000010       2.11547470    
 -0.220000029       1.77721977    
 -0.200000048       1.45340824    
 -0.180000067       1.14399767    
 -0.160000086      0.853656590    
 -0.139999986      0.604045689    
 -0.120000005      0.422183663    
 -0.100000024      0.317646384    
  -8.00000429E-02  0.262404144    
  -6.00000620E-02  0.205789268    
  -4.00000811E-02  0.123505086    
  -2.00001001E-02   3.56966853E-02
   0.00000000       3.19759274E-04
   1.99999809E-02   1.20282687E-06
   3.99999619E-02   1.20544826E-06
   5.99999428E-02   2.24146788E-06
   7.99999237E-02   2.97349925E-06
   9.99999046E-02   4.80578592E-06
  0.119999886       5.80829146E-06
  0.139999866       7.97785560E-06
  0.159999847       9.17970920E-06
  0.180000067       1.12125299E-05
  0.200000048       1.23789978E-05
  0.220000029       1.34891297E-05
  0.240000010       1.41848977E-05
  0.259999990       1.42367098E-05
  0.279999971       1.42837089E-05
  0.299999952       1.35044720E-05
  0.319999933       1.23763693E-05
  0.339999914       1.12392017E-05
  0.359999895       9.87443127E-06
  0.379999876       8.50516517E-06
  0.399999857       7.36314678E-06
  0.419999838       6.36356299E-06
  0.440000057       5.46433785E-06
  0.460000038       4.87689795E-06
  0.480000019       4.31878061E-06
  0.500000000       3.83194583E-06
  0.519999981       3.46612751E-06
  0.539999962       3.10650967E-06
  0.559999943       2.82689462E-06
  0.579999924       2.50288713E-06
  0.599999905       2.27576879E-06
  0.619999886       2.04967182E-06
  0.639999866       1.87233854E-06
  0.659999847       1.69175587E-06
  0.679999828       1.49575010E-06
  0.700000048       1.36582219E-06
  0.720000029       1.22684673E-06
  0.740000010       1.12670250E-06
  0.759999990       1.03256752E-06
  0.779999971       9.04528918E-07
  0.799999952       7.95344135E-07
  0.819999933       7.12199324E-07
  0.839999914       6.33785191E-07
  0.859999895       5.71402779E-07
  0.879999876       5.29377360E-07
  0.899999857       4.87503542E-07
  0.919999838       4.31745860E-07
  0.939999819       3.66641927E-07
  0.960000038       3.01831079E-07
  0.980000019       2.42836904E-07
   1.00000000       1.91060792E-07
   1.01999998       1.46573257E-07
   1.03999996       1.09628054E-07
   1.05999994       8.01555089E-08
   1.07999992       5.75688190E-08
   1.09999990       4.08505869E-08
   1.11999989       2.88872393E-08
   1.13999987       2.04983372E-08
   1.15999985       1.46386858E-08
   1.17999983       1.05218678E-08
   1.19999981       7.63002816E-09
   1.22000003       5.63920244E-09
   1.24000001       4.25384705E-09
   1.25999999       3.24447180E-09
   1.27999997       2.49429055E-09
   1.29999995       1.95196770E-09
   1.31999993       1.56848401E-09
   1.33999991       1.28756050E-09
   1.35999990       1.07523945E-09
   1.37999988       9.12253773E-10
   1.39999986       7.83760057E-10
   1.41999984       6.77570888E-10
   1.43999982       5.86623639E-10
   1.46000004       5.18128040E-10
   1.48000002       4.63499017E-10
   1.50000000       4.13658330E-10
   1.51999998       3.73628323E-10
   1.53999996       3.42631340E-10
   1.55999994       3.20033611E-10
   1.57999992       3.02085690E-10
   1.59999990       2.84034601E-10
   1.61999989       2.69000155E-10
   1.63999987       2.52279336E-10
   1.65999985       2.36486275E-10
   1.67999983       2.23936286E-10
   1.69999981       2.15976154E-10
   1.72000003       2.12742074E-10
   1.74000001       2.10247764E-10
   1.75999999       2.01305694E-10
   1.77999997       1.88417171E-10
   1.79999995       1.84229798E-10
   1.81999993       1.82427490E-10
   1.83999991       1.77212800E-10
   1.85999990       1.76019477E-10
   1.87999988       1.76569398E-10
   1.89999986       1.74259274E-10
   1.91999984       1.72322656E-10
   1.93999982       1.72999726E-10
   1.95999980       1.78950577E-10
   1.98000002       1.83128943E-10
   2.00000000       1.86602234E-10
   2.01999998       1.87843782E-10
   2.03999996       1.91031899E-10
   2.05999994       2.03917591E-10
   2.07999992       2.20091473E-10
   2.09999990       2.38364606E-10
   2.11999989       2.51217769E-10
   2.13999987       2.60234112E-10
   2.15999985       2.69259698E-10
   2.17999983       2.70898581E-10
   2.19999981       2.71002332E-10
   2.21999979       2.68544353E-10
   2.23999977       2.66938166E-10
   2.25999975       2.62882133E-10
   2.27999973       2.64533229E-10
   2.29999971       2.78189305E-10
   2.31999969       2.89033575E-10
   2.33999968       2.85579366E-10
   2.36000013       2.74704315E-10
   2.38000011       2.66602657E-10
   2.40000010       2.60465927E-10
   2.42000008       2.64454625E-10
   2.44000006       2.69861494E-10
   2.46000004       2.65096028E-10
   2.48000002       2.58239125E-10
   2.50000000       2.53170318E-10
   2.51999998       2.54838484E-10
   2.53999996       2.50665350E-10
   2.55999994       2.37226933E-10
   2.57999992       2.39165021E-10
   2.59999990       2.44791659E-10
   2.61999989       2.38342152E-10
   2.63999987       2.20205479E-10
   2.65999985       2.21219917E-10
   2.67999983       2.22386234E-10
   2.69999981       2.05907166E-10
   2.71999979       2.02264608E-10
   2.73999977       2.01482678E-10
   2.75999975       1.80268606E-10
   2.77999973       1.72504760E-10
   2.79999971       1.71365755E-10
   2.81999969       1.50539567E-10
   2.83999968       1.55680663E-10
   2.85999966       1.45357865E-10
   2.88000011       1.22538729E-10
   2.90000010       1.23618546E-10
   2.92000008       1.03976300E-10
   2.94000006       9.92882859E-11
   2.96000004       8.59554858E-11
   2.98000002       7.44855774E-11
   3.00000000       7.07122486E-11
   3.01999998       5.49060554E-11
   3.03999996       5.06700445E-11
   3.05999994       3.69108147E-11
   3.07999992       3.44921834E-11
   3.09999990       7.93778758E-12
