  -2.00000000       2.47350109E-11
  -1.98000002       6.94760915E-12
  -1.96000004       6.94257889E-12
  -1.94000006       3.86824010E-11
  -1.91999996       1.57133039E-11
  -1.89999998       7.73189152E-11
  -1.88000000       5.10511702E-11
  -1.86000001       8.96850649E-11
  -1.84000003       1.21634466E-10
  -1.82000005       1.10181281E-10
  -1.79999995       1.84454230E-10
  -1.77999997       1.69852105E-10
  -1.75999999       2.43924020E-10
  -1.74000001       2.81580370E-10
  -1.72000003       2.56455357E-10
  -1.70000005       4.27708174E-10
  -1.68000007       4.19051988E-10
  -1.65999997       5.48959544E-10
  -1.63999999       5.91892535E-10
  -1.62000000       6.30722363E-10
  -1.60000002       7.98583144E-10
  -1.58000004       7.98923205E-10
  -1.55999994       8.99521513E-10
  -1.53999996       9.84023418E-10
  -1.51999998       1.22065580E-09
  -1.50000000       1.75308001E-09
  -1.48000002       1.99281835E-09
  -1.46000004       2.59248223E-09
  -1.44000006       2.93268188E-09
  -1.42000008       3.75599640E-09
  -1.40000010       4.55240690E-09
  -1.38000000       5.61640823E-09
  -1.36000001       7.31353067E-09
  -1.34000003       8.93911078E-09
  -1.31999993       1.14972973E-08
  -1.29999995       1.57357736E-08
  -1.27999997       2.20366569E-08
  -1.25999999       2.97621128E-08
  -1.24000001       3.88801844E-08
  -1.22000003       5.08071416E-08
  -1.20000005       7.03180945E-08
  -1.18000007       9.22973129E-08
  -1.16000009       1.30000259E-07
  -1.14000010       1.58293091E-07
  -1.12000000       2.37590896E-07
  -1.10000002       2.58067445E-07
  -1.08000004       4.29812047E-07
  -1.05999994       3.90723613E-07
  -1.03999996       7.47505396E-07
  -1.01999998       7.57964017E-07
  -1.00000000       1.26418286E-06
 -0.980000019       2.97438328E-06
 -0.960000038       2.82318661E-06
 -0.940000057       1.47959017E-05
 -0.920000076       1.48395420E-05
 -0.899999976       6.46700792E-05
 -0.879999995       9.85817896E-05
 -0.860000014       2.50104931E-04
 -0.840000033       5.19735389E-04
 -0.820000052       9.62013670E-04
 -0.800000072       2.09875731E-03
 -0.779999971       3.72830336E-03
 -0.759999990       7.05680205E-03
 -0.740000010       1.29467035E-02
 -0.720000029       2.18920037E-02
 -0.700000048       3.79245803E-02
 -0.680000067       6.25938103E-02
 -0.660000086       9.87044573E-02
 -0.639999986      0.155128375    
 -0.620000005      0.234411329    
 -0.600000024      0.340514123    
 -0.580000043      0.486787558    
 -0.560000062      0.675373793    
 -0.540000081      0.901466131    
 -0.519999981       1.17367363    
 -0.500000000       1.49221706    
 -0.480000019       1.83304822    
 -0.460000038       2.17903471    
 -0.440000057       2.52632666    
 -0.420000076       2.85312390    
 -0.400000095       3.11819744    
 -0.379999995       3.29784966    
 -0.360000014       3.39386010    
 -0.340000033       3.40561152    
 -0.320000052       3.32039237    
 -0.300000072       3.13124180    
 -0.280000091       2.85686970    
 -0.259999990       2.53183031    
 -0.240000010       2.19051170    
 -0.220000029       1.85405898    
 -0.200000048       1.52805853    
 -0.180000067       1.21192825    
 -0.160000086      0.910146594    
 -0.139999986      0.647338986    
 -0.120000005      0.455275685    
 -0.100000024      0.346444309    
  -8.00000429E-02  0.290483654    
  -6.00000620E-02  0.230452746    
  -4.00000811E-02  0.139275759    
  -2.00001001E-02   4.03790399E-02
   0.00000000       3.62669613E-04
   1.99999809E-02   1.08738345E-06
   3.99999619E-02   1.47480205E-06
   5.99999428E-02   1.68446752E-06
   7.99999237E-02   3.23434733E-06
   9.99999046E-02   3.99342707E-06
  0.119999886       6.04423894E-06
  0.139999866       7.04697959E-06
  0.159999847       9.12627274E-06
  0.180000067       1.01852193E-05
  0.200000048       1.17727523E-05
  0.220000029       1.28295360E-05
  0.240000010       1.35761147E-05
  0.259999990       1.41368755E-05
  0.279999971       1.37431380E-05
  0.299999952       1.33591420E-05
  0.319999933       1.25822689E-05
  0.339999914       1.13813985E-05
  0.359999895       1.01699161E-05
  0.379999876       8.90767114E-06
  0.399999857       7.71758914E-06
  0.419999838       6.68235862E-06
  0.440000057       5.84977579E-06
  0.460000038       5.09095662E-06
  0.480000019       4.51529058E-06
  0.500000000       4.10873690E-06
  0.519999981       3.61497223E-06
  0.539999962       3.28427495E-06
  0.559999943       2.95257269E-06
  0.579999924       2.71134741E-06
  0.599999905       2.40086229E-06
  0.619999886       2.18509695E-06
  0.639999866       1.96140331E-06
  0.659999847       1.82691383E-06
  0.679999828       1.63281129E-06
  0.700000048       1.47086178E-06
  0.720000029       1.32309310E-06
  0.740000010       1.19064680E-06
  0.759999990       1.11389920E-06
  0.779999971       1.01125102E-06
  0.799999952       8.98123403E-07
  0.819999933       8.04277704E-07
  0.839999914       7.06975186E-07
  0.859999895       6.21006620E-07
  0.879999876       5.69191855E-07
  0.899999857       5.32638353E-07
  0.919999838       4.87372176E-07
  0.939999819       4.33307264E-07
  0.960000038       3.77704907E-07
  0.980000019       3.22586175E-07
   1.00000000       2.67629758E-07
   1.01999998       2.14160067E-07
   1.03999996       1.65268887E-07
   1.05999994       1.23813891E-07
   1.07999992       9.08367923E-08
   1.09999990       6.58245085E-08
   1.11999989       4.74126125E-08
   1.13999987       3.40665345E-08
   1.15999985       2.45321274E-08
   1.17999983       1.77385679E-08
   1.19999981       1.28720528E-08
   1.22000003       9.42663192E-09
   1.24000001       6.97549174E-09
   1.25999999       5.20073939E-09
   1.27999997       3.94705113E-09
   1.29999995       3.03666270E-09
   1.31999993       2.36549735E-09
   1.33999991       1.88152049E-09
   1.35999990       1.53329949E-09
   1.37999988       1.27646216E-09
   1.39999986       1.07793285E-09
   1.41999984       9.22120658E-10
   1.43999982       7.90401966E-10
   1.46000004       6.81350698E-10
   1.48000002       5.93625427E-10
   1.50000000       5.21563626E-10
   1.51999998       4.64709604E-10
   1.53999996       4.25535857E-10
   1.55999994       3.93459210E-10
   1.57999992       3.65248803E-10
   1.59999990       3.41727119E-10
   1.61999989       3.17948751E-10
   1.63999987       2.98609470E-10
   1.65999985       2.76937862E-10
   1.67999983       2.62583733E-10
   1.69999981       2.52312282E-10
   1.72000003       2.45617582E-10
   1.74000001       2.41357323E-10
   1.75999999       2.32191141E-10
   1.77999997       2.25749225E-10
   1.79999995       2.14616769E-10
   1.81999993       2.09976578E-10
   1.83999991       2.06036285E-10
   1.85999990       2.03203204E-10
   1.87999988       2.04190331E-10
   1.89999986       1.99799233E-10
   1.91999984       2.01856198E-10
   1.93999982       2.02986225E-10
   1.95999980       2.09374337E-10
   1.98000002       2.11328441E-10
   2.00000000       2.11101178E-10
   2.01999998       2.19715995E-10
   2.03999996       2.29093730E-10
   2.05999994       2.47811716E-10
   2.07999992       2.66143829E-10
   2.09999990       2.79442358E-10
   2.11999989       2.88275487E-10
   2.13999987       2.90633684E-10
   2.15999985       2.94212321E-10
   2.17999983       2.90547086E-10
   2.19999981       2.83398111E-10
   2.21999979       2.78149254E-10
   2.23999977       2.81439982E-10
   2.25999975       2.93820912E-10
   2.27999973       3.00216851E-10
   2.29999971       3.04533870E-10
   2.31999969       3.05008685E-10
   2.33999968       2.95249158E-10
   2.36000013       2.85025670E-10
   2.38000011       2.85904245E-10
   2.40000010       2.93535141E-10
   2.42000008       2.89862523E-10
   2.44000006       2.78125412E-10
   2.46000004       2.65912015E-10
   2.48000002       2.71437983E-10
   2.50000000       2.77654261E-10
   2.51999998       2.66497296E-10
   2.53999996       2.53188276E-10
   2.55999994       2.53825433E-10
   2.57999992       2.62032174E-10
   2.59999990       2.47190435E-10
   2.61999989       2.32604547E-10
   2.63999987       2.39901266E-10
   2.65999985       2.32904890E-10
   2.67999983       2.09451290E-10
   2.69999981       2.10789552E-10
   2.71999979       2.21601792E-10
   2.73999977       1.99471217E-10
   2.75999975       1.96623565E-10
   2.77999973       1.91697894E-10
   2.79999971       1.66292077E-10
   2.81999969       1.71174269E-10
   2.83999968       1.62411667E-10
   2.85999966       1.45824269E-10
   2.88000011       1.42173717E-10
   2.90000010       1.17730187E-10
   2.92000008       1.17816437E-10
   2.94000006       1.10574688E-10
   2.96000004       9.69638814E-11
   2.98000002       8.83563292E-11
   3.00000000       7.06814399E-11
   3.01999998       7.27013935E-11
   3.03999996       5.85490198E-11
   3.05999994       5.57880200E-11
   3.07999992       3.50745127E-11
   3.09999990       5.57700691E-11
