  -2.00000000       8.84837481E-11
  -1.98000002       2.92919300E-11
  -1.96000004       1.17912666E-10
  -1.94000006       8.51735349E-11
  -1.91999996       1.31931188E-10
  -1.89999998       1.38407980E-10
  -1.88000000       1.72589359E-10
  -1.86000001       2.38179365E-10
  -1.84000003       1.99411779E-10
  -1.82000005       3.36084410E-10
  -1.79999995       2.80584084E-10
  -1.77999997       3.82026827E-10
  -1.75999999       4.15848744E-10
  -1.74000001       4.84444929E-10
  -1.72000003       6.47535359E-10
  -1.70000005       6.35241137E-10
  -1.68000007       7.40356110E-10
  -1.65999997       8.44335157E-10
  -1.63999999       8.62266869E-10
  -1.62000000       1.03219233E-09
  -1.60000002       1.00643516E-09
  -1.58000004       1.23450938E-09
  -1.55999994       1.56372826E-09
  -1.53999996       1.84387972E-09
  -1.51999998       2.51782994E-09
  -1.50000000       2.58060728E-09
  -1.48000002       3.54601415E-09
  -1.46000004       4.08130374E-09
  -1.44000006       5.15153253E-09
  -1.42000008       6.33461728E-09
  -1.40000010       7.70604025E-09
  -1.38000000       9.91153826E-09
  -1.36000001       1.23269697E-08
  -1.34000003       1.71293770E-08
  -1.31999993       2.37050592E-08
  -1.29999995       3.15819371E-08
  -1.27999997       4.06450908E-08
  -1.25999999       5.36368070E-08
  -1.24000001       7.20517690E-08
  -1.22000003       9.90957219E-08
  -1.20000005       1.28741092E-07
  -1.18000007       1.74518874E-07
  -1.16000009       2.15745587E-07
  -1.14000010       3.01888520E-07
  -1.12000000       3.41508496E-07
  -1.10000002       4.90629191E-07
  -1.08000004       4.82219264E-07
  -1.05999994       7.16557963E-07
  -1.03999996       7.27635381E-07
  -1.01999998       8.19871332E-07
  -1.00000000       1.85362433E-06
 -0.980000019       6.11731082E-07
 -0.960000038       7.09558162E-06
 -0.940000057       3.75781201E-06
 -0.920000076       2.56955482E-05
 -0.899999976       3.97793410E-05
 -0.879999995       8.98155704E-05
 -0.860000014       2.28828401E-04
 -0.840000033       3.83229810E-04
 -0.820000052       9.12577787E-04
 -0.800000072       1.71241001E-03
 -0.779999971       3.17974738E-03
 -0.759999990       6.28765952E-03
 -0.740000010       1.09193679E-02
 -0.720000029       1.92248970E-02
 -0.700000048       3.35480906E-02
 -0.680000067       5.44933081E-02
 -0.660000086       8.77969563E-02
 -0.639999986      0.138989866    
 -0.620000005      0.209170520    
 -0.600000024      0.307438910    
 -0.580000043      0.443997353    
 -0.560000062      0.617026508    
 -0.540000081      0.829154849    
 -0.519999981       1.09113288    
 -0.500000000       1.39660895    
 -0.480000019       1.72481930    
 -0.460000038       2.06781483    
 -0.440000057       2.42060947    
 -0.420000076       2.75531363    
 -0.400000095       3.03310275    
 -0.379999995       3.23544312    
 -0.360000014       3.36204052    
 -0.340000033       3.40582252    
 -0.320000052       3.35015392    
 -0.300000072       3.18771148    
 -0.280000091       2.93603849    
 -0.259999990       2.62793756    
 -0.240000010       2.29711699    
 -0.220000029       1.96547210    
 -0.200000048       1.63843691    
 -0.180000067       1.31378615    
 -0.160000086      0.995634735    
 -0.139999986      0.713143110    
 -0.120000005      0.506011605    
 -0.100000024      0.391638666    
  -8.00000429E-02  0.335604668    
  -6.00000620E-02  0.270760626    
  -4.00000811E-02  0.165229633    
  -2.00001001E-02   4.81050052E-02
   0.00000000       4.41400160E-04
   1.99999809E-02   2.45084749E-07
   3.99999619E-02   2.16758713E-06
   5.99999428E-02   1.18172238E-06
   7.99999237E-02   3.07513096E-06
   9.99999046E-02   3.67343273E-06
  0.119999886       5.32976719E-06
  0.139999866       6.67962740E-06
  0.159999847       8.03504008E-06
  0.180000067       9.65551590E-06
  0.200000048       1.06502939E-05
  0.220000029       1.21196035E-05
  0.240000010       1.27725798E-05
  0.259999990       1.33939084E-05
  0.279999971       1.34129905E-05
  0.299999952       1.30022963E-05
  0.319999933       1.25840916E-05
  0.339999914       1.16124102E-05
  0.359999895       1.04678120E-05
  0.379999876       9.36683227E-06
  0.399999857       8.23835035E-06
  0.419999838       7.15999522E-06
  0.440000057       6.27279815E-06
  0.460000038       5.52346182E-06
  0.480000019       4.85117471E-06
  0.500000000       4.38460165E-06
  0.519999981       3.89915158E-06
  0.539999962       3.53333326E-06
  0.559999943       3.21232778E-06
  0.579999924       2.88026467E-06
  0.599999905       2.62446792E-06
  0.619999886       2.38129815E-06
  0.639999866       2.17827164E-06
  0.659999847       1.95748521E-06
  0.679999828       1.77386994E-06
  0.700000048       1.63972982E-06
  0.720000029       1.48473657E-06
  0.740000010       1.36389201E-06
  0.759999990       1.20751042E-06
  0.779999971       1.09575717E-06
  0.799999952       1.02056754E-06
  0.819999933       9.26840528E-07
  0.839999914       8.45784257E-07
  0.859999895       7.62203342E-07
  0.879999876       6.62678531E-07
  0.899999857       5.83259009E-07
  0.919999838       5.35557319E-07
  0.939999819       4.96802556E-07
  0.960000038       4.54142480E-07
  0.980000019       4.10591724E-07
   1.00000000       3.67657492E-07
   1.01999998       3.21327605E-07
   1.03999996       2.69942262E-07
   1.05999994       2.17269644E-07
   1.07999992       1.68685332E-07
   1.09999990       1.27575959E-07
   1.11999989       9.48466266E-08
   1.13999987       6.97386469E-08
   1.15999985       5.08237115E-08
   1.17999983       3.68467923E-08
   1.19999981       2.66794569E-08
   1.22000003       1.92560456E-08
   1.24000001       1.38751375E-08
   1.25999999       1.00487334E-08
   1.27999997       7.33504635E-09
   1.29999995       5.42851808E-09
   1.31999993       4.07914369E-09
   1.33999991       3.10045589E-09
   1.35999990       2.38184161E-09
   1.37999988       1.86859217E-09
   1.39999986       1.50095036E-09
   1.41999984       1.22502386E-09
   1.43999982       1.01672215E-09
   1.46000004       8.52171222E-10
   1.48000002       7.22550630E-10
   1.50000000       6.20511309E-10
   1.51999998       5.36520384E-10
   1.53999996       4.64769834E-10
   1.55999994       4.09247886E-10
   1.57999992       3.67946146E-10
   1.59999990       3.29880401E-10
   1.61999989       2.98798153E-10
   1.63999987       2.72660894E-10
   1.65999985       2.53907728E-10
   1.67999983       2.38776970E-10
   1.69999981       2.23907115E-10
   1.72000003       2.11813900E-10
   1.74000001       2.02028311E-10
   1.75999999       1.95911148E-10
   1.77999997       1.91112751E-10
   1.79999995       1.88465799E-10
   1.81999993       1.80943455E-10
   1.83999991       1.73169465E-10
   1.85999990       1.70516587E-10
   1.87999988       1.70025341E-10
   1.89999986       1.72054510E-10
   1.91999984       1.74531417E-10
   1.93999982       1.77307030E-10
   1.95999980       1.80340146E-10
   1.98000002       1.86927349E-10
   2.00000000       1.99521233E-10
   2.01999998       2.13264698E-10
   2.03999996       2.29808172E-10
   2.05999994       2.39375048E-10
   2.07999992       2.43375847E-10
   2.09999990       2.48546295E-10
   2.11999989       2.51583532E-10
   2.13999987       2.49945342E-10
   2.15999985       2.41044656E-10
   2.17999983       2.36008185E-10
   2.19999981       2.40796105E-10
   2.21999979       2.49979204E-10
   2.23999977       2.55908794E-10
   2.25999975       2.57980803E-10
   2.27999973       2.59738425E-10
   2.29999971       2.53363497E-10
   2.31999969       2.41867915E-10
   2.33999968       2.39603476E-10
   2.36000013       2.48512877E-10
   2.38000011       2.54047505E-10
   2.40000010       2.50051313E-10
   2.42000008       2.44749387E-10
   2.44000006       2.46518583E-10
   2.46000004       2.48972232E-10
   2.48000002       2.40061193E-10
   2.50000000       2.24163799E-10
   2.51999998       2.23232599E-10
   2.53999996       2.36744180E-10
   2.55999994       2.31833094E-10
   2.57999992       2.15064550E-10
   2.59999990       2.14989665E-10
   2.61999989       2.18663088E-10
   2.63999987       2.02592013E-10
   2.65999985       1.94750382E-10
   2.67999983       2.05491027E-10
   2.69999981       1.92290378E-10
   2.71999979       1.78007359E-10
   2.73999977       1.86547500E-10
   2.75999975       1.71758843E-10
   2.77999973       1.61642560E-10
   2.79999971       1.68958209E-10
   2.81999969       1.50433180E-10
   2.83999968       1.43522777E-10
   2.85999966       1.31459385E-10
   2.88000011       1.13522712E-10
   2.90000010       1.15384376E-10
   2.92000008       9.49754234E-11
   2.94000006       9.12648568E-11
   2.96000004       8.53755122E-11
   2.98000002       7.62962055E-11
   3.00000000       7.01860653E-11
   3.01999998       5.38491959E-11
   3.03999996       4.82371539E-11
   3.05999994       3.20769383E-11
   3.07999992       2.65964091E-11
   3.09999990       2.44044758E-12
