  -2.00000000       2.07625826E-11
  -1.98000002       2.17896708E-11
  -1.96000004       4.94170260E-11
  -1.94000006       2.71715220E-11
  -1.91999996       1.07638426E-10
  -1.89999998       5.98319935E-11
  -1.88000000       1.23949837E-10
  -1.86000001       1.03438647E-10
  -1.84000003       1.76712478E-10
  -1.82000005       1.81068716E-10
  -1.79999995       2.48315812E-10
  -1.77999997       3.41811079E-10
  -1.75999999       3.68620190E-10
  -1.74000001       4.47679310E-10
  -1.72000003       5.32955735E-10
  -1.70000005       5.77139225E-10
  -1.68000007       7.60171481E-10
  -1.65999997       6.93286040E-10
  -1.63999999       9.40740708E-10
  -1.62000000       1.06331566E-09
  -1.60000002       1.38172207E-09
  -1.58000004       1.80889226E-09
  -1.55999994       2.11099049E-09
  -1.53999996       2.86803958E-09
  -1.51999998       3.12862491E-09
  -1.50000000       4.36609060E-09
  -1.48000002       5.04666886E-09
  -1.46000004       6.45268194E-09
  -1.44000006       8.59593641E-09
  -1.42000008       1.07247295E-08
  -1.40000010       1.48539048E-08
  -1.38000000       1.98404351E-08
  -1.36000001       2.80141386E-08
  -1.34000003       3.71386548E-08
  -1.31999993       4.82014357E-08
  -1.29999995       6.39992166E-08
  -1.27999997       8.70795489E-08
  -1.25999999       1.16493588E-07
  -1.24000001       1.54867209E-07
  -1.22000003       1.98735364E-07
  -1.20000005       2.61609614E-07
  -1.18000007       3.22586402E-07
  -1.16000009       4.17185504E-07
  -1.14000010       4.63552084E-07
  -1.12000000       6.00476483E-07
  -1.10000002       5.67826476E-07
  -1.08000004       7.81088943E-07
  -1.05999994       6.29298938E-07
  -1.03999996       8.18344745E-07
  -1.01999998       1.08605047E-06
  -1.00000000       3.82188460E-07
 -0.980000019       3.57317595E-06
 -0.960000038       6.04971149E-07
 -0.940000057       1.06619655E-05
 -0.920000076       1.52591347E-05
 -0.899999976       2.98834384E-05
 -0.879999995       9.58026867E-05
 -0.860000014       1.44310921E-04
 -0.840000033       3.67490575E-04
 -0.820000052       7.50963110E-04
 -0.800000072       1.34416786E-03
 -0.779999971       2.84610409E-03
 -0.759999990       5.17814839E-03
 -0.740000010       9.14672762E-03
 -0.720000029       1.68171674E-02
 -0.700000048       2.84841005E-02
 -0.680000067       4.67906147E-02
 -0.660000086       7.71667138E-02
 -0.639999986      0.121351585    
 -0.620000005      0.183384776    
 -0.600000024      0.274059653    
 -0.580000043      0.397753090    
 -0.560000062      0.554165959    
 -0.540000081      0.752861559    
 -0.519999981       1.00140810    
 -0.500000000       1.28946090    
 -0.480000019       1.60356069    
 -0.460000038       1.94267893    
 -0.440000057       2.29780316    
 -0.420000076       2.63754988    
 -0.400000095       2.92803001    
 -0.379999995       3.15485096    
 -0.360000014       3.31449747    
 -0.340000033       3.39329529    
 -0.320000052       3.37180042    
 -0.300000072       3.24147177    
 -0.280000091       3.01798725    
 -0.259999990       2.73170996    
 -0.240000010       2.41584921    
 -0.220000029       2.09320807    
 -0.200000048       1.76820350    
 -0.180000067       1.43587768    
 -0.160000086       1.09914339    
 -0.139999986      0.793213725    
 -0.120000005      0.568477869    
 -0.100000024      0.448968321    
  -8.00000429E-02  0.394751966    
  -6.00000620E-02  0.324634373    
  -4.00000811E-02  0.200221196    
  -2.00001001E-02   5.86064830E-02
   0.00000000       5.27120312E-04
   1.99999809E-02   1.52958910E-06
   3.99999619E-02   1.12746716E-06
   5.99999428E-02   1.76536480E-06
   7.99999237E-02   2.24322775E-06
   9.99999046E-02   3.73028524E-06
  0.119999886       4.39240239E-06
  0.139999866       6.22852485E-06
  0.159999847       7.02168109E-06
  0.180000067       8.88772956E-06
  0.200000048       9.81326411E-06
  0.220000029       1.11933878E-05
  0.240000010       1.19952374E-05
  0.259999990       1.24004755E-05
  0.279999971       1.28906568E-05
  0.299999952       1.26495825E-05
  0.319999933       1.24394992E-05
  0.339999914       1.16685405E-05
  0.359999895       1.06444168E-05
  0.379999876       9.86686246E-06
  0.399999857       8.71346401E-06
  0.419999838       7.60329158E-06
  0.440000057       6.85117993E-06
  0.460000038       5.97042799E-06
  0.480000019       5.21615675E-06
  0.500000000       4.77327876E-06
  0.519999981       4.23490383E-06
  0.539999962       3.79718904E-06
  0.559999943       3.45832359E-06
  0.579999924       3.17406875E-06
  0.599999905       2.86752038E-06
  0.619999886       2.56154749E-06
  0.639999866       2.38204439E-06
  0.659999847       2.18418063E-06
  0.679999828       1.98482530E-06
  0.700000048       1.77812069E-06
  0.720000029       1.62776610E-06
  0.740000010       1.53046562E-06
  0.759999990       1.38828068E-06
  0.779999971       1.26815871E-06
  0.799999952       1.12309749E-06
  0.819999933       1.02190222E-06
  0.839999914       9.65670438E-07
  0.859999895       8.86969985E-07
  0.879999876       8.09456253E-07
  0.899999857       7.31132502E-07
  0.919999838       6.36762536E-07
  0.939999819       5.58420993E-07
  0.960000038       5.13222915E-07
  0.980000019       4.80779363E-07
   1.00000000       4.44700390E-07
   1.01999998       4.06348988E-07
   1.03999996       3.68219133E-07
   1.05999994       3.26771925E-07
   1.07999992       2.79645775E-07
   1.09999990       2.29556790E-07
   1.11999989       1.81606623E-07
   1.13999987       1.39931245E-07
   1.15999985       1.06101254E-07
   1.17999983       7.95325121E-08
   1.19999981       5.90218399E-08
   1.22000003       4.34859722E-08
   1.24000001       3.19229905E-08
   1.25999999       2.33776341E-08
   1.27999997       1.71162622E-08
   1.29999995       1.25640485E-08
   1.31999993       9.26980537E-09
   1.33999991       6.91868518E-09
   1.35999990       5.23662536E-09
   1.37999988       4.00425826E-09
   1.39999986       3.10117154E-09
   1.41999984       2.43704101E-09
   1.43999982       1.95582062E-09
   1.46000004       1.59980851E-09
   1.48000002       1.32564415E-09
   1.50000000       1.11405085E-09
   1.51999998       9.45362566E-10
   1.53999996       8.15183587E-10
   1.55999994       7.10625281E-10
   1.57999992       6.24561847E-10
   1.59999990       5.60430147E-10
   1.61999989       5.12184795E-10
   1.63999987       4.71440942E-10
   1.65999985       4.32248959E-10
   1.67999983       3.97193278E-10
   1.69999981       3.70015629E-10
   1.72000003       3.47808254E-10
   1.74000001       3.29964112E-10
   1.75999999       3.16845772E-10
   1.77999997       3.05499015E-10
   1.79999995       2.97852271E-10
   1.81999993       2.96117936E-10
   1.83999991       3.00250075E-10
   1.85999990       3.01978414E-10
   1.87999988       2.99207936E-10
   1.89999986       2.99046482E-10
   1.91999984       2.96608654E-10
   1.93999982       3.01157432E-10
   1.95999980       3.13406356E-10
   1.98000002       3.28987032E-10
   2.00000000       3.42200074E-10
   2.01999998       3.51211310E-10
   2.03999996       3.53501006E-10
   2.05999994       3.54711038E-10
   2.07999992       3.53418544E-10
   2.09999990       3.44517109E-10
   2.11999989       3.32693123E-10
   2.13999987       3.26894539E-10
   2.15999985       3.31272343E-10
   2.17999983       3.40281331E-10
   2.19999981       3.45024620E-10
   2.21999979       3.40534573E-10
   2.23999977       3.35167671E-10
   2.25999975       3.25419997E-10
   2.27999973       3.17572219E-10
   2.29999971       3.19386823E-10
   2.31999969       3.30882294E-10
   2.33999968       3.36348033E-10
   2.36000013       3.22848553E-10
   2.38000011       3.09546305E-10
   2.40000010       3.08787523E-10
   2.42000008       3.09605980E-10
   2.44000006       2.93916058E-10
   2.46000004       2.80620888E-10
   2.48000002       2.83862822E-10
   2.50000000       2.88746721E-10
   2.51999998       2.73352535E-10
   2.53999996       2.51825422E-10
   2.55999994       2.53836202E-10
   2.57999992       2.51653337E-10
   2.59999990       2.32430408E-10
   2.61999989       2.24112548E-10
   2.63999987       2.26797553E-10
   2.65999985       2.12010132E-10
   2.67999983       1.96442473E-10
   2.69999981       2.00915895E-10
   2.71999979       1.86947083E-10
   2.73999977       1.75474232E-10
   2.75999975       1.78298792E-10
   2.77999973       1.59754709E-10
   2.79999971       1.49434035E-10
   2.81999969       1.45340323E-10
   2.83999968       1.26580510E-10
   2.85999966       1.28101571E-10
   2.88000011       1.14383253E-10
   2.90000010       1.00434300E-10
   2.92000008       9.47492848E-11
   2.94000006       7.85733353E-11
   2.96000004       7.31345678E-11
   2.98000002       5.40256451E-11
   3.00000000       4.82101199E-11
   3.01999998       3.76341354E-11
   3.03999996       3.27048111E-11
   3.05999994       1.93217647E-11
   3.07999992       1.72728862E-11
   3.09999990       2.27140789E-12
