  -2.00000000       5.70956372E-11
  -1.98000002       4.59044573E-11
  -1.96000004       1.76250091E-11
  -1.94000006       1.31506014E-10
  -1.91999996       6.97528701E-11
  -1.89999998       1.76777037E-10
  -1.88000000       1.87544230E-10
  -1.86000001       2.34101072E-10
  -1.84000003       3.48869655E-10
  -1.82000005       3.45272699E-10
  -1.79999995       5.39625233E-10
  -1.77999997       4.97738128E-10
  -1.75999999       6.81191770E-10
  -1.74000001       7.75319642E-10
  -1.72000003       7.76463116E-10
  -1.70000005       1.01182729E-09
  -1.68000007       1.04803854E-09
  -1.65999997       1.47884616E-09
  -1.63999999       1.94287542E-09
  -1.62000000       2.29218600E-09
  -1.60000002       3.04752201E-09
  -1.58000004       3.55003116E-09
  -1.55999994       4.47478854E-09
  -1.53999996       5.69288172E-09
  -1.51999998       6.96479319E-09
  -1.50000000       9.26494259E-09
  -1.48000002       1.15565495E-08
  -1.46000004       1.58872115E-08
  -1.44000006       2.04101021E-08
  -1.42000008       2.85329946E-08
  -1.40000010       3.83915690E-08
  -1.38000000       5.08421536E-08
  -1.36000001       6.63236150E-08
  -1.34000003       8.61912142E-08
  -1.31999993       1.15419098E-07
  -1.29999995       1.51002581E-07
  -1.27999997       1.93683803E-07
  -1.25999999       2.45603871E-07
  -1.24000001       3.05893138E-07
  -1.22000003       3.76311021E-07
  -1.20000005       4.44831642E-07
  -1.18000007       5.19145829E-07
  -1.16000009       5.65569508E-07
  -1.14000010       6.40089866E-07
  -1.12000000       6.14369014E-07
  -1.10000002       7.43493615E-07
  -1.08000004       5.89876379E-07
  -1.05999994       8.19268791E-07
  -1.03999996       7.66181131E-07
  -1.01999998       5.87594457E-07
  -1.00000000       2.09332984E-06
 -0.980000019       1.36293883E-08
 -0.960000038       5.10426980E-06
 -0.940000057       5.62527975E-06
 -0.920000076       9.17039779E-06
 -0.899999976       4.00202989E-05
 -0.879999995       5.03831761E-05
 -0.860000014       1.39636395E-04
 -0.840000033       3.16751510E-04
 -0.820000052       5.37039188E-04
 -0.800000072       1.20873563E-03
 -0.779999971       2.34702276E-03
 -0.759999990       4.12406307E-03
 -0.740000010       7.91408680E-03
 -0.720000029       1.41514624E-02
 -0.700000048       2.36606430E-02
 -0.680000067       4.03125845E-02
 -0.660000086       6.65332302E-02
 -0.639999986      0.103876621    
 -0.620000005      0.159645557    
 -0.600000024      0.241571501    
 -0.580000043      0.350716799    
 -0.560000062      0.492019802    
 -0.540000081      0.677330732    
 -0.519999981      0.908944011    
 -0.500000000       1.17705917    
 -0.480000019       1.47679341    
 -0.460000038       1.80999017    
 -0.440000057       2.16292310    
 -0.420000076       2.50438833    
 -0.400000095       2.80633903    
 -0.379999995       3.05736446    
 -0.360000014       3.24971819    
 -0.340000033       3.36450505    
 -0.320000052       3.37999344    
 -0.300000072       3.28588724    
 -0.280000091       3.09510493    
 -0.259999990       2.83509898    
 -0.240000010       2.53909230    
 -0.220000029       2.23060441    
 -0.200000048       1.91218150    
 -0.180000067       1.57427919    
 -0.160000086       1.21773088    
 -0.139999986      0.885324597    
 -0.120000005      0.641286612    
 -0.100000024      0.518297434    
  -8.00000429E-02  0.468993247    
  -6.00000620E-02  0.393703699    
  -4.00000811E-02  0.245538503    
  -2.00001001E-02   7.22532272E-02
   0.00000000       6.43465086E-04
   1.99999809E-02   2.59202943E-06
   3.99999619E-02   3.96801738E-07
   5.99999428E-02   2.05198739E-06
   7.99999237E-02   1.67694157E-06
   9.99999046E-02   3.55188104E-06
  0.119999886       3.83373890E-06
  0.139999866       5.70141265E-06
  0.159999847       6.37824223E-06
  0.180000067       7.97851226E-06
  0.200000048       8.92503431E-06
  0.220000029       1.00649249E-05
  0.240000010       1.11382342E-05
  0.259999990       1.16486081E-05
  0.279999971       1.22596321E-05
  0.299999952       1.20902241E-05
  0.319999933       1.20243176E-05
  0.339999914       1.16581878E-05
  0.359999895       1.08531885E-05
  0.379999876       1.00646539E-05
  0.399999857       9.10183462E-06
  0.419999838       8.19086927E-06
  0.440000057       7.29574685E-06
  0.460000038       6.42185023E-06
  0.480000019       5.74666683E-06
  0.500000000       5.12390625E-06
  0.519999981       4.59097964E-06
  0.539999962       4.12803183E-06
  0.559999943       3.76885100E-06
  0.579999924       3.44588079E-06
  0.599999905       3.06926495E-06
  0.619999886       2.86525710E-06
  0.639999866       2.60537172E-06
  0.659999847       2.38884309E-06
  0.679999828       2.13772410E-06
  0.700000048       2.01307580E-06
  0.720000029       1.83834436E-06
  0.740000010       1.69293003E-06
  0.759999990       1.50889775E-06
  0.779999971       1.40379757E-06
  0.799999952       1.31362845E-06
  0.819999933       1.20169841E-06
  0.839999914       1.10101348E-06
  0.859999895       9.75272997E-07
  0.879999876       8.93774256E-07
  0.899999857       8.47084266E-07
  0.919999838       7.81329959E-07
  0.939999819       7.15086514E-07
  0.960000038       6.48409127E-07
  0.980000019       5.67613370E-07
   1.00000000       4.96457972E-07
   1.01999998       4.54837135E-07
   1.03999996       4.29033861E-07
   1.05999994       4.01013466E-07
   1.07999992       3.67888418E-07
   1.09999990       3.32746936E-07
   1.11999989       2.95733770E-07
   1.13999987       2.55447617E-07
   1.15999985       2.12368604E-07
   1.17999983       1.69786830E-07
   1.19999981       1.31519386E-07
   1.22000003       9.95570417E-08
   1.24000001       7.42163095E-08
   1.25999999       5.48007506E-08
   1.27999997       4.02288300E-08
   1.29999995       2.94563574E-08
   1.31999993       2.15603801E-08
   1.33999991       1.57787081E-08
   1.35999990       1.15653584E-08
   1.37999988       8.51939763E-09
   1.39999986       6.33055208E-09
   1.41999984       4.75630824E-09
   1.43999982       3.60538133E-09
   1.46000004       2.76867418E-09
   1.48000002       2.16191309E-09
   1.50000000       1.72137538E-09
   1.51999998       1.39033229E-09
   1.53999996       1.14381915E-09
   1.55999994       9.49382573E-10
   1.57999992       7.92919397E-10
   1.59999990       6.75099365E-10
   1.61999989       5.71440673E-10
   1.63999987       4.96680141E-10
   1.65999985       4.43503262E-10
   1.67999983       4.01524425E-10
   1.69999981       3.67181063E-10
   1.72000003       3.35222239E-10
   1.74000001       3.11545484E-10
   1.75999999       2.90358154E-10
   1.77999997       2.77929624E-10
   1.79999995       2.69841510E-10
   1.81999993       2.64682665E-10
   1.83999991       2.61500543E-10
   1.85999990       2.55975602E-10
   1.87999988       2.61365707E-10
   1.89999986       2.72031092E-10
   1.91999984       2.88247870E-10
   1.93999982       3.03696013E-10
   1.95999980       3.06451003E-10
   1.98000002       3.08632397E-10
   2.00000000       3.04184095E-10
   2.01999998       3.01620451E-10
   2.03999996       2.93324254E-10
   2.05999994       2.82419838E-10
   2.07999992       2.74956224E-10
   2.09999990       2.72111611E-10
   2.11999989       2.78465917E-10
   2.13999987       2.86052487E-10
   2.15999985       2.88853802E-10
   2.17999983       2.82487977E-10
   2.19999981       2.69330946E-10
   2.21999979       2.61175637E-10
   2.23999977       2.57665222E-10
   2.25999975       2.61503402E-10
   2.27999973       2.64955613E-10
   2.29999971       2.59946120E-10
   2.31999969       2.47592780E-10
   2.33999968       2.37745462E-10
   2.36000013       2.43771503E-10
   2.38000011       2.47588783E-10
   2.40000010       2.36000913E-10
   2.42000008       2.24321534E-10
   2.44000006       2.32566522E-10
   2.46000004       2.37377895E-10
   2.48000002       2.17420679E-10
   2.50000000       2.07356909E-10
   2.51999998       2.12965992E-10
   2.53999996       2.06457310E-10
   2.55999994       1.85843591E-10
   2.57999992       1.80292045E-10
   2.59999990       1.88636329E-10
   2.61999989       1.72627579E-10
   2.63999987       1.66233804E-10
   2.65999985       1.70869152E-10
   2.67999983       1.57171748E-10
   2.69999981       1.46124945E-10
   2.71999979       1.48000667E-10
   2.73999977       1.30676664E-10
   2.75999975       1.19736138E-10
   2.77999973       1.23550836E-10
   2.79999971       1.07421946E-10
   2.81999969       1.05411568E-10
   2.83999968       1.00705416E-10
   2.85999966       8.66339431E-11
   2.88000011       8.71022421E-11
   2.90000010       7.35081093E-11
   2.92000008       7.09767106E-11
   2.94000006       5.89200008E-11
   2.96000004       4.81836168E-11
   2.98000002       4.43714024E-11
   3.00000000       3.16193044E-11
   3.01999998       2.57401062E-11
   3.03999996       1.68377968E-11
   3.05999994       1.45823388E-11
   3.07999992       9.27629761E-12
   3.09999990       1.05066945E-11
