  -2.00000000       1.17324109E-10
  -1.98000002       3.90760688E-11
  -1.96000004       2.17773771E-10
  -1.94000006       1.49061555E-10
  -1.91999996       3.02506076E-10
  -1.89999998       3.28629179E-10
  -1.88000000       4.01621569E-10
  -1.86000001       5.65462177E-10
  -1.84000003       5.57925373E-10
  -1.82000005       7.89601606E-10
  -1.79999995       7.10101145E-10
  -1.77999997       9.63312763E-10
  -1.75999999       9.52803170E-10
  -1.74000001       1.08195819E-09
  -1.72000003       1.39228362E-09
  -1.70000005       1.59405067E-09
  -1.68000007       2.18881513E-09
  -1.65999997       2.60048605E-09
  -1.63999999       3.11421289E-09
  -1.62000000       4.07629974E-09
  -1.60000002       4.66774042E-09
  -1.58000004       5.98144201E-09
  -1.55999994       7.42822337E-09
  -1.53999996       9.22092802E-09
  -1.51999998       1.21946506E-08
  -1.50000000       1.52191877E-08
  -1.48000002       2.07320277E-08
  -1.46000004       2.69561244E-08
  -1.44000006       3.75648739E-08
  -1.42000008       4.83628035E-08
  -1.40000010       6.30804706E-08
  -1.38000000       8.15923684E-08
  -1.36000001       1.07518908E-07
  -1.34000003       1.42326144E-07
  -1.31999993       1.82729181E-07
  -1.29999995       2.31539246E-07
  -1.27999997       2.87572590E-07
  -1.25999999       3.52363571E-07
  -1.24000001       4.24903618E-07
  -1.22000003       4.90898458E-07
  -1.20000005       5.55939323E-07
  -1.18000007       5.96933035E-07
  -1.16000009       6.53566474E-07
  -1.14000010       6.39294399E-07
  -1.12000000       6.93426898E-07
  -1.10000002       6.37630649E-07
  -1.08000004       6.77486412E-07
  -1.05999994       8.43510975E-07
  -1.03999996       4.94034168E-07
  -1.01999998       1.53520023E-06
  -1.00000000       5.21562754E-07
 -0.980000019       1.76777928E-06
 -0.960000038       4.42046348E-06
 -0.940000057       1.28367117E-06
 -0.920000076       1.67637863E-05
 -0.899999976       2.49478908E-05
 -0.879999995       4.37462586E-05
 -0.860000014       1.43786994E-04
 -0.840000033       2.36884283E-04
 -0.820000052       4.88555466E-04
 -0.800000072       1.10991846E-03
 -0.779999971       1.95668195E-03
 -0.759999990       3.68644390E-03
 -0.740000010       7.15018157E-03
 -0.720000029       1.23562813E-02
 -0.700000048       2.10952498E-02
 -0.680000067       3.65317054E-02
 -0.660000086       5.96722923E-02
 -0.639999986       9.34865475E-02
 -0.620000005      0.145678088    
 -0.600000024      0.221062720    
 -0.580000043      0.321065694    
 -0.560000062      0.453686893    
 -0.540000081      0.629831433    
 -0.519999981      0.848969817    
 -0.500000000       1.10377586    
 -0.480000019       1.39424479    
 -0.460000038       1.72189617    
 -0.440000057       2.07102966    
 -0.420000076       2.41171718    
 -0.400000095       2.72017074    
 -0.379999995       2.98579574    
 -0.360000014       3.19828129    
 -0.340000033       3.33619642    
 -0.320000052       3.37640977    
 -0.300000072       3.30747533    
 -0.280000091       3.13966465    
 -0.259999990       2.89894390    
 -0.240000010       2.61841989    
 -0.220000029       2.32228112    
 -0.200000048       2.01111937    
 -0.180000067       1.67118847    
 -0.160000086       1.30151105    
 -0.139999986      0.950472474    
 -0.120000005      0.693461716    
 -0.100000024      0.569691241    
  -8.00000429E-02  0.525927842    
  -6.00000620E-02  0.447593987    
  -4.00000811E-02  0.281218261    
  -2.00001001E-02   8.30045640E-02
   0.00000000       7.47300684E-04
   1.99999809E-02   2.00015779E-06
   3.99999619E-02   1.29185639E-06
   5.99999428E-02   1.24989526E-06
   7.99999237E-02   2.23122925E-06
   9.99999046E-02   2.66220763E-06
  0.119999886       4.15429304E-06
  0.139999866       4.68710823E-06
  0.159999847       6.38562142E-06
  0.180000067       7.03217256E-06
  0.200000048       8.65561196E-06
  0.220000029       9.44064413E-06
  0.240000010       1.05366616E-05
  0.259999990       1.12231701E-05
  0.279999971       1.14760187E-05
  0.299999952       1.19305760E-05
  0.319999933       1.17014351E-05
  0.339999914       1.15316188E-05
  0.359999895       1.09033581E-05
  0.379999876       1.00513198E-05
  0.399999857       9.44064323E-06
  0.419999838       8.45259183E-06
  0.440000057       7.49989340E-06
  0.460000038       6.84484712E-06
  0.480000019       6.02628097E-06
  0.500000000       5.32956983E-06
  0.519999981       4.90987532E-06
  0.539999962       4.35696847E-06
  0.559999943       3.91812819E-06
  0.579999924       3.64375978E-06
  0.599999905       3.29560726E-06
  0.619999886       2.99945532E-06
  0.639999866       2.71972590E-06
  0.659999847       2.56964222E-06
  0.679999828       2.31067906E-06
  0.700000048       2.11190013E-06
  0.720000029       1.92507650E-06
  0.740000010       1.83299130E-06
  0.759999990       1.65805363E-06
  0.779999971       1.51321876E-06
  0.799999952       1.36727772E-06
  0.819999933       1.28560384E-06
  0.839999914       1.21477228E-06
  0.859999895       1.09435337E-06
  0.879999876       9.95932510E-07
  0.899999857       8.94799541E-07
  0.919999838       8.21934918E-07
  0.939999819       7.89302703E-07
  0.960000038       7.34784180E-07
  0.980000019       6.59778323E-07
   1.00000000       5.91885339E-07
   1.01999998       5.25474661E-07
   1.03999996       4.63170124E-07
   1.05999994       4.22290213E-07
   1.07999992       4.01240300E-07
   1.09999990       3.81827931E-07
   1.11999989       3.53251750E-07
   1.13999987       3.16966407E-07
   1.15999985       2.77713013E-07
   1.17999983       2.37995494E-07
   1.19999981       1.98615751E-07
   1.22000003       1.60699216E-07
   1.24000001       1.26034777E-07
   1.25999999       9.61182636E-08
   1.27999997       7.18030648E-08
   1.29999995       5.29971480E-08
   1.31999993       3.88495991E-08
   1.33999991       2.84157728E-08
   1.35999990       2.07862758E-08
   1.37999988       1.52203334E-08
   1.39999986       1.12120313E-08
   1.41999984       8.34191471E-09
   1.43999982       6.27291374E-09
   1.46000004       4.75222794E-09
   1.48000002       3.62213193E-09
   1.50000000       2.80826473E-09
   1.51999998       2.22420504E-09
   1.53999996       1.78410930E-09
   1.55999994       1.45832257E-09
   1.57999992       1.20021237E-09
   1.59999990       9.97859906E-10
   1.61999989       8.49267434E-10
   1.63999987       7.32020833E-10
   1.65999985       6.43881448E-10
   1.67999983       5.67094427E-10
   1.69999981       5.10181786E-10
   1.72000003       4.66187200E-10
   1.74000001       4.27967967E-10
   1.75999999       4.07589296E-10
   1.77999997       3.87160692E-10
   1.79999995       3.72971237E-10
   1.81999993       3.59302504E-10
   1.83999991       3.53276908E-10
   1.85999990       3.55442176E-10
   1.87999988       3.58132385E-10
   1.89999986       3.80274895E-10
   1.91999984       3.92316235E-10
   1.93999982       3.95425553E-10
   1.95999980       3.86545990E-10
   1.98000002       3.76728843E-10
   2.00000000       3.70839692E-10
   2.01999998       3.55165564E-10
   2.03999996       3.44254264E-10
   2.05999994       3.37388756E-10
   2.07999992       3.37424699E-10
   2.09999990       3.41134676E-10
   2.11999989       3.39369061E-10
   2.13999987       3.36848327E-10
   2.15999985       3.27574079E-10
   2.17999983       3.15866139E-10
   2.19999981       3.08510995E-10
   2.21999979       3.06756093E-10
   2.23999977       3.12730092E-10
   2.25999975       3.07312509E-10
   2.27999973       2.92886104E-10
   2.29999971       2.79959389E-10
   2.31999969       2.77587342E-10
   2.33999968       2.87425833E-10
   2.36000013       2.75597101E-10
   2.38000011       2.59522709E-10
   2.40000010       2.59316318E-10
   2.42000008       2.66874189E-10
   2.44000006       2.51885679E-10
   2.46000004       2.33252584E-10
   2.48000002       2.33447595E-10
   2.50000000       2.37723063E-10
   2.51999998       2.27252453E-10
   2.53999996       2.09043699E-10
   2.55999994       2.13496276E-10
   2.57999992       2.05155934E-10
   2.59999990       1.83962734E-10
   2.61999989       1.82608859E-10
   2.63999987       1.78405762E-10
   2.65999985       1.66188313E-10
   2.67999983       1.64578351E-10
   2.69999981       1.59001451E-10
   2.71999979       1.33363542E-10
   2.73999977       1.34082412E-10
   2.75999975       1.31979261E-10
   2.77999973       1.17470686E-10
   2.79999971       1.22429761E-10
   2.81999969       1.01787717E-10
   2.83999968       9.09789674E-11
   2.85999966       9.25200402E-11
   2.88000011       8.20372797E-11
   2.90000010       8.54552124E-11
   2.92000008       6.97117850E-11
   2.94000006       6.27519633E-11
   2.96000004       5.29645772E-11
   2.98000002       4.39994013E-11
   3.00000000       4.23529718E-11
   3.01999998       3.19155431E-11
   3.03999996       2.65715089E-11
   3.05999994       1.86652742E-11
   3.07999992       1.10199723E-11
   3.09999990       4.28811778E-11
