  -2.00000000       2.50276994E-10
  -1.98000002       1.32902730E-10
  -1.96000004       3.91589178E-10
  -1.94000006       4.88653340E-10
  -1.91999996       5.48614099E-10
  -1.89999998       8.29285141E-10
  -1.88000000       7.88298093E-10
  -1.86000001       1.10545684E-09
  -1.84000003       1.09588316E-09
  -1.82000005       1.45805767E-09
  -1.79999995       1.59176361E-09
  -1.77999997       2.11296669E-09
  -1.75999999       2.68335398E-09
  -1.74000001       3.28501715E-09
  -1.72000003       4.06291534E-09
  -1.70000005       4.89607421E-09
  -1.68000007       5.88993077E-09
  -1.65999997       7.54399121E-09
  -1.63999999       9.01196007E-09
  -1.62000000       1.21763986E-08
  -1.60000002       1.49260391E-08
  -1.58000004       1.95856558E-08
  -1.55999994       2.63197375E-08
  -1.53999996       3.38083659E-08
  -1.51999998       4.64765542E-08
  -1.50000000       5.83959761E-08
  -1.48000002       7.67937749E-08
  -1.46000004       9.59996171E-08
  -1.44000006       1.24794468E-07
  -1.42000008       1.58300509E-07
  -1.40000010       2.01014473E-07
  -1.38000000       2.48143238E-07
  -1.36000001       2.98581739E-07
  -1.34000003       3.55924300E-07
  -1.31999993       4.15128795E-07
  -1.29999995       4.73262020E-07
  -1.27999997       5.20358526E-07
  -1.25999999       5.57643091E-07
  -1.24000001       5.84135307E-07
  -1.22000003       5.98568136E-07
  -1.20000005       6.14153691E-07
  -1.18000007       6.17137516E-07
  -1.16000009       6.45787907E-07
  -1.14000010       6.73008685E-07
  -1.12000000       6.93738571E-07
  -1.10000002       8.20660432E-07
  -1.08000004       7.21408128E-07
  -1.05999994       9.55731366E-07
  -1.03999996       9.80570462E-07
  -1.01999998       5.51931919E-07
  -1.00000000       1.99621263E-06
 -0.980000019       8.13607301E-07
 -0.960000038       1.50658377E-06
 -0.940000057       7.93819618E-06
 -0.920000076       4.05922492E-06
 -0.899999976       1.81963333E-05
 -0.879999995       5.34320861E-05
 -0.860000014       7.01468089E-05
 -0.840000033       1.82243646E-04
 -0.820000052       4.27986641E-04
 -0.800000072       7.22745259E-04
 -0.779999971       1.45594100E-03
 -0.759999990       2.99379299E-03
 -0.740000010       5.25197294E-03
 -0.720000029       9.23852157E-03
 -0.700000048       1.67992078E-02
 -0.680000067       2.85735969E-02
 -0.660000086       4.61297706E-02
 -0.639999986       7.45515227E-02
 -0.620000005      0.118238993    
 -0.600000024      0.178937390    
 -0.580000043      0.261973798    
 -0.560000062      0.377721518    
 -0.540000081      0.531851470    
 -0.519999981      0.722246170    
 -0.500000000      0.949279904    
 -0.480000019       1.21874309    
 -0.460000038       1.52963245    
 -0.440000057       1.86430192    
 -0.420000076       2.19913793    
 -0.400000095       2.51773429    
 -0.379999995       2.81027007    
 -0.360000014       3.06181717    
 -0.340000033       3.24738979    
 -0.320000052       3.34187841    
 -0.300000072       3.32968354    
 -0.280000091       3.21538186    
 -0.259999990       3.02113724    
 -0.240000010       2.78148818    
 -0.220000029       2.52165556    
 -0.200000048       2.23569751    
 -0.180000067       1.89705372    
 -0.160000086       1.49838638    
 -0.139999986       1.10364866    
 -0.120000005      0.818185449    
 -0.100000024      0.699225783    
  -8.00000429E-02  0.676133394    
  -6.00000620E-02  0.593214273    
  -4.00000811E-02  0.378515959    
  -2.00001001E-02  0.112500630    
   0.00000000       1.00833375E-03
   1.99999809E-02   3.42876729E-06
   3.99999619E-02   4.47354125E-07
   5.99999428E-02   1.86683235E-06
   7.99999237E-02   1.18369803E-06
   9.99999046E-02   2.92231198E-06
  0.119999886       2.89367631E-06
  0.139999866       4.62025764E-06
  0.159999847       5.01061868E-06
  0.180000067       6.51122173E-06
  0.200000048       7.22313143E-06
  0.220000029       8.27874464E-06
  0.240000010       9.25255608E-06
  0.259999990       9.85065526E-06
  0.279999971       1.07362939E-05
  0.299999952       1.08368931E-05
  0.319999933       1.10704923E-05
  0.339999914       1.09649463E-05
  0.359999895       1.06597690E-05
  0.379999876       1.03290859E-05
  0.399999857       9.54243387E-06
  0.419999838       8.85573627E-06
  0.440000057       8.21613594E-06
  0.460000038       7.35325420E-06
  0.480000019       6.62943967E-06
  0.500000000       6.04621346E-06
  0.519999981       5.38785025E-06
  0.539999962       4.86158388E-06
  0.559999943       4.47102229E-06
  0.579999924       4.01275793E-06
  0.599999905       3.68861311E-06
  0.619999886       3.39012763E-06
  0.639999866       3.09148072E-06
  0.659999847       2.86801605E-06
  0.679999828       2.60895013E-06
  0.700000048       2.43641625E-06
  0.720000029       2.21774212E-06
  0.740000010       2.07931657E-06
  0.759999990       1.88841125E-06
  0.779999971       1.76804747E-06
  0.799999952       1.61633375E-06
  0.819999933       1.52049779E-06
  0.839999914       1.39157828E-06
  0.859999895       1.27997339E-06
  0.879999876       1.19006677E-06
  0.899999857       1.09497341E-06
  0.919999838       1.03746038E-06
  0.939999819       9.47303931E-07
  0.960000038       8.60449006E-07
  0.980000019       7.99009456E-07
   1.00000000       7.30605848E-07
   1.01999998       6.82082032E-07
   1.03999996       6.47844047E-07
   1.05999994       5.92163929E-07
   1.07999992       5.27589407E-07
   1.09999990       4.76395769E-07
   1.11999989       4.32437787E-07
   1.13999987       3.90737824E-07
   1.15999985       3.59157866E-07
   1.17999983       3.39426890E-07
   1.19999981       3.21960613E-07
   1.22000003       2.97214029E-07
   1.24000001       2.64608758E-07
   1.25999999       2.28605728E-07
   1.27999997       1.93210170E-07
   1.29999995       1.60305689E-07
   1.31999993       1.30322178E-07
   1.33999991       1.03640389E-07
   1.35999990       8.06516880E-08
   1.37999988       6.15731821E-08
   1.39999986       4.62888607E-08
   1.41999984       3.43443176E-08
   1.43999982       2.52815564E-08
   1.46000004       1.85683113E-08
   1.48000002       1.37021505E-08
   1.50000000       1.01729380E-08
   1.51999998       7.58429053E-09
   1.53999996       5.68569680E-09
   1.55999994       4.31863478E-09
   1.57999992       3.34110939E-09
   1.59999990       2.60782573E-09
   1.61999989       2.06571493E-09
   1.63999987       1.67341685E-09
   1.65999985       1.37951339E-09
   1.67999983       1.15939802E-09
   1.69999981       9.90758142E-10
   1.72000003       8.61525795E-10
   1.74000001       7.60079832E-10
   1.75999999       6.79761580E-10
   1.77999997       6.28742836E-10
   1.79999995       5.98452121E-10
   1.81999993       5.80481274E-10
   1.83999991       5.62969171E-10
   1.85999990       5.45144485E-10
   1.87999988       5.23630250E-10
   1.89999986       5.01627462E-10
   1.91999984       4.84578100E-10
   1.93999982       4.54816018E-10
   1.95999980       4.42339193E-10
   1.98000002       4.38306086E-10
   2.00000000       4.43315551E-10
   2.01999998       4.46244264E-10
   2.03999996       4.42142073E-10
   2.05999994       4.35891823E-10
   2.07999992       4.20135537E-10
   2.09999990       4.06771838E-10
   2.11999989       3.96009087E-10
   2.13999987       3.94960786E-10
   2.15999985       3.97588518E-10
   2.17999983       3.92498339E-10
   2.19999981       3.83623522E-10
   2.21999979       3.74339781E-10
   2.23999977       3.71656150E-10
   2.25999975       3.72618547E-10
   2.27999973       3.66455755E-10
   2.29999971       3.56114832E-10
   2.31999969       3.51024099E-10
   2.33999968       3.53378771E-10
   2.36000013       3.48430812E-10
   2.38000011       3.29972993E-10
   2.40000010       3.25509841E-10
   2.42000008       3.36194156E-10
   2.44000006       3.33021999E-10
   2.46000004       3.13613718E-10
   2.48000002       3.11315806E-10
   2.50000000       3.17122273E-10
   2.51999998       3.02343151E-10
   2.53999996       2.89724855E-10
   2.55999994       2.94772623E-10
   2.57999992       2.94647834E-10
   2.59999990       2.72467326E-10
   2.61999989       2.71023565E-10
   2.63999987       2.64219618E-10
   2.65999985       2.41376225E-10
   2.67999983       2.44575027E-10
   2.69999981       2.33947611E-10
   2.71999979       2.14566476E-10
   2.73999977       2.18822876E-10
   2.75999975       2.02063505E-10
   2.77999973       1.86931914E-10
   2.79999971       1.91504007E-10
   2.81999969       1.71847245E-10
   2.83999968       1.69126768E-10
   2.85999966       1.52648991E-10
   2.88000011       1.36073250E-10
   2.90000010       1.30947420E-10
   2.92000008       1.12118557E-10
   2.94000006       1.15597233E-10
   2.96000004       1.03026934E-10
   2.98000002       9.70233824E-11
   3.00000000       8.36925182E-11
   3.01999998       7.28445776E-11
   3.03999996       5.75702784E-11
   3.05999994       3.82757853E-11
   3.07999992       3.55818222E-11
   3.09999990       1.85896264E-11
