  -2.00000000       8.86542020E-11
  -1.98000002       2.92459459E-11
  -1.96000004       1.17795079E-10
  -1.94000006       8.87971571E-11
  -1.91999996       1.32863498E-10
  -1.89999998       1.45825602E-10
  -1.88000000       1.76786266E-10
  -1.86000001       2.47987214E-10
  -1.84000003       2.07489692E-10
  -1.82000005       3.48016893E-10
  -1.79999995       2.91903779E-10
  -1.77999997       3.90933202E-10
  -1.75999999       4.30303265E-10
  -1.74000001       4.99844943E-10
  -1.72000003       6.63002875E-10
  -1.70000005       6.60839827E-10
  -1.68000007       7.56803620E-10
  -1.65999997       8.69544547E-10
  -1.63999999       8.79057327E-10
  -1.62000000       1.05537001E-09
  -1.60000002       1.03756181E-09
  -1.58000004       1.26721966E-09
  -1.55999994       1.60622171E-09
  -1.53999996       1.87815341E-09
  -1.51999998       2.57894972E-09
  -1.50000000       2.62881539E-09
  -1.48000002       3.61443053E-09
  -1.46000004       4.17845136E-09
  -1.44000006       5.26419619E-09
  -1.42000008       6.52981624E-09
  -1.40000010       7.94524890E-09
  -1.38000000       1.02420987E-08
  -1.36000001       1.27063977E-08
  -1.34000003       1.75944308E-08
  -1.31999993       2.43153746E-08
  -1.29999995       3.23149649E-08
  -1.27999997       4.14767243E-08
  -1.25999999       5.46829995E-08
  -1.24000001       7.32832817E-08
  -1.22000003       1.00800776E-07
  -1.20000005       1.30283738E-07
  -1.18000007       1.76359848E-07
  -1.16000009       2.17058329E-07
  -1.14000010       3.05046456E-07
  -1.12000000       3.42393037E-07
  -1.10000002       4.98174131E-07
  -1.08000004       4.79511471E-07
  -1.05999994       7.36609024E-07
  -1.03999996       7.02323177E-07
  -1.01999998       8.64601077E-07
  -1.00000000       1.78304651E-06
 -0.980000019       6.84310407E-07
 -0.960000038       7.02962006E-06
 -0.940000057       3.70243993E-06
 -0.920000076       2.58653417E-05
 -0.899999976       3.91081339E-05
 -0.879999995       9.03340770E-05
 -0.860000014       2.27283046E-04
 -0.840000033       3.81764432E-04
 -0.820000052       9.11109266E-04
 -0.800000072       1.70321332E-03
 -0.779999971       3.17174220E-03
 -0.759999990       6.26838487E-03
 -0.740000010       1.08773354E-02
 -0.720000029       1.91738419E-02
 -0.700000048       3.34491022E-02
 -0.680000067       5.43252677E-02
 -0.660000086       8.75759423E-02
 -0.639999986      0.138638079    
 -0.620000005      0.208635226    
 -0.600000024      0.306750923    
 -0.580000043      0.443075061    
 -0.560000062      0.615767121    
 -0.540000081      0.827612758    
 -0.519999981       1.08935356    
 -0.500000000       1.39451110    
 -0.480000019       1.72244453    
 -0.460000038       2.06537390    
 -0.440000057       2.41825271    
 -0.420000076       2.75309348    
 -0.400000095       3.03114128    
 -0.379999995       3.23397875    
 -0.360000014       3.36123490    
 -0.340000033       3.40570998    
 -0.320000052       3.35069990    
 -0.300000072       3.18886495    
 -0.280000091       2.93771648    
 -0.259999990       2.63000584    
 -0.240000010       2.29945326    
 -0.220000029       1.96794057    
 -0.200000048       1.64091170    
 -0.180000067       1.31609225    
 -0.160000086      0.997578323    
 -0.139999986      0.714644730    
 -0.120000005      0.507174134    
 -0.100000024      0.392688900    
  -8.00000429E-02  0.336671263    
  -6.00000620E-02  0.271718979    
  -4.00000811E-02  0.165851146    
  -2.00001001E-02   4.82893996E-02
   0.00000000       4.43492841E-04
   1.99999809E-02   2.00208717E-07
   3.99999619E-02   2.23234633E-06
   5.99999428E-02   1.14494890E-06
   7.99999237E-02   3.10445830E-06
   9.99999046E-02   3.59320529E-06
  0.119999886       5.27893735E-06
  0.139999866       6.55381609E-06
  0.159999847       8.00763883E-06
  0.180000067       9.68378299E-06
  0.200000048       1.07586638E-05
  0.220000029       1.21563871E-05
  0.240000010       1.26558407E-05
  0.259999990       1.32792065E-05
  0.279999971       1.34318125E-05
  0.299999952       1.31201141E-05
  0.319999933       1.25500655E-05
  0.339999914       1.15076582E-05
  0.359999895       1.05450808E-05
  0.379999876       9.42217230E-06
  0.399999857       8.15977182E-06
  0.419999838       7.21176275E-06
  0.440000057       6.30957084E-06
  0.460000038       5.46862429E-06
  0.480000019       4.91905166E-06
  0.500000000       4.35761831E-06
  0.519999981       3.91300500E-06
  0.539999962       3.54577537E-06
  0.559999943       3.20343133E-06
  0.579999924       2.90647267E-06
  0.599999905       2.60370234E-06
  0.619999886       2.40613576E-06
  0.639999866       2.17001366E-06
  0.659999847       1.96843416E-06
  0.679999828       1.77793572E-06
  0.700000048       1.62863375E-06
  0.720000029       1.51133702E-06
  0.740000010       1.34592221E-06
  0.759999990       1.22366987E-06
  0.779999971       1.10020710E-06
  0.799999952       1.00516809E-06
  0.819999933       9.44253657E-07
  0.839999914       8.52164476E-07
  0.859999895       7.50709148E-07
  0.879999876       6.70383770E-07
  0.899999857       5.95843346E-07
  0.919999838       5.30141051E-07
  0.939999819       4.87825673E-07
  0.960000038       4.58517320E-07
  0.980000019       4.22210235E-07
   1.00000000       3.73672549E-07
   1.01999998       3.19213939E-07
   1.03999996       2.65495174E-07
   1.05999994       2.15703579E-07
   1.07999992       1.70900691E-07
   1.09999990       1.31756821E-07
   1.11999989       9.89514248E-08
   1.13999987       7.26815372E-08
   1.15999985       5.24902752E-08
   1.17999983       3.75665898E-08
   1.19999981       2.68347726E-08
   1.22000003       1.91504341E-08
   1.24000001       1.36881892E-08
   1.25999999       9.86037563E-09
   1.27999997       7.16923232E-09
   1.29999995       5.29627719E-09
   1.31999993       3.98156352E-09
   1.33999991       3.02716741E-09
   1.35999990       2.33108088E-09
   1.37999988       1.83040860E-09
   1.39999986       1.46973467E-09
   1.41999984       1.20008348E-09
   1.43999982       9.92976035E-10
   1.46000004       8.35271963E-10
   1.48000002       7.09772685E-10
   1.50000000       6.10638207E-10
   1.51999998       5.28446287E-10
   1.53999996       4.57284599E-10
   1.55999994       4.02833378E-10
   1.57999992       3.59540564E-10
   1.59999990       3.22691374E-10
   1.61999989       2.91002805E-10
   1.63999987       2.66264510E-10
   1.65999985       2.49716303E-10
   1.67999983       2.34493591E-10
   1.69999981       2.20757274E-10
   1.72000003       2.06736378E-10
   1.74000001       1.96996947E-10
   1.75999999       1.91257926E-10
   1.77999997       1.86506158E-10
   1.79999995       1.84587290E-10
   1.81999993       1.76883314E-10
   1.83999991       1.70319175E-10
   1.85999990       1.68115938E-10
   1.87999988       1.68695002E-10
   1.89999986       1.71384948E-10
   1.91999984       1.74088244E-10
   1.93999982       1.76453532E-10
   1.95999980       1.78675338E-10
   1.98000002       1.86126503E-10
   2.00000000       1.98553618E-10
   2.01999998       2.12859924E-10
   2.03999996       2.27051863E-10
   2.05999994       2.35397285E-10
   2.07999992       2.38787656E-10
   2.09999990       2.43813580E-10
   2.11999989       2.47096205E-10
   2.13999987       2.44017112E-10
   2.15999985       2.35201358E-10
   2.17999983       2.29410380E-10
   2.19999981       2.34801040E-10
   2.21999979       2.44069792E-10
   2.23999977       2.50227089E-10
   2.25999975       2.51456717E-10
   2.27999973       2.52119658E-10
   2.29999971       2.46512644E-10
   2.31999969       2.35299419E-10
   2.33999968       2.33086078E-10
   2.36000013       2.41212023E-10
   2.38000011       2.45846926E-10
   2.40000010       2.40499703E-10
   2.42000008       2.36288322E-10
   2.44000006       2.38594783E-10
   2.46000004       2.40916287E-10
   2.48000002       2.30791469E-10
   2.50000000       2.15740203E-10
   2.51999998       2.16305321E-10
   2.53999996       2.27782876E-10
   2.55999994       2.22675212E-10
   2.57999992       2.06491560E-10
   2.59999990       2.07411116E-10
   2.61999989       2.09733425E-10
   2.63999987       1.93938671E-10
   2.65999985       1.88405486E-10
   2.67999983       1.97146688E-10
   2.69999981       1.83804985E-10
   2.71999979       1.70587641E-10
   2.73999977       1.79428514E-10
   2.75999975       1.65912326E-10
   2.77999973       1.56138949E-10
   2.79999971       1.62789116E-10
   2.81999969       1.41890028E-10
   2.83999968       1.36312767E-10
   2.85999966       1.24837612E-10
   2.88000011       1.08293055E-10
   2.90000010       1.11895333E-10
   2.92000008       9.05042846E-11
   2.94000006       8.75577943E-11
   2.96000004       8.08549686E-11
   2.98000002       7.23547125E-11
   3.00000000       6.62502414E-11
   3.01999998       5.01230411E-11
   3.03999996       4.44857970E-11
   3.05999994       2.95709429E-11
   3.07999992       2.42260760E-11
   3.09999990       2.66249544E-12
