  -2.00000000       4.98887216E-11
  -1.98000002       7.88535140E-11
  -1.96000004       1.61368807E-10
  -1.94000006       1.71193101E-10
  -1.91999996       3.96924299E-10
  -1.89999998       3.16627669E-10
  -1.88000000       5.89424953E-10
  -1.86000001       6.12444540E-10
  -1.84000003       9.35679312E-10
  -1.82000005       1.19321963E-09
  -1.79999995       1.73506221E-09
  -1.77999997       2.30745645E-09
  -1.75999999       2.92219338E-09
  -1.74000001       3.77502651E-09
  -1.72000003       4.73083128E-09
  -1.70000005       6.01984684E-09
  -1.68000007       7.98900324E-09
  -1.65999997       1.00744044E-08
  -1.63999999       1.38643994E-08
  -1.62000000       1.74423622E-08
  -1.60000002       2.41844802E-08
  -1.58000004       3.21596900E-08
  -1.55999994       4.24239275E-08
  -1.53999996       5.78891672E-08
  -1.51999998       7.33203436E-08
  -1.50000000       9.69686837E-08
  -1.48000002       1.21872660E-07
  -1.46000004       1.59356262E-07
  -1.44000006       2.00598464E-07
  -1.42000008       2.52519840E-07
  -1.40000010       3.03764182E-07
  -1.38000000       3.61841899E-07
  -1.36000001       4.20275654E-07
  -1.34000003       4.74696805E-07
  -1.31999993       5.17222986E-07
  -1.29999995       5.43679676E-07
  -1.27999997       5.56026521E-07
  -1.25999999       5.61463594E-07
  -1.24000001       5.67817324E-07
  -1.22000003       5.81588154E-07
  -1.20000005       6.07968104E-07
  -1.18000007       6.49841525E-07
  -1.16000009       7.06810908E-07
  -1.14000010       7.33536467E-07
  -1.12000000       8.15312148E-07
  -1.10000002       7.64700076E-07
  -1.08000004       8.16373301E-07
  -1.05999994       9.92446076E-07
  -1.03999996       6.40929727E-07
  -1.01999998       1.33596586E-06
  -1.00000000       1.34786490E-06
 -0.980000019       2.65167358E-07
 -0.960000038       4.12683448E-06
 -0.940000057       3.55370776E-06
 -0.920000076       3.32817967E-06
 -0.899999976       2.47105945E-05
 -0.879999995       3.40088627E-05
 -0.860000014       5.95459715E-05
 -0.840000033       1.87226979E-04
 -0.820000052       3.43829626E-04
 -0.800000072       6.07890834E-04
 -0.779999971       1.35796657E-03
 -0.759999990       2.61419523E-03
 -0.740000010       4.50372742E-03
 -0.720000029       8.30477569E-03
 -0.700000048       1.50901424E-02
 -0.680000067       2.52386183E-02
 -0.660000086       4.11619842E-02
 -0.639999986       6.75212815E-02
 -0.620000005      0.107063137    
 -0.600000024      0.161844388    
 -0.580000043      0.238779306    
 -0.560000062      0.347249597    
 -0.540000081      0.491013974    
 -0.519999981      0.668835938    
 -0.500000000      0.884312749    
 -0.480000019       1.14385617    
 -0.460000038       1.44527638    
 -0.440000057       1.77141976    
 -0.420000076       2.10186338    
 -0.400000095       2.42303038    
 -0.379999995       2.72474241    
 -0.360000014       2.99118495    
 -0.340000033       3.19620371    
 -0.320000052       3.31430912    
 -0.300000072       3.32752204    
 -0.280000091       3.23765421    
 -0.259999990       3.06571293    
 -0.240000010       2.84706402    
 -0.220000029       2.60784960    
 -0.200000048       2.33756495    
 -0.180000067       2.00231385    
 -0.160000086       1.59070492    
 -0.139999986       1.17521048    
 -0.120000005      0.877633333    
 -0.100000024      0.764546096    
  -8.00000429E-02  0.755567908    
  -6.00000620E-02  0.671829104    
  -4.00000811E-02  0.431548864    
  -2.00001001E-02  0.128604859    
   0.00000000       1.15859043E-03
   1.99999809E-02   3.19006404E-06
   3.99999619E-02   1.17193906E-06
   5.99999428E-02   1.22509277E-06
   7.99999237E-02   1.69312909E-06
   9.99999046E-02   2.15542786E-06
  0.119999886       3.29090744E-06
  0.139999866       3.72994100E-06
  0.159999847       5.17075205E-06
  0.180000067       5.60511580E-06
  0.200000048       7.06472065E-06
  0.220000029       7.60990997E-06
  0.240000010       8.81140204E-06
  0.259999990       9.47839180E-06
  0.279999971       1.00503439E-05
  0.299999952       1.05629788E-05
  0.319999933       1.05395111E-05
  0.339999914       1.08053073E-05
  0.359999895       1.05436711E-05
  0.379999876       1.01503601E-05
  0.399999857       9.65445361E-06
  0.419999838       8.95371613E-06
  0.440000057       8.39401491E-06
  0.460000038       7.61089268E-06
  0.480000019       6.84728866E-06
  0.500000000       6.31961302E-06
  0.519999981       5.64780339E-06
  0.539999962       5.07624645E-06
  0.559999943       4.69959923E-06
  0.579999924       4.22124640E-06
  0.599999905       3.85506291E-06
  0.619999886       3.56986811E-06
  0.639999866       3.26317922E-06
  0.659999847       3.00317106E-06
  0.679999828       2.74527883E-06
  0.700000048       2.59353578E-06
  0.720000029       2.34515687E-06
  0.740000010       2.17676961E-06
  0.759999990       2.00965292E-06
  0.779999971       1.90093874E-06
  0.799999952       1.71916508E-06
  0.819999933       1.59967249E-06
  0.839999914       1.47421213E-06
  0.859999895       1.40655663E-06
  0.879999876       1.28401848E-06
  0.899999857       1.17472700E-06
  0.919999838       1.08899906E-06
  0.939999819       1.01194655E-06
  0.960000038       9.69215307E-07
  0.980000019       8.87637725E-07
   1.00000000       7.99443228E-07
   1.01999998       7.37723667E-07
   1.03999996       6.77977823E-07
   1.05999994       6.37496328E-07
   1.07999992       6.11584142E-07
   1.09999990       5.64008133E-07
   1.11999989       5.00454519E-07
   1.13999987       4.47010024E-07
   1.15999985       4.04793298E-07
   1.17999983       3.67071749E-07
   1.19999981       3.37779738E-07
   1.22000003       3.19719021E-07
   1.24000001       3.05964562E-07
   1.25999999       2.86785053E-07
   1.27999997       2.58762242E-07
   1.29999995       2.25023143E-07
   1.31999993       1.90229485E-07
   1.33999991       1.57344587E-07
   1.35999990       1.27667150E-07
   1.37999988       1.01595063E-07
   1.39999986       7.92194328E-08
   1.41999984       6.06049468E-08
   1.43999982       4.56045264E-08
   1.46000004       3.38723076E-08
   1.48000002       2.49118486E-08
   1.50000000       1.82441013E-08
   1.51999998       1.33625306E-08
   1.53999996       9.83825466E-09
   1.55999994       7.26989446E-09
   1.57999992       5.40667378E-09
   1.59999990       4.06702316E-09
   1.61999989       3.09251602E-09
   1.63999987       2.40157028E-09
   1.65999985       1.91458449E-09
   1.67999983       1.56069313E-09
   1.69999981       1.29812205E-09
   1.72000003       1.09557785E-09
   1.74000001       9.48912726E-10
   1.75999999       8.45590098E-10
   1.77999997       7.76630593E-10
   1.79999995       7.22249760E-10
   1.81999993       6.66617705E-10
   1.83999991       6.21639296E-10
   1.85999990       5.71882486E-10
   1.87999988       5.32965450E-10
   1.89999986       4.96738206E-10
   1.91999984       4.66872874E-10
   1.93999982       4.53603655E-10
   1.95999980       4.35251390E-10
   1.98000002       4.30994962E-10
   2.00000000       4.22493818E-10
   2.01999998       4.17251178E-10
   2.03999996       4.04820955E-10
   2.05999994       3.82785748E-10
   2.07999992       3.69780317E-10
   2.09999990       3.61447650E-10
   2.11999989       3.67421787E-10
   2.13999987       3.66131431E-10
   2.15999985       3.52928575E-10
   2.17999983       3.36942335E-10
   2.19999981       3.26839111E-10
   2.21999979       3.27458449E-10
   2.23999977       3.22793431E-10
   2.25999975       3.11677739E-10
   2.27999973       3.00903857E-10
   2.29999971       2.94313351E-10
   2.31999969       2.91568186E-10
   2.33999968       2.78261442E-10
   2.36000013       2.64329891E-10
   2.38000011       2.61815847E-10
   2.40000010       2.63207234E-10
   2.42000008       2.54928079E-10
   2.44000006       2.46756671E-10
   2.46000004       2.50456988E-10
   2.48000002       2.41225928E-10
   2.50000000       2.28392805E-10
   2.51999998       2.25312768E-10
   2.53999996       2.26621291E-10
   2.55999994       2.12376200E-10
   2.57999992       2.01478972E-10
   2.59999990       2.08532358E-10
   2.61999989       1.89128879E-10
   2.63999987       1.82325752E-10
   2.65999985       1.89462307E-10
   2.67999983       1.74061626E-10
   2.69999981       1.63221686E-10
   2.71999979       1.58766361E-10
   2.73999977       1.41129580E-10
   2.75999975       1.41315737E-10
   2.77999973       1.40967016E-10
   2.79999971       1.23955540E-10
   2.81999969       1.25724098E-10
   2.83999968       1.07931053E-10
   2.85999966       1.02025083E-10
   2.88000011       1.00915970E-10
   2.90000010       9.19818319E-11
   2.92000008       9.23740945E-11
   2.94000006       7.86618062E-11
   2.96000004       7.95900706E-11
   2.98000002       7.18203483E-11
   3.00000000       6.75572237E-11
   3.01999998       6.15948820E-11
   3.03999996       5.38636705E-11
   3.05999994       5.20830115E-11
   3.07999992       3.19290080E-11
   3.09999990       9.87424933E-11
