  -2.00000000       1.93333641E-10
  -1.98000002       1.22821947E-10
  -1.96000004       5.35602007E-10
  -1.94000006       3.30054262E-10
  -1.91999996       7.37429173E-10
  -1.89999998       7.21086357E-10
  -1.88000000       9.59733848E-10
  -1.86000001       1.27282507E-09
  -1.84000003       1.47154189E-09
  -1.82000005       2.23137997E-09
  -1.79999995       2.62149502E-09
  -1.77999997       3.64873509E-09
  -1.75999999       4.11472989E-09
  -1.74000001       5.28090416E-09
  -1.72000003       6.73495659E-09
  -1.70000005       8.10243517E-09
  -1.68000007       1.09579341E-08
  -1.65999997       1.35192053E-08
  -1.63999999       1.80885440E-08
  -1.62000000       2.36011335E-08
  -1.60000002       3.11871027E-08
  -1.58000004       4.18958415E-08
  -1.55999994       5.39622960E-08
  -1.53999996       7.17449993E-08
  -1.51999998       8.96671040E-08
  -1.50000000       1.16261106E-07
  -1.48000002       1.46663481E-07
  -1.46000004       1.87358367E-07
  -1.44000006       2.34092056E-07
  -1.42000008       2.83527726E-07
  -1.40000010       3.38371478E-07
  -1.38000000       3.92441990E-07
  -1.36000001       4.52560698E-07
  -1.34000003       4.98221539E-07
  -1.31999993       5.35253037E-07
  -1.29999995       5.54952294E-07
  -1.27999997       5.65730886E-07
  -1.25999999       5.67288168E-07
  -1.24000001       5.72914360E-07
  -1.22000003       5.90055208E-07
  -1.20000005       6.19334969E-07
  -1.18000007       6.70587781E-07
  -1.16000009       7.13824647E-07
  -1.14000010       7.57270300E-07
  -1.12000000       8.25248549E-07
  -1.10000002       7.59677960E-07
  -1.08000004       8.92274898E-07
  -1.05999994       9.06062894E-07
  -1.03999996       6.98646261E-07
  -1.01999998       1.50216806E-06
  -1.00000000       8.75498415E-07
 -0.980000019       7.90204922E-07
 -0.960000038       4.29912825E-06
 -0.940000057       1.73983710E-06
 -0.920000076       5.24160805E-06
 -0.899999976       2.42314291E-05
 -0.879999995       2.67327086E-05
 -0.860000014       6.18315826E-05
 -0.840000033       1.83033466E-04
 -0.820000052       3.09394323E-04
 -0.800000072       5.82795648E-04
 -0.779999971       1.31821481E-03
 -0.759999990       2.45721336E-03
 -0.740000010       4.26164828E-03
 -0.720000029       7.98998028E-03
 -0.700000048       1.44361928E-02
 -0.680000067       2.40242835E-02
 -0.660000086       3.94374207E-02
 -0.639999986       6.49748817E-02
 -0.620000005      0.102915831    
 -0.600000024      0.155597955    
 -0.580000043      0.230357632    
 -0.560000062      0.336027950    
 -0.540000081      0.475744575    
 -0.519999981      0.648894429    
 -0.500000000      0.859992027    
 -0.480000019       1.11565125    
 -0.460000038       1.41309226    
 -0.440000057       1.73570108    
 -0.420000076       2.06419611    
 -0.400000095       2.38594913    
 -0.379999995       2.69078732    
 -0.360000014       2.96240854    
 -0.340000033       3.17470050    
 -0.320000052       3.30163908    
 -0.300000072       3.32462788    
 -0.280000091       3.24416757    
 -0.259999990       3.08096981    
 -0.240000010       2.87093210    
 -0.220000029       2.64031696    
 -0.200000048       2.37694788    
 -0.180000067       2.04341531    
 -0.160000086       1.62685037    
 -0.139999986       1.20314074    
 -0.120000005      0.901032209    
 -0.100000024      0.791025519    
  -8.00000429E-02  0.788378656    
  -6.00000620E-02  0.704657674    
  -4.00000811E-02  0.453723997    
  -2.00001001E-02  0.135378510    
   0.00000000       1.21096522E-03
   1.99999809E-02   4.47600087E-06
   3.99999619E-02   7.82166367E-08
   5.99999428E-02   2.06469053E-06
   7.99999237E-02   8.99829899E-07
   9.99999046E-02   2.72519401E-06
  0.119999886       2.56748467E-06
  0.139999866       4.10174289E-06
  0.159999847       4.59213743E-06
  0.180000067       5.81333370E-06
  0.200000048       6.78115020E-06
  0.220000029       7.55562496E-06
  0.240000010       8.68385359E-06
  0.259999990       9.02810007E-06
  0.279999971       9.99578515E-06
  0.299999952       1.02381764E-05
  0.319999933       1.06134894E-05
  0.339999914       1.07062306E-05
  0.359999895       1.02883187E-05
  0.379999876       1.02035483E-05
  0.399999857       9.65554773E-06
  0.419999838       9.01497970E-06
  0.440000057       8.42925328E-06
  0.460000038       7.64111337E-06
  0.480000019       7.02518355E-06
  0.500000000       6.38009124E-06
  0.519999981       5.70359998E-06
  0.539999962       5.22671780E-06
  0.559999943       4.75462912E-06
  0.579999924       4.30051978E-06
  0.599999905       3.92480570E-06
  0.619999886       3.63853769E-06
  0.639999866       3.35118875E-06
  0.659999847       3.00774627E-06
  0.679999828       2.84801467E-06
  0.700000048       2.62787353E-06
  0.720000029       2.40551412E-06
  0.740000010       2.19945832E-06
  0.759999990       2.08020083E-06
  0.779999971       1.93421329E-06
  0.799999952       1.77171603E-06
  0.819999933       1.61230878E-06
  0.839999914       1.53358940E-06
  0.859999895       1.42838019E-06
  0.879999876       1.33661797E-06
  0.899999857       1.19539391E-06
  0.919999838       1.11532381E-06
  0.939999819       1.05342042E-06
  0.960000038       9.87021053E-07
  0.980000019       9.27582505E-07
   1.00000000       8.30192619E-07
   1.01999998       7.51696803E-07
   1.03999996       7.07875927E-07
   1.05999994       6.61962815E-07
   1.07999992       6.25069902E-07
   1.09999990       5.90708339E-07
   1.11999989       5.33451555E-07
   1.13999987       4.67986183E-07
   1.15999985       4.19615020E-07
   1.17999983       3.86445890E-07
   1.19999981       3.57536464E-07
   1.22000003       3.33564941E-07
   1.24000001       3.16352157E-07
   1.25999999       3.00175031E-07
   1.27999997       2.77751099E-07
   1.29999995       2.47188808E-07
   1.31999993       2.12174314E-07
   1.33999991       1.77158540E-07
   1.35999990       1.44940273E-07
   1.37999988       1.16640386E-07
   1.39999986       9.24055641E-08
   1.41999984       7.21531705E-08
   1.43999982       5.55868347E-08
   1.46000004       4.22069704E-08
   1.48000002       3.16462696E-08
   1.50000000       2.35394673E-08
   1.51999998       1.74845365E-08
   1.53999996       1.30823228E-08
   1.55999994       9.81567272E-09
   1.57999992       7.39042960E-09
   1.59999990       5.64549651E-09
   1.61999989       4.38550130E-09
   1.63999987       3.45823903E-09
   1.65999985       2.78014589E-09
   1.67999983       2.27917529E-09
   1.69999981       1.90797445E-09
   1.72000003       1.63917224E-09
   1.74000001       1.44490497E-09
   1.75999999       1.31167965E-09
   1.77999997       1.20290899E-09
   1.79999995       1.11024545E-09
   1.81999993       1.02447895E-09
   1.83999991       9.44659129E-10
   1.85999990       8.84802509E-10
   1.87999988       8.29247615E-10
   1.89999986       7.78582254E-10
   1.91999984       7.29090954E-10
   1.93999982       7.02754410E-10
   1.95999980       6.94069580E-10
   1.98000002       6.71619760E-10
   2.00000000       6.50386855E-10
   2.01999998       6.30516139E-10
   2.03999996       6.10353712E-10
   2.05999994       5.93729121E-10
   2.07999992       5.85614002E-10
   2.09999990       5.88458060E-10
   2.11999989       5.81943993E-10
   2.13999987       5.65427094E-10
   2.15999985       5.40677392E-10
   2.17999983       5.22211274E-10
   2.19999981       5.20187615E-10
   2.21999979       5.12355047E-10
   2.23999977       5.02127562E-10
   2.25999975       4.85024909E-10
   2.27999973       4.79640327E-10
   2.29999971       4.85224305E-10
   2.31999969       4.69932981E-10
   2.33999968       4.41154308E-10
   2.36000013       4.31831043E-10
   2.38000011       4.41368414E-10
   2.40000010       4.21154667E-10
   2.42000008       3.88448274E-10
   2.44000006       3.87264554E-10
   2.46000004       3.93616639E-10
   2.48000002       3.68171188E-10
   2.50000000       3.48118173E-10
   2.51999998       3.56755070E-10
   2.53999996       3.43409745E-10
   2.55999994       3.18439053E-10
   2.57999992       3.16847548E-10
   2.59999990       3.01599468E-10
   2.61999989       2.83609719E-10
   2.63999987       2.84776924E-10
   2.65999985       2.71836220E-10
   2.67999983       2.42345505E-10
   2.69999981       2.44090664E-10
   2.71999979       2.28650390E-10
   2.73999977       2.09582768E-10
   2.75999975       2.07502265E-10
   2.77999973       1.83416879E-10
   2.79999971       1.76012482E-10
   2.81999969       1.59148361E-10
   2.83999968       1.48865920E-10
   2.85999966       1.47985346E-10
   2.88000011       1.24320484E-10
   2.90000010       1.22472199E-10
   2.92000008       1.06855046E-10
   2.94000006       9.59100160E-11
   2.96000004       7.97872393E-11
   2.98000002       6.57182780E-11
   3.00000000       5.83331924E-11
   3.01999998       4.33464584E-11
   3.03999996       4.11711810E-11
   3.05999994       2.67560141E-11
   3.07999992       2.69019512E-11
   3.09999990       1.75813010E-11
