  -2.00000000       1.00711002E-10
  -1.98000002       1.38282566E-10
  -1.96000004       4.69344397E-10
  -1.94000006       3.68454517E-10
  -1.91999996       1.03157172E-09
  -1.89999998       1.01999054E-09
  -1.88000000       1.76475068E-09
  -1.86000001       2.33989272E-09
  -1.84000003       3.08668091E-09
  -1.82000005       4.05201339E-09
  -1.79999995       5.04162712E-09
  -1.77999997       6.76352885E-09
  -1.75999999       8.49982218E-09
  -1.74000001       1.13181811E-08
  -1.72000003       1.47846384E-08
  -1.70000005       1.92841831E-08
  -1.68000007       2.61366004E-08
  -1.65999997       3.40357857E-08
  -1.63999999       4.65777354E-08
  -1.62000000       5.92450284E-08
  -1.60000002       7.80311780E-08
  -1.58000004       9.88296307E-08
  -1.55999994       1.24616079E-07
  -1.53999996       1.60253947E-07
  -1.51999998       1.98010866E-07
  -1.50000000       2.48928217E-07
  -1.48000002       2.96608761E-07
  -1.46000004       3.51387598E-07
  -1.44000006       3.96823879E-07
  -1.42000008       4.47925686E-07
  -1.40000010       4.82714086E-07
  -1.38000000       5.12325016E-07
  -1.36000001       5.18105594E-07
  -1.34000003       5.26255178E-07
  -1.31999993       5.26548945E-07
  -1.29999995       5.37066967E-07
  -1.27999997       5.57443570E-07
  -1.25999999       5.97295127E-07
  -1.24000001       6.43449880E-07
  -1.22000003       6.88656712E-07
  -1.20000005       7.21757829E-07
  -1.18000007       7.34162199E-07
  -1.16000009       7.54867870E-07
  -1.14000010       7.80555354E-07
  -1.12000000       7.91779257E-07
  -1.10000002       9.19596971E-07
  -1.08000004       8.97059351E-07
  -1.05999994       8.54341351E-07
  -1.03999996       1.23842324E-06
  -1.01999998       8.08549657E-07
  -1.00000000       9.00645034E-07
 -0.980000019       2.69563725E-06
 -0.960000038       8.03180569E-07
 -0.940000057       1.92546577E-06
 -0.920000076       1.11535637E-05
 -0.899999976       9.75121748E-06
 -0.879999995       1.87779806E-05
 -0.860000014       7.49866886E-05
 -0.840000033       1.27071078E-04
 -0.820000052       2.15221546E-04
 -0.800000072       5.38981694E-04
 -0.779999971       1.08524319E-03
 -0.759999990       1.86151708E-03
 -0.740000010       3.52578843E-03
 -0.720000029       6.79635536E-03
 -0.700000048       1.17876204E-02
 -0.680000067       1.96264889E-02
 -0.660000086       3.32587473E-02
 -0.639999986       5.52246422E-02
 -0.620000005       8.68444443E-02
 -0.600000024      0.132039979    
 -0.580000043      0.198545724    
 -0.560000062      0.292557359    
 -0.540000081      0.415904760    
 -0.519999981      0.570705414    
 -0.500000000      0.764519513    
 -0.480000019       1.00332272    
 -0.460000038       1.28317881    
 -0.440000057       1.58980465    
 -0.420000076       1.90887225    
 -0.400000095       2.23087788    
 -0.379999995       2.54551673    
 -0.360000014       2.83595109    
 -0.340000033       3.07574940    
 -0.320000052       3.23804855    
 -0.300000072       3.30015373    
 -0.280000091       3.25816703    
 -0.259999990       3.13163328    
 -0.240000010       2.95944619    
 -0.220000029       2.76889610    
 -0.200000048       2.53855133    
 -0.180000067       2.21512556    
 -0.160000086       1.77782893    
 -0.139999986       1.31912327    
 -0.120000005      0.999691546    
 -0.100000024      0.907599151    
  -8.00000429E-02  0.937569261    
  -6.00000620E-02  0.855634093    
  -4.00000811E-02  0.556364775    
  -2.00001001E-02  0.166662276    
   0.00000000       1.49643840E-03
   1.99999809E-02   4.99484850E-06
   3.99999619E-02   3.00813412E-07
   5.99999428E-02   1.99264741E-06
   7.99999237E-02   7.38476501E-07
   9.99999046E-02   2.55804366E-06
  0.119999886       2.21629512E-06
  0.139999866       3.83202223E-06
  0.159999847       4.03139938E-06
  0.180000067       5.34507581E-06
  0.200000048       5.97254166E-06
  0.220000029       6.85180294E-06
  0.240000010       7.82897041E-06
  0.259999990       8.31360921E-06
  0.279999971       9.35861317E-06
  0.299999952       9.51349648E-06
  0.319999933       1.00312982E-05
  0.339999914       1.00767647E-05
  0.359999895       9.99339136E-06
  0.379999876       1.00800644E-05
  0.399999857       9.50142839E-06
  0.419999838       9.09666687E-06
  0.440000057       8.60884393E-06
  0.460000038       7.91192906E-06
  0.480000019       7.38253084E-06
  0.500000000       6.69828341E-06
  0.519999981       6.08669097E-06
  0.539999962       5.62531341E-06
  0.559999943       5.06893230E-06
  0.579999924       4.61258287E-06
  0.599999905       4.26522593E-06
  0.619999886       3.91574849E-06
  0.639999866       3.56422015E-06
  0.659999847       3.28625902E-06
  0.679999828       3.11114104E-06
  0.700000048       2.80229392E-06
  0.720000029       2.59311173E-06
  0.740000010       2.44709531E-06
  0.759999990       2.27516261E-06
  0.779999971       2.07539301E-06
  0.799999952       1.91612662E-06
  0.819999933       1.82863619E-06
  0.839999914       1.70320322E-06
  0.859999895       1.55401324E-06
  0.879999876       1.43494003E-06
  0.899999857       1.35126788E-06
  0.919999838       1.29655973E-06
  0.939999819       1.17837715E-06
  0.960000038       1.08704512E-06
  0.980000019       9.94702759E-07
   1.00000000       9.45963393E-07
   1.01999998       9.11154757E-07
   1.03999996       8.33472313E-07
   1.05999994       7.62759498E-07
   1.07999992       6.95442793E-07
   1.09999990       6.34149501E-07
   1.11999989       6.08300411E-07
   1.13999987       5.87246177E-07
   1.15999985       5.43354815E-07
   1.17999983       4.93652522E-07
   1.19999981       4.47513656E-07
   1.22000003       3.98629481E-07
   1.24000001       3.54421388E-07
   1.25999999       3.27372021E-07
   1.27999997       3.14608002E-07
   1.29999995       3.03267370E-07
   1.31999993       2.85500818E-07
   1.33999991       2.62182368E-07
   1.35999990       2.36334401E-07
   1.37999988       2.09210725E-07
   1.39999986       1.80773199E-07
   1.41999984       1.51654888E-07
   1.43999982       1.23346211E-07
   1.46000004       9.75887815E-08
   1.48000002       7.55391980E-08
   1.50000000       5.76317163E-08
   1.51999998       4.35270806E-08
   1.53999996       3.26359277E-08
   1.55999994       2.44458374E-08
   1.57999992       1.83595716E-08
   1.59999990       1.38797862E-08
   1.61999989       1.05763167E-08
   1.63999987       8.11883361E-09
   1.65999985       6.30399732E-09
   1.67999983       4.97986719E-09
   1.69999981       4.02639921E-09
   1.72000003       3.33839956E-09
   1.74000001       2.81834134E-09
   1.75999999       2.41797604E-09
   1.77999997       2.07994999E-09
   1.79999995       1.81272708E-09
   1.81999993       1.59822378E-09
   1.83999991       1.41872780E-09
   1.85999990       1.27256916E-09
   1.87999988       1.16364673E-09
   1.89999986       1.09351694E-09
   1.91999984       1.02391062E-09
   1.93999982       9.64985425E-10
   1.95999980       8.96245911E-10
   1.98000002       8.35422842E-10
   2.00000000       7.94637023E-10
   2.01999998       7.60812746E-10
   2.03999996       7.39960371E-10
   2.05999994       7.21524507E-10
   2.07999992       7.02652048E-10
   2.09999990       6.75093925E-10
   2.11999989       6.50877352E-10
   2.13999987       6.39363229E-10
   2.15999985       6.30147545E-10
   2.17999983       6.14990836E-10
   2.19999981       5.90574867E-10
   2.21999979       5.69120528E-10
   2.23999977       5.65760772E-10
   2.25999975       5.51056811E-10
   2.27999973       5.19945087E-10
   2.29999971       5.00547492E-10
   2.31999969       5.03601549E-10
   2.33999968       4.99615349E-10
   2.36000013       4.68435513E-10
   2.38000011       4.53908022E-10
   2.40000010       4.52188065E-10
   2.42000008       4.32951175E-10
   2.44000006       4.01188971E-10
   2.46000004       3.91933930E-10
   2.48000002       3.91646160E-10
   2.50000000       3.69147823E-10
   2.51999998       3.53267748E-10
   2.53999996       3.44573869E-10
   2.55999994       3.22835148E-10
   2.57999992       3.13740256E-10
   2.59999990       3.14585469E-10
   2.61999989       2.91171698E-10
   2.63999987       2.72989298E-10
   2.65999985       2.71244305E-10
   2.67999983       2.43085219E-10
   2.69999981       2.38172482E-10
   2.71999979       2.30023472E-10
   2.73999977       2.03073280E-10
   2.75999975       2.04079309E-10
   2.77999973       1.83960278E-10
   2.79999971       1.66238606E-10
   2.81999969       1.59674413E-10
   2.83999968       1.42755779E-10
   2.85999966       1.41373580E-10
   2.88000011       1.24087574E-10
   2.90000010       1.13581276E-10
   2.92000008       9.67562419E-11
   2.94000006       8.10481265E-11
   2.96000004       7.25566551E-11
   2.98000002       5.93130059E-11
   3.00000000       5.32268951E-11
   3.01999998       3.60915950E-11
   3.03999996       2.77597199E-11
   3.05999994       1.17185888E-11
   3.07999992       1.72421782E-11
   3.09999990       1.59696943E-11
