  -2.00000000       2.62899119E-10
  -1.98000002       1.51581331E-10
  -1.96000004       7.41770867E-10
  -1.94000006       5.67923097E-10
  -1.91999996       1.33419920E-09
  -1.89999998       1.54031432E-09
  -1.88000000       2.21830465E-09
  -1.86000001       3.11678017E-09
  -1.84000003       3.71456688E-09
  -1.82000005       5.09341103E-09
  -1.79999995       6.02142691E-09
  -1.77999997       8.26410940E-09
  -1.75999999       1.01188196E-08
  -1.74000001       1.34727944E-08
  -1.72000003       1.75600441E-08
  -1.70000005       2.24365877E-08
  -1.68000007       3.05311083E-08
  -1.65999997       3.92346386E-08
  -1.63999999       5.28140127E-08
  -1.62000000       6.69586697E-08
  -1.60000002       8.63102940E-08
  -1.58000004       1.08825098E-07
  -1.55999994       1.35415590E-07
  -1.53999996       1.74137270E-07
  -1.51999998       2.12334442E-07
  -1.50000000       2.63993485E-07
  -1.48000002       3.10013746E-07
  -1.46000004       3.64381009E-07
  -1.44000006       4.09781251E-07
  -1.42000008       4.58358329E-07
  -1.40000010       4.90671084E-07
  -1.38000000       5.15924228E-07
  -1.36000001       5.20616197E-07
  -1.34000003       5.27960310E-07
  -1.31999993       5.31339083E-07
  -1.29999995       5.44149032E-07
  -1.27999997       5.64948778E-07
  -1.25999999       6.04155559E-07
  -1.24000001       6.48617117E-07
  -1.22000003       6.93503068E-07
  -1.20000005       7.26109533E-07
  -1.18000007       7.38712060E-07
  -1.16000009       7.65824154E-07
  -1.14000010       7.84576685E-07
  -1.12000000       8.02804891E-07
  -1.10000002       9.25803306E-07
  -1.08000004       8.73439603E-07
  -1.05999994       9.01000362E-07
  -1.03999996       1.23822599E-06
  -1.01999998       7.29567262E-07
  -1.00000000       1.09570885E-06
 -0.980000019       2.58675800E-06
 -0.960000038       4.59926525E-07
 -0.940000057       2.58271234E-06
 -0.920000076       1.08786899E-05
 -0.899999976       8.02044906E-06
 -0.879999995       2.00896320E-05
 -0.860000014       7.45083235E-05
 -0.840000033       1.18929049E-04
 -0.820000052       2.10836733E-04
 -0.800000072       5.34484570E-04
 -0.779999971       1.05154247E-03
 -0.759999990       1.80355995E-03
 -0.740000010       3.46149993E-03
 -0.720000029       6.65636873E-03
 -0.700000048       1.14907697E-02
 -0.680000067       1.91759355E-02
 -0.660000086       3.26150656E-02
 -0.639999986       5.41402325E-02
 -0.620000005       8.50720406E-02
 -0.600000024      0.129499778    
 -0.580000043      0.195082128    
 -0.560000062      0.287723899    
 -0.540000081      0.409183800    
 -0.519999981      0.561954260    
 -0.500000000      0.753770113    
 -0.480000019      0.990537584    
 -0.460000038       1.26818991    
 -0.440000057       1.57282305    
 -0.420000076       1.89063919    
 -0.400000095       2.21241879    
 -0.379999995       2.52793264    
 -0.360000014       2.82024503    
 -0.340000033       3.06308675    
 -0.320000052       3.22934842    
 -0.300000072       3.29595423    
 -0.280000091       3.25840688    
 -0.259999990       3.13622236    
 -0.240000010       2.96876454    
 -0.220000029       2.78337860    
 -0.200000048       2.55746365    
 -0.180000067       2.23550344    
 -0.160000086       1.79574144    
 -0.139999986       1.33278835    
 -0.120000005       1.01147878    
 -0.100000024      0.922135830    
  -8.00000429E-02  0.956678450    
  -6.00000620E-02  0.875176191    
  -4.00000811E-02  0.569712222    
  -2.00001001E-02  0.170718402    
   0.00000000       1.54190906E-03
   1.99999809E-02   4.10691246E-06
   3.99999619E-02   1.14542786E-06
   5.99999428E-02   1.48962067E-06
   7.99999237E-02   1.02747936E-06
   9.99999046E-02   2.33089327E-06
  0.119999886       2.23583606E-06
  0.139999866       3.75392347E-06
  0.159999847       3.88494027E-06
  0.180000067       5.41075951E-06
  0.200000048       5.78567597E-06
  0.220000029       7.00107648E-06
  0.240000010       7.61108595E-06
  0.259999990       8.31006219E-06
  0.279999971       9.13648728E-06
  0.299999952       9.41032977E-06
  0.319999933       1.00701563E-05
  0.339999914       9.99001713E-06
  0.359999895       1.00004754E-05
  0.379999876       9.92923378E-06
  0.399999857       9.50474350E-06
  0.419999838       9.20416733E-06
  0.440000057       8.53984329E-06
  0.460000038       7.92427090E-06
  0.480000019       7.46295973E-06
  0.500000000       6.72011174E-06
  0.519999981       6.11318137E-06
  0.539999962       5.68714586E-06
  0.559999943       5.10080326E-06
  0.579999924       4.63868400E-06
  0.599999905       4.33427385E-06
  0.619999886       3.91456570E-06
  0.639999866       3.59984665E-06
  0.659999847       3.35260779E-06
  0.679999828       3.08643394E-06
  0.700000048       2.85736905E-06
  0.720000029       2.61353762E-06
  0.740000010       2.48020933E-06
  0.759999990       2.27081023E-06
  0.779999971       2.11265910E-06
  0.799999952       1.94356426E-06
  0.819999933       1.84714031E-06
  0.839999914       1.70043654E-06
  0.859999895       1.58813862E-06
  0.879999876       1.44999422E-06
  0.899999857       1.38374367E-06
  0.919999838       1.28162037E-06
  0.939999819       1.20322136E-06
  0.960000038       1.10344752E-06
  0.980000019       1.01601597E-06
   1.00000000       9.68011136E-07
   1.01999998       8.99100201E-07
   1.03999996       8.47353476E-07
   1.05999994       7.83882228E-07
   1.07999992       7.04880506E-07
   1.09999990       6.57842122E-07
   1.11999989       6.21084098E-07
   1.13999987       5.78619336E-07
   1.15999985       5.46725516E-07
   1.17999983       5.11699739E-07
   1.19999981       4.59439406E-07
   1.22000003       4.07424068E-07
   1.24000001       3.71246472E-07
   1.25999999       3.44695138E-07
   1.27999997       3.19926897E-07
   1.29999995       2.98469701E-07
   1.31999993       2.82113007E-07
   1.33999991       2.66791119E-07
   1.35999990       2.46726955E-07
   1.37999988       2.20208733E-07
   1.39999986       1.89644993E-07
   1.41999984       1.58943934E-07
   1.43999982       1.30524043E-07
   1.46000004       1.05468821E-07
   1.48000002       8.40335446E-08
   1.50000000       6.60060095E-08
   1.51999998       5.10824663E-08
   1.53999996       3.90015593E-08
   1.55999994       2.94570768E-08
   1.57999992       2.21460166E-08
   1.59999990       1.66532299E-08
   1.61999989       1.25624249E-08
   1.63999987       9.50909129E-09
   1.65999985       7.24996685E-09
   1.67999983       5.63308422E-09
   1.69999981       4.48490400E-09
   1.72000003       3.66472408E-09
   1.74000001       3.04634806E-09
   1.75999999       2.56495158E-09
   1.77999997       2.17884155E-09
   1.79999995       1.87662574E-09
   1.81999993       1.63530711E-09
   1.83999991       1.43262768E-09
   1.85999990       1.27949373E-09
   1.87999988       1.17219034E-09
   1.89999986       1.08794296E-09
   1.91999984       1.01496067E-09
   1.93999982       9.42912304E-10
   1.95999980       8.79245177E-10
   1.98000002       8.17314549E-10
   2.00000000       7.74702968E-10
   2.01999998       7.48625106E-10
   2.03999996       7.28479999E-10
   2.05999994       7.10845827E-10
   2.07999992       6.87930490E-10
   2.09999990       6.64251765E-10
   2.11999989       6.46518061E-10
   2.13999987       6.37605413E-10
   2.15999985       6.25581698E-10
   2.17999983       6.03601391E-10
   2.19999981       5.84676307E-10
   2.21999979       5.72745296E-10
   2.23999977       5.71501846E-10
   2.25999975       5.58225077E-10
   2.27999973       5.28683652E-10
   2.29999971       5.19260690E-10
   2.31999969       5.28832977E-10
   2.33999968       5.16582832E-10
   2.36000013       4.89290275E-10
   2.38000011       4.82962614E-10
   2.40000010       4.88428298E-10
   2.42000008       4.71134631E-10
   2.44000006       4.48450888E-10
   2.46000004       4.45086440E-10
   2.48000002       4.35385672E-10
   2.50000000       4.12016865E-10
   2.51999998       4.03827277E-10
   2.53999996       3.98460098E-10
   2.55999994       3.73378828E-10
   2.57999992       3.76463943E-10
   2.59999990       3.74930753E-10
   2.61999989       3.45642959E-10
   2.63999987       3.38132411E-10
   2.65999985       3.36719541E-10
   2.67999983       3.09751724E-10
   2.69999981       3.10253601E-10
   2.71999979       2.98448322E-10
   2.73999977       2.71016376E-10
   2.75999975       2.72407652E-10
   2.77999973       2.48557647E-10
   2.79999971       2.38502107E-10
   2.81999969       2.31428224E-10
   2.83999968       2.18052701E-10
   2.85999966       2.13241869E-10
   2.88000011       1.87243915E-10
   2.90000010       1.79504203E-10
   2.92000008       1.56179958E-10
   2.94000006       1.43591555E-10
   2.96000004       1.31786776E-10
   2.98000002       1.18160690E-10
   3.00000000       1.08386453E-10
   3.01999998       8.49010584E-11
   3.03999996       7.07696818E-11
   3.05999994       4.49155921E-11
   3.07999992       4.73582944E-11
   3.09999990       1.14111238E-11
