  -2.00000000       4.27577501E-10
  -1.98000002       2.20815893E-10
  -1.96000004       8.94931795E-10
  -1.94000006       1.00586339E-09
  -1.91999996       1.53670876E-09
  -1.89999998       2.39833597E-09
  -1.88000000       2.86421686E-09
  -1.86000001       4.23160174E-09
  -1.84000003       4.84165730E-09
  -1.82000005       6.67703670E-09
  -1.79999995       7.91142707E-09
  -1.77999997       1.06773212E-08
  -1.75999999       1.32093039E-08
  -1.74000001       1.73297412E-08
  -1.72000003       2.25692816E-08
  -1.70000005       2.87709021E-08
  -1.68000007       3.86398469E-08
  -1.65999997       4.98509110E-08
  -1.63999999       6.46097931E-08
  -1.62000000       8.25879312E-08
  -1.60000002       1.02984870E-07
  -1.58000004       1.29414019E-07
  -1.55999994       1.59392812E-07
  -1.53999996       2.01280216E-07
  -1.51999998       2.42718329E-07
  -1.50000000       2.91935379E-07
  -1.48000002       3.36054228E-07
  -1.46000004       3.84235477E-07
  -1.44000006       4.27381053E-07
  -1.42000008       4.65938797E-07
  -1.40000010       4.94071344E-07
  -1.38000000       5.12533177E-07
  -1.36000001       5.22274775E-07
  -1.34000003       5.30921625E-07
  -1.31999993       5.41658324E-07
  -1.29999995       5.58990962E-07
  -1.27999997       5.82916357E-07
  -1.25999999       6.19617708E-07
  -1.24000001       6.57166026E-07
  -1.22000003       6.94027790E-07
  -1.20000005       7.26740836E-07
  -1.18000007       7.47553088E-07
  -1.16000009       7.85011366E-07
  -1.14000010       7.93938455E-07
  -1.12000000       8.27274391E-07
  -1.10000002       9.22060849E-07
  -1.08000004       8.41629969E-07
  -1.05999994       9.85921815E-07
  -1.03999996       1.19998708E-06
  -1.01999998       6.61883064E-07
  -1.00000000       1.40671341E-06
 -0.980000019       2.26255224E-06
 -0.960000038       1.20471128E-07
 -0.940000057       3.67741563E-06
 -0.920000076       9.92321930E-06
 -0.899999976       5.79290781E-06
 -0.879999995       2.25812946E-05
 -0.860000014       7.24939309E-05
 -0.840000033       1.06293599E-04
 -0.820000052       2.06515426E-04
 -0.800000072       5.25509764E-04
 -0.779999971       9.95987444E-04
 -0.759999990       1.71733601E-03
 -0.740000010       3.36354366E-03
 -0.720000029       6.42949343E-03
 -0.700000048       1.10197086E-02
 -0.680000067       1.84791833E-02
 -0.660000086       3.16003896E-02
 -0.639999986       5.24140224E-02
 -0.620000005       8.22572857E-02
 -0.600000024      0.125492305    
 -0.580000043      0.189591274    
 -0.560000062      0.280018508    
 -0.540000081      0.398457050    
 -0.519999981      0.547985315    
 -0.500000000      0.736601055    
 -0.480000019      0.970023930    
 -0.460000038       1.24408722    
 -0.440000057       1.54542422    
 -0.420000076       1.86117911    
 -0.400000095       2.18246436    
 -0.379999995       2.49926686    
 -0.360000014       2.79449487    
 -0.340000033       3.04213285    
 -0.320000052       3.21476340    
 -0.300000072       3.28853965    
 -0.280000091       3.25816941    
 -0.259999990       3.14300203    
 -0.240000010       2.98331809    
 -0.220000029       2.80651021    
 -0.200000048       2.58798528    
 -0.180000067       2.26854992    
 -0.160000086       1.82474899    
 -0.139999986       1.35487652    
 -0.120000005       1.03061700    
 -0.100000024      0.946024120    
  -8.00000429E-02  0.988343954    
  -6.00000620E-02  0.907634676    
  -4.00000811E-02  0.591914833    
  -2.00001001E-02  0.177462935    
   0.00000000       1.61831966E-03
   1.99999809E-02   2.46936770E-06
   3.99999619E-02   2.79938467E-06
   5.99999428E-02   3.69330337E-07
   7.99999237E-02   1.85171666E-06
   9.99999046E-02   1.61908599E-06
  0.119999886       2.72348962E-06
  0.139999866       3.28503234E-06
  0.159999847       4.09793029E-06
  0.180000067       5.15115607E-06
  0.200000048       5.70144675E-06
  0.220000029       6.92929507E-06
  0.240000010       7.29065232E-06
  0.259999990       8.39279892E-06
  0.279999971       8.79145682E-06
  0.299999952       9.47483568E-06
  0.319999933       9.85943188E-06
  0.339999914       9.84538929E-06
  0.359999895       1.00320431E-05
  0.379999876       9.74541763E-06
  0.399999857       9.59838690E-06
  0.419999838       9.15977034E-06
  0.440000057       8.48913078E-06
  0.460000038       8.08356344E-06
  0.480000019       7.44186036E-06
  0.500000000       6.75912270E-06
  0.519999981       6.26077417E-06
  0.539999962       5.69204622E-06
  0.559999943       5.15345937E-06
  0.579999924       4.76742207E-06
  0.599999905       4.34781941E-06
  0.619999886       3.94426979E-06
  0.639999866       3.70671228E-06
  0.659999847       3.38555719E-06
  0.679999828       3.09099755E-06
  0.700000048       2.92729692E-06
  0.720000029       2.68106987E-06
  0.740000010       2.48491597E-06
  0.759999990       2.28838690E-06
  0.779999971       2.18081937E-06
  0.799999952       1.99166379E-06
  0.819999933       1.84859448E-06
  0.839999914       1.71467195E-06
  0.859999895       1.64061919E-06
  0.879999876       1.49817754E-06
  0.899999857       1.39436384E-06
  0.919999838       1.28096906E-06
  0.939999819       1.23339078E-06
  0.960000038       1.14994032E-06
  0.980000019       1.05235142E-06
   1.00000000       9.73804276E-07
   1.01999998       8.97652228E-07
   1.03999996       8.67180233E-07
   1.05999994       8.17596856E-07
   1.07999992       7.41859935E-07
   1.09999990       6.82103746E-07
   1.11999989       6.23033031E-07
   1.13999987       5.76716729E-07
   1.15999985       5.57814190E-07
   1.17999983       5.32893182E-07
   1.19999981       4.86326996E-07
   1.22000003       4.37718683E-07
   1.24000001       3.95512274E-07
   1.25999999       3.54596580E-07
   1.27999997       3.18972980E-07
   1.29999995       2.96914976E-07
   1.31999993       2.86144257E-07
   1.33999991       2.76029795E-07
   1.35999990       2.59163073E-07
   1.37999988       2.35353284E-07
   1.39999986       2.07886274E-07
   1.41999984       1.79588909E-07
   1.43999982       1.51728244E-07
   1.46000004       1.25191036E-07
   1.48000002       1.00840360E-07
   1.50000000       7.92431081E-08
   1.51999998       6.08059736E-08
   1.53999996       4.58212561E-08
   1.55999994       3.40357396E-08
   1.57999992       2.51290491E-08
   1.59999990       1.85254336E-08
   1.61999989       1.36672149E-08
   1.63999987       1.01331254E-08
   1.65999985       7.61813723E-09
   1.67999983       5.84578963E-09
   1.69999981       4.58564342E-09
   1.72000003       3.66277986E-09
   1.74000001       2.96273206E-09
   1.75999999       2.42591724E-09
   1.77999997       2.01863992E-09
   1.79999995       1.70626691E-09
   1.81999993       1.45229517E-09
   1.83999991       1.25559230E-09
   1.85999990       1.10507425E-09
   1.87999988       9.90879379E-10
   1.89999986       9.08418507E-10
   1.91999984       8.33532243E-10
   1.93999982       7.62368557E-10
   1.95999980       6.98151259E-10
   1.98000002       6.39653053E-10
   2.00000000       6.03633143E-10
   2.01999998       5.85745064E-10
   2.03999996       5.65406222E-10
   2.05999994       5.31053868E-10
   2.07999992       4.94677133E-10
   2.09999990       4.73038553E-10
   2.11999989       4.64291772E-10
   2.13999987       4.64191297E-10
   2.15999985       4.52487464E-10
   2.17999983       4.31931435E-10
   2.19999981       4.16752077E-10
   2.21999979       4.10127848E-10
   2.23999977       3.99871858E-10
   2.25999975       3.73852393E-10
   2.27999973       3.52920387E-10
   2.29999971       3.49197476E-10
   2.31999969       3.43314099E-10
   2.33999968       3.26525057E-10
   2.36000013       3.13638976E-10
   2.38000011       3.15321158E-10
   2.40000010       3.06677350E-10
   2.42000008       2.85610674E-10
   2.44000006       2.84609503E-10
   2.46000004       2.85989621E-10
   2.48000002       2.58744193E-10
   2.50000000       2.44280540E-10
   2.51999998       2.53207594E-10
   2.53999996       2.37286329E-10
   2.55999994       2.19101390E-10
   2.57999992       2.26805894E-10
   2.59999990       2.18335794E-10
   2.61999989       1.96073477E-10
   2.63999987       2.00870529E-10
   2.65999985       1.93787958E-10
   2.67999983       1.81405488E-10
   2.69999981       1.83795451E-10
   2.71999979       1.62406227E-10
   2.73999977       1.53701232E-10
   2.75999975       1.50751300E-10
   2.77999973       1.38731068E-10
   2.79999971       1.42527462E-10
   2.81999969       1.21837929E-10
   2.83999968       1.17973978E-10
   2.85999966       1.14332675E-10
   2.88000011       9.96511068E-11
   2.90000010       1.02023501E-10
   2.92000008       8.50305104E-11
   2.94000006       8.04450534E-11
   2.96000004       6.88821916E-11
   2.98000002       6.78868559E-11
   3.00000000       6.07602024E-11
   3.01999998       4.58265093E-11
   3.03999996       3.40407875E-11
   3.05999994       2.57999091E-11
   3.07999992       1.75894507E-11
   3.09999990       7.06974965E-11
