  -2.00000000       4.22507723E-10
  -1.98000002       2.08365700E-10
  -1.96000004       9.01643371E-10
  -1.94000006       9.42392386E-10
  -1.91999996       1.53271662E-09
  -1.89999998       2.28829444E-09
  -1.88000000       2.78269607E-09
  -1.86000001       4.09799972E-09
  -1.84000003       4.67723149E-09
  -1.82000005       6.47147669E-09
  -1.79999995       7.61769936E-09
  -1.77999997       1.03285842E-08
  -1.75999999       1.26981954E-08
  -1.74000001       1.66936829E-08
  -1.72000003       2.17347260E-08
  -1.70000005       2.76674772E-08
  -1.68000007       3.72911266E-08
  -1.65999997       4.80314100E-08
  -1.63999999       6.26312371E-08
  -1.62000000       7.99323487E-08
  -1.60000002       1.00138365E-07
  -1.58000004       1.25965073E-07
  -1.55999994       1.55315874E-07
  -1.53999996       1.96962660E-07
  -1.51999998       2.37784761E-07
  -1.50000000       2.87672776E-07
  -1.48000002       3.31838550E-07
  -1.46000004       3.81020413E-07
  -1.44000006       4.24441225E-07
  -1.42000008       4.64928092E-07
  -1.40000010       4.93983009E-07
  -1.38000000       5.13855014E-07
  -1.36000001       5.22780169E-07
  -1.34000003       5.30763259E-07
  -1.31999993       5.39667042E-07
  -1.29999995       5.56086206E-07
  -1.27999997       5.79727555E-07
  -1.25999999       6.17264050E-07
  -1.24000001       6.55957876E-07
  -1.22000003       6.94006076E-07
  -1.20000005       7.27146926E-07
  -1.18000007       7.46462206E-07
  -1.16000009       7.81863832E-07
  -1.14000010       7.91999128E-07
  -1.12000000       8.23306607E-07
  -1.10000002       9.23756431E-07
  -1.08000004       8.45347358E-07
  -1.05999994       9.73282226E-07
  -1.03999996       1.20833442E-06
  -1.01999998       6.66478343E-07
  -1.00000000       1.36187987E-06
 -0.980000019       2.32050729E-06
 -0.960000038       1.54495950E-07
 -0.940000057       3.51094286E-06
 -0.920000076       1.01046908E-05
 -0.899999976       6.08106257E-06
 -0.879999995       2.21783775E-05
 -0.860000014       7.29024396E-05
 -0.840000033       1.08174892E-04
 -0.820000052       2.06992670E-04
 -0.800000072       5.27056749E-04
 -0.779999971       1.00461429E-03
 -0.759999990       1.72998640E-03
 -0.740000010       3.37826437E-03
 -0.720000029       6.46444783E-03
 -0.700000048       1.10913208E-02
 -0.680000067       1.85836758E-02
 -0.660000086       3.17542180E-02
 -0.639999986       5.26769087E-02
 -0.620000005       8.26849490E-02
 -0.600000024      0.126099274    
 -0.580000043      0.190425128    
 -0.560000062      0.281192243    
 -0.540000081      0.400091171    
 -0.519999981      0.550114214    
 -0.500000000      0.739218056    
 -0.480000019      0.973158717    
 -0.460000038       1.24777353    
 -0.440000057       1.54962218    
 -0.420000076       1.86569762    
 -0.400000095       2.18706727    
 -0.379999995       2.50368357    
 -0.360000014       2.79847312    
 -0.340000033       3.04538679    
 -0.320000052       3.21704268    
 -0.300000072       3.28972769    
 -0.280000091       3.25825644    
 -0.259999990       3.14201403    
 -0.240000010       2.98112679    
 -0.220000029       2.80298328    
 -0.200000048       2.58330774    
 -0.180000067       2.26347208    
 -0.160000086       1.82029402    
 -0.139999986       1.35148907    
 -0.120000005       1.02767420    
 -0.100000024      0.942327857    
  -8.00000429E-02  0.983422816    
  -6.00000620E-02  0.902583599    
  -4.00000811E-02  0.588458061    
  -2.00001001E-02  0.176411450    
   0.00000000       1.60713971E-03
   1.99999809E-02   2.64188679E-06
   3.99999619E-02   2.60536717E-06
   5.99999428E-02   5.09523090E-07
   7.99999237E-02   1.74055742E-06
   9.99999046E-02   1.73167155E-06
  0.119999886       2.64858681E-06
  0.139999866       3.38437644E-06
  0.159999847       4.05206356E-06
  0.180000067       5.21641869E-06
  0.200000048       5.67618099E-06
  0.220000029       6.94434675E-06
  0.240000010       7.30981992E-06
  0.259999990       8.39823133E-06
  0.279999971       8.86552698E-06
  0.299999952       9.47033277E-06
  0.319999933       9.88908687E-06
  0.339999914       9.83312111E-06
  0.359999895       1.00400866E-05
  0.379999876       9.79426568E-06
  0.399999857       9.58042619E-06
  0.419999838       9.15345208E-06
  0.440000057       8.49228763E-06
  0.460000038       8.07958804E-06
  0.480000019       7.43977580E-06
  0.500000000       6.73688419E-06
  0.519999981       6.25620351E-06
  0.539999962       5.68991800E-06
  0.559999943       5.13161103E-06
  0.579999924       4.76261721E-06
  0.599999905       4.34058711E-06
  0.619999886       3.93466235E-06
  0.639999866       3.69906888E-06
  0.659999847       3.37258484E-06
  0.679999828       3.09716825E-06
  0.700000048       2.90984008E-06
  0.720000029       2.67514838E-06
  0.740000010       2.48449192E-06
  0.759999990       2.28202998E-06
  0.779999971       2.17303614E-06
  0.799999952       1.98284238E-06
  0.819999933       1.85128351E-06
  0.839999914       1.70866326E-06
  0.859999895       1.63380264E-06
  0.879999876       1.49193750E-06
  0.899999857       1.39169470E-06
  0.919999838       1.28299621E-06
  0.939999819       1.22354766E-06
  0.960000038       1.14782017E-06
  0.980000019       1.04454307E-06
   1.00000000       9.73976739E-07
   1.01999998       8.98896246E-07
   1.03999996       8.59647344E-07
   1.05999994       8.15198121E-07
   1.07999992       7.37386245E-07
   1.09999990       6.76227501E-07
   1.11999989       6.24960308E-07
   1.13999987       5.77237586E-07
   1.15999985       5.52608071E-07
   1.17999983       5.29724389E-07
   1.19999981       4.84802001E-07
   1.22000003       4.32958132E-07
   1.24000001       3.90495472E-07
   1.25999999       3.53964907E-07
   1.27999997       3.20802997E-07
   1.29999995       2.96762352E-07
   1.31999993       2.83299755E-07
   1.33999991       2.72907130E-07
   1.35999990       2.57339821E-07
   1.37999988       2.34227272E-07
   1.39999986       2.06122053E-07
   1.41999984       1.76662994E-07
   1.43999982       1.48077689E-07
   1.46000004       1.21639459E-07
   1.48000002       9.79774484E-08
   1.50000000       7.72680693E-08
   1.51999998       5.96332228E-08
   1.53999996       4.52030839E-08
   1.55999994       3.37486838E-08
   1.57999992       2.50107561E-08
   1.59999990       1.84721429E-08
   1.61999989       1.36379645E-08
   1.63999987       1.00987556E-08
   1.65999985       7.56570806E-09
   1.67999983       5.78469983E-09
   1.69999981       4.52380844E-09
   1.72000003       3.61033270E-09
   1.74000001       2.92056557E-09
   1.75999999       2.39006348E-09
   1.77999997       1.98835548E-09
   1.79999995       1.68059244E-09
   1.81999993       1.42913470E-09
   1.83999991       1.23365784E-09
   1.85999990       1.08503695E-09
   1.87999988       9.73973902E-10
   1.89999986       8.93130570E-10
   1.91999984       8.21914758E-10
   1.93999982       7.52860163E-10
   1.95999980       6.91002700E-10
   1.98000002       6.33085584E-10
   2.00000000       5.96774463E-10
   2.01999998       5.78863124E-10
   2.03999996       5.60655633E-10
   2.05999994       5.30092414E-10
   2.07999992       4.96504504E-10
   2.09999990       4.74717932E-10
   2.11999989       4.66043870E-10
   2.13999987       4.66486072E-10
   2.15999985       4.55135235E-10
   2.17999983       4.34453584E-10
   2.19999981       4.19186380E-10
   2.21999979       4.13282880E-10
   2.23999977       4.05473627E-10
   2.25999975       3.82312848E-10
   2.27999973       3.60607488E-10
   2.29999971       3.56563862E-10
   2.31999969       3.54278384E-10
   2.33999968       3.38441525E-10
   2.36000013       3.23812477E-10
   2.38000011       3.25631688E-10
   2.40000010       3.21832727E-10
   2.42000008       3.02834452E-10
   2.44000006       3.00148517E-10
   2.46000004       3.02055214E-10
   2.48000002       2.77777384E-10
   2.50000000       2.62230848E-10
   2.51999998       2.69370498E-10
   2.53999996       2.56010824E-10
   2.55999994       2.36067305E-10
   2.57999992       2.45314768E-10
   2.59999990       2.39834430E-10
   2.61999989       2.15172408E-10
   2.63999987       2.19919846E-10
   2.65999985       2.14924301E-10
   2.67999983       2.00832240E-10
   2.69999981       2.04329956E-10
   2.71999979       1.84160326E-10
   2.73999977       1.72696274E-10
   2.75999975       1.70760850E-10
   2.77999973       1.57063029E-10
   2.79999971       1.60162217E-10
   2.81999969       1.42599377E-10
   2.83999968       1.37845263E-10
   2.85999966       1.33691419E-10
   2.88000011       1.16777421E-10
   2.90000010       1.18348081E-10
   2.92000008       9.99860056E-11
   2.94000006       9.50973605E-11
   2.96000004       8.39387101E-11
   2.98000002       8.11347933E-11
   3.00000000       7.34015210E-11
   3.01999998       5.64667722E-11
   3.03999996       4.38463293E-11
   3.05999994       3.11223339E-11
   3.07999992       2.50365371E-11
   3.09999990       5.28547345E-11
