  -2.00000000       3.75574877E-10
  -1.98000002       1.79317103E-10
  -1.96000004       8.74091799E-10
  -1.94000006       7.71137765E-10
  -1.91999996       1.48229429E-09
  -1.89999998       1.96741512E-09
  -1.88000000       2.54485144E-09
  -1.86000001       3.68772013E-09
  -1.84000003       4.23327640E-09
  -1.82000005       5.87476379E-09
  -1.79999995       6.86556900E-09
  -1.77999997       9.41572242E-09
  -1.75999999       1.15123857E-08
  -1.74000001       1.52642023E-08
  -1.72000003       1.98995824E-08
  -1.70000005       2.52925751E-08
  -1.68000007       3.42873889E-08
  -1.65999997       4.39742678E-08
  -1.63999999       5.81683395E-08
  -1.62000000       7.39518384E-08
  -1.60000002       9.37535489E-08
  -1.58000004       1.17923442E-07
  -1.55999994       1.45655591E-07
  -1.53999996       1.86058458E-07
  -1.51999998       2.25138564E-07
  -1.50000000       2.75861169E-07
  -1.48000002       3.20592221E-07
  -1.46000004       3.72996766E-07
  -1.44000006       4.18208828E-07
  -1.42000008       4.63449567E-07
  -1.40000010       4.94203221E-07
  -1.38000000       5.16106127E-07
  -1.36000001       5.21516540E-07
  -1.34000003       5.28652322E-07
  -1.31999993       5.35532934E-07
  -1.29999995       5.50909078E-07
  -1.27999997       5.72785837E-07
  -1.25999999       6.10529469E-07
  -1.24000001       6.52011295E-07
  -1.22000003       6.95207973E-07
  -1.20000005       7.27584734E-07
  -1.18000007       7.42167686E-07
  -1.16000009       7.74204295E-07
  -1.14000010       7.88869727E-07
  -1.12000000       8.13231622E-07
  -1.10000002       9.25885104E-07
  -1.08000004       8.57998543E-07
  -1.05999994       9.38595804E-07
  -1.03999996       1.22602705E-06
  -1.01999998       6.88649436E-07
  -1.00000000       1.24291148E-06
 -0.980000019       2.45843034E-06
 -0.960000038       2.67920598E-07
 -0.940000057       3.09182860E-06
 -0.920000076       1.05155705E-05
 -0.899999976       6.89542867E-06
 -0.879999995       2.12078194E-05
 -0.860000014       7.37656883E-05
 -0.840000033       1.12962734E-04
 -0.820000052       2.08432321E-04
 -0.800000072       5.30586753E-04
 -0.779999971       1.02593855E-03
 -0.759999990       1.76243659E-03
 -0.740000010       3.41531564E-03
 -0.720000029       6.55137748E-03
 -0.700000048       1.12714684E-02
 -0.680000067       1.88487917E-02
 -0.660000086       3.21420282E-02
 -0.639999986       5.33378907E-02
 -0.620000005       8.37627649E-02
 -0.600000024      0.127632126    
 -0.580000043      0.192526579    
 -0.560000062      0.284145504    
 -0.540000081      0.404202759    
 -0.519999981      0.555469453    
 -0.500000000      0.745800018    
 -0.480000019      0.981029987    
 -0.460000038       1.25702846    
 -0.440000057       1.56014729    
 -0.420000076       1.87701750    
 -0.400000095       2.19858718    
 -0.379999995       2.51471806    
 -0.360000014       2.80839396    
 -0.340000033       3.05347347    
 -0.320000052       3.22268391    
 -0.300000072       3.29262304    
 -0.280000091       3.25839353    
 -0.259999990       3.13945413    
 -0.240000010       2.97557354    
 -0.220000029       2.79411602    
 -0.200000048       2.57158327    
 -0.180000067       2.25076652    
 -0.160000086       1.80914569    
 -0.139999986       1.34300232    
 -0.120000005       1.02031398    
 -0.100000024      0.933120728    
  -8.00000429E-02  0.971199274    
  -6.00000620E-02  0.890047312    
  -4.00000811E-02  0.579882622    
  -2.00001001E-02  0.173805460    
   0.00000000       1.57796254E-03
   1.99999809E-02   3.23889117E-06
   3.99999619E-02   1.99657393E-06
   5.99999428E-02   9.42755833E-07
   7.99999237E-02   1.42626277E-06
   9.99999046E-02   2.02089313E-06
  0.119999886       2.42926330E-06
  0.139999866       3.55791212E-06
  0.159999847       3.89711568E-06
  0.180000067       5.30425041E-06
  0.200000048       5.67817960E-06
  0.220000029       7.03699152E-06
  0.240000010       7.48823413E-06
  0.259999990       8.40254688E-06
  0.279999971       8.95814537E-06
  0.299999952       9.35830667E-06
  0.319999933       9.97044845E-06
  0.339999914       9.94824677E-06
  0.359999895       1.00816869E-05
  0.379999876       9.81266749E-06
  0.399999857       9.48275465E-06
  0.419999838       9.22680556E-06
  0.440000057       8.55235703E-06
  0.460000038       7.96234781E-06
  0.480000019       7.43594592E-06
  0.500000000       6.77405478E-06
  0.519999981       6.17614569E-06
  0.539999962       5.66287326E-06
  0.559999943       5.15443298E-06
  0.579999924       4.68765484E-06
  0.599999905       4.32977777E-06
  0.619999886       3.95277721E-06
  0.639999866       3.62086485E-06
  0.659999847       3.38916584E-06
  0.679999828       3.08302515E-06
  0.700000048       2.87861599E-06
  0.720000029       2.66304642E-06
  0.740000010       2.46517266E-06
  0.759999990       2.29540296E-06
  0.779999971       2.12378018E-06
  0.799999952       1.98730095E-06
  0.819999933       1.83085240E-06
  0.839999914       1.72098862E-06
  0.859999895       1.59642900E-06
  0.879999876       1.48659819E-06
  0.899999857       1.38170515E-06
  0.919999838       1.28296233E-06
  0.939999819       1.21820142E-06
  0.960000038       1.11646602E-06
  0.980000019       1.04635001E-06
   1.00000000       9.61826686E-07
   1.01999998       9.00234284E-07
   1.03999996       8.60195257E-07
   1.05999994       7.89358637E-07
   1.07999992       7.28498947E-07
   1.09999990       6.73978832E-07
   1.11999989       6.14419662E-07
   1.13999987       5.79591699E-07
   1.15999985       5.56195857E-07
   1.17999983       5.15298382E-07
   1.19999981       4.67771628E-07
   1.22000003       4.27195573E-07
   1.24000001       3.87104336E-07
   1.25999999       3.46480078E-07
   1.27999997       3.15972500E-07
   1.29999995       2.99054307E-07
   1.31999993       2.87226072E-07
   1.33999991       2.71251452E-07
   1.35999990       2.48872169E-07
   1.37999988       2.22858603E-07
   1.39999986       1.95962144E-07
   1.41999984       1.69189136E-07
   1.43999982       1.42640829E-07
   1.46000004       1.17068382E-07
   1.48000002       9.35702502E-08
   1.50000000       7.30099217E-08
   1.51999998       5.58104496E-08
   1.53999996       4.20590816E-08
   1.55999994       3.13978035E-08
   1.57999992       2.33866793E-08
   1.59999990       1.74572445E-08
   1.61999989       1.30694184E-08
   1.63999987       9.82258985E-09
   1.65999985       7.46100515E-09
   1.67999983       5.77200598E-09
   1.69999981       4.56396254E-09
   1.72000003       3.68633990E-09
   1.74000001       3.02265035E-09
   1.75999999       2.50447707E-09
   1.77999997       2.10269624E-09
   1.79999995       1.78966464E-09
   1.81999993       1.53253388E-09
   1.83999991       1.32802302E-09
   1.85999990       1.16949872E-09
   1.87999988       1.05938569E-09
   1.89999986       9.72320890E-10
   1.91999984       8.99205932E-10
   1.93999982       8.28157987E-10
   1.95999980       7.65959074E-10
   1.98000002       7.10258019E-10
   2.00000000       6.68684663E-10
   2.01999998       6.47247644E-10
   2.03999996       6.26579011E-10
   2.05999994       6.01363181E-10
   2.07999992       5.75352432E-10
   2.09999990       5.52517698E-10
   2.11999989       5.41377776E-10
   2.13999987       5.35906985E-10
   2.15999985       5.23924015E-10
   2.17999983       5.02691666E-10
   2.19999981       4.87327845E-10
   2.21999979       4.82317131E-10
   2.23999977       4.77378359E-10
   2.25999975       4.58104082E-10
   2.27999973       4.32137381E-10
   2.29999971       4.26782415E-10
   2.31999969       4.33401787E-10
   2.33999968       4.17814533E-10
   2.36000013       3.96216893E-10
   2.38000011       3.94908134E-10
   2.40000010       3.98487882E-10
   2.42000008       3.84706572E-10
   2.44000006       3.74955123E-10
   2.46000004       3.75974057E-10
   2.48000002       3.55348723E-10
   2.50000000       3.34849037E-10
   2.51999998       3.36969008E-10
   2.53999996       3.29594074E-10
   2.55999994       3.09977016E-10
   2.57999992       3.20615645E-10
   2.59999990       3.17663146E-10
   2.61999989       2.87713797E-10
   2.63999987       2.88829682E-10
   2.65999985       2.87492752E-10
   2.67999983       2.67064287E-10
   2.69999981       2.69880646E-10
   2.71999979       2.54231414E-10
   2.73999977       2.33897957E-10
   2.75999975       2.34450237E-10
   2.77999973       2.14066223E-10
   2.79999971       2.11332452E-10
   2.81999969       2.01326220E-10
   2.83999968       1.92055080E-10
   2.85999966       1.88577515E-10
   2.88000011       1.65903805E-10
   2.90000010       1.63637354E-10
   2.92000008       1.41798850E-10
   2.94000006       1.33654726E-10
   2.96000004       1.21674407E-10
   2.98000002       1.12758330E-10
   3.00000000       1.03640936E-10
   3.01999998       8.24400617E-11
   3.03999996       6.81391471E-11
   3.05999994       4.59221515E-11
   3.07999992       4.41590826E-11
   3.09999990       2.44626888E-11
