  -2.00000000       3.14861748E-10
  -1.98000002       2.97678743E-10
  -1.96000004       5.77112913E-10
  -1.94000006       1.25517319E-09
  -1.91999996       1.34236022E-09
  -1.89999998       2.71781797E-09
  -1.88000000       3.18979643E-09
  -1.86000001       4.54713378E-09
  -1.84000003       5.70177328E-09
  -1.82000005       7.44005657E-09
  -1.79999995       9.64540270E-09
  -1.77999997       1.24166473E-08
  -1.75999999       1.64084462E-08
  -1.74000001       2.13151985E-08
  -1.72000003       2.80617609E-08
  -1.70000005       3.68809410E-08
  -1.68000007       4.83280900E-08
  -1.65999997       6.36126956E-08
  -1.63999999       7.99018380E-08
  -1.62000000       1.03166442E-07
  -1.60000002       1.26602487E-07
  -1.58000004       1.58240638E-07
  -1.55999994       1.95005796E-07
  -1.53999996       2.37516787E-07
  -1.51999998       2.85015318E-07
  -1.50000000       3.27294515E-07
  -1.48000002       3.70541159E-07
  -1.46000004       4.08068928E-07
  -1.44000006       4.46834520E-07
  -1.42000008       4.70045336E-07
  -1.40000010       4.91211836E-07
  -1.38000000       5.01305067E-07
  -1.36000001       5.17478668E-07
  -1.34000003       5.30369221E-07
  -1.31999993       5.55567908E-07
  -1.29999995       5.82622647E-07
  -1.27999997       6.11245810E-07
  -1.25999999       6.39592088E-07
  -1.24000001       6.63479284E-07
  -1.22000003       6.91305047E-07
  -1.20000005       7.23575624E-07
  -1.18000007       7.57438670E-07
  -1.16000009       8.05098409E-07
  -1.14000010       8.12980659E-07
  -1.12000000       8.56617760E-07
  -1.10000002       8.98855205E-07
  -1.08000004       8.32621367E-07
  -1.05999994       1.07160804E-06
  -1.03999996       1.11533927E-06
  -1.01999998       6.88306045E-07
  -1.00000000       1.68809788E-06
 -0.980000019       1.77093193E-06
 -0.960000038       7.78210207E-08
 -0.940000057       4.81552161E-06
 -0.920000076       8.24954714E-06
 -0.899999976       4.29297052E-06
 -0.879999995       2.56390467E-05
 -0.860000014       6.83084218E-05
 -0.840000033       9.33267438E-05
 -0.820000052       2.04613607E-04
 -0.800000072       5.11997961E-04
 -0.779999971       9.30931186E-04
 -0.759999990       1.62995188E-03
 -0.740000010       3.25605087E-03
 -0.720000029       6.16743462E-03
 -0.700000048       1.04940506E-02
 -0.680000067       1.77255441E-02
 -0.660000086       3.04724965E-02
 -0.639999986       5.04714176E-02
 -0.620000005       7.91161209E-02
 -0.600000024      0.121043585    
 -0.580000043      0.183464453    
 -0.560000062      0.271345049    
 -0.540000081      0.386388958    
 -0.519999981      0.532250285    
 -0.500000000      0.717248261    
 -0.480000019      0.946764350    
 -0.460000038       1.21667898    
 -0.440000057       1.51415372    
 -0.420000076       1.82744145    
 -0.400000095       2.14802599    
 -0.379999995       2.46605396    
 -0.360000014       2.76448011    
 -0.340000033       3.01738691    
 -0.320000052       3.19725609    
 -0.300000072       3.27910662    
 -0.280000091       3.25690508    
 -0.259999990       3.14979815    
 -0.240000010       2.99917626    
 -0.220000029       2.83258963    
 -0.200000048       2.62285423    
 -0.180000067       2.30654860    
 -0.160000086       1.85805964    
 -0.139999986       1.38014495    
 -0.120000005       1.05265951    
 -0.100000024      0.973999202    
  -8.00000429E-02   1.02582037    
  -6.00000620E-02  0.946205020    
  -4.00000811E-02  0.618301272    
  -2.00001001E-02  0.185525894    
   0.00000000       1.68776046E-03
   1.99999809E-02   3.02505327E-06
   3.99999619E-02   2.62251433E-06
   5.99999428E-02   3.78352269E-07
   7.99999237E-02   1.95048619E-06
   9.99999046E-02   1.34852428E-06
  0.119999886       2.97487691E-06
  0.139999866       2.84246426E-06
  0.159999847       4.39987207E-06
  0.180000067       4.64163122E-06
  0.200000048       5.92538527E-06
  0.220000029       6.50081665E-06
  0.240000010       7.31150976E-06
  0.259999990       8.18380158E-06
  0.279999971       8.57273608E-06
  0.299999952       9.47780427E-06
  0.319999933       9.53861581E-06
  0.339999914       9.88332340E-06
  0.359999895       9.86585655E-06
  0.379999876       9.65757135E-06
  0.399999857       9.65721392E-06
  0.419999838       9.04679109E-06
  0.440000057       8.56729639E-06
  0.460000038       8.13515362E-06
  0.480000019       7.43389592E-06
  0.500000000       6.88792670E-06
  0.519999981       6.32179854E-06
  0.539999962       5.73019588E-06
  0.559999943       5.27266047E-06
  0.579999924       4.82911855E-06
  0.599999905       4.38639199E-06
  0.619999886       4.03324202E-06
  0.639999866       3.76896310E-06
  0.659999847       3.42101043E-06
  0.679999828       3.14292288E-06
  0.700000048       2.99558860E-06
  0.720000029       2.71814542E-06
  0.740000010       2.51453935E-06
  0.759999990       2.34436447E-06
  0.779999971       2.22406038E-06
  0.799999952       2.02679666E-06
  0.819999933       1.87199214E-06
  0.839999914       1.76033518E-06
  0.859999895       1.67514611E-06
  0.879999876       1.53096892E-06
  0.899999857       1.41740304E-06
  0.919999838       1.31045647E-06
  0.939999819       1.26917519E-06
  0.960000038       1.17303148E-06
  0.980000019       1.08358290E-06
   1.00000000       9.91290904E-07
   1.01999998       9.21920275E-07
   1.03999996       8.94776122E-07
   1.05999994       8.34591845E-07
   1.07999992       7.69069061E-07
   1.09999990       7.06314722E-07
   1.11999989       6.36007371E-07
   1.13999987       5.96882558E-07
   1.15999985       5.78982338E-07
   1.17999983       5.45262765E-07
   1.19999981       5.03070453E-07
   1.22000003       4.62826506E-07
   1.24000001       4.15896466E-07
   1.25999999       3.66416771E-07
   1.27999997       3.31039786E-07
   1.29999995       3.13020024E-07
   1.31999993       3.01062698E-07
   1.33999991       2.85856061E-07
   1.35999990       2.66813004E-07
   1.37999988       2.46203086E-07
   1.39999986       2.23908742E-07
   1.41999984       1.98717970E-07
   1.43999982       1.70821650E-07
   1.46000004       1.41853548E-07
   1.48000002       1.14328500E-07
   1.50000000       9.00053720E-08
   1.51999998       6.96035727E-08
   1.53999996       5.32899591E-08
   1.55999994       4.04989464E-08
   1.57999992       3.06057935E-08
   1.59999990       2.31649047E-08
   1.61999989       1.75864479E-08
   1.63999987       1.34041027E-08
   1.65999985       1.03391704E-08
   1.67999983       8.09250089E-09
   1.69999981       6.42709042E-09
   1.72000003       5.16470067E-09
   1.74000001       4.19336965E-09
   1.75999999       3.45503248E-09
   1.77999997       2.88724378E-09
   1.79999995       2.44687004E-09
   1.81999993       2.10682094E-09
   1.83999991       1.83368720E-09
   1.85999990       1.64042668E-09
   1.87999988       1.48886259E-09
   1.89999986       1.35500511E-09
   1.91999984       1.22882049E-09
   1.93999982       1.11152643E-09
   1.95999980       1.03014286E-09
   1.98000002       9.57398383E-10
   2.00000000       9.12514564E-10
   2.01999998       8.85554463E-10
   2.03999996       8.47370174E-10
   2.05999994       7.98531907E-10
   2.07999992       7.48645146E-10
   2.09999990       7.28609340E-10
   2.11999989       7.16528725E-10
   2.13999987       7.00183467E-10
   2.15999985       6.74919676E-10
   2.17999983       6.47751019E-10
   2.19999981       6.36454944E-10
   2.21999979       6.28428198E-10
   2.23999977       6.04250594E-10
   2.25999975       5.71800274E-10
   2.27999973       5.57671742E-10
   2.29999971       5.61915514E-10
   2.31999969       5.42607070E-10
   2.33999968       5.11281684E-10
   2.36000013       5.08267206E-10
   2.38000011       5.09100817E-10
   2.40000010       4.77498707E-10
   2.42000008       4.48091730E-10
   2.44000006       4.49220217E-10
   2.46000004       4.38358294E-10
   2.48000002       4.05468881E-10
   2.50000000       3.91327720E-10
   2.51999998       3.90918659E-10
   2.53999996       3.69915681E-10
   2.55999994       3.62469194E-10
   2.57999992       3.56974256E-10
   2.59999990       3.24321903E-10
   2.61999989       3.23999522E-10
   2.63999987       3.17107007E-10
   2.65999985       2.89724467E-10
   2.67999983       2.84889695E-10
   2.69999981       2.66635658E-10
   2.71999979       2.49270687E-10
   2.73999977       2.50181126E-10
   2.75999975       2.33002229E-10
   2.77999973       2.27387914E-10
   2.79999971       2.17425147E-10
   2.81999969       1.91358623E-10
   2.83999968       1.88639909E-10
   2.85999966       1.72957260E-10
   2.88000011       1.64127198E-10
   2.90000010       1.50857618E-10
   2.92000008       1.39800393E-10
   2.94000006       1.29748379E-10
   2.96000004       1.13550662E-10
   2.98000002       1.10479736E-10
   3.00000000       9.59675811E-11
   3.01999998       8.81497514E-11
   3.03999996       7.19811502E-11
   3.05999994       8.19968260E-11
   3.07999992       4.50141209E-11
   3.09999990       2.62379340E-10
