  -2.00000000       3.99725461E-11
  -1.98000002       3.21800087E-10
  -1.96000004       5.38820488E-10
  -1.94000006       8.92601326E-10
  -1.91999996       1.88254989E-09
  -1.89999998       2.22144925E-09
  -1.88000000       3.75573261E-09
  -1.86000001       4.49298199E-09
  -1.84000003       6.56734667E-09
  -1.82000005       8.40257464E-09
  -1.79999995       1.18715775E-08
  -1.77999997       1.55820317E-08
  -1.75999999       2.13353104E-08
  -1.74000001       2.84405921E-08
  -1.72000003       3.80751075E-08
  -1.70000005       5.14233065E-08
  -1.68000007       6.65736692E-08
  -1.65999997       8.66658496E-08
  -1.63999999       1.10448703E-07
  -1.62000000       1.38035261E-07
  -1.60000002       1.73185782E-07
  -1.58000004       2.12837506E-07
  -1.55999994       2.61368882E-07
  -1.53999996       3.05466642E-07
  -1.51999998       3.55757692E-07
  -1.50000000       3.94109890E-07
  -1.48000002       4.34499270E-07
  -1.46000004       4.61164717E-07
  -1.44000006       4.82115183E-07
  -1.42000008       4.85957685E-07
  -1.40000010       4.87510761E-07
  -1.38000000       4.88214255E-07
  -1.36000001       5.09196809E-07
  -1.34000003       5.36634957E-07
  -1.31999993       5.82009704E-07
  -1.29999995       6.22067262E-07
  -1.27999997       6.56003920E-07
  -1.25999999       6.72118119E-07
  -1.24000001       6.83488224E-07
  -1.22000003       6.95151414E-07
  -1.20000005       7.25728626E-07
  -1.18000007       7.79691732E-07
  -1.16000009       8.27943154E-07
  -1.14000010       8.48317768E-07
  -1.12000000       8.96104780E-07
  -1.10000002       8.58243880E-07
  -1.08000004       8.99004135E-07
  -1.05999994       1.14955208E-06
  -1.03999996       9.09992423E-07
  -1.01999998       9.89479531E-07
  -1.00000000       1.85670660E-06
 -0.980000019       7.90414560E-07
 -0.960000038       9.63880325E-07
 -0.940000057       5.87306113E-06
 -0.920000076       4.25915550E-06
 -0.899999976       4.47479488E-06
 -0.879999995       3.04660425E-05
 -0.860000014       5.51644953E-05
 -0.840000033       7.56709560E-05
 -0.820000052       2.06076904E-04
 -0.800000072       4.74678120E-04
 -0.779999971       8.06640019E-04
 -0.759999990       1.49174419E-03
 -0.740000010       3.05437716E-03
 -0.720000029       5.64352982E-03
 -0.700000048       9.52079706E-03
 -0.680000067       1.63595881E-02
 -0.660000086       2.83495970E-02
 -0.639999986       4.67323512E-02
 -0.620000005       7.31903017E-02
 -0.600000024      0.112671472    
 -0.580000043      0.171844095    
 -0.560000062      0.254677743    
 -0.540000081      0.363201827    
 -0.519999981      0.502024174    
 -0.500000000      0.679907024    
 -0.480000019      0.901612222    
 -0.460000038       1.16303444    
 -0.440000057       1.45280087    
 -0.420000076       1.76075912    
 -0.400000095       2.07957792    
 -0.379999995       2.39928198    
 -0.360000014       2.70347404    
 -0.340000033       2.96631145    
 -0.320000052       3.16002727    
 -0.300000072       3.25760508    
 -0.280000091       3.25114107    
 -0.259999990       3.16012716    
 -0.240000010       3.02787256    
 -0.220000029       2.88266969    
 -0.200000048       2.69150734    
 -0.180000067       2.38196087    
 -0.160000086       1.92407966    
 -0.139999986       1.42984617    
 -0.120000005       1.09652209    
 -0.100000024       1.03128827    
  -8.00000429E-02   1.10379744    
  -6.00000620E-02   1.02699888    
  -4.00000811E-02  0.673619926    
  -2.00001001E-02  0.202475101    
   0.00000000       1.82340737E-03
   1.99999809E-02   5.58484271E-06
   3.99999619E-02   6.01014165E-07
   5.99999428E-02   1.90671926E-06
   7.99999237E-02   6.34775063E-07
   9.99999046E-02   2.35718312E-06
  0.119999886       1.91302729E-06
  0.139999866       3.51230528E-06
  0.159999847       3.54662780E-06
  0.180000067       4.92520803E-06
  0.200000048       5.35428080E-06
  0.220000029       6.33069385E-06
  0.240000010       7.09710002E-06
  0.259999990       7.63403841E-06
  0.279999971       8.61839362E-06
  0.299999952       8.82918539E-06
  0.319999933       9.53724702E-06
  0.339999914       9.53255403E-06
  0.359999895       9.61117985E-06
  0.379999876       9.72058024E-06
  0.399999857       9.33715273E-06
  0.419999838       9.17287070E-06
  0.440000057       8.59310967E-06
  0.460000038       8.05694435E-06
  0.480000019       7.70027327E-06
  0.500000000       6.94431219E-06
  0.519999981       6.39112068E-06
  0.539999962       6.00072281E-06
  0.559999943       5.35692698E-06
  0.579999924       4.91006040E-06
  0.599999905       4.62063144E-06
  0.619999886       4.13338421E-06
  0.639999866       3.80788265E-06
  0.659999847       3.60950935E-06
  0.679999828       3.26198733E-06
  0.700000048       3.01734622E-06
  0.720000029       2.82924634E-06
  0.740000010       2.65359017E-06
  0.759999990       2.41235307E-06
  0.779999971       2.23861889E-06
  0.799999952       2.14556576E-06
  0.819999933       1.97737154E-06
  0.839999914       1.81722953E-06
  0.859999895       1.68431711E-06
  0.879999876       1.62259084E-06
  0.899999857       1.51027439E-06
  0.919999838       1.37858387E-06
  0.939999819       1.27724343E-06
  0.960000038       1.20945663E-06
  0.980000019       1.16915635E-06
   1.00000000       1.06385255E-06
   1.01999998       9.78965772E-07
   1.03999996       9.00738257E-07
   1.05999994       8.54342829E-07
   1.07999992       8.32500689E-07
   1.09999990       7.68161158E-07
   1.11999989       6.98162012E-07
   1.13999987       6.39507391E-07
   1.15999985       5.82837401E-07
   1.17999983       5.53985615E-07
   1.19999981       5.41974714E-07
   1.22000003       5.11086569E-07
   1.24000001       4.64379099E-07
   1.25999999       4.19613741E-07
   1.27999997       3.76485730E-07
   1.29999995       3.34530341E-07
   1.31999993       3.03916863E-07
   1.33999991       2.89005868E-07
   1.35999990       2.81701887E-07
   1.37999988       2.71409192E-07
   1.39999986       2.54089400E-07
   1.41999984       2.31201099E-07
   1.43999982       2.05801456E-07
   1.46000004       1.79440676E-07
   1.48000002       1.52582857E-07
   1.50000000       1.26022286E-07
   1.51999998       1.01093391E-07
   1.53999996       7.89780188E-08
   1.55999994       6.04432273E-08
   1.57999992       4.55310101E-08
   1.59999990       3.39740964E-08
   1.61999989       2.53129571E-08
   1.63999987       1.90376692E-08
   1.65999985       1.45280259E-08
   1.67999983       1.12472147E-08
   1.69999981       8.81194584E-09
   1.72000003       6.95206248E-09
   1.74000001       5.53254953E-09
   1.75999999       4.46516024E-09
   1.77999997       3.64935127E-09
   1.79999995       3.03205194E-09
   1.81999993       2.57677635E-09
   1.83999991       2.24495444E-09
   1.85999990       1.98293737E-09
   1.87999988       1.75795534E-09
   1.89999986       1.56241287E-09
   1.91999984       1.38364253E-09
   1.93999982       1.25218802E-09
   1.95999980       1.14131404E-09
   1.98000002       1.07244902E-09
   2.00000000       1.01676711E-09
   2.01999998       9.48651713E-10
   2.03999996       8.86321849E-10
   2.05999994       8.32967695E-10
   2.07999992       7.95551180E-10
   2.09999990       7.61852748E-10
   2.11999989       7.29522776E-10
   2.13999987       6.96592672E-10
   2.15999985       6.73764100E-10
   2.17999983       6.63669009E-10
   2.19999981       6.45860310E-10
   2.21999979       6.10302475E-10
   2.23999977       5.81983406E-10
   2.25999975       5.73916636E-10
   2.27999973       5.68261160E-10
   2.29999971       5.37189571E-10
   2.31999969       5.06703679E-10
   2.33999968       5.05073428E-10
   2.36000013       4.93570629E-10
   2.38000011       4.62951316E-10
   2.40000010       4.41037151E-10
   2.42000008       4.34614428E-10
   2.44000006       4.03290068E-10
   2.46000004       3.72962605E-10
   2.48000002       3.77258613E-10
   2.50000000       3.65116687E-10
   2.51999998       3.33642475E-10
   2.53999996       3.32411043E-10
   2.55999994       3.25342892E-10
   2.57999992       2.85685892E-10
   2.59999990       2.78011142E-10
   2.61999989       2.75007406E-10
   2.63999987       2.48967180E-10
   2.65999985       2.43360165E-10
   2.67999983       2.23950386E-10
   2.69999981       2.05390094E-10
   2.71999979       2.04816636E-10
   2.73999977       1.87120111E-10
   2.75999975       1.82587417E-10
   2.77999973       1.71459624E-10
   2.79999971       1.50287588E-10
   2.81999969       1.48508206E-10
   2.83999968       1.23214064E-10
   2.85999966       1.12513290E-10
   2.88000011       1.01140325E-10
   2.90000010       8.72662637E-11
   2.92000008       8.04208783E-11
   2.94000006       6.72449596E-11
   2.96000004       6.00103717E-11
   2.98000002       4.03578664E-11
   3.00000000       3.18096313E-11
   3.01999998       2.32249862E-11
   3.03999996       2.07930548E-11
   3.05999994       1.02320201E-11
   3.07999992       1.11059460E-11
   3.09999990       9.12036557E-11
