  -2.00000000       5.44459422E-10
  -1.98000002       1.16176713E-09
  -1.96000004       1.56495972E-09
  -1.94000006       3.61913677E-09
  -1.91999996       3.81178378E-09
  -1.89999998       6.56586074E-09
  -1.88000000       8.28637248E-09
  -1.86000001       1.18099397E-08
  -1.84000003       1.62971947E-08
  -1.82000005       2.14986358E-08
  -1.79999995       2.90458715E-08
  -1.77999997       3.80289613E-08
  -1.75999999       5.09848839E-08
  -1.74000001       6.63901858E-08
  -1.72000003       8.54466364E-08
  -1.70000005       1.07596911E-07
  -1.68000007       1.33772176E-07
  -1.65999997       1.64583298E-07
  -1.63999999       1.97805463E-07
  -1.62000000       2.40649314E-07
  -1.60000002       2.81246173E-07
  -1.58000004       3.24876225E-07
  -1.55999994       3.59677415E-07
  -1.53999996       3.93708348E-07
  -1.51999998       4.15365946E-07
  -1.50000000       4.38408989E-07
  -1.48000002       4.49019240E-07
  -1.46000004       4.61608352E-07
  -1.44000006       4.70478994E-07
  -1.42000008       4.92713014E-07
  -1.40000010       5.14886665E-07
  -1.38000000       5.49898232E-07
  -1.36000001       5.74753187E-07
  -1.34000003       6.03847525E-07
  -1.31999993       6.14013913E-07
  -1.29999995       6.29982594E-07
  -1.27999997       6.50787229E-07
  -1.25999999       6.89595481E-07
  -1.24000001       7.32879528E-07
  -1.22000003       7.66563289E-07
  -1.20000005       7.87970464E-07
  -1.18000007       7.95626136E-07
  -1.16000009       8.10340225E-07
  -1.14000010       8.81370113E-07
  -1.12000000       9.22273102E-07
  -1.10000002       9.42797101E-07
  -1.08000004       1.05781567E-06
  -1.05999994       9.51868287E-07
  -1.03999996       9.15867929E-07
  -1.01999998       1.54618806E-06
  -1.00000000       1.17008767E-06
 -0.980000019       5.33439277E-07
 -0.960000038       3.09947154E-06
 -0.940000057       3.70030602E-06
 -0.920000076       4.07439273E-07
 -0.899999976       1.07674678E-05
 -0.879999995       2.82942528E-05
 -0.860000014       3.09971656E-05
 -0.840000033       6.94920745E-05
 -0.820000052       2.06142591E-04
 -0.800000072       3.81457503E-04
 -0.779999971       6.39641774E-04
 -0.759999990       1.33312517E-03
 -0.740000010       2.70747696E-03
 -0.720000029       4.76297084E-03
 -0.700000048       8.09604209E-03
 -0.680000067       1.43674565E-02
 -0.660000086       2.49702241E-02
 -0.639999986       4.07587215E-02
 -0.620000005       6.39736652E-02
 -0.600000024       9.97431502E-02
 -0.580000043      0.153417543    
 -0.560000062      0.227905139    
 -0.540000081      0.325895131    
 -0.519999981      0.453450620    
 -0.500000000      0.619360328    
 -0.480000019      0.827452540    
 -0.460000038       1.07406497    
 -0.440000057       1.35011661    
 -0.420000076       1.64825845    
 -0.400000095       1.96234632    
 -0.379999995       2.28315306    
 -0.360000014       2.59507608    
 -0.340000033       2.87333727    
 -0.320000052       3.08915663    
 -0.300000072       3.21212077    
 -0.280000091       3.23139906    
 -0.259999990       3.16737747    
 -0.240000010       3.06819701    
 -0.220000029       2.96258569    
 -0.200000048       2.80676794    
 -0.180000067       2.51044106    
 -0.160000086       2.03583145    
 -0.139999986       1.51280880    
 -0.120000005       1.17132986    
 -0.100000024       1.13469172    
  -8.00000429E-02   1.24881363    
  -6.00000620E-02   1.17870569    
  -4.00000811E-02  0.777909636    
  -2.00001001E-02  0.234378234    
   0.00000000       2.11057579E-03
   1.99999809E-02   6.52639847E-06
   3.99999619E-02   6.19613331E-07
   5.99999428E-02   1.90284322E-06
   7.99999237E-02   6.83575308E-07
   9.99999046E-02   2.04789239E-06
  0.119999886       2.00630484E-06
  0.139999866       2.96863436E-06
  0.159999847       3.56206283E-06
  0.180000067       4.19351090E-06
  0.200000048       5.20543881E-06
  0.220000029       5.61190018E-06
  0.240000010       6.80923813E-06
  0.259999990       7.14269390E-06
  0.279999971       8.11603240E-06
  0.299999952       8.42868303E-06
  0.319999933       8.84663859E-06
  0.339999914       9.23414154E-06
  0.359999895       9.24983215E-06
  0.379999876       9.50116464E-06
  0.399999857       9.19438935E-06
  0.419999838       8.93237393E-06
  0.440000057       8.67824474E-06
  0.460000038       8.17622185E-06
  0.480000019       7.73983538E-06
  0.500000000       7.15466922E-06
  0.519999981       6.63351375E-06
  0.539999962       6.18660943E-06
  0.559999943       5.60677336E-06
  0.579999924       5.16878345E-06
  0.599999905       4.80479821E-06
  0.619999886       4.35452239E-06
  0.639999866       4.04483353E-06
  0.659999847       3.75367836E-06
  0.679999828       3.44267505E-06
  0.700000048       3.21679113E-06
  0.720000029       2.96941971E-06
  0.740000010       2.78613470E-06
  0.759999990       2.56700605E-06
  0.779999971       2.40156669E-06
  0.799999952       2.25343365E-06
  0.819999933       2.08025244E-06
  0.839999914       1.95684970E-06
  0.859999895       1.82210408E-06
  0.879999876       1.71761349E-06
  0.899999857       1.58164266E-06
  0.919999838       1.49336779E-06
  0.939999819       1.40120233E-06
  0.960000038       1.31249226E-06
  0.980000019       1.22244955E-06
   1.00000000       1.13033570E-06
   1.01999998       1.08459483E-06
   1.03999996       1.00690386E-06
   1.05999994       9.46950991E-07
   1.07999992       8.72821317E-07
   1.09999990       8.06749824E-07
   1.11999989       7.77262073E-07
   1.13999987       7.28704777E-07
   1.15999985       6.77795811E-07
   1.17999983       6.32318290E-07
   1.19999981       5.72748490E-07
   1.22000003       5.28752594E-07
   1.24000001       5.09393828E-07
   1.25999999       4.84946383E-07
   1.27999997       4.50147638E-07
   1.29999995       4.17420608E-07
   1.31999993       3.82638575E-07
   1.33999991       3.41095898E-07
   1.35999990       3.03382905E-07
   1.37999988       2.79965803E-07
   1.39999986       2.67750636E-07
   1.41999984       2.57547299E-07
   1.43999982       2.44147458E-07
   1.46000004       2.27203003E-07
   1.48000002       2.07856786E-07
   1.50000000       1.86672608E-07
   1.51999998       1.63444511E-07
   1.53999996       1.38784173E-07
   1.55999994       1.14099542E-07
   1.57999992       9.09875197E-08
   1.59999990       7.09000361E-08
   1.61999989       5.44970682E-08
   1.63999987       4.15623873E-08
   1.65999985       3.16723998E-08
   1.67999983       2.41624285E-08
   1.69999981       1.84574223E-08
   1.72000003       1.41761634E-08
   1.74000001       1.09460050E-08
   1.75999999       8.48938075E-09
   1.77999997       6.65301236E-09
   1.79999995       5.29461630E-09
   1.81999993       4.28789138E-09
   1.83999991       3.50610985E-09
   1.85999990       2.89837288E-09
   1.87999988       2.41958809E-09
   1.89999986       2.03819384E-09
   1.91999984       1.76833581E-09
   1.93999982       1.54945923E-09
   1.95999980       1.39105361E-09
   1.98000002       1.23753563E-09
   2.00000000       1.09464904E-09
   2.01999998       9.91268512E-10
   2.03999996       9.11489384E-10
   2.05999994       8.53723980E-10
   2.07999992       7.97006461E-10
   2.09999990       7.43185791E-10
   2.11999989       6.94346525E-10
   2.13999987       6.56776744E-10
   2.15999985       6.26909413E-10
   2.17999983       5.87525473E-10
   2.19999981       5.57514590E-10
   2.21999979       5.51352186E-10
   2.23999977       5.41914458E-10
   2.25999975       5.16878595E-10
   2.27999973       4.87499319E-10
   2.29999971       4.82799078E-10
   2.31999969       4.77653805E-10
   2.33999968       4.41601061E-10
   2.36000013       4.20523893E-10
   2.38000011       4.16957746E-10
   2.40000010       4.04079104E-10
   2.42000008       3.78888088E-10
   2.44000006       3.77783499E-10
   2.46000004       3.74051373E-10
   2.48000002       3.43589740E-10
   2.50000000       3.36627504E-10
   2.51999998       3.36493500E-10
   2.53999996       3.06510234E-10
   2.55999994       2.89902768E-10
   2.57999992       3.00810710E-10
   2.59999990       2.81599882E-10
   2.61999989       2.64840344E-10
   2.63999987       2.60231947E-10
   2.65999985       2.37764114E-10
   2.67999983       2.42372233E-10
   2.69999981       2.33540048E-10
   2.71999979       2.20405083E-10
   2.73999977       2.21122815E-10
   2.75999975       1.98000880E-10
   2.77999973       1.93862565E-10
   2.79999971       1.86359053E-10
   2.81999969       1.69059600E-10
   2.83999968       1.70319883E-10
   2.85999966       1.49009416E-10
   2.88000011       1.37744954E-10
   2.90000010       1.23174068E-10
   2.92000008       1.15254258E-10
   2.94000006       1.06364390E-10
   2.96000004       9.07530995E-11
   2.98000002       8.54768895E-11
   3.00000000       7.17215037E-11
   3.01999998       6.41145956E-11
   3.03999996       5.08862362E-11
   3.05999994       5.05349373E-11
   3.07999992       3.92011805E-11
   3.09999990       3.76920328E-10
