  -2.00000000       4.94022774E-11
  -1.98000002       1.95190392E-11
  -1.96000004       3.18547098E-11
  -1.94000006       8.81603054E-11
  -1.91999996       4.14875669E-11
  -1.89999998       1.37463901E-10
  -1.88000000       1.16176894E-10
  -1.86000001       1.93329949E-10
  -1.84000003       2.11951540E-10
  -1.82000005       2.43840781E-10
  -1.79999995       3.22108201E-10
  -1.77999997       3.09760828E-10
  -1.75999999       4.44606546E-10
  -1.74000001       5.35076872E-10
  -1.72000003       5.76410752E-10
  -1.70000005       7.97934940E-10
  -1.68000007       7.14418802E-10
  -1.65999997       9.13577158E-10
  -1.63999999       8.88790597E-10
  -1.62000000       1.00602160E-09
  -1.60000002       1.29366762E-09
  -1.58000004       1.49997237E-09
  -1.55999994       1.96270022E-09
  -1.53999996       2.28979857E-09
  -1.51999998       2.94068503E-09
  -1.50000000       3.55252139E-09
  -1.48000002       4.36095515E-09
  -1.46000004       5.68141534E-09
  -1.44000006       6.68013600E-09
  -1.42000008       8.84303741E-09
  -1.40000010       1.09133804E-08
  -1.38000000       1.44534003E-08
  -1.36000001       1.95928109E-08
  -1.34000003       2.64131437E-08
  -1.31999993       3.58000705E-08
  -1.29999995       4.66561119E-08
  -1.27999997       6.06869293E-08
  -1.25999999       8.16922849E-08
  -1.24000001       1.08921711E-07
  -1.22000003       1.44837287E-07
  -1.20000005       1.86481827E-07
  -1.18000007       2.43688248E-07
  -1.16000009       3.03985161E-07
  -1.14000010       3.92397794E-07
  -1.12000000       4.36306095E-07
  -1.10000002       5.95426513E-07
  -1.08000004       5.03431920E-07
  -1.05999994       9.31712009E-07
  -1.03999996       3.56415654E-07
  -1.01999998       1.61854507E-06
  -1.00000000       2.66298798E-07
 -0.980000019       2.87580087E-06
 -0.960000038       3.72234877E-06
 -0.940000057       5.57585190E-06
 -0.920000076       2.49060904E-05
 -0.899999976       2.74312970E-05
 -0.879999995       1.00546175E-04
 -0.860000014       1.84020711E-04
 -0.840000033       3.64642736E-04
 -0.820000052       8.55317980E-04
 -0.800000072       1.50154752E-03
 -0.779999971       3.01145553E-03
 -0.759999990       5.77257341E-03
 -0.740000010       9.96602327E-03
 -0.720000029       1.80349667E-02
 -0.700000048       3.10895704E-02
 -0.680000067       5.05377091E-02
 -0.660000086       8.25100988E-02
 -0.639999986      0.130362168    
 -0.620000005      0.196264386    
 -0.600000024      0.290844619    
 -0.580000043      0.421364933    
 -0.560000062      0.586132109    
 -0.540000081      0.791514933    
 -0.519999981       1.04731393    
 -0.500000000       1.34460711    
 -0.480000019       1.66591847    
 -0.460000038       2.00719380    
 -0.440000057       2.36161232    
 -0.420000076       2.69926906    
 -0.400000095       2.98337150    
 -0.379999995       3.19778609    
 -0.360000014       3.34059405    
 -0.340000033       3.40147805    
 -0.320000052       3.36227894    
 -0.300000072       3.21510029    
 -0.280000091       2.97678518    
 -0.259999990       2.67885351    
 -0.240000010       2.35488033    
 -0.220000029       2.02708197    
 -0.200000048       1.70057511    
 -0.180000067       1.37193680    
 -0.160000086       1.04479754    
 -0.139999986      0.751126766    
 -0.120000005      0.535548449    
 -0.100000024      0.418503791    
  -8.00000429E-02  0.363067627    
  -6.00000620E-02  0.295638829    
  -4.00000811E-02  0.181331620    
  -2.00001001E-02   5.29531129E-02
   0.00000000       4.70175786E-04
   1.99999809E-02   2.01074886E-06
   3.99999619E-02   7.67397523E-07
   5.99999428E-02   1.86943009E-06
   7.99999237E-02   2.49104755E-06
   9.99999046E-02   3.59139017E-06
  0.119999886       5.05234357E-06
  0.139999866       6.11816267E-06
  0.159999847       7.99361533E-06
  0.180000067       8.94929781E-06
  0.200000048       1.06213556E-05
  0.220000029       1.13757014E-05
  0.240000010       1.23667596E-05
  0.259999990       1.29999717E-05
  0.279999971       1.30873195E-05
  0.299999952       1.30638155E-05
  0.319999933       1.23285936E-05
  0.339999914       1.16212977E-05
  0.359999895       1.07683973E-05
  0.379999876       9.49468358E-06
  0.399999857       8.43992257E-06
  0.419999838       7.51178004E-06
  0.440000057       6.46770513E-06
  0.460000038       5.70771954E-06
  0.480000019       5.13136547E-06
  0.500000000       4.49162962E-06
  0.519999981       4.06737036E-06
  0.539999962       3.67540406E-06
  0.559999943       3.34196102E-06
  0.579999924       3.00562328E-06
  0.599999905       2.71778049E-06
  0.619999886       2.50327003E-06
  0.639999866       2.27475402E-06
  0.659999847       2.05734432E-06
  0.679999828       1.86492798E-06
  0.700000048       1.70229316E-06
  0.720000029       1.58587443E-06
  0.740000010       1.42403189E-06
  0.759999990       1.30226977E-06
  0.779999971       1.16457682E-06
  0.799999952       1.05986362E-06
  0.819999933       9.95583832E-07
  0.839999914       9.05332627E-07
  0.859999895       8.17927912E-07
  0.879999876       7.39051984E-07
  0.899999857       6.48122807E-07
  0.919999838       5.71049668E-07
  0.939999819       5.25219320E-07
  0.960000038       4.90947912E-07
  0.980000019       4.50751770E-07
   1.00000000       4.06741691E-07
   1.01999998       3.63376330E-07
   1.03999996       3.18711216E-07
   1.05999994       2.70463943E-07
   1.07999992       2.20632032E-07
   1.09999990       1.73575373E-07
   1.11999989       1.32762494E-07
   1.13999987       9.95978269E-08
   1.15999985       7.39411803E-08
   1.17999983       5.45330217E-08
   1.19999981       3.99344486E-08
   1.22000003       2.91579951E-08
   1.24000001       2.12677858E-08
   1.25999999       1.55001949E-08
   1.27999997       1.13625163E-08
   1.29999995       8.40404280E-09
   1.31999993       6.28627284E-09
   1.33999991       4.74750861E-09
   1.35999990       3.62833519E-09
   1.37999988       2.82152901E-09
   1.39999986       2.23631424E-09
   1.41999984       1.80908288E-09
   1.43999982       1.47226642E-09
   1.46000004       1.22023402E-09
   1.48000002       1.03158271E-09
   1.50000000       8.72885542E-10
   1.51999998       7.46270323E-10
   1.53999996       6.48961329E-10
   1.55999994       5.72906333E-10
   1.57999992       5.14250698E-10
   1.59999990       4.67627270E-10
   1.61999989       4.28863223E-10
   1.63999987       3.96472549E-10
   1.65999985       3.65090042E-10
   1.67999983       3.37555595E-10
   1.69999981       3.11745740E-10
   1.72000003       2.94247848E-10
   1.74000001       2.84315183E-10
   1.75999999       2.73118084E-10
   1.77999997       2.65394373E-10
   1.79999995       2.59099464E-10
   1.81999993       2.58219307E-10
   1.83999991       2.50526766E-10
   1.85999990       2.47099230E-10
   1.87999988       2.53449289E-10
   1.89999986       2.50728133E-10
   1.91999984       2.49598092E-10
   1.93999982       2.45373666E-10
   1.95999980       2.52600080E-10
   1.98000002       2.66489025E-10
   2.00000000       2.83646634E-10
   2.01999998       3.01516284E-10
   2.03999996       3.08733261E-10
   2.05999994       3.17427418E-10
   2.07999992       3.23124888E-10
   2.09999990       3.24028110E-10
   2.11999989       3.17998156E-10
   2.13999987       3.06654313E-10
   2.15999985       3.03256392E-10
   2.17999983       3.02648961E-10
   2.19999981       3.09544723E-10
   2.21999979       3.21566801E-10
   2.23999977       3.27320865E-10
   2.25999975       3.23407967E-10
   2.27999973       3.09519826E-10
   2.29999971       3.09510445E-10
   2.31999969       3.19243021E-10
   2.33999968       3.20784732E-10
   2.36000013       3.21105309E-10
   2.38000011       3.18011478E-10
   2.40000010       3.08481213E-10
   2.42000008       3.04369419E-10
   2.44000006       3.10191539E-10
   2.46000004       3.00142300E-10
   2.48000002       2.85097529E-10
   2.50000000       2.80415580E-10
   2.51999998       2.86143609E-10
   2.53999996       2.81540208E-10
   2.55999994       2.64481215E-10
   2.57999992       2.69625350E-10
   2.59999990       2.66979910E-10
   2.61999989       2.47244752E-10
   2.63999987       2.38962600E-10
   2.65999985       2.46105691E-10
   2.67999983       2.32390621E-10
   2.69999981       2.18134497E-10
   2.71999979       2.28500746E-10
   2.73999977       2.08208062E-10
   2.75999975       2.00138101E-10
   2.77999973       2.09408602E-10
   2.79999971       1.85606738E-10
   2.81999969       1.76543974E-10
   2.83999968       1.73212750E-10
   2.85999966       1.53792451E-10
   2.88000011       1.51173726E-10
   2.90000010       1.33620018E-10
   2.92000008       1.25234087E-10
   2.94000006       1.14520803E-10
   2.96000004       9.73954459E-11
   2.98000002       9.82815357E-11
   3.00000000       8.43384668E-11
   3.01999998       7.94711658E-11
   3.03999996       5.94748556E-11
   3.05999994       5.67881402E-11
   3.07999992       3.71645839E-11
   3.09999990       6.56306051E-11
