  -2.00000000       1.58861990E-09
  -1.98000002       2.91717273E-09
  -1.96000004       5.21846077E-09
  -1.94000006       9.80460069E-09
  -1.91999996       1.20564669E-08
  -1.89999998       1.96274303E-08
  -1.88000000       2.48619365E-08
  -1.86000001       3.50655469E-08
  -1.84000003       4.62010696E-08
  -1.82000005       6.16966105E-08
  -1.79999995       8.00975215E-08
  -1.77999997       1.02734717E-07
  -1.75999999       1.27532758E-07
  -1.74000001       1.56571105E-07
  -1.72000003       1.89035433E-07
  -1.70000005       2.23596416E-07
  -1.68000007       2.63155300E-07
  -1.65999997       2.99599549E-07
  -1.63999999       3.36653216E-07
  -1.62000000       3.62222124E-07
  -1.60000002       3.85023895E-07
  -1.58000004       4.01379395E-07
  -1.55999994       4.12918723E-07
  -1.53999996       4.27853081E-07
  -1.51999998       4.35489625E-07
  -1.50000000       4.55023070E-07
  -1.48000002       4.76321929E-07
  -1.46000004       5.07378729E-07
  -1.44000006       5.34777314E-07
  -1.42000008       5.57283386E-07
  -1.40000010       5.72319777E-07
  -1.38000000       5.78239792E-07
  -1.36000001       5.98730082E-07
  -1.34000003       6.20815172E-07
  -1.31999993       6.63876790E-07
  -1.29999995       7.01405668E-07
  -1.27999997       7.29530711E-07
  -1.25999999       7.34505477E-07
  -1.24000001       7.42586735E-07
  -1.22000003       7.73016097E-07
  -1.20000005       8.25682889E-07
  -1.18000007       8.83995881E-07
  -1.16000009       9.15939893E-07
  -1.14000010       8.97678206E-07
  -1.12000000       9.17162993E-07
  -1.10000002       1.03259572E-06
  -1.08000004       1.02292029E-06
  -1.05999994       1.05552192E-06
  -1.03999996       1.31080833E-06
  -1.01999998       1.05801416E-06
  -1.00000000       8.22101185E-07
 -0.980000019       2.27022315E-06
 -0.960000038       2.30952264E-06
 -0.940000057       3.31737340E-08
 -0.920000076       4.39625046E-06
 -0.899999976       1.37496045E-05
 -0.879999995       1.15106468E-05
 -0.860000014       2.07133053E-05
 -0.840000033       8.19951383E-05
 -0.820000052       1.65812176E-04
 -0.800000072       2.55035760E-04
 -0.779999971       5.23442868E-04
 -0.759999990       1.17501058E-03
 -0.740000010       2.18124245E-03
 -0.720000029       3.70827084E-03
 -0.700000048       6.62163040E-03
 -0.680000067       1.20962299E-02
 -0.660000086       2.07274929E-02
 -0.639999986       3.34753171E-02
 -0.620000005       5.31890020E-02
 -0.600000024       8.43935832E-02
 -0.580000043      0.130743533    
 -0.560000062      0.194484562    
 -0.540000081      0.279484659    
 -0.519999981      0.392845303    
 -0.500000000      0.542683542    
 -0.480000019      0.731858313    
 -0.460000038      0.957760453    
 -0.440000057       1.21440482    
 -0.420000076       1.49734116    
 -0.400000095       1.80202937    
 -0.379999995       2.12045360    
 -0.360000014       2.43922949    
 -0.340000033       2.73512840    
 -0.320000052       2.97792578    
 -0.300000072       3.13211870    
 -0.280000091       3.18327975    
 -0.259999990       3.15519333    
 -0.240000010       3.10420537    
 -0.220000029       3.05981803    
 -0.200000048       2.95960116    
 -0.180000067       2.68440461    
 -0.160000086       2.18475866    
 -0.139999986       1.62005258    
 -0.120000005       1.27228904    
 -0.100000024       1.28825641    
  -8.00000429E-02   1.47395778    
  -6.00000620E-02   1.41748738    
  -4.00000811E-02  0.942676544    
  -2.00001001E-02  0.284827411    
   0.00000000       2.56935088E-03
   1.99999809E-02   7.65610366E-06
   3.99999619E-02   7.61169360E-07
   5.99999428E-02   2.10252188E-06
   7.99999237E-02   3.65003643E-07
   9.99999046E-02   2.13925705E-06
  0.119999886       1.48456661E-06
  0.139999866       2.95409905E-06
  0.159999847       2.87561716E-06
  0.180000067       4.03922331E-06
  0.200000048       4.45259229E-06
  0.220000029       5.28146848E-06
  0.240000010       6.09671679E-06
  0.259999990       6.55289296E-06
  0.279999971       7.48010143E-06
  0.299999952       7.63506068E-06
  0.319999933       8.36319578E-06
  0.339999914       8.53997335E-06
  0.359999895       8.86813632E-06
  0.379999876       9.06311561E-06
  0.399999857       8.81405231E-06
  0.419999838       8.83456960E-06
  0.440000057       8.50536526E-06
  0.460000038       8.23238406E-06
  0.480000019       7.86435521E-06
  0.500000000       7.26325652E-06
  0.519999981       6.92828780E-06
  0.539999962       6.44853299E-06
  0.559999943       5.86049237E-06
  0.579999924       5.51631956E-06
  0.599999905       5.08970061E-06
  0.619999886       4.61996433E-06
  0.639999866       4.34721551E-06
  0.659999847       4.01731131E-06
  0.679999828       3.65555843E-06
  0.700000048       3.47444666E-06
  0.720000029       3.20950812E-06
  0.740000010       2.94600636E-06
  0.759999990       2.79677943E-06
  0.779999971       2.59830836E-06
  0.799999952       2.42552346E-06
  0.819999933       2.23763755E-06
  0.839999914       2.14492366E-06
  0.859999895       1.98597013E-06
  0.879999876       1.84632916E-06
  0.899999857       1.73066928E-06
  0.919999838       1.65550330E-06
  0.939999819       1.53372378E-06
  0.960000038       1.42746364E-06
  0.980000019       1.33182027E-06
   1.00000000       1.28939485E-06
   1.01999998       1.19263973E-06
   1.03999996       1.11620568E-06
   1.05999994       1.02584613E-06
   1.07999992       9.85032102E-07
   1.09999990       9.44042768E-07
   1.11999989       8.71141481E-07
   1.13999987       8.11960888E-07
   1.15999985       7.43381293E-07
   1.17999983       7.06079163E-07
   1.19999981       6.89066155E-07
   1.22000003       6.43169756E-07
   1.24000001       5.92804952E-07
   1.25999999       5.46010028E-07
   1.27999997       4.95098902E-07
   1.29999995       4.64449670E-07
   1.31999993       4.55520023E-07
   1.33999991       4.38545527E-07
   1.35999990       4.05740991E-07
   1.37999988       3.69691918E-07
   1.39999986       3.34058655E-07
   1.41999984       2.97220794E-07
   1.43999982       2.65573306E-07
   1.46000004       2.46972576E-07
   1.48000002       2.40335794E-07
   1.50000000       2.36762801E-07
   1.51999998       2.28316708E-07
   1.53999996       2.12592312E-07
   1.55999994       1.91477383E-07
   1.57999992       1.68044821E-07
   1.59999990       1.44510764E-07
   1.61999989       1.21772899E-07
   1.63999987       1.00254013E-07
   1.65999985       8.05387828E-08
   1.67999983       6.32406270E-08
   1.69999981       4.87915770E-08
   1.72000003       3.72168643E-08
   1.74000001       2.82590307E-08
   1.75999999       2.15343867E-08
   1.77999997       1.65106453E-08
   1.79999995       1.27075745E-08
   1.81999993       9.79536630E-09
   1.83999991       7.61376029E-09
   1.85999990       6.01118799E-09
   1.87999988       4.82995155E-09
   1.89999986       3.95268573E-09
   1.91999984       3.27628857E-09
   1.93999982       2.71296763E-09
   1.95999980       2.28964891E-09
   1.98000002       1.96643679E-09
   2.00000000       1.72050973E-09
   2.01999998       1.50735779E-09
   2.03999996       1.31427724E-09
   2.05999994       1.16442611E-09
   2.07999992       1.05390940E-09
   2.09999990       9.57661950E-10
   2.11999989       8.61654081E-10
   2.13999987       7.89380450E-10
   2.15999985       7.46800122E-10
   2.17999983       7.08492098E-10
   2.19999981       6.49417076E-10
   2.21999979       5.94679139E-10
   2.23999977       5.68675995E-10
   2.25999975       5.53486645E-10
   2.27999973       5.15753606E-10
   2.29999971       4.79329076E-10
   2.31999969       4.68439787E-10
   2.33999968       4.50132848E-10
   2.36000013       4.15527224E-10
   2.38000011       3.98009736E-10
   2.40000010       3.95848576E-10
   2.42000008       3.71006531E-10
   2.44000006       3.51176588E-10
   2.46000004       3.42682688E-10
   2.48000002       3.15039023E-10
   2.50000000       2.98295250E-10
   2.51999998       3.00249381E-10
   2.53999996       2.74381601E-10
   2.55999994       2.52041915E-10
   2.57999992       2.55865051E-10
   2.59999990       2.33043335E-10
   2.61999989       2.12862492E-10
   2.63999987       2.21802021E-10
   2.65999985       2.04949113E-10
   2.67999983       1.98033243E-10
   2.69999981       1.87251492E-10
   2.71999979       1.66026526E-10
   2.73999977       1.66383046E-10
   2.75999975       1.45998186E-10
   2.77999973       1.39397952E-10
   2.79999971       1.35428710E-10
   2.81999969       1.17526933E-10
   2.83999968       1.17792956E-10
   2.85999966       9.91669663E-11
   2.88000011       8.90651719E-11
   2.90000010       7.74651593E-11
   2.92000008       6.69239178E-11
   2.94000006       5.77620313E-11
   2.96000004       4.27471392E-11
   2.98000002       3.22775522E-11
   3.00000000       2.04049069E-11
   3.01999998       1.58360373E-11
   3.03999996       7.86482338E-12
   3.05999994       6.14416612E-13
   3.07999992       3.95175125E-12
   3.09999990       6.70604683E-10
