  -2.00000000       1.64460878E-09
  -1.98000002       2.89344659E-09
  -1.96000004       5.31988231E-09
  -1.94000006       9.76575443E-09
  -1.91999996       1.20478099E-08
  -1.89999998       1.95002308E-08
  -1.88000000       2.45541667E-08
  -1.86000001       3.46276856E-08
  -1.84000003       4.54243896E-08
  -1.82000005       6.08017743E-08
  -1.79999995       7.88038008E-08
  -1.77999997       1.01215882E-07
  -1.75999999       1.25434354E-07
  -1.74000001       1.54122262E-07
  -1.72000003       1.86313287E-07
  -1.70000005       2.20892773E-07
  -1.68000007       2.60742553E-07
  -1.65999997       2.97778911E-07
  -1.63999999       3.36047719E-07
  -1.62000000       3.62003107E-07
  -1.60000002       3.84585093E-07
  -1.58000004       4.00135264E-07
  -1.55999994       4.11787511E-07
  -1.53999996       4.27286750E-07
  -1.51999998       4.36475517E-07
  -1.50000000       4.56637451E-07
  -1.48000002       4.77088633E-07
  -1.46000004       5.05158482E-07
  -1.44000006       5.32192530E-07
  -1.42000008       5.55857866E-07
  -1.40000010       5.72589443E-07
  -1.38000000       5.78044592E-07
  -1.36000001       5.97758003E-07
  -1.34000003       6.21164986E-07
  -1.31999993       6.64867684E-07
  -1.29999995       6.99440477E-07
  -1.27999997       7.27616623E-07
  -1.25999999       7.34788728E-07
  -1.24000001       7.41861072E-07
  -1.22000003       7.72828685E-07
  -1.20000005       8.26161909E-07
  -1.18000007       8.82762777E-07
  -1.16000009       9.13674455E-07
  -1.14000010       8.98120902E-07
  -1.12000000       9.17198747E-07
  -1.10000002       1.03046568E-06
  -1.08000004       1.02631566E-06
  -1.05999994       1.04656476E-06
  -1.03999996       1.31377965E-06
  -1.01999998       1.06806885E-06
  -1.00000000       8.09282710E-07
 -0.980000019       2.25728877E-06
 -0.960000038       2.35310108E-06
 -0.940000057       4.01532674E-08
 -0.920000076       4.32628167E-06
 -0.899999976       1.38135047E-05
 -0.879999995       1.17135105E-05
 -0.860000014       2.06396944E-05
 -0.840000033       8.18741391E-05
 -0.820000052       1.66581143E-04
 -0.800000072       2.56293191E-04
 -0.779999971       5.24168718E-04
 -0.759999990       1.17707171E-03
 -0.740000010       2.18841527E-03
 -0.720000029       3.72036919E-03
 -0.700000048       6.63831085E-03
 -0.680000067       1.21242963E-02
 -0.660000086       2.07820944E-02
 -0.639999986       3.35659236E-02
 -0.620000005       5.33211529E-02
 -0.600000024       8.45857412E-02
 -0.580000043      0.131031185    
 -0.560000062      0.194912285    
 -0.540000081      0.280075938    
 -0.519999981      0.393621206    
 -0.500000000      0.543673575    
 -0.480000019      0.733105779    
 -0.460000038      0.959288418    
 -0.440000057       1.21620154    
 -0.420000076       1.49935043    
 -0.400000095       1.80418837    
 -0.379999995       2.12267303    
 -0.360000014       2.44138098    
 -0.340000033       2.73707581    
 -0.320000052       2.97952890    
 -0.300000072       3.13333559    
 -0.280000091       3.18409371    
 -0.259999990       3.15553522    
 -0.240000010       3.10387444    
 -0.220000029       3.05860376    
 -0.200000048       2.95758128    
 -0.180000067       2.68208122    
 -0.160000086       2.18279481    
 -0.139999986       1.61867034    
 -0.120000005       1.27095068    
 -0.100000024       1.28608930    
  -8.00000429E-02   1.47070169    
  -6.00000620E-02   1.41401076    
  -4.00000811E-02  0.940273166    
  -2.00001001E-02  0.284090251    
   0.00000000       2.56217411E-03
   1.99999809E-02   7.68707287E-06
   3.99999619E-02   7.14859766E-07
   5.99999428E-02   2.10794360E-06
   7.99999237E-02   3.51103267E-07
   9.99999046E-02   2.12329337E-06
  0.119999886       1.49929588E-06
  0.139999866       2.95299378E-06
  0.159999847       2.94198935E-06
  0.180000067       4.06934396E-06
  0.200000048       4.52957602E-06
  0.220000029       5.26594886E-06
  0.240000010       6.07446646E-06
  0.259999990       6.47144179E-06
  0.279999971       7.45522266E-06
  0.299999952       7.69093822E-06
  0.319999933       8.44713395E-06
  0.339999914       8.59358897E-06
  0.359999895       8.79235449E-06
  0.379999876       9.00363284E-06
  0.399999857       8.85142163E-06
  0.419999838       8.91371747E-06
  0.440000057       8.50414108E-06
  0.460000038       8.14452869E-06
  0.480000019       7.88251600E-06
  0.500000000       7.33551951E-06
  0.519999981       6.88049386E-06
  0.539999962       6.40542476E-06
  0.559999943       5.91688331E-06
  0.579999924       5.50393679E-06
  0.599999905       5.04240415E-06
  0.619999886       4.66378560E-06
  0.639999866       4.33110654E-06
  0.659999847       3.98603788E-06
  0.679999828       3.69832469E-06
  0.700000048       3.43480178E-06
  0.720000029       3.21592643E-06
  0.740000010       2.95983682E-06
  0.759999990       2.76412129E-06
  0.779999971       2.62657795E-06
  0.799999952       2.39423480E-06
  0.819999933       2.26348038E-06
  0.839999914       2.11873612E-06
  0.859999895       1.99984993E-06
  0.879999876       1.83331326E-06
  0.899999857       1.74073716E-06
  0.919999838       1.63976813E-06
  0.939999819       1.54382838E-06
  0.960000038       1.41276769E-06
  0.980000019       1.34824973E-06
   1.00000000       1.26734324E-06
   1.01999998       1.20853031E-06
   1.03999996       1.09952487E-06
   1.05999994       1.03568016E-06
   1.07999992       9.83586801E-07
   1.09999990       9.32245484E-07
   1.11999989       8.83074222E-07
   1.13999987       7.98473820E-07
   1.15999985       7.46680826E-07
   1.17999983       7.14015528E-07
   1.19999981       6.74838248E-07
   1.22000003       6.45837702E-07
   1.24000001       5.97702865E-07
   1.25999999       5.34729679E-07
   1.27999997       4.95787560E-07
   1.29999995       4.73614023E-07
   1.31999993       4.50061748E-07
   1.33999991       4.29965695E-07
   1.35999990       4.09350037E-07
   1.37999988       3.74133947E-07
   1.39999986       3.28640681E-07
   1.41999984       2.90459354E-07
   1.43999982       2.67208407E-07
   1.46000004       2.53235356E-07
   1.48000002       2.42189031E-07
   1.50000000       2.32113905E-07
   1.51999998       2.22317908E-07
   1.53999996       2.10165624E-07
   1.55999994       1.93054262E-07
   1.57999992       1.70983725E-07
   1.59999990       1.46054603E-07
   1.61999989       1.20976196E-07
   1.63999987       9.77910091E-08
   1.65999985       7.75501405E-08
   1.67999983       6.07104340E-08
   1.69999981       4.71442938E-08
   1.72000003       3.64339066E-08
   1.74000001       2.81038162E-08
   1.75999999       2.17389715E-08
   1.77999997       1.68756493E-08
   1.79999995       1.30885587E-08
   1.81999993       1.01337019E-08
   1.83999991       7.87156917E-09
   1.85999990       6.19243989E-09
   1.87999988       4.96104757E-09
   1.89999986       4.03200318E-09
   1.91999984       3.33087624E-09
   1.93999982       2.74650369E-09
   1.95999980       2.30860597E-09
   1.98000002       1.98061056E-09
   2.00000000       1.72418479E-09
   2.01999998       1.51024904E-09
   2.03999996       1.31200806E-09
   2.05999994       1.16301080E-09
   2.07999992       1.05596842E-09
   2.09999990       9.60257207E-10
   2.11999989       8.66848815E-10
   2.13999987       7.90126187E-10
   2.15999985       7.45025319E-10
   2.17999983       7.07768344E-10
   2.19999981       6.51324106E-10
   2.21999979       5.98232852E-10
   2.23999977       5.71232728E-10
   2.25999975       5.57087432E-10
   2.27999973       5.19981280E-10
   2.29999971       4.83583174E-10
   2.31999969       4.76690465E-10
   2.33999968       4.59775107E-10
   2.36000013       4.22519131E-10
   2.38000011       4.00670663E-10
   2.40000010       3.98638095E-10
   2.42000008       3.78538895E-10
   2.44000006       3.59941826E-10
   2.46000004       3.54572871E-10
   2.48000002       3.26536742E-10
   2.50000000       3.06041997E-10
   2.51999998       3.08313430E-10
   2.53999996       2.84899604E-10
   2.55999994       2.63268574E-10
   2.57999992       2.67399075E-10
   2.59999990       2.44375298E-10
   2.61999989       2.24457924E-10
   2.63999987       2.34556430E-10
   2.65999985       2.18340637E-10
   2.67999983       2.10280626E-10
   2.69999981       2.00131522E-10
   2.71999979       1.79670182E-10
   2.73999977       1.78689133E-10
   2.75999975       1.60798902E-10
   2.77999973       1.52208218E-10
   2.79999971       1.47911947E-10
   2.81999969       1.30093297E-10
   2.83999968       1.29004668E-10
   2.85999966       1.09916798E-10
   2.88000011       9.86485824E-11
   2.90000010       8.73992267E-11
   2.92000008       7.46867498E-11
   2.94000006       6.60730498E-11
   2.96000004       5.04849426E-11
   2.98000002       3.89999248E-11
   3.00000000       2.59063621E-11
   3.01999998       2.11549146E-11
   3.03999996       1.23709671E-11
   3.05999994       2.22929986E-12
   3.07999992       6.93309386E-12
   3.09999990       6.53174959E-10
