  -2.00000000       3.87405559E-11
  -1.98000002       2.05203493E-11
  -1.96000004       3.27196365E-12
  -1.94000006       5.68820303E-11
  -1.91999996       2.96834710E-11
  -1.89999998       8.20576940E-11
  -1.88000000       8.80657006E-11
  -1.86000001       1.09000184E-10
  -1.84000003       1.82127674E-10
  -1.82000005       1.45027559E-10
  -1.79999995       2.66944883E-10
  -1.77999997       2.52891541E-10
  -1.75999999       3.66294273E-10
  -1.74000001       4.60831984E-10
  -1.72000003       4.82434093E-10
  -1.70000005       6.86018353E-10
  -1.68000007       6.75916434E-10
  -1.65999997       7.54306062E-10
  -1.63999999       8.60438165E-10
  -1.62000000       9.03109032E-10
  -1.60000002       1.27660860E-09
  -1.58000004       1.53372559E-09
  -1.55999994       1.91287497E-09
  -1.53999996       2.47713983E-09
  -1.51999998       2.79796852E-09
  -1.50000000       3.89444788E-09
  -1.48000002       4.41851533E-09
  -1.46000004       5.95485261E-09
  -1.44000006       7.30905736E-09
  -1.42000008       9.49673762E-09
  -1.40000010       1.24486608E-08
  -1.38000000       1.64688405E-08
  -1.36000001       2.32677912E-08
  -1.34000003       3.09829389E-08
  -1.31999993       4.11759231E-08
  -1.29999995       5.39584519E-08
  -1.27999997       7.18891755E-08
  -1.25999999       9.67544693E-08
  -1.24000001       1.29356721E-07
  -1.22000003       1.68093266E-07
  -1.20000005       2.19619466E-07
  -1.18000007       2.76924879E-07
  -1.16000009       3.56816770E-07
  -1.14000010       4.22412455E-07
  -1.12000000       5.14614896E-07
  -1.10000002       5.85858459E-07
  -1.08000004       6.24592360E-07
  -1.05999994       8.29357305E-07
  -1.03999996       4.87877742E-07
  -1.01999998       1.53625899E-06
  -1.00000000       4.01128233E-08
 -0.980000019       3.57013823E-06
 -0.960000038       1.93437745E-06
 -0.940000057       7.94610060E-06
 -0.920000076       2.12309060E-05
 -0.899999976       2.66930674E-05
 -0.879999995       1.01151338E-04
 -0.860000014       1.63621895E-04
 -0.840000033       3.65175889E-04
 -0.820000052       8.13245540E-04
 -0.800000072       1.42103259E-03
 -0.779999971       2.94075906E-03
 -0.759999990       5.50843775E-03
 -0.740000010       9.57548618E-03
 -0.720000029       1.74920335E-02
 -0.700000048       2.99177729E-02
 -0.680000067       4.88071218E-02
 -0.660000086       8.00973922E-02
 -0.639999986      0.126313657    
 -0.620000005      0.190400451    
 -0.600000024      0.283253163    
 -0.580000043      0.410766184    
 -0.560000062      0.571734548    
 -0.540000081      0.774089932    
 -0.519999981       1.02673221    
 -0.500000000       1.31996512    
 -0.480000019       1.63802886    
 -0.460000038       1.97839892    
 -0.440000057       2.33326006    
 -0.420000076       2.67197561    
 -0.400000095       2.95897865    
 -0.379999995       3.17897820    
 -0.360000014       3.32937574    
 -0.340000033       3.39827704    
 -0.320000052       3.36697459    
 -0.300000072       3.22723293    
 -0.280000091       2.99546242    
 -0.259999990       2.70263147    
 -0.240000010       2.38216424    
 -0.220000029       2.05653811    
 -0.200000048       1.73056948    
 -0.180000067       1.40021515    
 -0.160000086       1.06879640    
 -0.139999986      0.769699991    
 -0.120000005      0.550052941    
 -0.100000024      0.431859583    
  -8.00000429E-02  0.376879513    
  -6.00000620E-02  0.308253258    
  -4.00000811E-02  0.189520121    
  -2.00001001E-02   5.54202460E-02
   0.00000000       4.87087789E-04
   1.99999809E-02   2.71536805E-06
   3.99999619E-02   9.89268472E-08
   5.99999428E-02   2.39219275E-06
   7.99999237E-02   1.99427700E-06
   9.99999046E-02   3.97559779E-06
  0.119999886       4.55529334E-06
  0.139999866       6.27262307E-06
  0.159999847       7.45668240E-06
  0.180000067       8.85209010E-06
  0.200000048       1.03344646E-05
  0.220000029       1.12423077E-05
  0.240000010       1.23629125E-05
  0.259999990       1.26189098E-05
  0.279999971       1.29743903E-05
  0.299999952       1.29061118E-05
  0.319999933       1.23913087E-05
  0.339999914       1.16913652E-05
  0.359999895       1.06370680E-05
  0.379999876       9.68941094E-06
  0.399999857       8.61813078E-06
  0.419999838       7.48382627E-06
  0.440000057       6.66414917E-06
  0.460000038       5.85251792E-06
  0.480000019       5.12637735E-06
  0.500000000       4.63977722E-06
  0.519999981       4.13487851E-06
  0.539999962       3.74208162E-06
  0.559999943       3.36900848E-06
  0.579999924       3.09319921E-06
  0.599999905       2.79523579E-06
  0.619999886       2.51945494E-06
  0.639999866       2.31217177E-06
  0.659999847       2.12534792E-06
  0.679999828       1.92056768E-06
  0.700000048       1.74364914E-06
  0.720000029       1.57852082E-06
  0.740000010       1.48546894E-06
  0.759999990       1.34059746E-06
  0.779999971       1.21600510E-06
  0.799999952       1.09554912E-06
  0.819999933       9.87215117E-07
  0.839999914       9.30922965E-07
  0.859999895       8.60216460E-07
  0.879999876       7.67392464E-07
  0.899999857       6.87167926E-07
  0.919999838       6.10190284E-07
  0.939999819       5.36486198E-07
  0.960000038       4.86601493E-07
  0.980000019       4.57797682E-07
   1.00000000       4.29258449E-07
   1.01999998       3.89565230E-07
   1.03999996       3.42103249E-07
   1.05999994       2.93213475E-07
   1.07999992       2.45628513E-07
   1.09999990       2.00079455E-07
   1.11999989       1.57874126E-07
   1.13999987       1.20852491E-07
   1.15999985       9.02125024E-08
   1.17999983       6.60355752E-08
   1.19999981       4.77049582E-08
   1.22000003       3.42406992E-08
   1.24000001       2.45810856E-08
   1.25999999       1.76590831E-08
   1.27999997       1.27331621E-08
   1.29999995       9.25826971E-09
   1.31999993       6.81323931E-09
   1.33999991       5.09705744E-09
   1.35999990       3.85309562E-09
   1.37999988       2.93376834E-09
   1.39999986       2.25882602E-09
   1.41999984       1.77446857E-09
   1.43999982       1.43292778E-09
   1.46000004       1.17492371E-09
   1.48000002       9.79959225E-10
   1.50000000       8.29207480E-10
   1.51999998       6.97529479E-10
   1.53999996       5.93362082E-10
   1.55999994       5.06504394E-10
   1.57999992       4.39555864E-10
   1.59999990       3.90513066E-10
   1.61999989       3.46295687E-10
   1.63999987       3.16936810E-10
   1.65999985       2.90786312E-10
   1.67999983       2.67725675E-10
   1.69999981       2.47695475E-10
   1.72000003       2.31967640E-10
   1.74000001       2.21070037E-10
   1.75999999       2.06412734E-10
   1.77999997       2.00817515E-10
   1.79999995       1.95833377E-10
   1.81999993       1.93706079E-10
   1.83999991       1.95489430E-10
   1.85999990       1.90830032E-10
   1.87999988       1.90389954E-10
   1.89999986       1.89898389E-10
   1.91999984       1.92962660E-10
   1.93999982       1.97539124E-10
   1.95999980       2.04065764E-10
   1.98000002       2.19830681E-10
   2.00000000       2.32791522E-10
   2.01999998       2.45340109E-10
   2.03999996       2.50219068E-10
   2.05999994       2.51492743E-10
   2.07999992       2.53399912E-10
   2.09999990       2.46930032E-10
   2.11999989       2.39098435E-10
   2.13999987       2.34817499E-10
   2.15999985       2.35325426E-10
   2.17999983       2.39336412E-10
   2.19999981       2.42874387E-10
   2.21999979       2.51520582E-10
   2.23999977       2.51749233E-10
   2.25999975       2.42630943E-10
   2.27999973       2.30273217E-10
   2.29999971       2.27110331E-10
   2.31999969       2.36573233E-10
   2.33999968       2.40325315E-10
   2.36000013       2.35681585E-10
   2.38000011       2.25110111E-10
   2.40000010       2.24440203E-10
   2.42000008       2.29841257E-10
   2.44000006       2.34372771E-10
   2.46000004       2.23542546E-10
   2.48000002       2.08009485E-10
   2.50000000       2.14373838E-10
   2.51999998       2.13578197E-10
   2.53999996       1.97885874E-10
   2.55999994       1.89611840E-10
   2.57999992       2.00815711E-10
   2.59999990       1.98488767E-10
   2.61999989       1.72708695E-10
   2.63999987       1.77583517E-10
   2.65999985       1.81465218E-10
   2.67999983       1.65809047E-10
   2.69999981       1.62524078E-10
   2.71999979       1.64629366E-10
   2.73999977       1.45595522E-10
   2.75999975       1.42931014E-10
   2.77999973       1.47489937E-10
   2.79999971       1.27647240E-10
   2.81999969       1.29217428E-10
   2.83999968       1.18431320E-10
   2.85999966       1.04694607E-10
   2.88000011       1.03972067E-10
   2.90000010       8.49708984E-11
   2.92000008       8.54380455E-11
   2.94000006       7.32019098E-11
   2.96000004       6.43405607E-11
   2.98000002       6.36473929E-11
   3.00000000       5.33728443E-11
   3.01999998       4.90378155E-11
   3.03999996       3.29039018E-11
   3.05999994       2.96616620E-11
   3.07999992       1.83469212E-11
   3.09999990       2.68826628E-11
