  -2.00000000       2.91657321E-09
  -1.98000002       5.13416376E-09
  -1.96000004       1.45317722E-08
  -1.94000006       1.96339993E-08
  -1.91999996       3.18443263E-08
  -1.89999998       4.38416663E-08
  -1.88000000       5.81736224E-08
  -1.86000001       7.81229303E-08
  -1.84000003       9.63763611E-08
  -1.82000005       1.23370626E-07
  -1.79999995       1.47818767E-07
  -1.77999997       1.80730439E-07
  -1.75999999       2.12484565E-07
  -1.74000001       2.49264218E-07
  -1.72000003       2.85056160E-07
  -1.70000005       3.19857804E-07
  -1.68000007       3.48706436E-07
  -1.65999997       3.70509952E-07
  -1.63999999       3.85288132E-07
  -1.62000000       3.97728854E-07
  -1.60000002       4.09212618E-07
  -1.58000004       4.21412835E-07
  -1.55999994       4.38178802E-07
  -1.53999996       4.51086976E-07
  -1.51999998       4.75130975E-07
  -1.50000000       4.93848120E-07
  -1.48000002       5.17843773E-07
  -1.46000004       5.37605388E-07
  -1.44000006       5.54448434E-07
  -1.42000008       5.74010471E-07
  -1.40000010       5.94577386E-07
  -1.38000000       6.28146438E-07
  -1.36000001       6.46584112E-07
  -1.34000003       6.72659326E-07
  -1.31999993       6.85570683E-07
  -1.29999995       7.03289857E-07
  -1.27999997       7.34803166E-07
  -1.25999999       7.73464308E-07
  -1.24000001       8.14317787E-07
  -1.22000003       8.35997128E-07
  -1.20000005       8.51149423E-07
  -1.18000007       8.75772685E-07
  -1.16000009       9.12384792E-07
  -1.14000010       9.67861183E-07
  -1.12000000       1.03089224E-06
  -1.10000002       1.00682337E-06
  -1.08000004       1.02057254E-06
  -1.05999994       1.23309701E-06
  -1.03999996       1.18245953E-06
  -1.01999998       9.19315539E-07
  -1.00000000       1.59394301E-06
 -0.980000019       2.09977156E-06
 -0.960000038       5.47549234E-07
 -0.940000057       1.53323947E-06
 -0.920000076       7.24913798E-06
 -0.899999976       7.32599119E-06
 -0.879999995       4.60534784E-06
 -0.860000014       2.90303979E-05
 -0.840000033       7.80175906E-05
 -0.820000052       1.15626375E-04
 -0.800000072       1.99925838E-04
 -0.779999971       4.89844591E-04
 -0.759999990       1.02740468E-03
 -0.740000010       1.77412387E-03
 -0.720000029       3.08270729E-03
 -0.700000048       5.77147026E-03
 -0.680000067       1.05357775E-02
 -0.660000086       1.77374687E-02
 -0.639999986       2.86256019E-02
 -0.620000005       4.61700112E-02
 -0.600000024       7.40717202E-02
 -0.580000043      0.114986636    
 -0.560000062      0.171168998    
 -0.540000081      0.247215837    
 -0.519999981      0.350444287    
 -0.500000000      0.488104045    
 -0.480000019      0.662691593    
 -0.460000038      0.872540176    
 -0.440000057       1.11385119    
 -0.420000076       1.38378966    
 -0.400000095       1.67897069    
 -0.379999995       1.99277103    
 -0.360000014       2.31396031    
 -0.340000033       2.62084675    
 -0.320000052       2.88153553    
 -0.300000072       3.05648947    
 -0.280000091       3.12891722    
 -0.259999990       3.12726331    
 -0.240000010       3.11587358    
 -0.220000029       3.12448931    
 -0.200000048       3.07292891    
 -0.180000067       2.81573772    
 -0.160000086       2.29420233    
 -0.139999986       1.69533384    
 -0.120000005       1.34770977    
 -0.100000024       1.41690755    
  -8.00000429E-02   1.67113984    
  -6.00000620E-02   1.62913072    
  -4.00000811E-02   1.08912933    
  -2.00001001E-02  0.329683036    
   0.00000000       2.97602243E-03
   1.99999809E-02   8.76615468E-06
   3.99999619E-02   9.27625820E-07
   5.99999428E-02   2.14020656E-06
   7.99999237E-02   3.45636323E-07
   9.99999046E-02   1.93492042E-06
  0.119999886       1.44065791E-06
  0.139999866       2.58989940E-06
  0.159999847       2.78623338E-06
  0.180000067       3.56772239E-06
  0.200000048       4.29103056E-06
  0.220000029       4.75376100E-06
  0.240000010       5.79095058E-06
  0.259999990       6.00239173E-06
  0.279999971       6.99681277E-06
  0.299999952       7.15721126E-06
  0.319999933       7.83724499E-06
  0.339999914       8.20593232E-06
  0.359999895       8.39589666E-06
  0.379999876       8.75728529E-06
  0.399999857       8.50892957E-06
  0.419999838       8.60480031E-06
  0.440000057       8.45317209E-06
  0.460000038       8.12616781E-06
  0.480000019       7.89478781E-06
  0.500000000       7.36625407E-06
  0.519999981       7.02448597E-06
  0.539999962       6.65128573E-06
  0.559999943       6.05381638E-06
  0.579999924       5.69642543E-06
  0.599999905       5.34051242E-06
  0.619999886       4.83435042E-06
  0.639999866       4.52720360E-06
  0.659999847       4.24824611E-06
  0.679999828       3.85350404E-06
  0.700000048       3.62350920E-06
  0.720000029       3.40510405E-06
  0.740000010       3.11983081E-06
  0.759999990       2.93798530E-06
  0.779999971       2.74213539E-06
  0.799999952       2.57954048E-06
  0.819999933       2.38947496E-06
  0.839999914       2.23928919E-06
  0.859999895       2.13032968E-06
  0.879999876       1.97088366E-06
  0.899999857       1.85787326E-06
  0.919999838       1.72966679E-06
  0.939999819       1.65839401E-06
  0.960000038       1.53433257E-06
  0.980000019       1.44999024E-06
   1.00000000       1.34675929E-06
   1.01999998       1.28944703E-06
   1.03999996       1.21057428E-06
   1.05999994       1.13458293E-06
   1.07999992       1.06334346E-06
   1.09999990       9.89342311E-07
   1.11999989       9.55522182E-07
   1.13999987       8.92224818E-07
   1.15999985       8.41671579E-07
   1.17999983       7.83675773E-07
   1.19999981       7.21298306E-07
   1.22000003       6.94605319E-07
   1.24000001       6.60325099E-07
   1.25999999       6.19607817E-07
   1.27999997       5.85685825E-07
   1.29999995       5.35047377E-07
   1.31999993       4.85889359E-07
   1.33999991       4.62419621E-07
   1.35999990       4.46092741E-07
   1.37999988       4.23234468E-07
   1.39999986       4.00733654E-07
   1.41999984       3.75289403E-07
   1.43999982       3.37953622E-07
   1.46000004       2.96571500E-07
   1.48000002       2.66529725E-07
   1.50000000       2.51650647E-07
   1.51999998       2.43717182E-07
   1.53999996       2.34877916E-07
   1.55999994       2.23771011E-07
   1.57999992       2.11345423E-07
   1.59999990       1.96916204E-07
   1.61999989       1.79113812E-07
   1.63999987       1.57869806E-07
   1.65999985       1.34559471E-07
   1.67999983       1.11306974E-07
   1.69999981       8.99492250E-08
   1.72000003       7.17247985E-08
   1.74000001       5.68853196E-08
   1.75999999       4.49810678E-08
   1.77999997       3.54014205E-08
   1.79999995       2.78345489E-08
   1.81999993       2.19763674E-08
   1.83999991       1.74500521E-08
   1.85999990       1.39453897E-08
   1.87999988       1.11671508E-08
   1.89999986       8.92616470E-09
   1.91999984       7.18020132E-09
   1.93999982       5.88294879E-09
   1.95999980       4.90595120E-09
   1.98000002       4.11274836E-09
   2.00000000       3.47711060E-09
   2.01999998       2.97930414E-09
   2.03999996       2.60254640E-09
   2.05999994       2.28895991E-09
   2.07999992       2.00067118E-09
   2.09999990       1.77543402E-09
   2.11999989       1.62335079E-09
   2.13999987       1.48873525E-09
   2.15999985       1.33277744E-09
   2.17999983       1.21350863E-09
   2.19999981       1.15488441E-09
   2.21999979       1.08906173E-09
   2.23999977       9.98019223E-10
   2.25999975       9.33762845E-10
   2.27999973       9.00503005E-10
   2.29999971       8.56035243E-10
   2.31999969       7.99695810E-10
   2.33999968       7.70021213E-10
   2.36000013       7.54626417E-10
   2.38000011       7.15087045E-10
   2.40000010       6.92399527E-10
   2.42000008       6.81311563E-10
   2.44000006       6.35835329E-10
   2.46000004       6.02269457E-10
   2.48000002       5.98256389E-10
   2.50000000       5.53257606E-10
   2.51999998       5.14434717E-10
   2.53999996       5.18864784E-10
   2.55999994       4.92418328E-10
   2.57999992       4.73756923E-10
   2.59999990       4.68552197E-10
   2.61999989       4.44057069E-10
   2.63999987       4.23937996E-10
   2.65999985       4.02472222E-10
   2.67999983       3.73017256E-10
   2.69999981       3.69590275E-10
   2.71999979       3.46227019E-10
   2.73999977       3.24243576E-10
   2.75999975       3.18143178E-10
   2.77999973       2.84219870E-10
   2.79999971       2.75964612E-10
   2.81999969       2.58389615E-10
   2.83999968       2.38482789E-10
   2.85999966       2.12042842E-10
   2.88000011       1.92790769E-10
   2.90000010       1.81450702E-10
   2.92000008       1.47464527E-10
   2.94000006       1.40251658E-10
   2.96000004       1.25069247E-10
   2.98000002       1.09198872E-10
   3.00000000       7.93841520E-11
   3.01999998       5.92369279E-11
   3.03999996       3.67890787E-11
   3.05999994       9.68521183E-12
   3.07999992       1.97182028E-11
   3.09999990       9.06083042E-10
