  -2.00000000       3.59697538E-09
  -1.98000002       6.32293595E-09
  -1.96000004       1.59633355E-08
  -1.94000006       2.41800038E-08
  -1.91999996       3.56125724E-08
  -1.89999998       5.23440633E-08
  -1.88000000       6.71658427E-08
  -1.86000001       9.09429758E-08
  -1.84000003       1.10911074E-07
  -1.82000005       1.40683170E-07
  -1.79999995       1.66728483E-07
  -1.77999997       2.02038834E-07
  -1.75999999       2.34256362E-07
  -1.74000001       2.71355759E-07
  -1.72000003       3.04881553E-07
  -1.70000005       3.33939482E-07
  -1.68000007       3.56721671E-07
  -1.65999997       3.70149337E-07
  -1.63999999       3.82718952E-07
  -1.62000000       3.90850687E-07
  -1.60000002       4.05046762E-07
  -1.58000004       4.19131453E-07
  -1.55999994       4.41809334E-07
  -1.53999996       4.59228488E-07
  -1.51999998       4.90896184E-07
  -1.50000000       5.08989388E-07
  -1.48000002       5.30530031E-07
  -1.46000004       5.37382618E-07
  -1.44000006       5.49600315E-07
  -1.42000008       5.67371842E-07
  -1.40000010       5.98244924E-07
  -1.38000000       6.38678330E-07
  -1.36000001       6.61564741E-07
  -1.34000003       6.85167265E-07
  -1.31999993       6.84776353E-07
  -1.29999995       6.96505822E-07
  -1.27999997       7.33833815E-07
  -1.25999999       7.85821271E-07
  -1.24000001       8.31593979E-07
  -1.22000003       8.45643001E-07
  -1.20000005       8.46726607E-07
  -1.18000007       8.66977643E-07
  -1.16000009       9.19569288E-07
  -1.14000010       9.93225854E-07
  -1.12000000       1.03925265E-06
  -1.10000002       9.94456059E-07
  -1.08000004       1.02655940E-06
  -1.05999994       1.25427891E-06
  -1.03999996       1.15816192E-06
  -1.01999998       9.54293569E-07
  -1.00000000       1.67066219E-06
 -0.980000019       1.96598512E-06
 -0.960000038       4.31975366E-07
 -0.940000057       1.97808390E-06
 -0.920000076       7.20830030E-06
 -0.899999976       6.21144591E-06
 -0.879999995       4.52314180E-06
 -0.860000014       3.04804489E-05
 -0.840000033       7.56568770E-05
 -0.820000052       1.08312088E-04
 -0.800000072       1.95453948E-04
 -0.779999971       4.85302240E-04
 -0.759999990       1.00200193E-03
 -0.740000010       1.71477860E-03
 -0.720000029       3.00349621E-03
 -0.700000048       5.65494737E-03
 -0.680000067       1.03083486E-02
 -0.660000086       1.73023157E-02
 -0.639999986       2.79478617E-02
 -0.620000005       4.51853573E-02
 -0.600000024       7.25952089E-02
 -0.580000043      0.112705499    
 -0.560000062      0.167790160    
 -0.540000081      0.242558107    
 -0.519999981      0.344277084    
 -0.500000000      0.480118215    
 -0.480000019      0.652469158    
 -0.460000038      0.859898031    
 -0.440000057       1.09882355    
 -0.420000076       1.36670041    
 -0.400000095       1.66026139    
 -0.379999995       1.97314334    
 -0.360000014       2.29451919    
 -0.340000033       2.60284996    
 -0.320000052       2.86607480    
 -0.300000072       3.04385543    
 -0.280000091       3.11928439    
 -0.259999990       3.12150812    
 -0.240000010       3.11636782    
 -0.220000029       3.13354421    
 -0.200000048       3.08982539    
 -0.180000067       2.83549809    
 -0.160000086       2.31032395    
 -0.139999986       1.70611393    
 -0.120000005       1.35894203    
 -0.100000024       1.43738401    
  -8.00000429E-02   1.70320106    
  -6.00000620E-02   1.66371655    
  -4.00000811E-02   1.11309540    
  -2.00001001E-02  0.337013274    
   0.00000000       3.04665277E-03
   1.99999809E-02   8.48008767E-06
   3.99999619E-02   1.27770340E-06
   5.99999428E-02   2.01378498E-06
   7.99999237E-02   3.36211258E-07
   9.99999046E-02   1.98939460E-06
  0.119999886       1.26817019E-06
  0.139999866       2.76515084E-06
  0.159999847       2.52863538E-06
  0.180000067       3.81419113E-06
  0.200000048       4.00209956E-06
  0.220000029       4.95169297E-06
  0.240000010       5.50249342E-06
  0.259999990       6.02853788E-06
  0.279999971       6.83372400E-06
  0.299999952       7.06796754E-06
  0.319999933       7.90978902E-06
  0.339999914       8.03564399E-06
  0.359999895       8.45414706E-06
  0.379999876       8.55125472E-06
  0.399999857       8.48411037E-06
  0.419999838       8.66227583E-06
  0.440000057       8.35834908E-06
  0.460000038       8.17085584E-06
  0.480000019       7.82041752E-06
  0.500000000       7.39211146E-06
  0.519999981       7.12399560E-06
  0.539999962       6.56807651E-06
  0.559999943       6.10573488E-06
  0.579999924       5.79553125E-06
  0.599999905       5.28839519E-06
  0.619999886       4.88600108E-06
  0.639999866       4.61367972E-06
  0.659999847       4.20925653E-06
  0.679999828       3.89981960E-06
  0.700000048       3.69916233E-06
  0.720000029       3.37391839E-06
  0.740000010       3.15626653E-06
  0.759999990       2.99267708E-06
  0.779999971       2.74726426E-06
  0.799999952       2.58493219E-06
  0.819999933       2.41974294E-06
  0.839999914       2.29141096E-06
  0.859999895       2.10992016E-06
  0.879999876       1.99160718E-06
  0.899999857       1.89133755E-06
  0.919999838       1.76258118E-06
  0.939999819       1.64195762E-06
  0.960000038       1.55089901E-06
  0.980000019       1.47893934E-06
   1.00000000       1.38051632E-06
   1.01999998       1.27772091E-06
   1.03999996       1.21709218E-06
   1.05999994       1.15183059E-06
   1.07999992       1.09918142E-06
   1.09999990       1.00034026E-06
   1.11999989       9.47069168E-07
   1.13999987       8.98287340E-07
   1.15999985       8.57213536E-07
   1.17999983       8.14530040E-07
   1.19999981       7.37181551E-07
   1.22000003       6.88734644E-07
   1.24000001       6.58512590E-07
   1.25999999       6.25536586E-07
   1.27999997       6.03137778E-07
   1.29999995       5.61679428E-07
   1.31999993       5.01559896E-07
   1.33999991       4.61728405E-07
   1.35999990       4.41399663E-07
   1.37999988       4.22163424E-07
   1.39999986       4.05907372E-07
   1.41999984       3.89603599E-07
   1.43999982       3.58835223E-07
   1.46000004       3.15343925E-07
   1.48000002       2.76661694E-07
   1.50000000       2.53447951E-07
   1.51999998       2.41107330E-07
   1.53999996       2.31550658E-07
   1.55999994       2.22050545E-07
   1.57999992       2.12636493E-07
   1.59999990       2.02212945E-07
   1.61999989       1.88409217E-07
   1.63999987       1.70013948E-07
   1.65999985       1.47766883E-07
   1.67999983       1.24086824E-07
   1.69999981       1.01443547E-07
   1.72000003       8.15327326E-08
   1.74000001       6.48196092E-08
   1.75999999       5.11105362E-08
   1.77999997       3.99927096E-08
   1.79999995       3.11737800E-08
   1.81999993       2.43126195E-08
   1.83999991       1.90198293E-08
   1.85999990       1.49438524E-08
   1.87999988       1.17343237E-08
   1.89999986       9.17327636E-09
   1.91999984       7.26230098E-09
   1.93999982       5.82871529E-09
   1.95999980       4.75333950E-09
   1.98000002       3.89325727E-09
   2.00000000       3.21677662E-09
   2.01999998       2.71009015E-09
   2.03999996       2.31871056E-09
   2.05999994       1.98977412E-09
   2.07999992       1.70053127E-09
   2.09999990       1.48259727E-09
   2.11999989       1.34123912E-09
   2.13999987       1.21056121E-09
   2.15999985       1.06428633E-09
   2.17999983       9.64005986E-10
   2.19999981       9.06975051E-10
   2.21999979       8.36990033E-10
   2.23999977       7.50310591E-10
   2.25999975       6.99719893E-10
   2.27999973       6.65475453E-10
   2.29999971       6.07722705E-10
   2.31999969       5.61461211E-10
   2.33999968       5.48440071E-10
   2.36000013       5.30197830E-10
   2.38000011       4.93208918E-10
   2.40000010       4.81142570E-10
   2.42000008       4.68279027E-10
   2.44000006       4.32477554E-10
   2.46000004       4.17079010E-10
   2.48000002       4.06321615E-10
   2.50000000       3.67114811E-10
   2.51999998       3.47341156E-10
   2.53999996       3.44387407E-10
   2.55999994       3.22377874E-10
   2.57999992       3.16378146E-10
   2.59999990       3.08255477E-10
   2.61999989       2.84634122E-10
   2.63999987       2.83335355E-10
   2.65999985       2.61186239E-10
   2.67999983       2.44955639E-10
   2.69999981       2.44956916E-10
   2.71999979       2.20790608E-10
   2.73999977       2.14141857E-10
   2.75999975       2.04268560E-10
   2.77999973       1.86159907E-10
   2.79999971       1.84555343E-10
   2.81999969       1.64841432E-10
   2.83999968       1.54295132E-10
   2.85999966       1.34172548E-10
   2.88000011       1.26732569E-10
   2.90000010       1.20432025E-10
   2.92000008       9.74846801E-11
   2.94000006       9.29023317E-11
   2.96000004       8.48429452E-11
   2.98000002       7.65237873E-11
   3.00000000       5.45800488E-11
   3.01999998       4.24574369E-11
   3.03999996       2.43541073E-11
   3.05999994       1.91212133E-11
   3.07999992       6.56972393E-12
   3.09999990       1.27904398E-09
