  -2.00000000       3.26167271E-09
  -1.98000002       8.19892954E-09
  -1.96000004       1.62207545E-08
  -1.94000006       2.97432390E-08
  -1.91999996       3.99616766E-08
  -1.89999998       6.19738643E-08
  -1.88000000       7.91301460E-08
  -1.86000001       1.05946270E-07
  -1.84000003       1.30625196E-07
  -1.82000005       1.61697969E-07
  -1.79999995       1.91924499E-07
  -1.77999997       2.28384337E-07
  -1.75999999       2.63067307E-07
  -1.74000001       3.00234092E-07
  -1.72000003       3.31624619E-07
  -1.70000005       3.54623609E-07
  -1.68000007       3.70810540E-07
  -1.65999997       3.74894057E-07
  -1.63999999       3.82004231E-07
  -1.62000000       3.82798532E-07
  -1.60000002       3.97725529E-07
  -1.58000004       4.14644234E-07
  -1.55999994       4.45568304E-07
  -1.53999996       4.72275076E-07
  -1.51999998       5.10093230E-07
  -1.50000000       5.26363976E-07
  -1.48000002       5.44637032E-07
  -1.46000004       5.39288408E-07
  -1.44000006       5.46929982E-07
  -1.42000008       5.60653746E-07
  -1.40000010       6.02683201E-07
  -1.38000000       6.51939786E-07
  -1.36000001       6.80231039E-07
  -1.34000003       6.96144070E-07
  -1.31999993       6.84590930E-07
  -1.29999995       6.92832600E-07
  -1.27999997       7.35300375E-07
  -1.25999999       8.03313355E-07
  -1.24000001       8.50666765E-07
  -1.22000003       8.52402991E-07
  -1.20000005       8.40183475E-07
  -1.18000007       8.62966544E-07
  -1.16000009       9.35017908E-07
  -1.14000010       1.02171578E-06
  -1.12000000       1.04180697E-06
  -1.10000002       9.78198955E-07
  -1.08000004       1.04959986E-06
  -1.05999994       1.27421310E-06
  -1.03999996       1.11938141E-06
  -1.01999998       1.01931096E-06
  -1.00000000       1.75088746E-06
 -0.980000019       1.75802654E-06
 -0.960000038       3.71629255E-07
 -0.940000057       2.54253882E-06
 -0.920000076       6.98357644E-06
 -0.899999976       4.78645052E-06
 -0.879999995       4.84916745E-06
 -0.860000014       3.21108164E-05
 -0.840000033       7.21240649E-05
 -0.820000052       9.90910703E-05
 -0.800000072       1.91241445E-04
 -0.779999971       4.78879636E-04
 -0.759999990       9.67683794E-04
 -0.740000010       1.63853983E-03
 -0.720000029       2.90444260E-03
 -0.700000048       5.50569966E-03
 -0.680000067       1.00085177E-02
 -0.660000086       1.67382006E-02
 -0.639999986       2.70698108E-02
 -0.620000005       4.39166278E-02
 -0.600000024       7.06693456E-02
 -0.580000043      0.109732389    
 -0.560000062      0.163378164    
 -0.540000081      0.236485660    
 -0.519999981      0.336219132    
 -0.500000000      0.469654799    
 -0.480000019      0.639052272    
 -0.460000038      0.843260586    
 -0.440000057       1.07904363    
 -0.420000076       1.34411621    
 -0.400000095       1.63550270    
 -0.379999995       1.94705391    
 -0.360000014       2.26861858    
 -0.340000033       2.57877135    
 -0.320000052       2.84525609    
 -0.300000072       3.02668357    
 -0.280000091       3.10591865    
 -0.259999990       3.11327910    
 -0.240000010       3.11647034    
 -0.220000029       3.14523053    
 -0.200000048       3.11206102    
 -0.180000067       2.86156511    
 -0.160000086       2.33143926    
 -0.139999986       1.72006321    
 -0.120000005       1.37372005    
 -0.100000024       1.46487415    
  -8.00000429E-02   1.74657941    
  -6.00000620E-02   1.71053791    
  -4.00000811E-02   1.14558578    
  -2.00001001E-02  0.346920609    
   0.00000000       3.15384846E-03
   1.99999809E-02   6.72300894E-06
   3.99999619E-02   3.08298377E-06
   5.99999428E-02   9.13854706E-07
   7.99999237E-02   1.12790144E-06
   9.99999046E-02   1.42517365E-06
  0.119999886       1.64441815E-06
  0.139999866       2.49446339E-06
  0.159999847       2.57990359E-06
  0.180000067       3.73059697E-06
  0.200000048       3.77320134E-06
  0.220000029       5.02561352E-06
  0.240000010       5.17283297E-06
  0.259999990       6.24503491E-06
  0.279999971       6.58181352E-06
  0.299999952       7.16385375E-06
  0.319999933       7.70212864E-06
  0.339999914       7.83360883E-06
  0.359999895       8.47075444E-06
  0.379999876       8.39520180E-06
  0.399999857       8.61672652E-06
  0.419999838       8.50634751E-06
  0.440000057       8.23261416E-06
  0.460000038       8.26872656E-06
  0.480000019       7.78516187E-06
  0.500000000       7.42924976E-06
  0.519999981       7.10161112E-06
  0.539999962       6.57376040E-06
  0.559999943       6.23936967E-06
  0.579999924       5.76374077E-06
  0.599999905       5.29789577E-06
  0.619999886       5.02310922E-06
  0.639999866       4.59698094E-06
  0.659999847       4.22585617E-06
  0.679999828       4.00659792E-06
  0.700000048       3.69419990E-06
  0.720000029       3.40631595E-06
  0.740000010       3.20493245E-06
  0.759999990       3.02601325E-06
  0.779999971       2.78125412E-06
  0.799999952       2.57742590E-06
  0.819999933       2.50217909E-06
  0.839999914       2.29278066E-06
  0.859999895       2.12780242E-06
  0.879999876       2.01819535E-06
  0.899999857       1.93409710E-06
  0.919999838       1.77779418E-06
  0.939999819       1.64620496E-06
  0.960000038       1.58140131E-06
  0.980000019       1.51418135E-06
   1.00000000       1.39391238E-06
   1.01999998       1.29032458E-06
   1.03999996       1.22214828E-06
   1.05999994       1.19636286E-06
   1.07999992       1.10567339E-06
   1.09999990       1.02635283E-06
   1.11999989       9.42277325E-07
   1.13999987       9.15256919E-07
   1.15999985       8.88967520E-07
   1.17999983       8.22433549E-07
   1.19999981       7.60822559E-07
   1.22000003       6.91368086E-07
   1.24000001       6.57340763E-07
   1.25999999       6.52264021E-07
   1.27999997       6.19708942E-07
   1.29999995       5.72793112E-07
   1.31999993       5.23016070E-07
   1.33999991       4.67956141E-07
   1.35999990       4.35325802E-07
   1.37999988       4.31566036E-07
   1.39999986       4.25964913E-07
   1.41999984       4.02701062E-07
   1.43999982       3.69994098E-07
   1.46000004       3.32729314E-07
   1.48000002       2.91961925E-07
   1.50000000       2.56890843E-07
   1.51999998       2.36981293E-07
   1.53999996       2.31215182E-07
   1.55999994       2.30327601E-07
   1.57999992       2.25738859E-07
   1.59999990       2.14951754E-07
   1.61999989       1.99074464E-07
   1.63999987       1.79879748E-07
   1.65999985       1.58432684E-07
   1.67999983       1.35760544E-07
   1.69999981       1.13227230E-07
   1.72000003       9.20751617E-08
   1.74000001       7.31288949E-08
   1.75999999       5.69833318E-08
   1.77999997       4.38640022E-08
   1.79999995       3.36415127E-08
   1.81999993       2.58950372E-08
   1.83999991       2.01476382E-08
   1.85999990       1.57945035E-08
   1.87999988       1.23996502E-08
   1.89999986       9.84042359E-09
   1.91999984       7.91466181E-09
   1.93999982       6.46527099E-09
   1.95999980       5.31869571E-09
   1.98000002       4.38650538E-09
   2.00000000       3.69236153E-09
   2.01999998       3.15903725E-09
   2.03999996       2.72242096E-09
   2.05999994       2.35310460E-09
   2.07999992       2.04774264E-09
   2.09999990       1.82771864E-09
   2.11999989       1.64085034E-09
   2.13999987       1.46898438E-09
   2.15999985       1.31696187E-09
   2.17999983       1.21484911E-09
   2.19999981       1.13016652E-09
   2.21999979       1.02660069E-09
   2.23999977       9.43250256E-10
   2.25999975       8.90075458E-10
   2.27999973       8.23255408E-10
   2.29999971       7.48094586E-10
   2.31999969       7.12062631E-10
   2.33999968       6.99457547E-10
   2.36000013       6.53925691E-10
   2.38000011       6.11931006E-10
   2.40000010       5.88617877E-10
   2.42000008       5.43117440E-10
   2.44000006       5.07917985E-10
   2.46000004       5.02022812E-10
   2.48000002       4.70643968E-10
   2.50000000       4.31842423E-10
   2.51999998       4.21719992E-10
   2.53999996       3.92202104E-10
   2.55999994       3.72567532E-10
   2.57999992       3.68268499E-10
   2.59999990       3.31315170E-10
   2.61999989       3.13226667E-10
   2.63999987       3.12023601E-10
   2.65999985       2.77331907E-10
   2.67999983       2.61179245E-10
   2.69999981       2.44489762E-10
   2.71999979       2.26300284E-10
   2.73999977       2.25083535E-10
   2.75999975       1.99498959E-10
   2.77999973       1.92523539E-10
   2.79999971       1.75203269E-10
   2.81999969       1.51062510E-10
   2.83999968       1.46993542E-10
   2.85999966       1.35435163E-10
   2.88000011       1.33145772E-10
   2.90000010       1.16670562E-10
   2.92000008       1.11015794E-10
   2.94000006       1.02301459E-10
   2.96000004       1.03804937E-10
   2.98000002       9.91267207E-11
   3.00000000       9.45528378E-11
   3.01999998       9.69712435E-11
   3.03999996       9.39857428E-11
   3.05999994       1.47088203E-10
   3.07999992       6.28116240E-11
   3.09999990       2.24343899E-09
