  -2.00000000       1.02244417E-08
  -1.98000002       3.18452003E-08
  -1.96000004       6.03869523E-08
  -1.94000006       1.02605938E-07
  -1.91999996       1.33653856E-07
  -1.89999998       1.85946007E-07
  -1.88000000       2.21757503E-07
  -1.86000001       2.69284754E-07
  -1.84000003       3.03098204E-07
  -1.82000005       3.37486682E-07
  -1.79999995       3.54971689E-07
  -1.77999997       3.68521228E-07
  -1.75999999       3.65012426E-07
  -1.74000001       3.58666767E-07
  -1.72000003       3.48383310E-07
  -1.70000005       3.43634554E-07
  -1.68000007       3.50108024E-07
  -1.65999997       3.71887126E-07
  -1.63999999       4.07858863E-07
  -1.62000000       4.54339357E-07
  -1.60000002       4.92984668E-07
  -1.58000004       5.22466451E-07
  -1.55999994       5.27275802E-07
  -1.53999996       5.15231022E-07
  -1.51999998       5.00244255E-07
  -1.50000000       5.11293536E-07
  -1.48000002       5.41704082E-07
  -1.46000004       6.05200171E-07
  -1.44000006       6.46162334E-07
  -1.42000008       6.71675537E-07
  -1.40000010       6.49099889E-07
  -1.38000000       6.31325406E-07
  -1.36000001       6.56232544E-07
  -1.34000003       7.18863362E-07
  -1.31999993       7.96395398E-07
  -1.29999995       8.17239481E-07
  -1.27999997       7.90888123E-07
  -1.25999999       7.74971454E-07
  -1.24000001       8.22964353E-07
  -1.22000003       9.21616049E-07
  -1.20000005       9.67374262E-07
  -1.18000007       9.45980901E-07
  -1.16000009       9.36496349E-07
  -1.14000010       1.00742454E-06
  -1.12000000       1.09437701E-06
  -1.10000002       1.15358762E-06
  -1.08000004       1.13920885E-06
  -1.05999994       1.06346067E-06
  -1.03999996       1.22830158E-06
  -1.01999998       1.66427958E-06
  -1.00000000       1.35836422E-06
 -0.980000019       6.85199666E-07
 -0.960000038       2.01280682E-06
 -0.940000057       4.24560585E-06
 -0.920000076       2.13092335E-06
 -0.899999976       7.21163872E-07
 -0.879999995       1.32933328E-05
 -0.860000014       3.21737316E-05
 -0.840000033       3.84721279E-05
 -0.820000052       6.28969501E-05
 -0.800000072       1.86268968E-04
 -0.779999971       4.14022245E-04
 -0.759999990       7.11252855E-04
 -0.740000010       1.21122366E-03
 -0.720000029       2.36841757E-03
 -0.700000048       4.57122829E-03
 -0.680000067       8.02352466E-03
 -0.660000086       1.32034793E-02
 -0.639999986       2.17302106E-02
 -0.620000005       3.60738561E-02
 -0.600000024       5.84362708E-02
 -0.580000043       9.06224027E-02
 -0.560000062      0.135220692    
 -0.540000081      0.197611481    
 -0.519999981      0.284334093    
 -0.500000000      0.401345968    
 -0.480000019      0.550784230    
 -0.460000038      0.732958376    
 -0.440000057      0.946843207    
 -0.420000076       1.19156921    
 -0.400000095       1.46585727    
 -0.379999995       1.76608610    
 -0.360000014       2.08632231    
 -0.340000033       2.40686345    
 -0.320000052       2.69231224    
 -0.300000072       2.89472389    
 -0.280000091       2.99571538    
 -0.259999990       3.03668070    
 -0.240000010       3.10023785    
 -0.220000029       3.21504974    
 -0.200000048       3.26025343    
 -0.180000067       3.03581309    
 -0.160000086       2.46724391    
 -0.139999986       1.80404091    
 -0.120000005       1.47088373    
 -0.100000024       1.66624665    
  -8.00000429E-02   2.07363224    
  -6.00000620E-02   2.06599021    
  -4.00000811E-02   1.39201486    
  -2.00001001E-02  0.422330201    
   0.00000000       3.84547771E-03
   1.99999809E-02   7.52112919E-06
   3.99999619E-02   4.37840117E-06
   5.99999428E-02   2.57806221E-07
   7.99999237E-02   1.75036712E-06
   9.99999046E-02   6.11561575E-07
  0.119999886       2.15073874E-06
  0.139999866       1.57413660E-06
  0.159999847       2.95424434E-06
  0.180000067       2.76306173E-06
  0.200000048       3.88709259E-06
  0.220000029       4.08853157E-06
  0.240000010       4.86939780E-06
  0.259999990       5.47794343E-06
  0.279999971       5.90138734E-06
  0.299999952       6.73854493E-06
  0.319999933       6.85303348E-06
  0.339999914       7.54006305E-06
  0.359999895       7.60117018E-06
  0.379999876       7.94735297E-06
  0.399999857       8.18755325E-06
  0.419999838       8.07795459E-06
  0.440000057       8.18476292E-06
  0.460000038       7.86350301E-06
  0.480000019       7.74102773E-06
  0.500000000       7.56259806E-06
  0.519999981       7.07522031E-06
  0.539999962       6.78650122E-06
  0.559999943       6.41468569E-06
  0.579999924       5.99187842E-06
  0.599999905       5.63583490E-06
  0.619999886       5.22123992E-06
  0.639999866       4.88772730E-06
  0.659999847       4.56341104E-06
  0.679999828       4.21769482E-06
  0.700000048       3.95380448E-06
  0.720000029       3.68633459E-06
  0.740000010       3.43933948E-06
  0.759999990       3.21567222E-06
  0.779999971       3.00375950E-06
  0.799999952       2.84427824E-06
  0.819999933       2.62885897E-06
  0.839999914       2.48702372E-06
  0.859999895       2.34794697E-06
  0.879999876       2.18137143E-06
  0.899999857       2.07547987E-06
  0.919999838       1.93628512E-06
  0.939999819       1.84423914E-06
  0.960000038       1.70968781E-06
  0.980000019       1.63959339E-06
   1.00000000       1.52486302E-06
   1.01999998       1.45445063E-06
   1.03999996       1.35411233E-06
   1.05999994       1.30259468E-06
   1.07999992       1.20883146E-06
   1.09999990       1.14994475E-06
   1.11999989       1.07615233E-06
   1.13999987       1.03121613E-06
   1.15999985       9.76351203E-07
   1.17999983       9.03493515E-07
   1.19999981       8.58951353E-07
   1.22000003       8.05553896E-07
   1.24000001       7.80217761E-07
   1.25999999       7.38292897E-07
   1.27999997       6.73877992E-07
   1.29999995       6.34903586E-07
   1.31999993       5.99618943E-07
   1.33999991       5.74845387E-07
   1.35999990       5.60572289E-07
   1.37999988       5.19730349E-07
   1.39999986       4.66845648E-07
   1.41999984       4.33669186E-07
   1.43999982       4.11771737E-07
   1.46000004       3.92249007E-07
   1.48000002       3.80852384E-07
   1.50000000       3.68666576E-07
   1.51999998       3.41068642E-07
   1.53999996       3.03036614E-07
   1.55999994       2.69861260E-07
   1.57999992       2.47163825E-07
   1.59999990       2.31426938E-07
   1.61999989       2.19230046E-07
   1.63999987       2.10112546E-07
   1.65999985       2.03745984E-07
   1.67999983       1.97393916E-07
   1.69999981       1.87109080E-07
   1.72000003       1.71069914E-07
   1.74000001       1.50755852E-07
   1.75999999       1.29099845E-07
   1.77999997       1.08376362E-07
   1.79999995       8.98928576E-08
   1.81999993       7.38042658E-08
   1.83999991       5.98800867E-08
   1.85999990       4.82436135E-08
   1.87999988       3.86877197E-08
   1.89999986       3.08833918E-08
   1.91999984       2.44789433E-08
   1.93999982       1.93461851E-08
   1.95999980       1.54095794E-08
   1.98000002       1.22751045E-08
   2.00000000       9.79030990E-09
   2.01999998       7.87685472E-09
   2.03999996       6.43530251E-09
   2.05999994       5.35294031E-09
   2.07999992       4.43544224E-09
   2.09999990       3.70608833E-09
   2.11999989       3.18986371E-09
   2.13999987       2.75101719E-09
   2.15999985       2.33604802E-09
   2.17999983       2.01834482E-09
   2.19999981       1.81281934E-09
   2.21999979       1.60973979E-09
   2.23999977       1.40401579E-09
   2.25999975       1.28364142E-09
   2.27999973       1.19000310E-09
   2.29999971       1.07801135E-09
   2.31999969       9.91457361E-10
   2.33999968       9.16907661E-10
   2.36000013       8.38034420E-10
   2.38000011       7.70808750E-10
   2.40000010       7.49247442E-10
   2.42000008       7.08158754E-10
   2.44000006       6.50343668E-10
   2.46000004       6.37843833E-10
   2.48000002       6.07597694E-10
   2.50000000       5.67575653E-10
   2.51999998       5.54934154E-10
   2.53999996       5.24525756E-10
   2.55999994       4.87851204E-10
   2.57999992       4.79011941E-10
   2.59999990       4.37468617E-10
   2.61999989       4.17332530E-10
   2.63999987       4.10053241E-10
   2.65999985       3.69796305E-10
   2.67999983       3.66427749E-10
   2.69999981       3.47041618E-10
   2.71999979       3.22134708E-10
   2.73999977       3.03304215E-10
   2.75999975       2.67222161E-10
   2.77999973       2.60856059E-10
   2.79999971       2.40562098E-10
   2.81999969       2.33337044E-10
   2.83999968       2.17586102E-10
   2.85999966       1.89154831E-10
   2.88000011       1.89679855E-10
   2.90000010       1.73275727E-10
   2.92000008       1.61108335E-10
   2.94000006       1.41388845E-10
   2.96000004       1.38520681E-10
   2.98000002       1.23537347E-10
   3.00000000       1.14730690E-10
   3.01999998       1.26869695E-10
   3.03999996       1.38161066E-10
   3.05999994       2.29520930E-10
   3.07999992       1.29758482E-10
   3.09999990       6.13898177E-09
