  -2.00000000       3.06691312E-08
  -1.98000002       1.42014045E-07
  -1.96000004       2.39221436E-07
  -1.94000006       3.67823588E-07
  -1.91999996       4.40547268E-07
  -1.89999998       4.93596019E-07
  -1.88000000       4.96984683E-07
  -1.86000001       4.55340455E-07
  -1.84000003       4.01674754E-07
  -1.82000005       3.35027892E-07
  -1.79999995       2.89585927E-07
  -1.77999997       2.75937111E-07
  -1.75999999       2.98430052E-07
  -1.74000001       3.58119905E-07
  -1.72000003       4.28819476E-07
  -1.70000005       4.87427201E-07
  -1.68000007       5.15277520E-07
  -1.65999997       5.10202199E-07
  -1.63999999       4.81396910E-07
  -1.62000000       4.64202998E-07
  -1.60000002       4.60800152E-07
  -1.58000004       4.94774213E-07
  -1.55999994       5.44792840E-07
  -1.53999996       6.01292072E-07
  -1.51999998       6.15921067E-07
  -1.50000000       6.10971938E-07
  -1.48000002       5.88562443E-07
  -1.46000004       5.95408494E-07
  -1.44000006       6.45462876E-07
  -1.42000008       6.99105726E-07
  -1.40000010       7.45673560E-07
  -1.38000000       7.35360743E-07
  -1.36000001       7.23555445E-07
  -1.34000003       7.45030945E-07
  -1.31999993       7.96291260E-07
  -1.29999995       8.55094868E-07
  -1.27999997       8.68813913E-07
  -1.25999999       8.59155534E-07
  -1.24000001       8.87144381E-07
  -1.22000003       9.50309129E-07
  -1.20000005       1.00596321E-06
  -1.18000007       1.01725550E-06
  -1.16000009       1.01533919E-06
  -1.14000010       1.07643757E-06
  -1.12000000       1.17043373E-06
  -1.10000002       1.18376772E-06
  -1.08000004       1.15506145E-06
  -1.05999994       1.29778925E-06
  -1.03999996       1.47258891E-06
  -1.01999998       1.22820757E-06
  -1.00000000       1.10797657E-06
 -0.980000019       2.02439765E-06
 -0.960000038       2.63433344E-06
 -0.940000057       9.22098934E-07
 -0.920000076       6.82794109E-07
 -0.899999976       7.23806988E-06
 -0.879999995       1.43039997E-05
 -0.860000014       1.18436337E-05
 -0.840000033       1.77837410E-05
 -0.820000052       7.03041296E-05
 -0.800000072       1.69858817E-04
 -0.779999971       2.80492794E-04
 -0.759999990       4.58351686E-04
 -0.740000010       9.25451401E-04
 -0.720000029       1.92001765E-03
 -0.700000048       3.52810719E-03
 -0.680000067       5.91343362E-03
 -0.660000086       9.83846933E-03
 -0.639999986       1.67688690E-02
 -0.620000005       2.83363909E-02
 -0.600000024       4.58223447E-02
 -0.580000043       7.08246678E-02
 -0.560000062      0.106363565    
 -0.540000081      0.157507390    
 -0.519999981      0.229820997    
 -0.500000000      0.327979863    
 -0.480000019      0.454572409    
 -0.460000038      0.611141980    
 -0.440000057      0.798395932    
 -0.420000076       1.01647198    
 -0.400000095       1.26603723    
 -0.379999995       1.54806638    
 -0.360000014       1.86181295    
 -0.340000033       2.18947792    
 -0.320000052       2.48917627    
 -0.300000072       2.70490336    
 -0.280000091       2.82014179    
 -0.259999990       2.89675999    
 -0.240000010       3.04058075    
 -0.220000029       3.27419686    
 -0.200000048       3.42459273    
 -0.180000067       3.22728658    
 -0.160000086       2.59850979    
 -0.139999986       1.86829305    
 -0.120000005       1.57282615    
 -0.100000024       1.93818593    
  -8.00000429E-02   2.53823090    
  -6.00000620E-02   2.57498479    
  -4.00000811E-02   1.74444568    
  -2.00001001E-02  0.530020714    
   0.00000000       4.82108863E-03
   1.99999809E-02   1.02883878E-05
   3.99999619E-02   4.44076704E-06
   5.99999428E-02   9.44451358E-07
   7.99999237E-02   1.10983524E-06
   9.99999046E-02   1.07642688E-06
  0.119999886       1.30634828E-06
  0.139999866       1.91869185E-06
  0.159999847       1.97496047E-06
  0.180000067       2.94514734E-06
  0.200000048       2.90385469E-06
  0.220000029       4.03421882E-06
  0.240000010       4.00154886E-06
  0.259999990       5.02844705E-06
  0.279999971       5.14300655E-06
  0.299999952       5.84905911E-06
  0.319999933       6.26001884E-06
  0.339999914       6.59067246E-06
  0.359999895       7.20653588E-06
  0.379999876       7.18486399E-06
  0.399999857       7.62237005E-06
  0.419999838       7.54132634E-06
  0.440000057       7.65517598E-06
  0.460000038       7.75945773E-06
  0.480000019       7.46061505E-06
  0.500000000       7.42009797E-06
  0.519999981       7.08336029E-06
  0.539999962       6.84664155E-06
  0.559999943       6.64002619E-06
  0.579999924       6.13100474E-06
  0.599999905       5.87444310E-06
  0.619999886       5.59165937E-06
  0.639999866       5.13137002E-06
  0.659999847       4.86710314E-06
  0.679999828       4.58557861E-06
  0.700000048       4.21841105E-06
  0.720000029       3.99022201E-06
  0.740000010       3.76259004E-06
  0.759999990       3.45805529E-06
  0.779999971       3.28531200E-06
  0.799999952       3.11493477E-06
  0.819999933       2.84999396E-06
  0.839999914       2.73155342E-06
  0.859999895       2.58889372E-06
  0.879999876       2.38538883E-06
  0.899999857       2.27636974E-06
  0.919999838       2.15406089E-06
  0.939999819       2.03937589E-06
  0.960000038       1.87993589E-06
  0.980000019       1.81856444E-06
   1.00000000       1.72362365E-06
   1.01999998       1.60806769E-06
   1.03999996       1.50531753E-06
   1.05999994       1.45794183E-06
   1.07999992       1.38354824E-06
   1.09999990       1.28747320E-06
   1.11999989       1.20159928E-06
   1.13999987       1.17522836E-06
   1.15999985       1.11256338E-06
   1.17999983       1.04561229E-06
   1.19999981       9.56815938E-07
   1.22000003       9.36730657E-07
   1.24000001       9.03087880E-07
   1.25999999       8.49892103E-07
   1.27999997       7.85524378E-07
   1.29999995       7.25845211E-07
   1.31999993       7.17949717E-07
   1.33999991       6.92764218E-07
   1.35999990       6.47035222E-07
   1.37999988       6.02511932E-07
   1.39999986       5.49552567E-07
   1.41999984       5.24939139E-07
   1.43999982       5.22699793E-07
   1.46000004       5.00188207E-07
   1.48000002       4.64286614E-07
   1.50000000       4.28403894E-07
   1.51999998       3.89142656E-07
   1.53999996       3.60359167E-07
   1.55999994       3.52620418E-07
   1.57999992       3.49892559E-07
   1.59999990       3.35138083E-07
   1.61999989       3.10574904E-07
   1.63999987       2.83991710E-07
   1.65999985       2.56864155E-07
   1.67999983       2.30025080E-07
   1.69999981       2.08305551E-07
   1.72000003       1.96236542E-07
   1.74000001       1.92361455E-07
   1.75999999       1.90479525E-07
   1.77999997       1.84780376E-07
   1.79999995       1.73896922E-07
   1.81999993       1.59849932E-07
   1.83999991       1.44333015E-07
   1.85999990       1.27916849E-07
   1.87999988       1.11200571E-07
   1.89999986       9.49811252E-08
   1.91999984       7.93229873E-08
   1.93999982       6.48493028E-08
   1.95999980       5.23216031E-08
   1.98000002       4.19234496E-08
   2.00000000       3.33649481E-08
   2.01999998       2.64336961E-08
   2.03999996       2.10372253E-08
   2.05999994       1.68878564E-08
   2.07999992       1.35113076E-08
   2.09999990       1.08155129E-08
   2.11999989       8.81855122E-09
   2.13999987       7.19084348E-09
   2.15999985       5.83322368E-09
   2.17999983       4.82253348E-09
   2.19999981       4.07060163E-09
   2.21999979       3.40421291E-09
   2.23999977       2.84601853E-09
   2.25999975       2.44674325E-09
   2.27999973       2.09694395E-09
   2.29999971       1.79464554E-09
   2.31999969       1.57658642E-09
   2.33999968       1.36438838E-09
   2.36000013       1.18405863E-09
   2.38000011       1.08675335E-09
   2.40000010       9.99519800E-10
   2.42000008       8.92807273E-10
   2.44000006       8.24379565E-10
   2.46000004       7.49649232E-10
   2.48000002       6.62915445E-10
   2.50000000       6.28325281E-10
   2.51999998       5.84451376E-10
   2.53999996       5.36877154E-10
   2.55999994       5.19908783E-10
   2.57999992       4.87018093E-10
   2.59999990       4.59508126E-10
   2.61999989       4.38720338E-10
   2.63999987       3.98685307E-10
   2.65999985       3.80914633E-10
   2.67999983       3.47754492E-10
   2.69999981       3.27756627E-10
   2.71999979       3.31191130E-10
   2.73999977       2.95023950E-10
   2.75999975       2.84186008E-10
   2.77999973       2.76976025E-10
   2.79999971       2.75813483E-10
   2.81999969       2.73974898E-10
   2.83999968       2.47892068E-10
   2.85999966       2.46804549E-10
   2.88000011       2.38385617E-10
   2.90000010       2.43762843E-10
   2.92000008       2.41495490E-10
   2.94000006       2.48820853E-10
   2.96000004       2.66377947E-10
   2.98000002       2.83420509E-10
   3.00000000       3.19547111E-10
   3.01999998       3.90734722E-10
   3.03999996       5.08440290E-10
   3.05999994       8.91330454E-10
   3.07999992       5.25038957E-10
   3.09999990       2.11323758E-08
