  -2.00000000       1.14221564E-07
  -1.98000002       4.37411273E-07
  -1.96000004       7.13373538E-07
  -1.94000006       8.46835633E-07
  -1.91999996       7.99124734E-07
  -1.89999998       5.60728949E-07
  -1.88000000       3.18561604E-07
  -1.86000001       1.42299058E-07
  -1.84000003       1.44227499E-07
  -1.82000005       2.93629796E-07
  -1.79999995       5.03271281E-07
  -1.77999997       6.60790079E-07
  -1.75999999       6.74295620E-07
  -1.74000001       5.70417910E-07
  -1.72000003       4.17450082E-07
  -1.70000005       3.24540451E-07
  -1.68000007       3.54782060E-07
  -1.65999997       4.92841423E-07
  -1.63999999       6.34846572E-07
  -1.62000000       6.87554746E-07
  -1.60000002       6.20021694E-07
  -1.58000004       5.06922675E-07
  -1.55999994       4.65355129E-07
  -1.53999996       5.41764450E-07
  -1.51999998       6.84107818E-07
  -1.50000000       7.53410802E-07
  -1.48000002       7.23964376E-07
  -1.46000004       6.24369648E-07
  -1.44000006       6.06919230E-07
  -1.42000008       7.16454963E-07
  -1.40000010       8.34465936E-07
  -1.38000000       8.54084874E-07
  -1.36000001       7.56036172E-07
  -1.34000003       7.22714390E-07
  -1.31999993       8.40985990E-07
  -1.29999995       9.69392090E-07
  -1.27999997       9.55240239E-07
  -1.25999999       8.64503193E-07
  -1.24000001       8.94432048E-07
  -1.22000003       1.06542734E-06
  -1.20000005       1.12339160E-06
  -1.18000007       1.03002924E-06
  -1.16000009       1.02880392E-06
  -1.14000010       1.20371897E-06
  -1.12000000       1.27600447E-06
  -1.10000002       1.18074604E-06
  -1.08000004       1.24590349E-06
  -1.05999994       1.43999864E-06
  -1.03999996       1.32222169E-06
  -1.01999998       1.29952014E-06
  -1.00000000       1.86407124E-06
 -0.980000019       2.00944623E-06
 -0.960000038       8.55361236E-07
 -0.940000057       1.12022701E-06
 -0.920000076       4.77073672E-06
 -0.899999976       7.07519075E-06
 -0.879999995       3.49668062E-06
 -0.860000014       3.96649557E-06
 -0.840000033       2.80437798E-05
 -0.820000052       7.13022600E-05
 -0.800000072       1.13261289E-04
 -0.779999971       1.65241945E-04
 -0.759999990       3.46335146E-04
 -0.740000010       7.79764378E-04
 -0.720000029       1.52797671E-03
 -0.700000048       2.60013901E-03
 -0.680000067       4.33387375E-03
 -0.660000086       7.49847619E-03
 -0.639999986       1.31654330E-02
 -0.620000005       2.22774372E-02
 -0.600000024       3.57193612E-02
 -0.580000043       5.52052669E-02
 -0.560000062       8.36623088E-02
 -0.540000081      0.125622064    
 -0.519999981      0.185364068    
 -0.500000000      0.267137766    
 -0.480000019      0.373604983    
 -0.460000038      0.507362247    
 -0.440000057      0.669359505    
 -0.420000076      0.860301256    
 -0.400000095       1.08334506    
 -0.379999995       1.34455800    
 -0.360000014       1.64905322    
 -0.340000033       1.97788739    
 -0.320000052       2.28126740    
 -0.300000072       2.49432063    
 -0.280000091       2.60890102    
 -0.259999990       2.71501565    
 -0.240000010       2.94471550    
 -0.220000029       3.30740213    
 -0.200000048       3.56378698    
 -0.180000067       3.38069010    
 -0.160000086       2.67504883    
 -0.139999986       1.87868774    
 -0.120000005       1.64958394    
 -0.100000024       2.23009920    
  -8.00000429E-02   3.05904818    
  -6.00000620E-02   3.14647245    
  -4.00000811E-02   2.13847423    
  -2.00001001E-02  0.649997532    
   0.00000000       5.88478567E-03
   1.99999809E-02   1.55977468E-05
   3.99999619E-02   2.75427442E-06
   5.99999428E-02   2.63016182E-06
   7.99999237E-02   3.07977537E-08
   9.99999046E-02   1.70363512E-06
  0.119999886       6.74650039E-07
  0.139999866       1.96778160E-06
  0.159999847       1.60954733E-06
  0.180000067       2.54222414E-06
  0.200000048       2.69888710E-06
  0.220000029       3.27612111E-06
  0.240000010       3.84634268E-06
  0.259999990       4.08253254E-06
  0.279999971       4.90394314E-06
  0.299999952       4.92377421E-06
  0.319999933       5.78640311E-06
  0.339999914       5.85565431E-06
  0.359999895       6.47822526E-06
  0.379999876       6.72622991E-06
  0.399999857       6.84823635E-06
  0.419999838       7.21314063E-06
  0.440000057       7.05377215E-06
  0.460000038       7.37780374E-06
  0.480000019       7.25299651E-06
  0.500000000       7.11096482E-06
  0.519999981       7.07548725E-06
  0.539999962       6.71643647E-06
  0.559999943       6.66692085E-06
  0.579999924       6.34971866E-06
  0.599999905       5.92983861E-06
  0.619999886       5.80561209E-06
  0.639999866       5.42856515E-06
  0.659999847       5.07026516E-06
  0.679999828       4.86931276E-06
  0.700000048       4.52080440E-06
  0.720000029       4.24112886E-06
  0.740000010       4.03996364E-06
  0.759999990       3.74844717E-06
  0.779999971       3.51633412E-06
  0.799999952       3.36666562E-06
  0.819999933       3.13118198E-06
  0.839999914       2.91201150E-06
  0.859999895       2.82797964E-06
  0.879999876       2.63680317E-06
  0.899999857       2.42776559E-06
  0.919999838       2.38340795E-06
  0.939999819       2.23283632E-06
  0.960000038       2.06805930E-06
  0.980000019       1.97317195E-06
   1.00000000       1.91529284E-06
   1.01999998       1.78640562E-06
   1.03999996       1.64127300E-06
   1.05999994       1.61995104E-06
   1.07999992       1.54543272E-06
   1.09999990       1.43588341E-06
   1.11999989       1.32206731E-06
   1.13999987       1.32003584E-06
   1.15999985       1.25951419E-06
   1.17999983       1.16556453E-06
   1.19999981       1.07090500E-06
   1.22000003       1.06178550E-06
   1.24000001       1.03582806E-06
   1.25999999       9.57848329E-07
   1.27999997       8.81549681E-07
   1.29999995       8.31915486E-07
   1.31999993       8.41129577E-07
   1.33999991       8.01552233E-07
   1.35999990       7.38045685E-07
   1.37999988       6.75533954E-07
   1.39999986       6.38706183E-07
   1.41999984       6.47511456E-07
   1.43999982       6.27154463E-07
   1.46000004       5.76908576E-07
   1.48000002       5.28889814E-07
   1.50000000       4.83367273E-07
   1.51999998       4.68669583E-07
   1.53999996       4.76770310E-07
   1.55999994       4.61462008E-07
   1.57999992       4.23667643E-07
   1.59999990       3.85805208E-07
   1.61999989       3.49529756E-07
   1.63999987       3.22282546E-07
   1.65999985       3.16904021E-07
   1.67999983       3.21760183E-07
   1.69999981       3.14808545E-07
   1.72000003       2.92966888E-07
   1.74000001       2.65944863E-07
   1.75999999       2.39021915E-07
   1.77999997       2.13528850E-07
   1.79999995       1.92163270E-07
   1.81999993       1.78657103E-07
   1.83999991       1.74260364E-07
   1.85999990       1.74775323E-07
   1.87999988       1.73630241E-07
   1.89999986       1.67615141E-07
   1.91999984       1.56892057E-07
   1.93999982       1.43138521E-07
   1.95999980       1.27582027E-07
   1.98000002       1.11950634E-07
   2.00000000       9.67379492E-08
   2.01999998       8.18071157E-08
   2.03999996       6.78865817E-08
   2.05999994       5.56558817E-08
   2.07999992       4.48892266E-08
   2.09999990       3.58103804E-08
   2.11999989       2.86390165E-08
   2.13999987       2.28171668E-08
   2.15999985       1.80457214E-08
   2.17999983       1.44272230E-08
   2.19999981       1.16176535E-08
   2.21999979       9.33208000E-09
   2.23999977       7.57965601E-09
   2.25999975       6.19417539E-09
   2.27999973       5.05841458E-09
   2.29999971       4.23305480E-09
   2.31999969       3.56500607E-09
   2.33999968       2.95288016E-09
   2.36000013       2.50356180E-09
   2.38000011       2.14127960E-09
   2.40000010       1.79001114E-09
   2.42000008       1.54340163E-09
   2.44000006       1.34153977E-09
   2.46000004       1.14614707E-09
   2.48000002       1.02470099E-09
   2.50000000       9.03686792E-10
   2.51999998       7.84156573E-10
   2.53999996       6.95552949E-10
   2.55999994       5.96096505E-10
   2.57999992       5.27581923E-10
   2.59999990       4.90199714E-10
   2.61999989       4.29438568E-10
   2.63999987       4.08704404E-10
   2.65999985       3.66840835E-10
   2.67999983       3.33450156E-10
   2.69999981       3.23275795E-10
   2.71999979       2.92956159E-10
   2.73999977       2.76618728E-10
   2.75999975       2.33036063E-10
   2.77999973       2.22386234E-10
   2.79999971       2.21799898E-10
   2.81999969       1.90783528E-10
   2.83999968       1.79129642E-10
   2.85999966       1.69148473E-10
   2.88000011       1.75139195E-10
   2.90000010       1.68358882E-10
   2.92000008       1.73602688E-10
   2.94000006       1.83590851E-10
   2.96000004       1.92575178E-10
   2.98000002       2.20429175E-10
   3.00000000       2.57319610E-10
   3.01999998       3.43528844E-10
   3.03999996       4.73274198E-10
   3.05999994       1.06821019E-09
   3.07999992       6.39784559E-10
   3.09999990       4.50616220E-08
