  -2.00000000       2.38076979E-07
  -1.98000002       8.15590852E-07
  -1.96000004       1.08803351E-06
  -1.94000006       9.71569989E-07
  -1.91999996       5.22029495E-07
  -1.89999998       1.14281761E-07
  -1.88000000       6.03646555E-08
  -1.86000001       4.03211544E-07
  -1.84000003       8.24660333E-07
  -1.82000005       1.04150536E-06
  -1.79999995       8.41286010E-07
  -1.77999997       4.58868357E-07
  -1.75999999       1.84117908E-07
  -1.74000001       2.43151078E-07
  -1.72000003       5.51900825E-07
  -1.70000005       8.22461118E-07
  -1.68000007       8.25922257E-07
  -1.65999997       5.96061852E-07
  -1.63999999       3.76775233E-07
  -1.62000000       3.75362305E-07
  -1.60000002       5.90937759E-07
  -1.58000004       8.02794602E-07
  -1.55999994       8.04508659E-07
  -1.53999996       6.26879853E-07
  -1.51999998       4.97411122E-07
  -1.50000000       5.95230460E-07
  -1.48000002       7.92195067E-07
  -1.46000004       8.76308945E-07
  -1.44000006       7.64468155E-07
  -1.42000008       6.35902609E-07
  -1.40000010       7.06469507E-07
  -1.38000000       8.88722809E-07
  -1.36000001       9.58072178E-07
  -1.34000003       8.46089051E-07
  -1.31999993       7.62188506E-07
  -1.29999995       9.05854677E-07
  -1.27999997       1.08303300E-06
  -1.25999999       1.02987690E-06
  -1.24000001       9.08133757E-07
  -1.22000003       9.98583346E-07
  -1.20000005       1.19433832E-06
  -1.18000007       1.18938328E-06
  -1.16000009       1.05663207E-06
  -1.14000010       1.15072476E-06
  -1.12000000       1.37584959E-06
  -1.10000002       1.35470520E-06
  -1.08000004       1.21621588E-06
  -1.05999994       1.33803883E-06
  -1.03999996       1.57761724E-06
  -1.01999998       1.67375561E-06
  -1.00000000       1.59839146E-06
 -0.980000019       1.25275369E-06
 -0.960000038       1.42131807E-06
 -0.940000057       3.05849198E-06
 -0.920000076       4.59569401E-06
 -0.899999976       2.01439957E-06
 -0.879999995       5.27918303E-07
 -0.860000014       1.02655958E-05
 -0.840000033       3.35990517E-05
 -0.820000052       5.09620877E-05
 -0.800000072       6.54197574E-05
 -0.779999971       1.22824189E-04
 -0.759999990       3.13762750E-04
 -0.740000010       6.72842900E-04
 -0.720000029       1.19665696E-03
 -0.700000048       1.97241362E-03
 -0.680000067       3.38215171E-03
 -0.660000086       6.10058242E-03
 -0.639999986       1.07923970E-02
 -0.620000005       1.81259923E-02
 -0.600000024       2.88320538E-02
 -0.580000043       4.47125658E-02
 -0.560000062       6.83953539E-02
 -0.540000081      0.103757553    
 -0.519999981      0.154364213    
 -0.500000000      0.224074721    
 -0.480000019      0.315931886    
 -0.460000038      0.432336032    
 -0.440000057      0.574281573    
 -0.420000076      0.742308199    
 -0.400000095      0.942634821    
 -0.379999995       1.18605685    
 -0.360000014       1.48184204    
 -0.340000033       1.80818760    
 -0.320000052       2.10565233    
 -0.300000072       2.30397844    
 -0.280000091       2.40682411    
 -0.259999990       2.53552413    
 -0.240000010       2.84370065    
 -0.220000029       3.32139802    
 -0.200000048       3.66273427    
 -0.180000067       3.47542095    
 -0.160000086       2.69062829    
 -0.139999986       1.84203672    
 -0.120000005       1.69551420    
 -0.100000024       2.49298143    
  -8.00000429E-02   3.53940821    
  -6.00000620E-02   3.67094517    
  -4.00000811E-02   2.49759698    
  -2.00001001E-02  0.758690715    
   0.00000000       6.90479018E-03
   1.99999809E-02   1.37299421E-05
   3.99999619E-02   7.12981591E-06
   5.99999428E-02   3.50977814E-07
   7.99999237E-02   1.80483050E-06
   9.99999046E-02   3.04770765E-07
  0.119999886       1.60233913E-06
  0.139999866       1.06583138E-06
  0.159999847       1.95147186E-06
  0.180000067       1.98462521E-06
  0.200000048       2.50234280E-06
  0.220000029       2.97947599E-06
  0.240000010       3.19218793E-06
  0.259999990       3.99721193E-06
  0.279999971       4.02761589E-06
  0.299999952       4.94362530E-06
  0.319999933       4.94466894E-06
  0.339999914       5.64985294E-06
  0.359999895       5.79034577E-06
  0.379999876       6.11861060E-06
  0.399999857       6.52957442E-06
  0.419999838       6.54509358E-06
  0.440000057       6.98638223E-06
  0.460000038       6.82063956E-06
  0.480000019       6.93772108E-06
  0.500000000       6.94708979E-06
  0.519999981       6.77702610E-06
  0.539999962       6.83393682E-06
  0.559999943       6.47184470E-06
  0.579999924       6.29754231E-06
  0.599999905       6.16892294E-06
  0.619999886       5.79263815E-06
  0.639999866       5.58500233E-06
  0.659999847       5.28409237E-06
  0.679999828       4.98675536E-06
  0.700000048       4.78533912E-06
  0.720000029       4.43763656E-06
  0.740000010       4.20213746E-06
  0.759999990       4.02497517E-06
  0.779999971       3.71134843E-06
  0.799999952       3.52377083E-06
  0.819999933       3.37102301E-06
  0.839999914       3.11761187E-06
  0.859999895       2.96771987E-06
  0.879999876       2.82715337E-06
  0.899999857       2.64474193E-06
  0.919999838       2.50368703E-06
  0.939999819       2.38280472E-06
  0.960000038       2.26979023E-06
  0.980000019       2.10855637E-06
   1.00000000       2.03366676E-06
   1.01999998       1.93970163E-06
   1.03999996       1.79867482E-06
   1.05999994       1.73784838E-06
   1.07999992       1.65005690E-06
   1.09999990       1.56973579E-06
   1.11999989       1.46162802E-06
   1.13999987       1.43014438E-06
   1.15999985       1.34529535E-06
   1.17999983       1.27901774E-06
   1.19999981       1.19516096E-06
   1.22000003       1.17421314E-06
   1.24000001       1.10599558E-06
   1.25999999       1.04838705E-06
   1.27999997       9.78302637E-07
   1.29999995       9.59283284E-07
   1.31999993       9.19083220E-07
   1.33999991       8.59435602E-07
   1.35999990       8.10276333E-07
   1.37999988       7.67681172E-07
   1.39999986       7.61073920E-07
   1.41999984       7.19686568E-07
   1.43999982       6.70014231E-07
   1.46000004       6.29053545E-07
   1.48000002       5.96305540E-07
   1.50000000       5.93135610E-07
   1.51999998       5.70757607E-07
   1.53999996       5.25934183E-07
   1.55999994       4.91193646E-07
   1.57999992       4.58991707E-07
   1.59999990       4.40630998E-07
   1.61999989       4.40122847E-07
   1.63999987       4.25527389E-07
   1.65999985       3.91484548E-07
   1.67999983       3.59351560E-07
   1.69999981       3.33583841E-07
   1.72000003       3.11756651E-07
   1.74000001       3.01125056E-07
   1.75999999       3.00879492E-07
   1.77999997       2.95478202E-07
   1.79999995       2.75798158E-07
   1.81999993       2.49903024E-07
   1.83999991       2.27028607E-07
   1.85999990       2.07361069E-07
   1.87999988       1.90177772E-07
   1.89999986       1.77282118E-07
   1.91999984       1.70080426E-07
   1.93999982       1.67794980E-07
   1.95999980       1.66503867E-07
   1.98000002       1.61350712E-07
   2.00000000       1.51651093E-07
   2.01999998       1.38969966E-07
   2.03999996       1.24389871E-07
   2.05999994       1.09908278E-07
   2.07999992       9.64005693E-08
   2.09999990       8.32236395E-08
   2.11999989       7.08595422E-08
   2.13999987       5.98192642E-08
   2.15999985       4.96783201E-08
   2.17999983       4.09045526E-08
   2.19999981       3.35885879E-08
   2.21999979       2.73749805E-08
   2.23999977       2.24610375E-08
   2.25999975       1.85435134E-08
   2.27999973       1.51850443E-08
   2.29999971       1.25738016E-08
   2.31999969       1.04710507E-08
   2.33999968       8.61875993E-09
   2.36000013       7.26167348E-09
   2.38000011       6.13355988E-09
   2.40000010       5.15117815E-09
   2.42000008       4.43067316E-09
   2.44000006       3.75855702E-09
   2.46000004       3.19156435E-09
   2.48000002       2.75555867E-09
   2.50000000       2.34471376E-09
   2.51999998       2.04589679E-09
   2.53999996       1.82422943E-09
   2.55999994       1.59208535E-09
   2.57999992       1.45199797E-09
   2.59999990       1.28809374E-09
   2.61999989       1.15470922E-09
   2.63999987       1.06790865E-09
   2.65999985       9.43099598E-10
   2.67999983       8.68516037E-10
   2.69999981       7.87966914E-10
   2.71999979       7.44578732E-10
   2.73999977       7.02787883E-10
   2.75999975       6.26288355E-10
   2.77999973       6.07133677E-10
   2.79999971       5.66718450E-10
   2.81999969       5.52168089E-10
   2.83999968       5.07347497E-10
   2.85999966       4.80178619E-10
   2.88000011       4.58431237E-10
   2.90000010       4.14992124E-10
   2.92000008       4.04927369E-10
   2.94000006       3.97177097E-10
   2.96000004       4.16560342E-10
   2.98000002       4.14137169E-10
   3.00000000       4.61588046E-10
   3.01999998       5.24014054E-10
   3.03999996       6.75713485E-10
   3.05999994       1.27334188E-09
   3.07999992       9.70456271E-10
   3.09999990       6.23605700E-08
