  -2.00000000       3.24383279E-07
  -1.98000002       9.02118472E-07
  -1.96000004       1.22251674E-06
  -1.94000006       8.92875221E-07
  -1.91999996       3.78045542E-07
  -1.89999998       2.19130669E-08
  -1.88000000       1.92164265E-07
  -1.86000001       7.08657183E-07
  -1.84000003       1.12333953E-06
  -1.82000005       1.07393441E-06
  -1.79999995       6.42983252E-07
  -1.77999997       2.14643322E-07
  -1.75999999       1.57398375E-07
  -1.74000001       4.81331938E-07
  -1.72000003       8.43838507E-07
  -1.70000005       9.06371326E-07
  -1.68000007       6.47178183E-07
  -1.65999997       3.68795327E-07
  -1.63999999       3.45594543E-07
  -1.62000000       5.70795464E-07
  -1.60000002       8.03806302E-07
  -1.58000004       8.03882472E-07
  -1.55999994       6.20052731E-07
  -1.53999996       4.92343645E-07
  -1.51999998       5.88553462E-07
  -1.50000000       7.87861950E-07
  -1.48000002       8.42105408E-07
  -1.46000004       7.40168957E-07
  -1.44000006       6.40280405E-07
  -1.42000008       7.16003683E-07
  -1.40000010       8.71909151E-07
  -1.38000000       8.99887084E-07
  -1.36000001       8.23251867E-07
  -1.34000003       7.90927459E-07
  -1.31999993       8.99500776E-07
  -1.29999995       1.01860189E-06
  -1.27999997       9.91332854E-07
  -1.25999999       9.24640972E-07
  -1.24000001       1.00560010E-06
  -1.22000003       1.12788462E-06
  -1.20000005       1.12581279E-06
  -1.18000007       1.08242205E-06
  -1.16000009       1.15633111E-06
  -1.14000010       1.27572332E-06
  -1.12000000       1.29197224E-06
  -1.10000002       1.27657086E-06
  -1.08000004       1.34291042E-06
  -1.05999994       1.40762052E-06
  -1.03999996       1.50565893E-06
  -1.01999998       1.69846123E-06
  -1.00000000       1.58675937E-06
 -0.980000019       1.15136936E-06
 -0.960000038       1.70927467E-06
 -0.940000057       3.51557856E-06
 -0.920000076       3.73545140E-06
 -0.899999976       9.15339740E-07
 -0.879999995       1.12225655E-06
 -0.860000014       1.28696447E-05
 -0.840000033       3.19813480E-05
 -0.820000052       4.39324976E-05
 -0.800000072       5.45599578E-05
 -0.779999971       1.19221571E-04
 -0.759999990       3.06267699E-04
 -0.740000010       6.38375874E-04
 -0.720000029       1.10208825E-03
 -0.700000048       1.81519031E-03
 -0.680000067       3.15891742E-03
 -0.660000086       5.74851828E-03
 -0.639999986       1.01806819E-02
 -0.620000005       1.70139149E-02
 -0.600000024       2.70504504E-02
 -0.580000043       4.19660360E-02
 -0.560000062       6.44376501E-02
 -0.540000081       9.79584679E-02
 -0.519999981      0.146120176    
 -0.500000000      0.212525576    
 -0.480000019      0.300406665    
 -0.460000038      0.411998540    
 -0.440000057      0.548062682    
 -0.420000076      0.709440231    
 -0.400000095      0.902873755    
 -0.379999995       1.14135265    
 -0.360000014       1.43435931    
 -0.340000033       1.75954819    
 -0.320000052       2.05348086    
 -0.300000072       2.24517131    
 -0.280000091       2.34285879    
 -0.259999990       2.47813296    
 -0.240000010       2.81133914    
 -0.220000029       3.32384968    
 -0.200000048       3.68926024    
 -0.180000067       3.49679947    
 -0.160000086       2.68594599    
 -0.139999986       1.82288551    
 -0.120000005       1.70622361    
 -0.100000024       2.57474613    
  -8.00000429E-02   3.68947458    
  -6.00000620E-02   3.83408761    
  -4.00000811E-02   2.60847688    
  -2.00001001E-02  0.792253852    
   0.00000000       7.17665209E-03
   1.99999809E-02   1.82346266E-05
   3.99999619E-02   4.01602938E-06
   5.99999428E-02   2.53739972E-06
   7.99999237E-02   3.00635946E-07
   9.99999046E-02   1.37093593E-06
  0.119999886       8.06475441E-07
  0.139999866       1.52066093E-06
  0.159999847       1.61607431E-06
  0.180000067       1.98142652E-06
  0.200000048       2.52658015E-06
  0.220000029       2.62464687E-06
  0.240000010       3.47915216E-06
  0.259999990       3.43653414E-06
  0.279999971       4.39792439E-06
  0.299999952       4.36693972E-06
  0.319999933       5.14675048E-06
  0.339999914       5.27853899E-06
  0.359999895       5.67663074E-06
  0.379999876       6.09682047E-06
  0.399999857       6.16905618E-06
  0.419999838       6.71206863E-06
  0.440000057       6.59661009E-06
  0.460000038       6.84714360E-06
  0.480000019       6.83373401E-06
  0.500000000       6.75736828E-06
  0.519999981       6.91979949E-06
  0.539999962       6.60459000E-06
  0.559999943       6.51752907E-06
  0.579999924       6.34036405E-06
  0.599999905       6.05295190E-06
  0.619999886       5.93917684E-06
  0.639999866       5.55333099E-06
  0.659999847       5.28862392E-06
  0.679999828       5.13881469E-06
  0.700000048       4.75111074E-06
  0.720000029       4.49949357E-06
  0.740000010       4.33179821E-06
  0.759999990       4.00820591E-06
  0.779999971       3.78555069E-06
  0.799999952       3.63368508E-06
  0.819999933       3.37192478E-06
  0.839999914       3.18062030E-06
  0.859999895       3.06092170E-06
  0.879999876       2.84501698E-06
  0.899999857       2.69127258E-06
  0.919999838       2.58435648E-06
  0.939999819       2.41282851E-06
  0.960000038       2.30277283E-06
  0.980000019       2.17337652E-06
   1.00000000       2.07192033E-06
   1.01999998       1.97528925E-06
   1.03999996       1.84297664E-06
   1.05999994       1.77834409E-06
   1.07999992       1.68488657E-06
   1.09999990       1.61083426E-06
   1.11999989       1.49574009E-06
   1.13999987       1.45662432E-06
   1.15999985       1.38613677E-06
   1.17999983       1.31741695E-06
   1.19999981       1.22232007E-06
   1.22000003       1.19256219E-06
   1.24000001       1.14299701E-06
   1.25999999       1.09136545E-06
   1.27999997       9.99601525E-07
   1.29999995       9.73874648E-07
   1.31999993       9.40710265E-07
   1.33999991       9.08951165E-07
   1.35999990       8.36957952E-07
   1.37999988       7.81581377E-07
   1.39999986       7.68377390E-07
   1.41999984       7.45321302E-07
   1.43999982       7.18796628E-07
   1.46000004       6.53331369E-07
   1.48000002       6.06078459E-07
   1.50000000       5.97281200E-07
   1.51999998       5.83274471E-07
   1.53999996       5.68216819E-07
   1.55999994       5.28833368E-07
   1.57999992       4.72242277E-07
   1.59999990       4.47352619E-07
   1.61999989       4.42619381E-07
   1.63999987       4.34070699E-07
   1.65999985       4.24207940E-07
   1.67999983       3.99452546E-07
   1.69999981       3.55905684E-07
   1.72000003       3.20110559E-07
   1.74000001       3.06536151E-07
   1.75999999       3.02965617E-07
   1.77999997       2.98648899E-07
   1.79999995       2.92841918E-07
   1.81999993       2.81792239E-07
   1.83999991       2.58885393E-07
   1.85999990       2.27620703E-07
   1.87999988       2.00628421E-07
   1.89999986       1.84381193E-07
   1.91999984       1.75998167E-07
   1.93999982       1.71824780E-07
   1.95999980       1.68387203E-07
   1.98000002       1.64998255E-07
   2.00000000       1.61628790E-07
   2.01999998       1.55618622E-07
   2.03999996       1.45705911E-07
   2.05999994       1.32611348E-07
   2.07999992       1.16664857E-07
   2.09999990       9.99715937E-08
   2.11999989       8.47190762E-08
   2.13999987       7.10505077E-08
   2.15999985       5.93254654E-08
   2.17999983       4.96637753E-08
   2.19999981       4.13242915E-08
   2.21999979       3.44502311E-08
   2.23999977       2.88683797E-08
   2.25999975       2.38904292E-08
   2.27999973       1.97910399E-08
   2.29999971       1.65004241E-08
   2.31999969       1.36378349E-08
   2.33999968       1.13747101E-08
   2.36000013       9.52282164E-09
   2.38000011       7.95499044E-09
   2.40000010       6.77531986E-09
   2.42000008       5.73733949E-09
   2.44000006       4.82638329E-09
   2.46000004       4.16105728E-09
   2.48000002       3.55930307E-09
   2.50000000       3.08273962E-09
   2.51999998       2.69997469E-09
   2.53999996       2.33922570E-09
   2.55999994       2.08862616E-09
   2.57999992       1.84923787E-09
   2.59999990       1.64065617E-09
   2.61999989       1.50062640E-09
   2.63999987       1.30094668E-09
   2.65999985       1.17591681E-09
   2.67999983       1.05727360E-09
   2.69999981       9.60125424E-10
   2.71999979       8.83969009E-10
   2.73999977       7.81581300E-10
   2.75999975       7.44279749E-10
   2.77999973       6.54927224E-10
   2.79999971       5.97160599E-10
   2.81999969       5.71522329E-10
   2.83999968       5.17933085E-10
   2.85999966       4.46549631E-10
   2.88000011       3.79844434E-10
   2.90000010       3.44738654E-10
   2.92000008       2.87506574E-10
   2.94000006       2.43846637E-10
   2.96000004       1.86472240E-10
   2.98000002       1.38981562E-10
   3.00000000       7.87225077E-11
   3.01999998       3.06479842E-11
   3.03999996       5.77288521E-12
   3.05999994       1.52399537E-10
   3.07999992       1.13370688E-10
   3.09999990       5.72565000E-08
