  -2.00000000       4.31960586E-07
  -1.98000002       1.16421359E-06
  -1.96000004       1.14008981E-06
  -1.94000006       4.31040036E-07
  -1.91999996       7.09379666E-09
  -1.89999998       4.47257548E-07
  -1.88000000       1.20857476E-06
  -1.86000001       1.44563205E-06
  -1.84000003       7.95161100E-07
  -1.82000005       1.19781035E-07
  -1.79999995       1.81266429E-07
  -1.77999997       8.67965355E-07
  -1.75999999       1.30383887E-06
  -1.74000001       9.65190338E-07
  -1.72000003       3.24301197E-07
  -1.70000005       1.81096482E-07
  -1.68000007       6.53985126E-07
  -1.65999997       1.07467451E-06
  -1.63999999       9.19838158E-07
  -1.62000000       4.62569858E-07
  -1.60000002       3.47302262E-07
  -1.58000004       6.93912000E-07
  -1.55999994       9.77998411E-07
  -1.53999996       8.37521611E-07
  -1.51999998       5.40288909E-07
  -1.50000000       5.51515200E-07
  -1.48000002       8.49025184E-07
  -1.46000004       9.62779495E-07
  -1.44000006       7.77269236E-07
  -1.42000008       6.45549562E-07
  -1.40000010       8.12857820E-07
  -1.38000000       1.02437639E-06
  -1.36000001       9.46709690E-07
  -1.34000003       7.92621961E-07
  -1.31999993       9.02734428E-07
  -1.29999995       1.09659914E-06
  -1.27999997       1.05851711E-06
  -1.25999999       9.35173489E-07
  -1.24000001       1.03289983E-06
  -1.22000003       1.21814605E-06
  -1.20000005       1.17854358E-06
  -1.18000007       1.08430856E-06
  -1.16000009       1.24003589E-06
  -1.14000010       1.39323754E-06
  -1.12000000       1.28776367E-06
  -1.10000002       1.26719772E-06
  -1.08000004       1.47212893E-06
  -1.05999994       1.56685633E-06
  -1.03999996       1.54434838E-06
  -1.01999998       1.56623400E-06
  -1.00000000       1.42596900E-06
 -0.980000019       1.66633356E-06
 -0.960000038       2.69021302E-06
 -0.940000057       2.93510448E-06
 -0.920000076       9.95776304E-07
 -0.899999976       3.85747683E-07
 -0.879999995       6.03171065E-06
 -0.860000014       1.60930194E-05
 -0.840000033       2.19946560E-05
 -0.820000052       2.06679360E-05
 -0.800000072       3.88465014E-05
 -0.779999971       1.16996584E-04
 -0.759999990       2.80755950E-04
 -0.740000010       5.06207463E-04
 -0.720000029       8.23429204E-04
 -0.700000048       1.38579390E-03
 -0.680000067       2.55818781E-03
 -0.660000086       4.74528875E-03
 -0.639999986       8.33334960E-03
 -0.620000005       1.37401968E-02
 -0.600000024       2.17666030E-02
 -0.580000043       3.40008698E-02
 -0.560000062       5.26749268E-02
 -0.540000081       8.07581469E-02
 -0.519999981      0.121250004    
 -0.500000000      0.177835286    
 -0.480000019      0.253420681    
 -0.460000038      0.349887252    
 -0.440000057      0.466868490    
 -0.420000076      0.605959415    
 -0.400000095      0.777408361    
 -0.379999995      0.999754131    
 -0.360000014       1.28479421    
 -0.340000033       1.60321617    
 -0.320000052       1.88013279    
 -0.300000072       2.04144859    
 -0.280000091       2.11737585    
 -0.259999990       2.27659154    
 -0.240000010       2.69862771    
 -0.220000029       3.33033848    
 -0.200000048       3.76723433    
 -0.180000067       3.54435945    
 -0.160000086       2.63647199    
 -0.139999986       1.73173809    
 -0.120000005       1.73435879    
 -0.100000024       2.86079311    
  -8.00000429E-02   4.21440077    
  -6.00000620E-02   4.39901686    
  -4.00000811E-02   2.99025941    
  -2.00001001E-02  0.906899691    
   0.00000000       8.24202690E-03
   1.99999809E-02   1.72179425E-05
   3.99999619E-02   7.67793790E-06
   5.99999428E-02   8.66432174E-07
   7.99999237E-02   1.53323890E-06
   9.99999046E-02   4.81681582E-07
  0.119999886       1.23356733E-06
  0.139999866       1.10246913E-06
  0.159999847       1.52082555E-06
  0.180000067       1.90167771E-06
  0.200000048       2.03863601E-06
  0.220000029       2.76970718E-06
  0.240000010       2.70453688E-06
  0.259999990       3.60753734E-06
  0.279999971       3.47303080E-06
  0.299999952       4.33556397E-06
  0.319999933       4.34212825E-06
  0.339999914       4.97149358E-06
  0.359999895       5.27039674E-06
  0.379999876       5.51420180E-06
  0.399999857       6.00513522E-06
  0.419999838       5.91483831E-06
  0.440000057       6.38596930E-06
  0.460000038       6.33481977E-06
  0.480000019       6.54224823E-06
  0.500000000       6.65979405E-06
  0.519999981       6.43476642E-06
  0.539999962       6.56157590E-06
  0.559999943       6.34186608E-06
  0.579999924       6.27010559E-06
  0.599999905       6.16549278E-06
  0.619999886       5.77854826E-06
  0.639999866       5.70280008E-06
  0.659999847       5.47831678E-06
  0.679999828       5.13294572E-06
  0.700000048       4.97303063E-06
  0.720000029       4.70026407E-06
  0.740000010       4.43503905E-06
  0.759999990       4.25169947E-06
  0.779999971       3.98254178E-06
  0.799999952       3.76741946E-06
  0.819999933       3.60619970E-06
  0.839999914       3.37828146E-06
  0.859999895       3.18357957E-06
  0.879999876       3.05618960E-06
  0.899999857       2.88923593E-06
  0.919999838       2.69018960E-06
  0.939999819       2.59508715E-06
  0.960000038       2.49636946E-06
  0.980000019       2.27836995E-06
   1.00000000       2.20884476E-06
   1.01999998       2.15565615E-06
   1.03999996       1.96796464E-06
   1.05999994       1.88084948E-06
   1.07999992       1.83170471E-06
   1.09999990       1.75447099E-06
   1.11999989       1.59643650E-06
   1.13999987       1.55196597E-06
   1.15999985       1.53136602E-06
   1.17999983       1.42504769E-06
   1.19999981       1.31353863E-06
   1.22000003       1.28536090E-06
   1.24000001       1.27559929E-06
   1.25999999       1.17822890E-06
   1.27999997       1.08170298E-06
   1.29999995       1.05842230E-06
   1.31999993       1.05731510E-06
   1.33999991       9.98859264E-07
   1.35999990       8.93908577E-07
   1.37999988       8.65390632E-07
   1.39999986       8.60309740E-07
   1.41999984       8.52567268E-07
   1.43999982       7.68815880E-07
   1.46000004       7.02446812E-07
   1.48000002       6.87569866E-07
   1.50000000       6.90334048E-07
   1.51999998       6.81771553E-07
   1.53999996       6.12851863E-07
   1.55999994       5.52132747E-07
   1.57999992       5.34573303E-07
   1.59999990       5.34724336E-07
   1.61999989       5.40661404E-07
   1.63999987       5.10788936E-07
   1.65999985       4.48959895E-07
   1.67999983       4.09185304E-07
   1.69999981       3.97322594E-07
   1.72000003       3.96994011E-07
   1.74000001       4.03130116E-07
   1.75999999       3.92510458E-07
   1.77999997       3.52136652E-07
   1.79999995       3.08454389E-07
   1.81999993       2.83265933E-07
   1.83999991       2.72633628E-07
   1.85999990       2.70913290E-07
   1.87999988       2.74861435E-07
   1.89999986       2.75424924E-07
   1.91999984       2.61973867E-07
   1.93999982       2.33858145E-07
   1.95999980       2.03670211E-07
   1.98000002       1.80636363E-07
   2.00000000       1.65252047E-07
   2.01999998       1.56558301E-07
   2.03999996       1.52110857E-07
   2.05999994       1.50930006E-07
   2.07999992       1.52287967E-07
   2.09999990       1.52198865E-07
   2.11999989       1.47901659E-07
   2.13999987       1.38702191E-07
   2.15999985       1.25137603E-07
   2.17999983       1.10048830E-07
   2.19999981       9.48722487E-08
   2.21999979       8.04069344E-08
   2.23999977       6.77952201E-08
   2.25999975       5.66469396E-08
   2.27999973       4.69956269E-08
   2.29999971       3.89776034E-08
   2.31999969       3.19216120E-08
   2.33999968       2.61541349E-08
   2.36000013       2.13728875E-08
   2.38000011       1.72906791E-08
   2.40000010       1.40760257E-08
   2.42000008       1.14003642E-08
   2.44000006       9.35343891E-09
   2.46000004       7.77122899E-09
   2.48000002       6.41389830E-09
   2.50000000       5.38988321E-09
   2.51999998       4.51536808E-09
   2.53999996       3.79532716E-09
   2.55999994       3.24004956E-09
   2.57999992       2.68521161E-09
   2.59999990       2.31145680E-09
   2.61999989       1.99028327E-09
   2.63999987       1.69804881E-09
   2.65999985       1.46001256E-09
   2.67999983       1.24441379E-09
   2.69999981       1.10904641E-09
   2.71999979       9.50071133E-10
   2.73999977       8.22662050E-10
   2.75999975       7.14191040E-10
   2.77999973       5.99367000E-10
   2.79999971       5.11933163E-10
   2.81999969       4.46746445E-10
   2.83999968       4.05066092E-10
   2.85999966       3.30016403E-10
   2.88000011       2.83027712E-10
   2.90000010       2.35635733E-10
   2.92000008       1.93356844E-10
   2.94000006       1.43773521E-10
   2.96000004       1.08114510E-10
   2.98000002       7.37841940E-11
   3.00000000       3.38472340E-11
   3.01999998       6.92770190E-12
   3.03999996       8.16479957E-12
   3.05999994       1.66562319E-10
   3.07999992       1.98440320E-10
   3.09999990       5.80494834E-08
