  -2.00000000       8.19508557E-07
  -1.98000002       1.52269456E-06
  -1.96000004       4.82273492E-07
  -1.94000006       6.73543923E-08
  -1.91999996       1.23175926E-06
  -1.89999998       1.56306248E-06
  -1.88000000       4.37615654E-07
  -1.86000001       1.29527933E-07
  -1.84000003       1.29186628E-06
  -1.82000005       1.46747004E-06
  -1.79999995       3.40489294E-07
  -1.77999997       2.58274895E-07
  -1.75999999       1.38705866E-06
  -1.74000001       1.34690049E-06
  -1.72000003       2.17474806E-07
  -1.70000005       4.41440363E-07
  -1.68000007       1.59966862E-06
  -1.65999997       1.29757859E-06
  -1.63999999       1.83058532E-07
  -1.62000000       5.75314289E-07
  -1.60000002       1.65696144E-06
  -1.58000004       1.22014694E-06
  -1.55999994       2.12896850E-07
  -1.53999996       7.13334373E-07
  -1.51999998       1.60988679E-06
  -1.50000000       1.05815229E-06
  -1.48000002       3.24740171E-07
  -1.46000004       9.27336544E-07
  -1.44000006       1.49088009E-06
  -1.42000008       8.94367872E-07
  -1.40000010       5.28191663E-07
  -1.38000000       1.14989689E-06
  -1.36000001       1.36168717E-06
  -1.34000003       8.08311142E-07
  -1.31999993       8.32829301E-07
  -1.29999995       1.36707445E-06
  -1.27999997       1.23705570E-06
  -1.25999999       8.88372540E-07
  -1.24000001       1.20658808E-06
  -1.22000003       1.45508011E-06
  -1.20000005       1.14535464E-06
  -1.18000007       1.17326977E-06
  -1.16000009       1.52262828E-06
  -1.14000010       1.41030011E-06
  -1.12000000       1.28910369E-06
  -1.10000002       1.60771799E-06
  -1.08000004       1.65551546E-06
  -1.05999994       1.42918577E-06
  -1.03999996       1.60428885E-06
  -1.01999998       1.91335130E-06
  -1.00000000       1.99803549E-06
 -0.980000019       2.04679509E-06
 -0.960000038       1.51284371E-06
 -0.940000057       1.14248769E-06
 -0.920000076       2.69773318E-06
 -0.899999976       5.88454259E-06
 -0.879999995       6.81581605E-06
 -0.860000014       4.12076088E-06
 -0.840000033       1.89579919E-06
 -0.820000052       1.40657157E-05
 -0.800000072       5.03868141E-05
 -0.779999971       1.06404965E-04
 -0.759999990       1.68208804E-04
 -0.740000010       2.52308033E-04
 -0.720000029       4.39991971E-04
 -0.700000048       8.76691425E-04
 -0.680000067       1.72586914E-03
 -0.660000086       3.12649971E-03
 -0.639999986       5.26610063E-03
 -0.620000005       8.51043686E-03
 -0.600000024       1.35672837E-02
 -0.580000043       2.14973912E-02
 -0.560000062       3.37626413E-02
 -0.540000081       5.24071977E-02
 -0.519999981       8.02868009E-02
 -0.500000000      0.120560199    
 -0.480000019      0.175001666    
 -0.460000038      0.242207050    
 -0.440000057      0.320078582    
 -0.420000076      0.413718075    
 -0.400000095      0.544784307    
 -0.379999995      0.742904663    
 -0.360000014       1.01481843    
 -0.340000033       1.30486953    
 -0.320000052       1.50928879    
 -0.300000072       1.56807852    
 -0.280000091       1.58536327    
 -0.259999990       1.82288563    
 -0.240000010       2.47158504    
 -0.220000029       3.35487700    
 -0.200000048       3.87843585    
 -0.180000067       3.49894571    
 -0.160000086       2.34442163    
 -0.139999986       1.40501964    
 -0.120000005       1.77969503    
 -0.100000024       3.55478120    
  -8.00000429E-02   5.44419336    
  -6.00000620E-02   5.67957401    
  -4.00000811E-02   3.83471775    
  -2.00001001E-02   1.15710127    
   0.00000000       1.04796309E-02
   1.99999809E-02   2.36762207E-05
   3.99999619E-02   8.23284154E-06
   5.99999428E-02   1.77265088E-06
   7.99999237E-02   1.30150067E-06
   9.99999046E-02   4.76626695E-07
  0.119999886       1.17508375E-06
  0.139999866       6.50809056E-07
  0.159999847       1.57195609E-06
  0.180000067       1.10430926E-06
  0.200000048       2.09903487E-06
  0.220000029       1.70917497E-06
  0.240000010       2.65313702E-06
  0.259999990       2.42192436E-06
  0.279999971       3.18425805E-06
  0.299999952       3.22209235E-06
  0.319999933       3.70667908E-06
  0.339999914       4.07174048E-06
  0.359999895       4.24694645E-06
  0.379999876       4.82825180E-06
  0.399999857       4.76204696E-06
  0.419999838       5.32207241E-06
  0.440000057       5.26705435E-06
  0.460000038       5.62259083E-06
  0.480000019       5.79842526E-06
  0.500000000       5.80852702E-06
  0.519999981       6.06403091E-06
  0.539999962       5.85067028E-06
  0.559999943       6.02139016E-06
  0.579999924       5.95815254E-06
  0.599999905       5.84723148E-06
  0.619999886       5.84191685E-06
  0.639999866       5.54900089E-06
  0.659999847       5.51634957E-06
  0.679999828       5.36952484E-06
  0.700000048       5.08646963E-06
  0.720000029       4.95748100E-06
  0.740000010       4.73983437E-06
  0.759999990       4.53959092E-06
  0.779999971       4.35064339E-06
  0.799999952       4.11071551E-06
  0.819999933       3.95262214E-06
  0.839999914       3.77057859E-06
  0.859999895       3.54239614E-06
  0.879999876       3.40849192E-06
  0.899999857       3.24550842E-06
  0.919999838       3.05489402E-06
  0.939999819       2.93505559E-06
  0.960000038       2.78757807E-06
  0.980000019       2.64786513E-06
   1.00000000       2.53258213E-06
   1.01999998       2.39552378E-06
   1.03999996       2.30884916E-06
   1.05999994       2.19047774E-06
   1.07999992       2.06840014E-06
   1.09999990       2.01599187E-06
   1.11999989       1.90090441E-06
   1.13999987       1.80756410E-06
   1.15999985       1.73648880E-06
   1.17999983       1.67372707E-06
   1.19999981       1.59016872E-06
   1.22000003       1.49214975E-06
   1.24000001       1.47161268E-06
   1.25999999       1.39719236E-06
   1.27999997       1.32598177E-06
   1.29999995       1.24854205E-06
   1.31999993       1.24315136E-06
   1.33999991       1.17613399E-06
   1.35999990       1.10999702E-06
   1.37999988       1.04642459E-06
   1.39999986       1.04900778E-06
   1.41999984       9.96208769E-07
   1.43999982       9.37768505E-07
   1.46000004       8.73401859E-07
   1.48000002       8.77275966E-07
   1.50000000       8.51713992E-07
   1.51999998       8.01160979E-07
   1.53999996       7.39720463E-07
   1.55999994       7.13603470E-07
   1.57999992       7.22372420E-07
   1.59999990       6.89048363E-07
   1.61999989       6.44871932E-07
   1.63999987       5.91487492E-07
   1.65999985       5.75583215E-07
   1.67999983       5.86363171E-07
   1.69999981       5.63016442E-07
   1.72000003       5.26247049E-07
   1.74000001       4.80784479E-07
   1.75999999       4.50735342E-07
   1.77999997       4.59165847E-07
   1.79999995       4.58871313E-07
   1.81999993       4.35712309E-07
   1.83999991       4.04510956E-07
   1.85999990       3.65840464E-07
   1.87999988       3.40372651E-07
   1.89999986       3.43045940E-07
   1.91999984       3.50356913E-07
   1.93999982       3.39361293E-07
   1.95999980       3.18217701E-07
   1.98000002       2.91820299E-07
   2.00000000       2.61491266E-07
   2.01999998       2.40542732E-07
   2.03999996       2.37281469E-07
   2.05999994       2.43565040E-07
   2.07999992       2.43170177E-07
   2.09999990       2.33722261E-07
   2.11999989       2.19236327E-07
   2.13999987       2.01195803E-07
   2.15999985       1.80774407E-07
   2.17999983       1.60318621E-07
   2.19999981       1.46197550E-07
   2.21999979       1.40089767E-07
   2.23999977       1.39917290E-07
   2.25999975       1.40833350E-07
   2.27999973       1.39085202E-07
   2.29999971       1.35069001E-07
   2.31999969       1.28558725E-07
   2.33999968       1.20741959E-07
   2.36000013       1.11665166E-07
   2.38000011       1.01353010E-07
   2.40000010       9.03049511E-08
   2.42000008       7.85757948E-08
   2.44000006       6.75495144E-08
   2.46000004       5.73285774E-08
   2.48000002       4.88012581E-08
   2.50000000       4.14201189E-08
   2.51999998       3.52138230E-08
   2.53999996       3.02296570E-08
   2.55999994       2.58839847E-08
   2.57999992       2.22213039E-08
   2.59999990       1.88761096E-08
   2.61999989       1.61629607E-08
   2.63999987       1.36979912E-08
   2.65999985       1.16427277E-08
   2.67999983       9.94246463E-09
   2.69999981       8.39379322E-09
   2.71999979       7.17349957E-09
   2.73999977       6.04632167E-09
   2.75999975       5.20149435E-09
   2.77999973       4.38530501E-09
   2.79999971       3.75949005E-09
   2.81999969       3.23329630E-09
   2.83999968       2.78113532E-09
   2.85999966       2.39342013E-09
   2.88000011       2.06089568E-09
   2.90000010       1.80045867E-09
   2.92000008       1.56522284E-09
   2.94000006       1.39170542E-09
   2.96000004       1.20469068E-09
   2.98000002       1.09013443E-09
   3.00000000       9.96191130E-10
   3.01999998       9.73701120E-10
   3.03999996       1.00927378E-09
   3.05999994       1.38615475E-09
   3.07999992       1.40269507E-09
   3.09999990       7.41731156E-08
