  -2.00000000       9.87926569E-07
  -1.98000002       1.47445292E-06
  -1.96000004       3.20011111E-07
  -1.94000006       3.12918388E-07
  -1.91999996       1.54390636E-06
  -1.89999998       1.25070460E-06
  -1.88000000       3.99399056E-08
  -1.86000001       7.65582399E-07
  -1.84000003       1.69181317E-06
  -1.82000005       6.82488633E-07
  -1.79999995       1.00765384E-07
  -1.77999997       1.31734248E-06
  -1.75999999       1.54442750E-06
  -1.74000001       2.53493056E-07
  -1.72000003       4.68015401E-07
  -1.70000005       1.67883809E-06
  -1.68000007       1.06720745E-06
  -1.65999997       9.29054877E-08
  -1.63999999       1.05060758E-06
  -1.62000000       1.72427781E-06
  -1.60000002       5.76756008E-07
  -1.58000004       2.99571695E-07
  -1.55999994       1.56546253E-06
  -1.53999996       1.47681305E-06
  -1.51999998       2.85201395E-07
  -1.50000000       7.65819266E-07
  -1.48000002       1.77823836E-06
  -1.46000004       1.00182842E-06
  -1.44000006       3.39833861E-07
  -1.42000008       1.29541479E-06
  -1.40000010       1.57276747E-06
  -1.38000000       6.39456061E-07
  -1.36000001       7.81255380E-07
  -1.34000003       1.60093111E-06
  -1.31999993       1.18644300E-06
  -1.29999995       6.91775597E-07
  -1.27999997       1.33654635E-06
  -1.25999999       1.52914822E-06
  -1.24000001       9.36346282E-07
  -1.22000003       1.14479406E-06
  -1.20000005       1.64497442E-06
  -1.18000007       1.26681562E-06
  -1.16000009       1.14613727E-06
  -1.14000010       1.67250835E-06
  -1.12000000       1.56867713E-06
  -1.10000002       1.30677677E-06
  -1.08000004       1.70099952E-06
  -1.05999994       1.72472778E-06
  -1.03999996       1.50476774E-06
  -1.01999998       1.99865394E-06
  -1.00000000       2.19283493E-06
 -0.980000019       1.55529415E-06
 -0.960000038       1.37165034E-06
 -0.940000057       2.03698778E-06
 -0.920000076       3.55360430E-06
 -0.899999976       5.60789476E-06
 -0.879999995       4.46854210E-06
 -0.860000014       1.09071118E-06
 -0.840000033       2.36208916E-06
 -0.820000052       1.91450199E-05
 -0.800000072       5.10653517E-05
 -0.779999971       9.33069678E-05
 -0.759999990       1.32418005E-04
 -0.740000010       2.04859622E-04
 -0.720000029       3.81603953E-04
 -0.700000048       7.94746273E-04
 -0.680000067       1.54355739E-03
 -0.660000086       2.75664264E-03
 -0.639999986       4.58435761E-03
 -0.620000005       7.41279079E-03
 -0.600000024       1.18456036E-02
 -0.580000043       1.88001320E-02
 -0.560000062       2.95669530E-02
 -0.540000081       4.60943840E-02
 -0.519999981       7.13182166E-02
 -0.500000000      0.108052373    
 -0.480000019      0.157456517    
 -0.460000038      0.216722488    
 -0.440000057      0.283837587    
 -0.420000076      0.365727216    
 -0.400000095      0.488424897    
 -0.379999995      0.683278322    
 -0.360000014      0.952371597    
 -0.340000033       1.22908938    
 -0.320000052       1.40282822    
 -0.300000072       1.42480958    
 -0.280000091       1.42770982    
 -0.259999990       1.69950950    
 -0.240000010       2.42199969    
 -0.220000029       3.36990404    
 -0.200000048       3.89313626    
 -0.180000067       3.44349909    
 -0.160000086       2.21388125    
 -0.139999986       1.28623557    
 -0.120000005       1.79804230    
 -0.100000024       3.77458596    
  -8.00000429E-02   5.81135321    
  -6.00000620E-02   6.04619884    
  -4.00000811E-02   4.06961012    
  -2.00001001E-02   1.22549117    
   0.00000000       1.10899415E-02
   1.99999809E-02   2.50540397E-05
   3.99999619E-02   8.66355003E-06
   5.99999428E-02   1.86571310E-06
   7.99999237E-02   1.30700278E-06
   9.99999046E-02   4.63512180E-07
  0.119999886       1.12621046E-06
  0.139999866       6.01671388E-07
  0.159999847       1.48647791E-06
  0.180000067       1.02138927E-06
  0.200000048       1.98094926E-06
  0.220000029       1.59107856E-06
  0.240000010       2.50604808E-06
  0.259999990       2.26760335E-06
  0.279999971       3.00944885E-06
  0.299999952       3.01991349E-06
  0.319999933       3.50126174E-06
  0.339999914       3.82084363E-06
  0.359999895       4.02039041E-06
  0.379999876       4.56574662E-06
  0.399999857       4.54062547E-06
  0.419999838       5.07895720E-06
  0.440000057       5.02971579E-06
  0.460000038       5.38407357E-06
  0.480000019       5.54038252E-06
  0.500000000       5.61552133E-06
  0.519999981       5.86803299E-06
  0.539999962       5.71057171E-06
  0.559999943       5.85539374E-06
  0.579999924       5.81119139E-06
  0.599999905       5.75846570E-06
  0.619999886       5.77397986E-06
  0.639999866       5.52298206E-06
  0.659999847       5.45803641E-06
  0.679999828       5.36277457E-06
  0.700000048       5.12710812E-06
  0.720000029       4.99395537E-06
  0.740000010       4.77845197E-06
  0.759999990       4.58986779E-06
  0.779999971       4.45749674E-06
  0.799999952       4.18260151E-06
  0.819999933       4.01343641E-06
  0.839999914       3.89768275E-06
  0.859999895       3.63675440E-06
  0.879999876       3.46869047E-06
  0.899999857       3.38122436E-06
  0.919999838       3.14683780E-06
  0.939999819       2.99445378E-06
  0.960000038       2.92852656E-06
  0.980000019       2.72484931E-06
   1.00000000       2.58813679E-06
   1.01999998       2.53436428E-06
   1.03999996       2.37544032E-06
   1.05999994       2.24737937E-06
   1.07999992       2.18354194E-06
   1.09999990       2.09250584E-06
   1.11999989       1.96103360E-06
   1.13999987       1.87220587E-06
   1.15999985       1.85429542E-06
   1.17999983       1.71981287E-06
   1.19999981       1.62200661E-06
   1.22000003       1.61047740E-06
   1.24000001       1.53802807E-06
   1.25999999       1.43284001E-06
   1.27999997       1.36298513E-06
   1.29999995       1.37554593E-06
   1.31999993       1.28356487E-06
   1.33999991       1.19817491E-06
   1.35999990       1.15416083E-06
   1.37999988       1.16894819E-06
   1.39999986       1.08372194E-06
   1.41999984       1.00868021E-06
   1.43999982       9.70364454E-07
   1.46000004       9.91808747E-07
   1.48000002       9.27454266E-07
   1.50000000       8.56667782E-07
   1.51999998       8.08223263E-07
   1.53999996       8.27505460E-07
   1.55999994       8.07676599E-07
   1.57999992       7.38658059E-07
   1.59999990       6.83342762E-07
   1.61999989       6.65109326E-07
   1.63999987       6.88379998E-07
   1.65999985       6.54723749E-07
   1.67999983       5.97654605E-07
   1.69999981       5.50904701E-07
   1.72000003       5.36733069E-07
   1.74000001       5.57917133E-07
   1.75999999       5.41340683E-07
   1.77999997       4.93990910E-07
   1.79999995       4.50321153E-07
   1.81999993       4.21920504E-07
   1.83999991       4.28621235E-07
   1.85999990       4.42789485E-07
   1.87999988       4.20973890E-07
   1.89999986       3.82008409E-07
   1.91999984       3.47292541E-07
   1.93999982       3.20870498E-07
   1.95999980       3.18597415E-07
   1.98000002       3.32095453E-07
   2.00000000       3.31554361E-07
   2.01999998       3.08164516E-07
   2.03999996       2.79332340E-07
   2.05999994       2.52098260E-07
   2.07999992       2.29810610E-07
   2.09999990       2.20883763E-07
   2.11999989       2.25629677E-07
   2.13999987       2.32895800E-07
   2.15999985       2.29192921E-07
   2.17999983       2.15251646E-07
   2.19999981       1.96281349E-07
   2.21999979       1.77032319E-07
   2.23999977       1.58545618E-07
   2.25999975       1.42312217E-07
   2.27999973       1.32271197E-07
   2.29999971       1.28738222E-07
   2.31999969       1.30323386E-07
   2.33999968       1.32099913E-07
   2.36000013       1.31480149E-07
   2.38000011       1.27126327E-07
   2.40000010       1.20008764E-07
   2.42000008       1.11126873E-07
   2.44000006       1.01210162E-07
   2.46000004       9.13347975E-08
   2.48000002       8.06433320E-08
   2.50000000       7.06204872E-08
   2.51999998       6.08195094E-08
   2.53999996       5.17315932E-08
   2.55999994       4.35976482E-08
   2.57999992       3.65116222E-08
   2.59999990       3.06615320E-08
   2.61999989       2.56533212E-08
   2.63999987       2.17529035E-08
   2.65999985       1.82466788E-08
   2.67999983       1.54428701E-08
   2.69999981       1.30218929E-08
   2.71999979       1.10159579E-08
   2.73999977       9.27506871E-09
   2.75999975       7.81848541E-09
   2.77999973       6.59183108E-09
   2.79999971       5.51060975E-09
   2.81999969       4.62482852E-09
   2.83999968       3.86282828E-09
   2.85999966       3.21265525E-09
   2.88000011       2.61668553E-09
   2.90000010       2.19910312E-09
   2.92000008       1.76725901E-09
   2.94000006       1.44475321E-09
   2.96000004       1.16237397E-09
   2.98000002       9.22759535E-10
   3.00000000       6.67885358E-10
   3.01999998       4.68143746E-10
   3.03999996       3.09906573E-10
   3.05999994       2.03779327E-10
   3.07999992       1.81025014E-10
   3.09999990       6.22398062E-08
