  -2.00000000       1.08935137E-06
  -1.98000002       1.47344917E-06
  -1.96000004       2.77966564E-07
  -1.94000006       3.87591058E-07
  -1.91999996       1.61286084E-06
  -1.89999998       1.04545836E-06
  -1.88000000       1.21983801E-08
  -1.86000001       1.05408401E-06
  -1.84000003       1.66521511E-06
  -1.82000005       4.31809809E-07
  -1.79999995       2.74232036E-07
  -1.77999997       1.59276271E-06
  -1.75999999       1.28549800E-06
  -1.74000001       8.50414494E-08
  -1.72000003       8.55108965E-07
  -1.70000005       1.68210408E-06
  -1.68000007       5.76091963E-07
  -1.65999997       2.58639915E-07
  -1.63999999       1.56326553E-06
  -1.62000000       1.38140774E-06
  -1.60000002       1.60532153E-07
  -1.58000004       8.72525163E-07
  -1.55999994       1.90670835E-06
  -1.53999996       8.60954572E-07
  -1.51999998       2.32542135E-07
  -1.50000000       1.48245863E-06
  -1.48000002       1.64778965E-06
  -1.46000004       4.19230560E-07
  -1.44000006       7.38612641E-07
  -1.42000008       1.73405306E-06
  -1.40000010       1.05491847E-06
  -1.38000000       4.79616858E-07
  -1.36000001       1.36445362E-06
  -1.34000003       1.49931327E-06
  -1.31999993       7.19921900E-07
  -1.29999995       1.03003242E-06
  -1.27999997       1.59585238E-06
  -1.25999999       1.09499661E-06
  -1.24000001       9.53351048E-07
  -1.22000003       1.54358918E-06
  -1.20000005       1.39667645E-06
  -1.18000007       1.07174549E-06
  -1.16000009       1.52270843E-06
  -1.14000010       1.61028402E-06
  -1.12000000       1.28673446E-06
  -1.10000002       1.59885985E-06
  -1.08000004       1.73903879E-06
  -1.05999994       1.44721344E-06
  -1.03999996       1.74973138E-06
  -1.01999998       2.11919087E-06
  -1.00000000       1.84287330E-06
 -0.980000019       1.67788801E-06
 -0.960000038       1.50824894E-06
 -0.940000057       2.00199429E-06
 -0.920000076       3.96915357E-06
 -0.899999976       5.32971626E-06
 -0.879999995       3.53405630E-06
 -0.860000014       6.13811494E-07
 -0.840000033       3.30272428E-06
 -0.820000052       1.97890040E-05
 -0.800000072       5.19007663E-05
 -0.779999971       8.68561765E-05
 -0.759999990       1.24329657E-04
 -0.740000010       1.90103776E-04
 -0.720000029       3.70675378E-04
 -0.700000048       7.67694321E-04
 -0.680000067       1.49571022E-03
 -0.660000086       2.64361617E-03
 -0.639999986       4.39658528E-03
 -0.620000005       7.10156839E-03
 -0.600000024       1.13594094E-02
 -0.580000043       1.80351306E-02
 -0.560000062       2.83474177E-02
 -0.540000081       4.43167873E-02
 -0.519999981       6.87424019E-02
 -0.500000000      0.104566634    
 -0.480000019      0.152358890    
 -0.460000038      0.209326088    
 -0.440000057      0.273020804    
 -0.420000076      0.351612926    
 -0.400000095      0.472013235    
 -0.379999995      0.666300893    
 -0.360000014      0.934542477    
 -0.340000033       1.20643461    
 -0.320000052       1.36995864    
 -0.300000072       1.37993753    
 -0.280000091       1.37938666    
 -0.259999990       1.66287959    
 -0.240000010       2.40905952    
 -0.220000029       3.37541389    
 -0.200000048       3.89587879    
 -0.180000067       3.42225790    
 -0.160000086       2.16962790    
 -0.139999986       1.24824977    
 -0.120000005       1.80487037    
 -0.100000024       3.84437633    
  -8.00000429E-02   5.92482042    
  -6.00000620E-02   6.15794468    
  -4.00000811E-02   4.14029217    
  -2.00001001E-02   1.24600637    
   0.00000000       1.12548191E-02
   1.99999809E-02   2.77953386E-05
   3.99999619E-02   6.65023617E-06
   5.99999428E-02   3.44430964E-06
   7.99999237E-02   7.61166135E-08
   9.99999046E-02   1.53409519E-06
  0.119999886       1.78527046E-07
  0.139999866       1.43944078E-06
  0.159999847       7.03768251E-07
  0.180000067       1.66336372E-06
  0.200000048       1.35496987E-06
  0.220000029       2.00516570E-06
  0.240000010       2.08834740E-06
  0.259999990       2.42829356E-06
  0.279999971       2.87430385E-06
  0.299999952       2.94091569E-06
  0.319999933       3.63749814E-06
  0.339999914       3.53320115E-06
  0.359999895       4.24926338E-06
  0.379999876       4.16276816E-06
  0.399999857       4.66703341E-06
  0.419999838       4.83334134E-06
  0.440000057       5.01270824E-06
  0.460000038       5.45075045E-06
  0.480000019       5.31954902E-06
  0.500000000       5.72835506E-06
  0.519999981       5.58182273E-06
  0.539999962       5.73573561E-06
  0.559999943       5.88595503E-06
  0.579999924       5.67455618E-06
  0.599999905       5.86705210E-06
  0.619999886       5.56909436E-06
  0.639999866       5.55654196E-06
  0.659999847       5.57026260E-06
  0.679999828       5.20580807E-06
  0.700000048       5.21687070E-06
  0.720000029       4.96918619E-06
  0.740000010       4.76208834E-06
  0.759999990       4.72238935E-06
  0.779999971       4.34482718E-06
  0.799999952       4.23279289E-06
  0.819999933       4.15466729E-06
  0.839999914       3.77718447E-06
  0.859999895       3.70483781E-06
  0.879999876       3.59880914E-06
  0.899999857       3.27240718E-06
  0.919999838       3.21924290E-06
  0.939999819       3.11217696E-06
  0.960000038       2.83040504E-06
  0.980000019       2.78827315E-06
   1.00000000       2.70527107E-06
   1.01999998       2.44951548E-06
   1.03999996       2.41570524E-06
   1.05999994       2.36022061E-06
   1.07999992       2.13686531E-06
   1.09999990       2.08991219E-06
   1.11999989       2.05262995E-06
   1.13999987       1.90212700E-06
   1.15999985       1.79479116E-06
   1.17999983       1.77988966E-06
   1.19999981       1.71303134E-06
   1.22000003       1.55044756E-06
   1.24000001       1.54109193E-06
   1.25999999       1.51311087E-06
   1.27999997       1.40442876E-06
   1.29999995       1.31134789E-06
   1.31999993       1.31241814E-06
   1.33999991       1.28052329E-06
   1.35999990       1.16646015E-06
   1.37999988       1.11495467E-06
   1.39999986       1.11440522E-06
   1.41999984       1.08453150E-06
   1.43999982       9.86358373E-07
   1.46000004       9.40097379E-07
   1.48000002       9.42533745E-07
   1.50000000       9.20776642E-07
   1.51999998       8.50731112E-07
   1.53999996       7.86010162E-07
   1.55999994       7.91316722E-07
   1.57999992       7.79275297E-07
   1.59999990       7.45729494E-07
   1.61999989       6.71567875E-07
   1.63999987       6.47563184E-07
   1.65999985       6.51845255E-07
   1.67999983       6.38044867E-07
   1.69999981       6.04605475E-07
   1.72000003       5.45284479E-07
   1.74000001       5.24320626E-07
   1.75999999       5.29025101E-07
   1.77999997       5.18872469E-07
   1.79999995       4.97824033E-07
   1.81999993       4.53899702E-07
   1.83999991       4.17075569E-07
   1.85999990       4.16391003E-07
   1.87999988       4.15405111E-07
   1.89999986       4.04391557E-07
   1.91999984       3.86224229E-07
   1.93999982       3.52621754E-07
   1.95999980       3.21706182E-07
   1.98000002       3.14114118E-07
   2.00000000       3.15575619E-07
   2.01999998       3.08577000E-07
   2.03999996       2.98360476E-07
   2.05999994       2.82711397E-07
   2.07999992       2.58611152E-07
   2.09999990       2.34436612E-07
   2.11999989       2.22488239E-07
   2.13999987       2.20488772E-07
   2.15999985       2.17818737E-07
   2.17999983       2.12075491E-07
   2.19999981       2.03934476E-07
   2.21999979       1.94756339E-07
   2.23999977       1.81012325E-07
   2.25999975       1.64064062E-07
   2.27999973       1.48090038E-07
   2.29999971       1.37156022E-07
   2.31999969       1.31519300E-07
   2.33999968       1.27727873E-07
   2.36000013       1.24554660E-07
   2.38000011       1.20047019E-07
   2.40000010       1.15101528E-07
   2.42000008       1.09654465E-07
   2.44000006       1.04597618E-07
   2.46000004       9.82724444E-08
   2.48000002       9.06301523E-08
   2.50000000       8.24533331E-08
   2.51999998       7.34285308E-08
   2.53999996       6.46040093E-08
   2.55999994       5.58845628E-08
   2.57999992       4.82167017E-08
   2.59999990       4.11755465E-08
   2.61999989       3.52760736E-08
   2.63999987       2.99744372E-08
   2.65999985       2.52853720E-08
   2.67999983       2.12628120E-08
   2.69999981       1.77358448E-08
   2.71999979       1.47914090E-08
   2.73999977       1.21603847E-08
   2.75999975       1.00809281E-08
   2.77999973       8.18352852E-09
   2.79999971       6.70675160E-09
   2.81999969       5.41531486E-09
   2.83999968       4.39291092E-09
   2.85999966       3.51818752E-09
   2.88000011       2.81917067E-09
   2.90000010       2.26973706E-09
   2.92000008       1.78880377E-09
   2.94000006       1.41243173E-09
   2.96000004       1.10319687E-09
   2.98000002       8.74491757E-10
   3.00000000       6.30632269E-10
   3.01999998       4.55488036E-10
   3.03999996       3.22674776E-10
   3.05999994       3.12541992E-10
   3.07999992       2.86467711E-10
   3.09999990       6.56075372E-08
