  -2.00000000       1.16110039E-06
  -1.98000002       1.37080053E-06
  -1.96000004       2.11594831E-08
  -1.94000006       1.10655537E-06
  -1.91999996       1.73152921E-06
  -1.89999998       2.42600180E-07
  -1.88000000       6.55068789E-07
  -1.86000001       1.76231822E-06
  -1.84000003       5.09599204E-07
  -1.82000005       3.68352744E-07
  -1.79999995       1.83020688E-06
  -1.77999997       8.84302949E-07
  -1.75999999       1.29390628E-07
  -1.74000001       1.67343126E-06
  -1.72000003       1.30425815E-06
  -1.70000005       6.76662637E-08
  -1.68000007       1.31874287E-06
  -1.65999997       1.56626083E-06
  -1.63999999       1.66503369E-07
  -1.62000000       1.05817060E-06
  -1.60000002       1.82737165E-06
  -1.58000004       3.54253160E-07
  -1.55999994       7.73259956E-07
  -1.53999996       2.02758497E-06
  -1.51999998       7.14778366E-07
  -1.50000000       4.68571216E-07
  -1.48000002       1.99212627E-06
  -1.46000004       1.16483875E-06
  -1.44000006       3.12120960E-07
  -1.42000008       1.75926345E-06
  -1.40000010       1.54937038E-06
  -1.38000000       3.67254984E-07
  -1.36000001       1.48861591E-06
  -1.34000003       1.77763150E-06
  -1.31999993       5.57864439E-07
  -1.29999995       1.30045794E-06
  -1.27999997       1.88954095E-06
  -1.25999999       7.95034680E-07
  -1.24000001       1.22397307E-06
  -1.22000003       1.95138136E-06
  -1.20000005       1.03559614E-06
  -1.18000007       1.25386464E-06
  -1.16000009       2.01889884E-06
  -1.14000010       1.26556279E-06
  -1.12000000       1.37279903E-06
  -1.10000002       2.08065944E-06
  -1.08000004       1.43299565E-06
  -1.05999994       1.57375757E-06
  -1.03999996       2.34382719E-06
  -1.01999998       1.65540996E-06
  -1.00000000       1.63780885E-06
 -0.980000019       2.00742829E-06
 -0.960000038       1.88315494E-06
 -0.940000057       3.11181293E-06
 -0.920000076       4.23434994E-06
 -0.899999976       2.45452816E-06
 -0.879999995       7.20198386E-07
 -0.860000014       1.01516400E-06
 -0.840000033       8.23381470E-06
 -0.820000052       2.55013583E-05
 -0.800000072       4.30597902E-05
 -0.779999971       5.88873772E-05
 -0.759999990       7.71507330E-05
 -0.740000010       1.44716803E-04
 -0.720000029       3.09110445E-04
 -0.700000048       6.58805831E-04
 -0.680000067       1.21449679E-03
 -0.660000086       2.11176323E-03
 -0.639999986       3.45424400E-03
 -0.620000005       5.62798930E-03
 -0.600000024       8.96239560E-03
 -0.580000043       1.41830565E-02
 -0.560000062       2.23028399E-02
 -0.540000081       3.54521386E-02
 -0.519999981       5.64818755E-02
 -0.500000000       8.74057412E-02
 -0.480000019      0.127129987    
 -0.460000038      0.170475334    
 -0.440000057      0.216408610    
 -0.420000076      0.278017551    
 -0.400000095      0.390172303    
 -0.379999995      0.584283352    
 -0.360000014      0.846956670    
 -0.340000033       1.08599496    
 -0.320000052       1.18391299    
 -0.300000072       1.12676597    
 -0.280000091       1.11470318    
 -0.259999990       1.47873855    
 -0.240000010       2.35967445    
 -0.220000029       3.41540551    
 -0.200000048       3.89257145    
 -0.180000067       3.26701927    
 -0.160000086       1.89168119    
 -0.139999986       1.02974689    
 -0.120000005       1.85927749    
 -0.100000024       4.24867392    
  -8.00000429E-02   6.55499983    
  -6.00000620E-02   6.75987625    
  -4.00000811E-02   4.51432371    
  -2.00001001E-02   1.35289943    
   0.00000000       1.22101549E-02
   1.99999809E-02   2.87987623E-05
   3.99999619E-02   8.37718653E-06
   5.99999428E-02   2.76340756E-06
   7.99999237E-02   7.74946841E-07
   9.99999046E-02   8.71398584E-07
  0.119999886       6.91693572E-07
  0.139999866       7.90470665E-07
  0.159999847       1.10132328E-06
  0.180000067       1.03237687E-06
  0.200000048       1.62643789E-06
  0.220000029       1.43724355E-06
  0.240000010       2.19409367E-06
  0.259999990       1.97073723E-06
  0.279999971       2.74768854E-06
  0.299999952       2.59557623E-06
  0.319999933       3.23587324E-06
  0.339999914       3.26577401E-06
  0.359999895       3.66649510E-06
  0.379999876       3.95845700E-06
  0.399999857       4.11621659E-06
  0.419999838       4.59329158E-06
  0.440000057       4.58300747E-06
  0.460000038       5.00028182E-06
  0.480000019       4.99550151E-06
  0.500000000       5.19943342E-06
  0.519999981       5.39306529E-06
  0.539999962       5.38161839E-06
  0.559999943       5.60983381E-06
  0.579999924       5.46846059E-06
  0.599999905       5.51091716E-06
  0.619999886       5.53542895E-06
  0.639999866       5.40040492E-06
  0.659999847       5.44369504E-06
  0.679999828       5.21455650E-06
  0.700000048       5.09601250E-06
  0.720000029       5.07268305E-06
  0.740000010       4.81656207E-06
  0.759999990       4.68950066E-06
  0.779999971       4.53831808E-06
  0.799999952       4.31622993E-06
  0.819999933       4.23027086E-06
  0.839999914       3.99193414E-06
  0.859999895       3.79599351E-06
  0.879999876       3.73992270E-06
  0.899999857       3.49120091E-06
  0.919999838       3.31164142E-06
  0.939999819       3.27413909E-06
  0.960000038       3.04251876E-06
  0.980000019       2.88202477E-06
   1.00000000       2.86025715E-06
   1.01999998       2.65469771E-06
   1.03999996       2.51026177E-06
   1.05999994       2.49456934E-06
   1.07999992       2.32978005E-06
   1.09999990       2.19170943E-06
   1.11999989       2.16783383E-06
   1.13999987       2.06505570E-06
   1.15999985       1.92583184E-06
   1.17999983       1.86517093E-06
   1.19999981       1.84879764E-06
   1.22000003       1.70155784E-06
   1.24000001       1.61068886E-06
   1.25999999       1.63113441E-06
   1.27999997       1.52731764E-06
   1.29999995       1.42309773E-06
   1.31999993       1.38668292E-06
   1.33999991       1.39462531E-06
   1.35999990       1.27724934E-06
   1.37999988       1.19819731E-06
   1.39999986       1.19927074E-06
   1.41999984       1.18424714E-06
   1.43999982       1.08076688E-06
   1.46000004       1.01555759E-06
   1.48000002       1.02633442E-06
   1.50000000       1.01522949E-06
   1.51999998       9.23918890E-07
   1.53999996       8.63038736E-07
   1.55999994       8.63160267E-07
   1.57999992       8.76146430E-07
   1.59999990       8.02101283E-07
   1.61999989       7.39158963E-07
   1.63999987       7.13150712E-07
   1.65999985       7.41729309E-07
   1.67999983       7.14110286E-07
   1.69999981       6.46070134E-07
   1.72000003       5.99585348E-07
   1.74000001       5.92680067E-07
   1.75999999       6.18618230E-07
   1.77999997       5.86506474E-07
   1.79999995       5.30879845E-07
   1.81999993       4.90205878E-07
   1.83999991       4.78844242E-07
   1.85999990       5.00938086E-07
   1.87999988       4.92645768E-07
   1.89999986       4.47279348E-07
   1.91999984       4.07365974E-07
   1.93999982       3.80770672E-07
   1.95999980       3.81513701E-07
   1.98000002       3.98622205E-07
   2.00000000       3.88103757E-07
   2.01999998       3.54226955E-07
   2.03999996       3.20909862E-07
   2.05999994       2.95511910E-07
   2.07999992       2.85051982E-07
   2.09999990       2.95259071E-07
   2.11999989       3.02835417E-07
   2.13999987       2.90200489E-07
   2.15999985       2.64513062E-07
   2.17999983       2.39454579E-07
   2.19999981       2.18235229E-07
   2.21999979       2.03291734E-07
   2.23999977       2.00795782E-07
   2.25999975       2.07141809E-07
   2.27999973       2.11459337E-07
   2.29999971       2.04418996E-07
   2.31999969       1.89782043E-07
   2.33999968       1.72464723E-07
   2.36000013       1.56471785E-07
   2.38000011       1.41117283E-07
   2.40000010       1.28788955E-07
   2.42000008       1.20167797E-07
   2.44000006       1.17240312E-07
   2.46000004       1.17867039E-07
   2.48000002       1.19111263E-07
   2.50000000       1.18220832E-07
   2.51999998       1.14108808E-07
   2.53999996       1.07575303E-07
   2.55999994       9.97083305E-08
   2.57999992       9.17762719E-08
   2.59999990       8.30834423E-08
   2.61999989       7.47285185E-08
   2.63999987       6.61002275E-08
   2.65999985       5.80373296E-08
   2.67999983       5.01729360E-08
   2.69999981       4.31420339E-08
   2.71999979       3.65157860E-08
   2.73999977       3.09509858E-08
   2.75999975       2.60595368E-08
   2.77999973       2.19846612E-08
   2.79999971       1.84956832E-08
   2.81999969       1.54354041E-08
   2.83999968       1.28426603E-08
   2.85999966       1.07107070E-08
   2.88000011       8.86408102E-09
   2.90000010       7.19289428E-09
   2.92000008       5.81965409E-09
   2.94000006       4.63852023E-09
   2.96000004       3.66197250E-09
   2.98000002       2.80046608E-09
   3.00000000       2.11409734E-09
   3.01999998       1.47057433E-09
   3.03999996       9.66143276E-10
   3.05999994       6.00657635E-10
   3.07999992       3.82894272E-10
   3.09999990       6.00272543E-08
