  -2.00000000       1.19255689E-10
  -1.98000002       4.10019622E-11
  -1.96000004       2.23890989E-10
  -1.94000006       1.60043617E-10
  -1.91999996       3.09496873E-10
  -1.89999998       3.46985163E-10
  -1.88000000       4.14951185E-10
  -1.86000001       5.90098748E-10
  -1.84000003       5.77068282E-10
  -1.82000005       8.17675649E-10
  -1.79999995       7.35541184E-10
  -1.77999997       9.91705607E-10
  -1.75999999       9.87372628E-10
  -1.74000001       1.11589338E-09
  -1.72000003       1.43488688E-09
  -1.70000005       1.65205161E-09
  -1.68000007       2.24456986E-09
  -1.65999997       2.68121170E-09
  -1.63999999       3.17721005E-09
  -1.62000000       4.16780788E-09
  -1.60000002       4.78407625E-09
  -1.58000004       6.15038775E-09
  -1.55999994       7.67627562E-09
  -1.53999996       9.49128420E-09
  -1.51999998       1.26074546E-08
  -1.50000000       1.56506967E-08
  -1.48000002       2.13176854E-08
  -1.46000004       2.76291807E-08
  -1.44000006       3.83771948E-08
  -1.42000008       4.93721117E-08
  -1.40000010       6.41057909E-08
  -1.38000000       8.28476061E-08
  -1.36000001       1.08887825E-07
  -1.34000003       1.43950402E-07
  -1.31999993       1.84153393E-07
  -1.29999995       2.32797191E-07
  -1.27999997       2.89363243E-07
  -1.25999999       3.55076622E-07
  -1.24000001       4.28248882E-07
  -1.22000003       4.94865162E-07
  -1.20000005       5.59323780E-07
  -1.18000007       5.98486849E-07
  -1.16000009       6.51986170E-07
  -1.14000010       6.37629569E-07
  -1.12000000       6.93856009E-07
  -1.10000002       6.36897425E-07
  -1.08000004       6.85185739E-07
  -1.05999994       8.35440687E-07
  -1.03999996       5.01559839E-07
  -1.01999998       1.54287500E-06
  -1.00000000       4.89290528E-07
 -0.980000019       1.83357395E-06
 -0.960000038       4.33402784E-06
 -0.940000057       1.30298861E-06
 -0.920000076       1.68884471E-05
 -0.899999976       2.44989751E-05
 -0.879999995       4.39712348E-05
 -0.860000014       1.43455516E-04
 -0.840000033       2.35046158E-04
 -0.820000052       4.88192134E-04
 -0.800000072       1.10635604E-03
 -0.779999971       1.94735813E-03
 -0.759999990       3.67718982E-03
 -0.740000010       7.12950248E-03
 -0.720000029       1.23117929E-02
 -0.700000048       2.10362673E-02
 -0.680000067       3.64370421E-02
 -0.660000086       5.95007204E-02
 -0.639999986       9.32370424E-02
 -0.620000005      0.145337641    
 -0.600000024      0.220552832    
 -0.580000043      0.320333332    
 -0.560000062      0.452746868    
 -0.540000081      0.628652096    
 -0.519999981      0.847468734    
 -0.500000000       1.10193992    
 -0.480000019       1.39217281    
 -0.460000038       1.71966970    
 -0.440000057       2.06868076    
 -0.420000076       2.40933514    
 -0.400000095       2.71793151    
 -0.379999995       2.98392081    
 -0.360000014       3.19689393    
 -0.340000033       3.33538747    
 -0.320000052       3.37622738    
 -0.300000072       3.30792999    
 -0.280000091       3.14072418    
 -0.259999990       2.90049982    
 -0.240000010       2.62039304    
 -0.220000029       2.32460260    
 -0.200000048       2.01365590    
 -0.180000067       1.67369342    
 -0.160000086       1.30368221    
 -0.139999986      0.952164590    
 -0.120000005      0.694821477    
 -0.100000024      0.571053386    
  -8.00000429E-02  0.527454495    
  -6.00000620E-02  0.449054241    
  -4.00000811E-02  0.282183826    
  -2.00001001E-02   8.32986161E-02
   0.00000000       7.48738996E-04
   1.99999809E-02   2.14441502E-06
   3.99999619E-02   1.15637181E-06
   5.99999428E-02   1.30814169E-06
   7.99999237E-02   2.13604199E-06
   9.99999046E-02   2.65900962E-06
  0.119999886       4.09486074E-06
  0.139999866       4.70798432E-06
  0.159999847       6.43619114E-06
  0.180000067       7.10441736E-06
  0.200000048       8.69804899E-06
  0.220000029       9.35647404E-06
  0.240000010       1.04266292E-05
  0.259999990       1.11551017E-05
  0.279999971       1.15576295E-05
  0.299999952       1.20146697E-05
  0.319999933       1.16349211E-05
  0.339999914       1.14368213E-05
  0.359999895       1.09420025E-05
  0.379999876       1.01362602E-05
  0.399999857       9.38430185E-06
  0.419999838       8.41584188E-06
  0.440000057       7.58754823E-06
  0.460000038       6.82379459E-06
  0.480000019       5.99664736E-06
  0.500000000       5.39817574E-06
  0.519999981       4.87178204E-06
  0.539999962       4.37419794E-06
  0.559999943       3.93978826E-06
  0.579999924       3.61520961E-06
  0.599999905       3.34077458E-06
  0.619999886       2.96254143E-06
  0.639999866       2.76006153E-06
  0.659999847       2.54242013E-06
  0.679999828       2.34294907E-06
  0.700000048       2.08700135E-06
  0.720000029       1.95563098E-06
  0.740000010       1.80913105E-06
  0.759999990       1.68661722E-06
  0.779999971       1.49484640E-06
  0.799999952       1.38167468E-06
  0.819999933       1.28778095E-06
  0.839999914       1.20497953E-06
  0.859999895       1.11593931E-06
  0.879999876       9.84058488E-07
  0.899999857       8.96414235E-07
  0.919999838       8.37035998E-07
  0.939999819       7.78213916E-07
  0.960000038       7.34562775E-07
  0.980000019       6.75157196E-07
   1.00000000       5.90088177E-07
   1.01999998       5.16933653E-07
   1.03999996       4.69332804E-07
   1.05999994       4.32314437E-07
   1.07999992       3.99648570E-07
   1.09999990       3.74270570E-07
   1.11999989       3.52285355E-07
   1.13999987       3.24183361E-07
   1.15999985       2.86050096E-07
   1.17999983       2.41794510E-07
   1.19999981       1.97619897E-07
   1.22000003       1.57785863E-07
   1.24000001       1.23873150E-07
   1.25999999       9.56794466E-08
   1.27999997       7.27659923E-08
   1.29999995       5.46454864E-08
   1.31999993       4.05526706E-08
   1.33999991       2.98296534E-08
   1.35999990       2.18043485E-08
   1.37999988       1.58909472E-08
   1.39999986       1.16355485E-08
   1.41999984       8.58653859E-09
   1.43999982       6.41323084E-09
   1.46000004       4.82468376E-09
   1.48000002       3.65663877E-09
   1.50000000       2.82767876E-09
   1.51999998       2.23046737E-09
   1.53999996       1.78922011E-09
   1.55999994       1.45924273E-09
   1.57999992       1.20203170E-09
   1.59999990       1.00327202E-09
   1.61999989       8.54414595E-10
   1.63999987       7.39713679E-10
   1.65999985       6.48652743E-10
   1.67999983       5.73839920E-10
   1.69999981       5.17584253E-10
   1.72000003       4.72781536E-10
   1.74000001       4.35973174E-10
   1.75999999       4.14043660E-10
   1.77999997       3.92673949E-10
   1.79999995       3.77532172E-10
   1.81999993       3.66542380E-10
   1.83999991       3.61569358E-10
   1.85999990       3.64165559E-10
   1.87999988       3.66167097E-10
   1.89999986       3.87429755E-10
   1.91999984       4.01092132E-10
   1.93999982       4.02862826E-10
   1.95999980       3.95346672E-10
   1.98000002       3.82536863E-10
   2.00000000       3.75818876E-10
   2.01999998       3.60617758E-10
   2.03999996       3.50175555E-10
   2.05999994       3.46553980E-10
   2.07999992       3.46275730E-10
   2.09999990       3.51554869E-10
   2.11999989       3.48512941E-10
   2.13999987       3.46395357E-10
   2.15999985       3.37340711E-10
   2.17999983       3.25716620E-10
   2.19999981       3.17668669E-10
   2.21999979       3.14405391E-10
   2.23999977       3.21840943E-10
   2.25999975       3.17056048E-10
   2.27999973       3.03054720E-10
   2.29999971       2.88980812E-10
   2.31999969       2.86237256E-10
   2.33999968       2.95743346E-10
   2.36000013       2.84216983E-10
   2.38000011       2.68245842E-10
   2.40000010       2.67457168E-10
   2.42000008       2.73796041E-10
   2.44000006       2.57319555E-10
   2.46000004       2.38899206E-10
   2.48000002       2.41131337E-10
   2.50000000       2.46493853E-10
   2.51999998       2.34167435E-10
   2.53999996       2.15851087E-10
   2.55999994       2.19918597E-10
   2.57999992       2.11056783E-10
   2.59999990       1.90561261E-10
   2.61999989       1.89507576E-10
   2.63999987       1.83077026E-10
   2.65999985       1.68875067E-10
   2.67999983       1.67381026E-10
   2.69999981       1.62582309E-10
   2.71999979       1.37511252E-10
   2.73999977       1.39944833E-10
   2.75999975       1.35435024E-10
   2.77999973       1.19747379E-10
   2.79999971       1.24578570E-10
   2.81999969       1.02050257E-10
   2.83999968       9.30656524E-11
   2.85999966       9.34945177E-11
   2.88000011       8.41392442E-11
   2.90000010       8.75308576E-11
   2.92000008       7.02170266E-11
   2.94000006       6.40704920E-11
   2.96000004       5.33267527E-11
   2.98000002       4.46346918E-11
   3.00000000       4.23562019E-11
   3.01999998       3.26531163E-11
   3.03999996       2.69904689E-11
   3.05999994       1.89912218E-11
   3.07999992       1.11552070E-11
   3.09999990       4.58599443E-11
