  -2.00000000       1.72015109E-06
  -1.98000002       8.80414916E-07
  -1.96000004       3.05326267E-07
  -1.94000006       2.06028767E-06
  -1.91999996       3.49458446E-07
  -1.89999998       9.48648562E-07
  -1.88000000       1.80383950E-06
  -1.86000001       3.41553630E-08
  -1.84000003       1.62919150E-06
  -1.82000005       1.27688577E-06
  -1.79999995       1.48367334E-07
  -1.77999997       2.04655998E-06
  -1.75999999       6.38352333E-07
  -1.74000001       6.78414324E-07
  -1.72000003       2.06157142E-06
  -1.70000005       1.84418724E-07
  -1.68000007       1.37532254E-06
  -1.65999997       1.64068240E-06
  -1.63999999       1.15180754E-07
  -1.62000000       1.99051760E-06
  -1.60000002       1.00818420E-06
  -1.58000004       5.16165528E-07
  -1.55999994       2.23054508E-06
  -1.53999996       4.35281635E-07
  -1.51999998       1.21140567E-06
  -1.50000000       2.01652961E-06
  -1.48000002       2.10090406E-07
  -1.46000004       1.93070196E-06
  -1.44000006       1.44605724E-06
  -1.42000008       4.65703067E-07
  -1.40000010       2.35244170E-06
  -1.38000000       7.99756208E-07
  -1.36000001       1.15068735E-06
  -1.34000003       2.31340368E-06
  -1.31999993       4.24136005E-07
  -1.29999995       1.97919780E-06
  -1.27999997       1.87425371E-06
  -1.25999999       5.64927120E-07
  -1.24000001       2.59157309E-06
  -1.22000003       1.26009115E-06
  -1.20000005       1.19022218E-06
  -1.18000007       2.72626744E-06
  -1.16000009       8.22684115E-07
  -1.14000010       2.02842784E-06
  -1.12000000       2.38796792E-06
  -1.10000002       9.03254147E-07
  -1.08000004       2.75679463E-06
  -1.05999994       1.77615584E-06
  -1.03999996       1.42822887E-06
  -1.01999998       2.82808332E-06
  -1.00000000       1.53079941E-06
 -0.980000019       2.77802610E-06
 -0.960000038       3.06952188E-06
 -0.940000057       1.61481830E-06
 -0.920000076       1.85845056E-06
 -0.899999976       1.05354707E-06
 -0.879999995       2.50006815E-06
 -0.860000014       8.81936558E-06
 -0.840000033       1.16714264E-05
 -0.820000052       1.69187970E-05
 -0.800000072       1.35040182E-05
 -0.779999971       1.98105918E-05
 -0.759999990       4.22914272E-05
 -0.740000010       1.10948517E-04
 -0.720000029       2.34084160E-04
 -0.700000048       4.43516066E-04
 -0.680000067       7.80076080E-04
 -0.660000086       1.33304985E-03
 -0.639999986       2.20959866E-03
 -0.620000005       3.45785450E-03
 -0.600000024       5.22657949E-03
 -0.580000043       7.96983391E-03
 -0.560000062       1.32744834E-02
 -0.540000081       2.34945528E-02
 -0.519999981       4.08204868E-02
 -0.500000000       6.35327697E-02
 -0.480000019       8.56646374E-02
 -0.460000038      0.100749031    
 -0.440000057      0.116063267    
 -0.420000076      0.161622733    
 -0.400000095      0.281083405    
 -0.379999995      0.488672644    
 -0.360000014      0.722778618    
 -0.340000033      0.852954924    
 -0.320000052      0.784864724    
 -0.300000072      0.612667382    
 -0.280000091      0.657354236    
 -0.259999990       1.26360822    
 -0.240000010       2.41411901    
 -0.220000029       3.53147388    
 -0.200000048       3.76268554    
 -0.180000067       2.75346971    
 -0.160000086       1.20540416    
 -0.139999986      0.621542633    
 -0.120000005       2.09853506    
 -0.100000024       5.14091158    
  -8.00000429E-02   7.75057411    
  -6.00000620E-02   7.79274368    
  -4.00000811E-02   5.10912132    
  -2.00001001E-02   1.51513660    
   0.00000000       1.36404075E-02
   1.99999809E-02   3.04859095E-05
   3.99999619E-02   1.07280403E-05
   5.99999428E-02   2.09360724E-06
   7.99999237E-02   1.44601768E-06
   9.99999046E-02   3.30018167E-07
  0.119999886       9.72812927E-07
  0.139999866       3.48301882E-07
  0.159999847       1.13733029E-06
  0.180000067       6.32003037E-07
  0.200000048       1.45162926E-06
  0.220000029       1.03828245E-06
  0.240000010       1.82478300E-06
  0.259999990       1.53672795E-06
  0.279999971       2.21202708E-06
  0.299999952       2.09775499E-06
  0.319999933       2.58133650E-06
  0.339999914       2.68644635E-06
  0.359999895       2.94220990E-06
  0.379999876       3.28353963E-06
  0.399999857       3.34679748E-06
  0.419999838       3.84505256E-06
  0.440000057       3.79620064E-06
  0.460000038       4.25715734E-06
  0.480000019       4.22007997E-06
  0.500000000       4.49442905E-06
  0.519999981       4.63142305E-06
  0.539999962       4.70221539E-06
  0.559999943       4.98524514E-06
  0.579999924       4.87903981E-06
  0.599999905       5.06827382E-06
  0.619999886       4.99598809E-06
  0.639999866       5.03021511E-06
  0.659999847       5.12453926E-06
  0.679999828       4.96409984E-06
  0.700000048       4.99594807E-06
  0.720000029       4.85045985E-06
  0.740000010       4.78772654E-06
  0.759999990       4.76705145E-06
  0.779999971       4.53793473E-06
  0.799999952       4.45779233E-06
  0.819999933       4.34859339E-06
  0.839999914       4.18556601E-06
  0.859999895       4.07294510E-06
  0.879999876       3.88851549E-06
  0.899999857       3.77123206E-06
  0.919999838       3.65952724E-06
  0.939999819       3.45841272E-06
  0.960000038       3.34936863E-06
  0.980000019       3.24797179E-06
   1.00000000       3.06936272E-06
   1.01999998       2.95530708E-06
   1.03999996       2.86931277E-06
   1.05999994       2.71745171E-06
   1.07999992       2.60637125E-06
   1.09999990       2.53056305E-06
   1.11999989       2.40422924E-06
   1.13999987       2.30505179E-06
   1.15999985       2.23204142E-06
   1.17999983       2.12793111E-06
   1.19999981       2.04984303E-06
   1.22000003       1.96205428E-06
   1.24000001       1.89436878E-06
   1.25999999       1.82873293E-06
   1.27999997       1.72410182E-06
   1.29999995       1.69262569E-06
   1.31999993       1.62853451E-06
   1.33999991       1.53357178E-06
   1.35999990       1.49877110E-06
   1.37999988       1.44864441E-06
   1.39999986       1.39438623E-06
   1.41999984       1.30777698E-06
   1.43999982       1.29678824E-06
   1.46000004       1.25486702E-06
   1.48000002       1.18123785E-06
   1.50000000       1.13253418E-06
   1.51999998       1.12123553E-06
   1.53999996       1.08676090E-06
   1.55999994       1.00688544E-06
   1.57999992       9.80214281E-07
   1.59999990       9.71834197E-07
   1.61999989       9.42294889E-07
   1.63999987       8.68799816E-07
   1.65999985       8.41019300E-07
   1.67999983       8.42592726E-07
   1.69999981       8.19851437E-07
   1.72000003       7.60579610E-07
   1.74000001       7.15490103E-07
   1.75999999       7.24315214E-07
   1.77999997       7.12217570E-07
   1.79999995       6.78716162E-07
   1.81999993       6.16309535E-07
   1.83999991       6.06978290E-07
   1.85999990       6.13877319E-07
   1.87999988       6.00617966E-07
   1.89999986       5.60882654E-07
   1.91999984       5.08249570E-07
   1.93999982       5.07511913E-07
   1.95999980       5.13775149E-07
   1.98000002       5.05584296E-07
   2.00000000       4.74063086E-07
   2.01999998       4.25269178E-07
   2.03999996       4.11995131E-07
   2.05999994       4.23044781E-07
   2.07999992       4.21622701E-07
   2.09999990       4.07583087E-07
   2.11999989       3.70279679E-07
   2.13999987       3.34322124E-07
   2.15999985       3.30349849E-07
   2.17999983       3.39350862E-07
   2.19999981       3.38782911E-07
   2.21999979       3.29422647E-07
   2.23999977       3.03340613E-07
   2.25999975       2.68681219E-07
   2.27999973       2.52706172E-07
   2.29999971       2.57207944E-07
   2.31999969       2.62540368E-07
   2.33999968       2.61233993E-07
   2.36000013       2.52921041E-07
   2.38000011       2.33846578E-07
   2.40000010       2.06807997E-07
   2.42000008       1.86823812E-07
   2.44000006       1.82555553E-07
   2.46000004       1.86320861E-07
   2.48000002       1.89365153E-07
   2.50000000       1.87894813E-07
   2.51999998       1.82657061E-07
   2.53999996       1.71855532E-07
   2.55999994       1.55468427E-07
   2.57999992       1.37329323E-07
   2.59999990       1.23778122E-07
   2.61999989       1.17248490E-07
   2.63999987       1.17005790E-07
   2.65999985       1.18006916E-07
   2.67999983       1.18217606E-07
   2.69999981       1.15576775E-07
   2.71999979       1.11176305E-07
   2.73999977       1.05031624E-07
   2.75999975       9.78485559E-08
   2.77999973       8.88970888E-08
   2.79999971       7.99279221E-08
   2.81999969       7.13285786E-08
   2.83999968       6.43073648E-08
   2.85999966       5.93889595E-08
   2.88000011       5.67144127E-08
   2.90000010       5.52546595E-08
   2.92000008       5.44273782E-08
   2.94000006       5.31019921E-08
   2.96000004       5.13619760E-08
   2.98000002       4.80968794E-08
   3.00000000       4.33671055E-08
   3.01999998       3.76669078E-08
   3.03999996       3.12736255E-08
   3.05999994       2.48960550E-08
   3.07999992       1.76773405E-08
   3.09999990       1.09638286E-07
