  -2.00000000       1.68789995E-06
  -1.98000002       6.07050765E-07
  -1.96000004       8.34749073E-07
  -1.94000006       2.07052881E-06
  -1.91999996       1.13119194E-08
  -1.89999998       1.77688014E-06
  -1.88000000       8.32362673E-07
  -1.86000001       7.06844219E-07
  -1.84000003       2.09671407E-06
  -1.82000005       5.27853317E-08
  -1.79999995       1.76824619E-06
  -1.77999997       1.01418664E-06
  -1.75999999       5.58579586E-07
  -1.74000001       2.13479893E-06
  -1.72000003       9.74772050E-08
  -1.70000005       1.81802761E-06
  -1.68000007       1.28125680E-06
  -1.65999997       4.19152485E-07
  -1.63999999       2.18330433E-06
  -1.62000000       2.12690253E-07
  -1.60000002       1.73637932E-06
  -1.58000004       1.43865088E-06
  -1.55999994       4.04422082E-07
  -1.53999996       2.44529292E-06
  -1.51999998       3.96211846E-07
  -1.50000000       1.58374326E-06
  -1.48000002       1.62830872E-06
  -1.46000004       4.55753423E-07
  -1.44000006       2.44475723E-06
  -1.42000008       4.73748429E-07
  -1.40000010       1.74022489E-06
  -1.38000000       1.99700298E-06
  -1.36000001       4.10594311E-07
  -1.34000003       2.64660730E-06
  -1.31999993       8.19986042E-07
  -1.29999995       1.58913599E-06
  -1.27999997       2.11216093E-06
  -1.25999999       6.23283029E-07
  -1.24000001       2.68369718E-06
  -1.22000003       9.05681475E-07
  -1.20000005       1.91630966E-06
  -1.18000007       2.39635983E-06
  -1.16000009       6.95052563E-07
  -1.14000010       3.19045603E-06
  -1.12000000       1.24932387E-06
  -1.10000002       1.92077573E-06
  -1.08000004       2.91852621E-06
  -1.05999994       8.48912805E-07
  -1.03999996       3.10979772E-06
  -1.01999998       1.84030250E-06
  -1.00000000       2.22664607E-06
 -0.980000019       3.22827373E-06
 -0.960000038       1.31774539E-06
 -0.940000057       2.35060270E-06
 -0.920000076       1.23107202E-06
 -0.899999976       2.27972032E-06
 -0.879999995       6.02998080E-06
 -0.860000014       6.87894453E-06
 -0.840000033       1.04576675E-05
 -0.820000052       6.52803101E-06
 -0.800000072       7.04544982E-06
 -0.779999971       1.51814038E-05
 -0.759999990       4.04071798E-05
 -0.740000010       1.01334808E-04
 -0.720000029       1.88905746E-04
 -0.700000048       3.66065069E-04
 -0.680000067       6.38143742E-04
 -0.660000086       1.13858189E-03
 -0.639999986       1.78473687E-03
 -0.620000005       2.62499531E-03
 -0.600000024       3.63934133E-03
 -0.580000043       5.70450909E-03
 -0.560000062       1.06553771E-02
 -0.540000081       2.09326316E-02
 -0.519999981       3.72400917E-02
 -0.500000000       5.52903228E-02
 -0.480000019       6.73147067E-02
 -0.460000038       6.92878664E-02
 -0.440000057       7.66457841E-02
 -0.420000076      0.127298206    
 -0.400000095      0.262750477    
 -0.379999995      0.476326674    
 -0.360000014      0.679673016    
 -0.340000033      0.734138906    
 -0.320000052      0.583329320    
 -0.300000072      0.388746470    
 -0.280000091      0.515933037    
 -0.259999990       1.27180028    
 -0.240000010       2.52287912    
 -0.220000029       3.58756804    
 -0.200000048       3.62145185    
 -0.180000067       2.41889811    
 -0.160000086      0.855967939    
 -0.139999986      0.490847081    
 -0.120000005       2.29919052    
 -0.100000024       5.58441496    
  -8.00000429E-02   8.23340130    
  -6.00000620E-02   8.14196110    
  -4.00000811E-02   5.27996063    
  -2.00001001E-02   1.55628061    
   0.00000000       1.39771905E-02
   1.99999809E-02   3.14092031E-05
   3.99999619E-02   1.07137157E-05
   5.99999428E-02   2.24724931E-06
   7.99999237E-02   1.32983951E-06
   9.99999046E-02   3.73220189E-07
  0.119999886       8.63062269E-07
  0.139999866       3.39372008E-07
  0.159999847       1.01599198E-06
  0.180000067       5.76590537E-07
  0.200000048       1.29889872E-06
  0.220000029       9.30255283E-07
  0.240000010       1.61974265E-06
  0.259999990       1.36720951E-06
  0.279999971       1.94999188E-06
  0.299999952       1.87478702E-06
  0.319999933       2.29312172E-06
  0.339999914       2.43724094E-06
  0.359999895       2.66561574E-06
  0.379999876       3.00047100E-06
  0.399999857       3.06148354E-06
  0.419999838       3.47303330E-06
  0.440000057       3.46306160E-06
  0.460000038       3.82425151E-06
  0.480000019       3.90015884E-06
  0.500000000       4.12804638E-06
  0.519999981       4.34505318E-06
  0.539999962       4.38825100E-06
  0.559999943       4.61767195E-06
  0.579999924       4.57802207E-06
  0.599999905       4.72554029E-06
  0.619999886       4.80516428E-06
  0.639999866       4.80536846E-06
  0.659999847       4.90545835E-06
  0.679999828       4.77884987E-06
  0.700000048       4.80148265E-06
  0.720000029       4.79701339E-06
  0.740000010       4.69150245E-06
  0.759999990       4.68755388E-06
  0.779999971       4.50695006E-06
  0.799999952       4.43728686E-06
  0.819999933       4.40795566E-06
  0.839999914       4.19562366E-06
  0.859999895       4.11031169E-06
  0.879999876       3.99809323E-06
  0.899999857       3.83614861E-06
  0.919999838       3.76518210E-06
  0.939999819       3.57044109E-06
  0.960000038       3.45060334E-06
  0.980000019       3.39690564E-06
   1.00000000       3.17686658E-06
   1.01999998       3.07664959E-06
   1.03999996       3.03407774E-06
   1.05999994       2.82171982E-06
   1.07999992       2.73437831E-06
   1.09999990       2.70005080E-06
   1.11999989       2.50201151E-06
   1.13999987       2.42932197E-06
   1.15999985       2.40131499E-06
   1.17999983       2.22046924E-06
   1.19999981       2.15663840E-06
   1.22000003       2.13911994E-06
   1.24000001       1.98052749E-06
   1.25999999       1.91426170E-06
   1.27999997       1.89843536E-06
   1.29999995       1.78601204E-06
   1.31999993       1.69834084E-06
   1.33999991       1.67475798E-06
   1.35999990       1.63069899E-06
   1.37999988       1.50477535E-06
   1.39999986       1.47871663E-06
   1.41999984       1.47718447E-06
   1.43999982       1.35861933E-06
   1.46000004       1.30896399E-06
   1.48000002       1.30253136E-06
   1.50000000       1.26713564E-06
   1.51999998       1.15940770E-06
   1.53999996       1.14126806E-06
   1.55999994       1.14770296E-06
   1.57999992       1.07939377E-06
   1.59999990       1.00459647E-06
   1.61999989       9.96371114E-07
   1.63999987       1.00302407E-06
   1.65999985       9.31231170E-07
   1.67999983       8.70751819E-07
   1.69999981       8.66541313E-07
   1.72000003       8.75474655E-07
   1.74000001       8.16758245E-07
   1.75999999       7.53430868E-07
   1.77999997       7.49100877E-07
   1.79999995       7.57868236E-07
   1.81999993       7.28683915E-07
   1.83999991       6.57022156E-07
   1.85999990       6.41798010E-07
   1.87999988       6.46426884E-07
   1.89999986       6.49300148E-07
   1.91999984       5.94109110E-07
   1.93999982       5.48167236E-07
   1.95999980       5.46050501E-07
   1.98000002       5.52819756E-07
   2.00000000       5.47949014E-07
   2.01999998       4.94799565E-07
   2.03999996       4.59738033E-07
   2.05999994       4.57327701E-07
   2.07999992       4.63735745E-07
   2.09999990       4.63966927E-07
   2.11999989       4.26526697E-07
   2.13999987       3.85396476E-07
   2.15999985       3.76919445E-07
   2.17999983       3.79808881E-07
   2.19999981       3.84786944E-07
   2.21999979       3.74612654E-07
   2.23999977       3.36954571E-07
   2.25999975       3.09108344E-07
   2.27999973       3.03962224E-07
   2.29999971       3.06476721E-07
   2.31999969       3.08873439E-07
   2.33999968       3.03879290E-07
   2.36000013       2.78710360E-07
   2.38000011       2.50178857E-07
   2.40000010       2.38340846E-07
   2.42000008       2.38473859E-07
   2.44000006       2.39091435E-07
   2.46000004       2.38382270E-07
   2.48000002       2.32073177E-07
   2.50000000       2.14690786E-07
   2.51999998       1.92669660E-07
   2.53999996       1.79233012E-07
   2.55999994       1.77518658E-07
   2.57999992       1.78902397E-07
   2.59999990       1.77858041E-07
   2.61999989       1.72536616E-07
   2.63999987       1.64695322E-07
   2.65999985       1.52145233E-07
   2.67999983       1.37210961E-07
   2.69999981       1.24852349E-07
   2.71999979       1.20223604E-07
   2.73999977       1.23102794E-07
   2.75999975       1.28849152E-07
   2.77999973       1.30948393E-07
   2.79999971       1.25775102E-07
   2.81999969       1.13337364E-07
   2.83999968       9.65302434E-08
   2.85999966       7.89906807E-08
   2.88000011       6.41233342E-08
   2.90000010       5.61789477E-08
   2.92000008       5.63238345E-08
   2.94000006       6.56121415E-08
   2.96000004       8.12419074E-08
   2.98000002       9.86125599E-08
   3.00000000       1.12555824E-07
   3.01999998       1.18185255E-07
   3.03999996       1.12429724E-07
   3.05999994       9.58683160E-08
   3.07999992       6.94101630E-08
   3.09999990       1.40183857E-07
