  -2.00000000       2.15188084E-06
  -1.98000002       4.94922119E-07
  -1.96000004       1.03451339E-06
  -1.94000006       1.67803319E-06
  -1.91999996       1.23540929E-07
  -1.89999998       2.28748650E-06
  -1.88000000       2.45826470E-07
  -1.86000001       1.42445867E-06
  -1.84000003       1.41730004E-06
  -1.82000005       3.72019429E-07
  -1.79999995       2.16406261E-06
  -1.77999997       9.33638660E-08
  -1.75999999       1.90979245E-06
  -1.74000001       1.07638562E-06
  -1.72000003       6.65658774E-07
  -1.70000005       2.04970183E-06
  -1.68000007       7.95661208E-08
  -1.65999997       2.23802931E-06
  -1.63999999       7.10437291E-07
  -1.62000000       1.11276302E-06
  -1.60000002       1.98393718E-06
  -1.58000004       2.05054704E-07
  -1.55999994       2.31468994E-06
  -1.53999996       4.45593002E-07
  -1.51999998       1.68621568E-06
  -1.50000000       1.67808412E-06
  -1.48000002       4.72352184E-07
  -1.46000004       2.59468857E-06
  -1.44000006       3.52461512E-07
  -1.42000008       2.01422336E-06
  -1.40000010       1.33956405E-06
  -1.38000000       9.91517709E-07
  -1.36000001       2.43557520E-06
  -1.34000003       3.39958319E-07
  -1.31999993       2.71648219E-06
  -1.29999995       1.07933465E-06
  -1.27999997       1.48624383E-06
  -1.25999999       2.51415804E-06
  -1.24000001       5.77097694E-07
  -1.22000003       2.80829818E-06
  -1.20000005       9.28939585E-07
  -1.18000007       2.17202091E-06
  -1.16000009       2.01772013E-06
  -1.14000010       1.19170033E-06
  -1.12000000       3.16673686E-06
  -1.10000002       7.55178235E-07
  -1.08000004       3.06680772E-06
  -1.05999994       1.87574756E-06
  -1.03999996       1.73177182E-06
  -1.01999998       3.57819295E-06
  -1.00000000       1.13651186E-06
 -0.980000019       3.50750202E-06
 -0.960000038       1.36395965E-06
 -0.940000057       1.64124322E-06
 -0.920000076       2.75413868E-06
 -0.899999976       2.34796175E-06
 -0.879999995       7.06196488E-06
 -0.860000014       5.40351175E-06
 -0.840000033       7.56543068E-06
 -0.820000052       3.02413991E-06
 -0.800000072       5.20764388E-06
 -0.779999971       1.55596426E-05
 -0.759999990       3.90399036E-05
 -0.740000010       9.13969998E-05
 -0.720000029       1.64241166E-04
 -0.700000048       3.31983203E-04
 -0.680000067       5.92063006E-04
 -0.660000086       1.05394598E-03
 -0.639999986       1.55514712E-03
 -0.620000005       2.10305257E-03
 -0.600000024       2.75861728E-03
 -0.580000043       4.63933684E-03
 -0.560000062       9.85335559E-03
 -0.540000081       2.04654336E-02
 -0.519999981       3.60626318E-02
 -0.500000000       5.05565740E-02
 -0.480000019       5.59971221E-02
 -0.460000038       5.12097888E-02
 -0.440000057       5.74606359E-02
 -0.420000076      0.116335832    
 -0.400000095      0.263948888    
 -0.379999995      0.478147686    
 -0.360000014      0.654652715    
 -0.340000033      0.658020377    
 -0.320000052      0.462503105    
 -0.300000072      0.272558153    
 -0.280000091      0.469133705    
 -0.259999990       1.31948638    
 -0.240000010       2.61207056    
 -0.220000029       3.61262727    
 -0.200000048       3.50743818    
 -0.180000067       2.19650459    
 -0.160000086      0.655532598    
 -0.139999986      0.447401226    
 -0.120000005       2.45007563    
 -0.100000024       5.84555912    
  -8.00000429E-02   8.47677517    
  -6.00000620E-02   8.28917027    
  -4.00000811E-02   5.33666515    
  -2.00001001E-02   1.56680858    
   0.00000000       1.40351858E-02
   1.99999809E-02   3.37218080E-05
   3.99999619E-02   8.83112443E-06
   5.99999428E-02   3.62067112E-06
   7.99999237E-02   2.66859416E-07
   9.99999046E-02   1.25242320E-06
  0.119999886       7.39504316E-08
  0.139999866       9.87810267E-07
  0.159999847       3.70826427E-07
  0.180000067       1.06043217E-06
  0.200000048       7.71286352E-07
  0.220000029       1.24963628E-06
  0.240000010       1.22485562E-06
  0.259999990       1.49789730E-06
  0.279999971       1.70835608E-06
  0.299999952       1.79043525E-06
  0.319999933       2.20540232E-06
  0.339999914       2.14011675E-06
  0.359999895       2.69838870E-06
  0.379999876       2.56717931E-06
  0.399999857       3.14142949E-06
  0.419999838       3.04671335E-06
  0.440000057       3.46926026E-06
  0.460000038       3.52727011E-06
  0.480000019       3.70091971E-06
  0.500000000       3.99621149E-06
  0.519999981       3.95904408E-06
  0.539999962       4.38765255E-06
  0.559999943       4.25101643E-06
  0.579999924       4.54000610E-06
  0.599999905       4.51459709E-06
  0.619999886       4.55273539E-06
  0.639999866       4.77573849E-06
  0.659999847       4.61105947E-06
  0.679999828       4.81985307E-06
  0.700000048       4.64442064E-06
  0.720000029       4.63835795E-06
  0.740000010       4.72588454E-06
  0.759999990       4.51133610E-06
  0.779999971       4.58381692E-06
  0.799999952       4.39048881E-06
  0.819999933       4.29563852E-06
  0.839999914       4.33328751E-06
  0.859999895       4.06554955E-06
  0.879999876       4.01358557E-06
  0.899999857       3.92698394E-06
  0.919999838       3.73314583E-06
  0.939999819       3.69680379E-06
  0.960000038       3.50610753E-06
  0.980000019       3.38036079E-06
   1.00000000       3.34615493E-06
   1.01999998       3.12618226E-06
   1.03999996       3.03340562E-06
   1.05999994       2.99159228E-06
   1.07999992       2.79060919E-06
   1.09999990       2.70900000E-06
   1.11999989       2.66405777E-06
   1.13999987       2.48894867E-06
   1.15999985       2.41475118E-06
   1.17999983       2.37248923E-06
   1.19999981       2.21934761E-06
   1.22000003       2.15479668E-06
   1.24000001       2.10951157E-06
   1.25999999       1.98557109E-06
   1.27999997       1.92898233E-06
   1.29999995       1.87263925E-06
   1.31999993       1.78337370E-06
   1.33999991       1.72973785E-06
   1.35999990       1.66047835E-06
   1.37999988       1.61196670E-06
   1.39999986       1.54621944E-06
   1.41999984       1.48423715E-06
   1.43999982       1.45122249E-06
   1.46000004       1.38139603E-06
   1.48000002       1.34786887E-06
   1.50000000       1.28499937E-06
   1.51999998       1.25253291E-06
   1.53999996       1.21165215E-06
   1.55999994       1.15999137E-06
   1.57999992       1.12319310E-06
   1.59999990       1.08375718E-06
   1.61999989       1.06364905E-06
   1.63999987       1.00321449E-06
   1.65999985       9.78132903E-07
   1.67999983       9.46013358E-07
   1.69999981       9.31835530E-07
   1.72000003       8.71309339E-07
   1.74000001       8.50447464E-07
   1.75999999       8.27522570E-07
   1.77999997       8.18102876E-07
   1.79999995       7.63977539E-07
   1.81999993       7.35724370E-07
   1.83999991       7.21995661E-07
   1.85999990       7.16684269E-07
   1.87999988       6.79789878E-07
   1.89999986       6.34561445E-07
   1.91999984       6.26783049E-07
   1.93999982       6.20220874E-07
   1.95999980       6.11856933E-07
   1.98000002       5.61223601E-07
   2.00000000       5.35880076E-07
   2.01999998       5.31852720E-07
   2.03999996       5.32529782E-07
   2.05999994       5.19412310E-07
   2.07999992       4.70524014E-07
   2.09999990       4.48325352E-07
   2.11999989       4.47370013E-07
   2.13999987       4.51471294E-07
   2.15999985       4.45507283E-07
   2.17999983       4.04862988E-07
   2.19999981       3.72313650E-07
   2.21999979       3.68924589E-07
   2.23999977       3.73700118E-07
   2.25999975       3.78867639E-07
   2.27999973       3.61280087E-07
   2.29999971       3.20640709E-07
   2.31999969       2.96850772E-07
   2.33999968       2.97362078E-07
   2.36000013       3.04789125E-07
   2.38000011       3.10834736E-07
   2.40000010       3.00677442E-07
   2.42000008       2.66538905E-07
   2.44000006       2.35354875E-07
   2.46000004       2.27696901E-07
   2.48000002       2.35360503E-07
   2.50000000       2.44889492E-07
   2.51999998       2.48332015E-07
   2.53999996       2.36699634E-07
   2.55999994       2.06949252E-07
   2.57999992       1.76522946E-07
   2.59999990       1.63093119E-07
   2.61999989       1.69860783E-07
   2.63999987       1.84040005E-07
   2.65999985       1.94161572E-07
   2.67999983       1.93307429E-07
   2.69999981       1.76856943E-07
   2.71999979       1.48440662E-07
   2.73999977       1.18400749E-07
   2.75999975       1.01879195E-07
   2.77999973       1.05894699E-07
   2.79999971       1.27114717E-07
   2.81999969       1.50864807E-07
   2.83999968       1.63676987E-07
   2.85999966       1.56755661E-07
   2.88000011       1.30245951E-07
   2.90000010       9.22631074E-08
   2.92000008       5.73152974E-08
   2.94000006       3.80473573E-08
   2.96000004       4.27777636E-08
   2.98000002       7.11106196E-08
   3.00000000       1.12251634E-07
   3.01999998       1.49948150E-07
   3.03999996       1.67699355E-07
   3.05999994       1.54226839E-07
   3.07999992       1.13234044E-07
   3.09999990       6.60390569E-08
