  -2.00000000       1.94019344E-06
  -1.98000002       3.88397552E-07
  -1.96000004       1.39985707E-06
  -1.94000006       1.46334003E-06
  -1.91999996       2.59855994E-07
  -1.89999998       2.29217017E-06
  -1.88000000       4.72993733E-08
  -1.86000001       1.90951073E-06
  -1.84000003       7.92998890E-07
  -1.82000005       9.54924303E-07
  -1.79999995       1.97107556E-06
  -1.77999997       1.12391348E-07
  -1.75999999       2.19439835E-06
  -1.74000001       2.59505271E-07
  -1.72000003       1.75749346E-06
  -1.70000005       1.29752209E-06
  -1.68000007       5.72113890E-07
  -1.65999997       2.24825817E-06
  -1.63999999       1.09495588E-07
  -1.62000000       2.20889069E-06
  -1.60000002       5.92424044E-07
  -1.58000004       1.46110142E-06
  -1.55999994       1.86769819E-06
  -1.53999996       3.57196114E-07
  -1.51999998       2.46074228E-06
  -1.50000000       2.92846494E-07
  -1.48000002       2.10391977E-06
  -1.46000004       1.04384526E-06
  -1.44000006       1.20779680E-06
  -1.42000008       2.35307311E-06
  -1.40000010       3.00891600E-07
  -1.38000000       2.72955867E-06
  -1.36000001       6.53815391E-07
  -1.34000003       1.92208540E-06
  -1.31999993       1.63001539E-06
  -1.29999995       1.05738570E-06
  -1.27999997       2.65932499E-06
  -1.25999999       4.38079240E-07
  -1.24000001       3.03221282E-06
  -1.22000003       1.08051665E-06
  -1.20000005       1.89586456E-06
  -1.18000007       2.47554635E-06
  -1.16000009       9.12720054E-07
  -1.14000010       3.04508899E-06
  -1.12000000       8.77529374E-07
  -1.10000002       2.85433021E-06
  -1.08000004       1.54005454E-06
  -1.05999994       2.12960913E-06
  -1.03999996       2.91006040E-06
  -1.01999998       1.26643761E-06
  -1.00000000       3.91024241E-06
 -0.980000019       9.75441367E-07
 -0.960000038       2.74482886E-06
 -0.940000057       1.91568824E-06
 -0.920000076       1.66921336E-06
 -0.899999976       5.49102788E-06
 -0.879999995       3.68926294E-06
 -0.860000014       7.78205685E-06
 -0.840000033       3.02430135E-06
 -0.820000052       3.41949772E-06
 -0.800000072       4.78707489E-06
 -0.779999971       1.40887205E-05
 -0.759999990       4.17784613E-05
 -0.740000010       7.63576973E-05
 -0.720000029       1.63067423E-04
 -0.700000048       3.03806970E-04
 -0.680000067       5.96680795E-04
 -0.660000086       9.89115797E-04
 -0.639999986       1.42898236E-03
 -0.620000005       1.75939512E-03
 -0.600000024       2.25757342E-03
 -0.580000043       4.17593447E-03
 -0.560000062       9.65095405E-03
 -0.540000081       2.06678454E-02
 -0.519999981       3.54824513E-02
 -0.500000000       4.76832390E-02
 -0.480000019       4.87671047E-02
 -0.460000038       4.07996364E-02
 -0.440000057       4.79667969E-02
 -0.420000076      0.113864921    
 -0.400000095      0.269428581    
 -0.379999995      0.481905073    
 -0.360000014      0.638808787    
 -0.340000033      0.609283268    
 -0.320000052      0.390286803    
 -0.300000072      0.210976616    
 -0.280000091      0.457519948    
 -0.259999990       1.36517596    
 -0.240000010       2.67413712    
 -0.220000029       3.62244272    
 -0.200000048       3.42631507    
 -0.180000067       2.05448437    
 -0.160000086      0.539896369    
 -0.139999986      0.436568618    
 -0.120000005       2.55341387    
 -0.100000024       6.00098038    
  -8.00000429E-02   8.60455513    
  -6.00000620E-02   8.35323715    
  -4.00000811E-02   5.35270023    
  -2.00001001E-02   1.56756854    
   0.00000000       1.40453251E-02
   1.99999809E-02   3.23829772E-05
   3.99999619E-02   1.01411897E-05
   5.99999428E-02   2.72973034E-06
   7.99999237E-02   9.95096116E-07
   9.99999046E-02   6.22344373E-07
  0.119999886       6.17823730E-07
  0.139999866       4.55892462E-07
  0.159999847       8.17572641E-07
  0.180000067       5.85102384E-07
  0.200000048       1.13616761E-06
  0.220000029       8.39807626E-07
  0.240000010       1.48897982E-06
  0.259999990       1.18821151E-06
  0.279999971       1.83395343E-06
  0.299999952       1.61684557E-06
  0.319999933       2.14697661E-06
  0.339999914       2.11567931E-06
  0.359999895       2.44207308E-06
  0.379999876       2.66522193E-06
  0.399999857       2.76262972E-06
  0.419999838       3.19602646E-06
  0.440000057       3.12338830E-06
  0.460000038       3.59502587E-06
  0.480000019       3.51372228E-06
  0.500000000       3.83521638E-06
  0.519999981       3.95088455E-06
  0.539999962       4.03818376E-06
  0.559999943       4.36261553E-06
  0.579999924       4.24488917E-06
  0.599999905       4.53926668E-06
  0.619999886       4.44590887E-06
  0.639999866       4.54075189E-06
  0.659999847       4.69616725E-06
  0.679999828       4.55106237E-06
  0.700000048       4.74209401E-06
  0.720000029       4.54855945E-06
  0.740000010       4.55554255E-06
  0.759999990       4.63026254E-06
  0.779999971       4.40479926E-06
  0.799999952       4.47938783E-06
  0.819999933       4.28700696E-06
  0.839999914       4.18599438E-06
  0.859999895       4.24074005E-06
  0.879999876       3.94845983E-06
  0.899999857       3.91053482E-06
  0.919999838       3.84905206E-06
  0.939999819       3.61937759E-06
  0.960000038       3.61017464E-06
  0.980000019       3.43206602E-06
   1.00000000       3.28024453E-06
   1.01999998       3.28344004E-06
   1.03999996       3.05216145E-06
   1.05999994       2.94945471E-06
   1.07999992       2.95235532E-06
   1.09999990       2.71659087E-06
   1.11999989       2.64192113E-06
   1.13999987       2.64087885E-06
   1.15999985       2.42123792E-06
   1.17999983       2.35978723E-06
   1.19999981       2.36024380E-06
   1.22000003       2.16344324E-06
   1.24000001       2.10468329E-06
   1.25999999       2.10735539E-06
   1.27999997       1.94286804E-06
   1.29999995       1.87868829E-06
   1.31999993       1.87585636E-06
   1.33999991       1.76263291E-06
   1.35999990       1.67216967E-06
   1.37999988       1.66186067E-06
   1.39999986       1.61631112E-06
   1.41999984       1.48899130E-06
   1.43999982       1.47372077E-06
   1.46000004       1.47019978E-06
   1.48000002       1.34971697E-06
   1.50000000       1.30919477E-06
   1.51999998       1.30548005E-06
   1.53999996       1.25856025E-06
   1.55999994       1.16280887E-06
   1.57999992       1.15286230E-06
   1.59999990       1.15287492E-06
   1.61999989       1.07104961E-06
   1.63999987       1.01957335E-06
   1.65999985       1.01439366E-06
   1.67999983       1.00838383E-06
   1.69999981       9.25602080E-07
   1.72000003       8.93960760E-07
   1.74000001       8.89288231E-07
   1.75999999       8.82014945E-07
   1.77999997       8.08260154E-07
   1.79999995       7.81966094E-07
   1.81999993       7.77728587E-07
   1.83999991       7.72834937E-07
   1.85999990       7.15056103E-07
   1.87999988       6.79630546E-07
   1.89999986       6.77344190E-07
   1.91999984       6.72882322E-07
   1.93999982       6.43138947E-07
   1.95999980       5.91642220E-07
   1.98000002       5.86971282E-07
   2.00000000       5.81164954E-07
   2.01999998       5.74106423E-07
   2.03999996       5.33022785E-07
   2.05999994       5.02357011E-07
   2.07999992       5.02798912E-07
   2.09999990       4.95270285E-07
   2.11999989       4.84844691E-07
   2.13999987       4.50174213E-07
   2.15999985       4.24925418E-07
   2.17999983       4.26833537E-07
   2.19999981       4.20205822E-07
   2.21999979       4.08171161E-07
   2.23999977       3.86261121E-07
   2.25999975       3.58597788E-07
   2.27999973       3.56037788E-07
   2.29999971       3.56555802E-07
   2.31999969       3.43397403E-07
   2.33999968       3.28561697E-07
   2.36000013       3.07627062E-07
   2.38000011       2.91411936E-07
   2.40000010       2.93605694E-07
   2.42000008       2.96060620E-07
   2.44000006       2.81347241E-07
   2.46000004       2.62127315E-07
   2.48000002       2.44926895E-07
   2.50000000       2.32151478E-07
   2.51999998       2.32285444E-07
   2.53999996       2.42272790E-07
   2.55999994       2.42244965E-07
   2.57999992       2.21364786E-07
   2.59999990       1.93521871E-07
   2.61999989       1.72791133E-07
   2.63999987       1.66444536E-07
   2.65999985       1.76009266E-07
   2.67999983       1.95544800E-07
   2.69999981       2.09018253E-07
   2.71999979       1.99518738E-07
   2.73999977       1.64827966E-07
   2.75999975       1.20940157E-07
   2.77999973       9.23167249E-08
   2.79999971       9.29400699E-08
   2.81999969       1.22344986E-07
   2.83999968       1.65470524E-07
   2.85999966       1.99768479E-07
   2.88000011       2.04437612E-07
   2.90000010       1.72701590E-07
   2.92000008       1.13815837E-07
   2.94000006       5.34743236E-08
   2.96000004       2.04318962E-08
   2.98000002       3.20737961E-08
   3.00000000       8.51652260E-08
   3.01999998       1.55587685E-07
   3.03999996       2.09333507E-07
   3.05999994       2.20322136E-07
   3.07999992       1.78068078E-07
   3.09999990       2.19483866E-07
