  -2.00000000       1.83646034E-06
  -1.98000002       3.61936316E-07
  -1.96000004       1.45682361E-06
  -1.94000006       1.45758474E-06
  -1.91999996       2.74412287E-07
  -1.89999998       2.27600958E-06
  -1.88000000       3.80312777E-08
  -1.86000001       1.95680582E-06
  -1.84000003       7.33634806E-07
  -1.82000005       1.01874082E-06
  -1.79999995       1.92979655E-06
  -1.77999997       1.39890616E-07
  -1.75999999       2.19204458E-06
  -1.74000001       2.10254626E-07
  -1.72000003       1.85487033E-06
  -1.70000005       1.19854042E-06
  -1.68000007       6.68777488E-07
  -1.65999997       2.19582535E-06
  -1.63999999       1.15903930E-07
  -1.62000000       2.25897429E-06
  -1.60000002       4.85145335E-07
  -1.58000004       1.61570676E-06
  -1.55999994       1.72115188E-06
  -1.53999996       4.58903401E-07
  -1.51999998       2.43939030E-06
  -1.50000000       2.47868343E-07
  -1.48000002       2.21880509E-06
  -1.46000004       8.72064220E-07
  -1.44000006       1.41074861E-06
  -1.42000008       2.18987861E-06
  -1.40000010       3.83589736E-07
  -1.38000000       2.76747733E-06
  -1.36000001       5.26144674E-07
  -1.34000003       2.11450856E-06
  -1.31999993       1.40478983E-06
  -1.29999995       1.27688759E-06
  -1.27999997       2.50002131E-06
  -1.25999999       4.94336405E-07
  -1.24000001       3.14071076E-06
  -1.22000003       8.43186399E-07
  -1.20000005       2.20691777E-06
  -1.18000007       2.21251207E-06
  -1.16000009       1.09608902E-06
  -1.14000010       2.95350878E-06
  -1.12000000       8.53188396E-07
  -1.10000002       3.00972829E-06
  -1.08000004       1.26912209E-06
  -1.05999994       2.47655998E-06
  -1.03999996       2.57514739E-06
  -1.01999998       1.53906171E-06
  -1.00000000       3.81105087E-06
 -0.980000019       8.64960896E-07
 -0.960000038       3.01110163E-06
 -0.940000057       1.58891316E-06
 -0.920000076       2.06249410E-06
 -0.899999976       5.22351183E-06
 -0.879999995       3.86975307E-06
 -0.860000014       7.47329614E-06
 -0.840000033       3.09284269E-06
 -0.820000052       2.97806037E-06
 -0.800000072       5.24456664E-06
 -0.779999971       1.36023145E-05
 -0.759999990       4.19441276E-05
 -0.740000010       7.56356385E-05
 -0.720000029       1.61275515E-04
 -0.700000048       3.04934772E-04
 -0.680000067       5.92479482E-04
 -0.660000086       9.89886350E-04
 -0.639999986       1.40823610E-03
 -0.620000005       1.73346954E-03
 -0.600000024       2.20498373E-03
 -0.580000043       4.14198311E-03
 -0.560000062       9.64851584E-03
 -0.540000081       2.06952021E-02
 -0.519999981       3.54474820E-02
 -0.500000000       4.73773405E-02
 -0.480000019       4.80828881E-02
 -0.460000038       3.97963449E-02
 -0.440000057       4.71846983E-02
 -0.420000076      0.113780104    
 -0.400000095      0.270180643    
 -0.379999995      0.482330650    
 -0.360000014      0.637258053    
 -0.340000033      0.604464889    
 -0.320000052      0.383398354    
 -0.300000072      0.205493242    
 -0.280000091      0.457073122    
 -0.259999990       1.37036276    
 -0.240000010       2.68029356    
 -0.220000029       3.62324524    
 -0.200000048       3.41788793    
 -0.180000067       2.04061770    
 -0.160000086      0.529036403    
 -0.139999986      0.436172307    
 -0.120000005       2.56392884    
 -0.100000024       6.01568699    
  -8.00000429E-02   8.61609077    
  -6.00000620E-02   8.35825443    
  -4.00000811E-02   5.35350227    
  -2.00001001E-02   1.56741095    
   0.00000000       1.40345357E-02
   1.99999809E-02   3.30719195E-05
   3.99999619E-02   9.40859627E-06
   5.99999428E-02   3.17693070E-06
   7.99999237E-02   6.17891487E-07
   9.99999046E-02   9.09826895E-07
  0.119999886       3.59696372E-07
  0.139999866       6.68985308E-07
  0.159999847       6.21584547E-07
  0.180000067       7.45168677E-07
  0.200000048       9.81689254E-07
  0.220000029       9.45673946E-07
  0.240000010       1.37140785E-06
  0.259999990       1.23644554E-06
  0.279999971       1.76592539E-06
  0.299999952       1.61658625E-06
  0.319999933       2.15193495E-06
  0.339999914       2.08434335E-06
  0.359999895       2.51783672E-06
  0.379999876       2.59779881E-06
  0.399999857       2.84718885E-06
  0.419999838       3.08150720E-06
  0.440000057       3.15658235E-06
  0.460000038       3.49866355E-06
  0.480000019       3.52110374E-06
  0.500000000       3.85562089E-06
  0.519999981       3.93552409E-06
  0.539999962       4.10584653E-06
  0.559999943       4.25746066E-06
  0.579999924       4.25770850E-06
  0.599999905       4.46749300E-06
  0.619999886       4.46801323E-06
  0.639999866       4.59785633E-06
  0.659999847       4.64076675E-06
  0.679999828       4.56632233E-06
  0.700000048       4.65657286E-06
  0.720000029       4.57968190E-06
  0.740000010       4.60657157E-06
  0.759999990       4.57986425E-06
  0.779999971       4.41204429E-06
  0.799999952       4.43285307E-06
  0.819999933       4.32335810E-06
  0.839999914       4.22922267E-06
  0.859999895       4.16421244E-06
  0.879999876       3.96620953E-06
  0.899999857       3.94084964E-06
  0.919999838       3.83598035E-06
  0.939999819       3.62364290E-06
  0.960000038       3.59006640E-06
  0.980000019       3.46202364E-06
   1.00000000       3.29692921E-06
   1.01999998       3.23714175E-06
   1.03999996       3.08717790E-06
   1.05999994       2.97695215E-06
   1.07999992       2.90497655E-06
   1.09999990       2.74514196E-06
   1.11999989       2.67179576E-06
   1.13999987       2.59949070E-06
   1.15999985       2.44527314E-06
   1.17999983       2.38638768E-06
   1.19999981       2.32456000E-06
   1.22000003       2.18695368E-06
   1.24000001       2.12456075E-06
   1.25999999       2.07946732E-06
   1.27999997       1.96597216E-06
   1.29999995       1.88628223E-06
   1.31999993       1.86548846E-06
   1.33999991       1.77813422E-06
   1.35999990       1.66777909E-06
   1.37999988       1.67602764E-06
   1.39999986       1.61039202E-06
   1.41999984       1.48924573E-06
   1.43999982       1.49622406E-06
   1.46000004       1.45230854E-06
   1.48000002       1.36411381E-06
   1.50000000       1.30901117E-06
   1.51999998       1.31370155E-06
   1.53999996       1.25738507E-06
   1.55999994       1.16091496E-06
   1.57999992       1.16968886E-06
   1.59999990       1.14465968E-06
   1.61999989       1.08071595E-06
   1.63999987       1.01127625E-06
   1.65999985       1.03397531E-06
   1.67999983       9.99158601E-07
   1.69999981       9.34508648E-07
   1.72000003       8.86038777E-07
   1.74000001       9.07579079E-07
   1.75999999       8.74884790E-07
   1.77999997       8.15628141E-07
   1.79999995       7.72793214E-07
   1.81999993       7.94910591E-07
   1.83999991       7.69693770E-07
   1.85999990       7.20703838E-07
   1.87999988       6.70839484E-07
   1.89999986       6.87304237E-07
   1.91999984       6.79617074E-07
   1.93999982       6.43465057E-07
   1.95999980       5.91070318E-07
   1.98000002       5.80738629E-07
   2.00000000       5.96792745E-07
   2.01999998       5.74710498E-07
   2.03999996       5.36608241E-07
   2.05999994       4.95804898E-07
   2.07999992       5.00741919E-07
   2.09999990       5.10134612E-07
   2.11999989       4.86548856E-07
   2.13999987       4.53244638E-07
   2.15999985       4.18974992E-07
   2.17999983       4.20828286E-07
   2.19999981       4.33560245E-07
   2.21999979       4.14850092E-07
   2.23999977       3.88074568E-07
   2.25999975       3.58176976E-07
   2.27999973       3.45447376E-07
   2.29999971       3.58251611E-07
   2.31999969       3.57071428E-07
   2.33999968       3.34138690E-07
   2.36000013       3.09778358E-07
   2.38000011       2.89637626E-07
   2.40000010       2.82987912E-07
   2.42000008       2.93718699E-07
   2.44000006       2.93511960E-07
   2.46000004       2.72340117E-07
   2.48000002       2.48181152E-07
   2.50000000       2.32778916E-07
   2.51999998       2.26636658E-07
   2.53999996       2.31912267E-07
   2.55999994       2.40684926E-07
   2.57999992       2.32159564E-07
   2.59999990       2.05474009E-07
   2.61999989       1.77800743E-07
   2.63999987       1.66361872E-07
   2.65999985       1.72694953E-07
   2.67999983       1.88000115E-07
   2.69999981       2.01020839E-07
   2.71999979       1.98267415E-07
   2.73999977       1.72617845E-07
   2.75999975       1.31246892E-07
   2.77999973       9.76819763E-08
   2.79999971       9.16878875E-08
   2.81999969       1.18533713E-07
   2.83999968       1.63150247E-07
   2.85999966       1.99975204E-07
   2.88000011       2.06354173E-07
   2.90000010       1.75084381E-07
   2.92000008       1.15884809E-07
   2.94000006       5.45580328E-08
   2.96000004       2.01603534E-08
   2.98000002       3.08457579E-08
   3.00000000       8.47400088E-08
   3.01999998       1.58349479E-07
   3.03999996       2.16870177E-07
   3.05999994       2.33054138E-07
   3.07999992       1.92276474E-07
   3.09999990       2.95750283E-07
