  -2.00000000       2.11775091E-06
  -1.98000002       3.93272302E-07
  -1.96000004       1.52936866E-06
  -1.94000006       1.28560532E-06
  -1.91999996       4.41431183E-07
  -1.89999998       2.18327455E-06
  -1.88000000       8.86572149E-09
  -1.86000001       2.20456036E-06
  -1.84000003       4.32534534E-07
  -1.82000005       1.37932511E-06
  -1.79999995       1.53132248E-06
  -1.77999997       4.37106110E-07
  -1.75999999       2.18938953E-06
  -1.74000001       5.84893023E-08
  -1.72000003       2.23860070E-06
  -1.70000005       5.85453336E-07
  -1.68000007       1.36985136E-06
  -1.65999997       1.64653750E-06
  -1.63999999       4.09915685E-07
  -1.62000000       2.35553853E-06
  -1.60000002       1.31240967E-07
  -1.58000004       2.30507203E-06
  -1.55999994       7.54784935E-07
  -1.53999996       1.39624842E-06
  -1.51999998       1.84399335E-06
  -1.50000000       4.63567574E-07
  -1.48000002       2.49856703E-06
  -1.46000004       2.52084135E-07
  -1.44000006       2.41932594E-06
  -1.42000008       9.28731140E-07
  -1.40000010       1.51733514E-06
  -1.38000000       2.11311794E-06
  -1.36000001       5.56425618E-07
  -1.34000003       2.74120248E-06
  -1.31999993       4.57248063E-07
  -1.29999995       2.56256476E-06
  -1.27999997       1.10570602E-06
  -1.25999999       1.76880485E-06
  -1.24000001       2.37300719E-06
  -1.22000003       7.50823006E-07
  -1.20000005       3.16902242E-06
  -1.18000007       6.77164792E-07
  -1.16000009       2.82192400E-06
  -1.14000010       1.49637253E-06
  -1.12000000       1.95732719E-06
  -1.10000002       2.50286757E-06
  -1.08000004       1.18425248E-06
  -1.05999994       3.41333089E-06
  -1.03999996       9.64069955E-07
  -1.01999998       3.63244681E-06
  -1.00000000       1.63787456E-06
 -0.980000019       2.34608547E-06
 -0.960000038       2.43961654E-06
 -0.940000057       9.60532134E-07
 -0.920000076       4.13580074E-06
 -0.899999976       2.58713590E-06
 -0.879999995       6.78729384E-06
 -0.860000014       3.71824240E-06
 -0.840000033       4.60813726E-06
 -0.820000052       1.15579712E-06
 -0.800000072       4.93806374E-06
 -0.779999971       1.64664943E-05
 -0.759999990       3.48292560E-05
 -0.740000010       7.99373156E-05
 -0.720000029       1.43376528E-04
 -0.700000048       3.16580205E-04
 -0.680000067       5.72569319E-04
 -0.660000086       9.81144956E-04
 -0.639999986       1.30426418E-03
 -0.620000005       1.53510552E-03
 -0.600000024       1.94485544E-03
 -0.580000043       3.90270120E-03
 -0.560000062       9.77396034E-03
 -0.540000081       2.08391435E-02
 -0.519999981       3.53390388E-02
 -0.500000000       4.53934819E-02
 -0.480000019       4.38802503E-02
 -0.460000038       3.38125788E-02
 -0.440000057       4.27065119E-02
 -0.420000076      0.114258148    
 -0.400000095      0.275180370    
 -0.379999995      0.485689282    
 -0.360000014      0.627016008    
 -0.340000033      0.574937940    
 -0.320000052      0.341287851    
 -0.300000072      0.173767075    
 -0.280000091      0.457490504    
 -0.259999990       1.40448356    
 -0.240000010       2.71960497    
 -0.220000029       3.62635565    
 -0.200000048       3.36481047    
 -0.180000067       1.95427477    
 -0.160000086      0.464035481    
 -0.139999986      0.436497658    
 -0.120000005       2.63007498    
 -0.100000024       6.10535526    
  -8.00000429E-02   8.68304825    
  -6.00000620E-02   8.38489342    
  -4.00000811E-02   5.35533047    
  -2.00001001E-02   1.56542659    
   0.00000000       1.40275778E-02
   1.99999809E-02   3.08326998E-05
   3.99999619E-02   1.12742391E-05
   5.99999428E-02   2.02062529E-06
   7.99999237E-02   1.38754592E-06
   9.99999046E-02   3.93483646E-07
  0.119999886       6.67382096E-07
  0.139999866       4.93650987E-07
  0.159999847       6.33445950E-07
  0.180000067       8.07049219E-07
  0.200000048       7.79488403E-07
  0.220000029       1.18451044E-06
  0.240000010       1.03031607E-06
  0.259999990       1.58086289E-06
  0.279999971       1.37029031E-06
  0.299999952       1.95710072E-06
  0.319999933       1.78557650E-06
  0.339999914       2.28742920E-06
  0.359999895       2.26284101E-06
  0.379999876       2.58520686E-06
  0.399999857       2.78407151E-06
  0.419999838       2.90272010E-06
  0.440000057       3.29132990E-06
  0.460000038       3.25773453E-06
  0.480000019       3.67124403E-06
  0.500000000       3.62586434E-06
  0.519999981       3.89252500E-06
  0.539999962       4.01763600E-06
  0.559999943       4.08422920E-06
  0.579999924       4.38011148E-06
  0.599999905       4.28442718E-06
  0.619999886       4.51547658E-06
  0.639999866       4.45872229E-06
  0.659999847       4.50236303E-06
  0.679999828       4.65946596E-06
  0.700000048       4.51747019E-06
  0.720000029       4.65204130E-06
  0.740000010       4.50687230E-06
  0.759999990       4.46155855E-06
  0.779999971       4.54720157E-06
  0.799999952       4.33133846E-06
  0.819999933       4.34764570E-06
  0.839999914       4.21857931E-06
  0.859999895       4.07802008E-06
  0.879999876       4.12428699E-06
  0.899999857       3.86965075E-06
  0.919999838       3.78104551E-06
  0.939999819       3.76666299E-06
  0.960000038       3.52945335E-06
  0.980000019       3.48119875E-06
   1.00000000       3.37039091E-06
   1.01999998       3.18996035E-06
   1.03999996       3.17001923E-06
   1.05999994       3.00017518E-06
   1.07999992       2.86383374E-06
   1.09999990       2.85886563E-06
   1.11999989       2.67332121E-06
   1.13999987       2.56232602E-06
   1.15999985       2.56577869E-06
   1.17999983       2.38482676E-06
   1.19999981       2.29085163E-06
   1.22000003       2.29488342E-06
   1.24000001       2.13733460E-06
   1.25999999       2.04785283E-06
   1.27999997       2.04474895E-06
   1.29999995       1.92849188E-06
   1.31999993       1.83093175E-06
   1.33999991       1.81721919E-06
   1.35999990       1.75512389E-06
   1.37999988       1.63481332E-06
   1.39999986       1.61105345E-06
   1.41999984       1.60178979E-06
   1.43999982       1.46956506E-06
   1.46000004       1.43220473E-06
   1.48000002       1.44106696E-06
   1.50000000       1.34793618E-06
   1.51999998       1.27928536E-06
   1.53999996       1.26784630E-06
   1.55999994       1.25656629E-06
   1.57999992       1.14961153E-06
   1.59999990       1.12378495E-06
   1.61999989       1.12848318E-06
   1.63999987       1.07745439E-06
   1.65999985       1.00119678E-06
   1.67999983       9.87710791E-07
   1.69999981       9.96078256E-07
   1.72000003       9.32197850E-07
   1.74000001       8.75288549E-07
   1.75999999       8.67947506E-07
   1.77999997       8.73610929E-07
   1.79999995       8.16481361E-07
   1.81999993       7.65786240E-07
   1.83999991       7.60459102E-07
   1.85999990       7.63685648E-07
   1.87999988       7.25836912E-07
   1.89999986       6.69132191E-07
   1.91999984       6.61977481E-07
   1.93999982       6.62411765E-07
   1.95999980       6.50439972E-07
   1.98000002       5.93403740E-07
   2.00000000       5.72641568E-07
   2.01999998       5.71404541E-07
   2.03999996       5.71335875E-07
   2.05999994       5.43119143E-07
   2.07999992       4.97894575E-07
   2.09999990       4.90955472E-07
   2.11999989       4.89186334E-07
   2.13999987       4.86070405E-07
   2.15999985       4.58739066E-07
   2.17999983       4.20990915E-07
   2.19999981       4.17191785E-07
   2.21999979       4.15695354E-07
   2.23999977       4.10471785E-07
   2.25999975       3.93008833E-07
   2.27999973       3.59713027E-07
   2.29999971       3.47647216E-07
   2.31999969       3.51606076E-07
   2.33999968       3.45984233E-07
   2.36000013       3.33377074E-07
   2.38000011       3.12663275E-07
   2.40000010       2.88771616E-07
   2.42000008       2.86125271E-07
   2.44000006       2.93856260E-07
   2.46000004       2.87701397E-07
   2.48000002       2.69601060E-07
   2.50000000       2.48165520E-07
   2.51999998       2.28710093E-07
   2.53999996       2.24232849E-07
   2.55999994       2.38793007E-07
   2.57999992       2.48746915E-07
   2.59999990       2.35085921E-07
   2.61999989       2.02634595E-07
   2.63999987       1.71358622E-07
   2.65999985       1.56911511E-07
   2.67999983       1.65896978E-07
   2.69999981       1.94827564E-07
   2.71999979       2.21941207E-07
   2.73999977       2.20855085E-07
   2.75999975       1.81799493E-07
   2.77999973       1.24294800E-07
   2.79999971       8.16148003E-08
   2.81999969       7.93864174E-08
   2.83999968       1.21296949E-07
   2.85999966       1.83384216E-07
   2.88000011       2.32483330E-07
   2.90000010       2.36820753E-07
   2.92000008       1.88615488E-07
   2.94000006       1.08309806E-07
   2.96000004       3.70747770E-08
   2.98000002       1.34197222E-08
   3.00000000       5.17366132E-08
   3.01999998       1.31572506E-07
   3.03999996       2.07828904E-07
   3.05999994       2.33426846E-07
   3.07999992       1.91688855E-07
   3.09999990       5.51689752E-08
