  -2.00000000       2.13615999E-06
  -1.98000002       3.99075645E-07
  -1.96000004       1.51899917E-06
  -1.94000006       1.28471379E-06
  -1.91999996       4.37496851E-07
  -1.89999998       2.19442632E-06
  -1.88000000       9.00270525E-09
  -1.86000001       2.19351227E-06
  -1.84000003       4.40227382E-07
  -1.82000005       1.37051620E-06
  -1.79999995       1.54588042E-06
  -1.77999997       4.24819234E-07
  -1.75999999       2.19102208E-06
  -1.74000001       6.05484161E-08
  -1.72000003       2.22400354E-06
  -1.70000005       6.01738009E-07
  -1.68000007       1.34593347E-06
  -1.65999997       1.67037490E-06
  -1.63999999       3.93730716E-07
  -1.62000000       2.36090000E-06
  -1.60000002       1.34486029E-07
  -1.58000004       2.29278021E-06
  -1.55999994       7.85869645E-07
  -1.53999996       1.35837854E-06
  -1.51999998       1.87142223E-06
  -1.50000000       4.42763138E-07
  -1.48000002       2.50416247E-06
  -1.46000004       2.58890594E-07
  -1.44000006       2.39859924E-06
  -1.42000008       9.67733968E-07
  -1.40000010       1.47351432E-06
  -1.38000000       2.15211981E-06
  -1.36000001       5.29425620E-07
  -1.34000003       2.74738750E-06
  -1.31999993       4.69046995E-07
  -1.29999995       2.52722771E-06
  -1.27999997       1.14860529E-06
  -1.25999999       1.72564751E-06
  -1.24000001       2.42091892E-06
  -1.22000003       7.11302619E-07
  -1.20000005       3.18385992E-06
  -1.18000007       6.98915642E-07
  -1.16000009       2.76941500E-06
  -1.14000010       1.55234170E-06
  -1.12000000       1.90502863E-06
  -1.10000002       2.54910560E-06
  -1.08000004       1.14145223E-06
  -1.05999994       3.42824706E-06
  -1.03999996       9.75468424E-07
  -1.01999998       3.60333479E-06
  -1.00000000       1.70389444E-06
 -0.980000019       2.26420502E-06
 -0.960000038       2.50616722E-06
 -0.940000057       9.25672794E-07
 -0.920000076       4.12818008E-06
 -0.899999976       2.61904370E-06
 -0.879999995       6.72444230E-06
 -0.860000014       3.80105234E-06
 -0.840000033       4.60525507E-06
 -0.820000052       1.14496993E-06
 -0.800000072       5.03713227E-06
 -0.779999971       1.62757206E-05
 -0.759999990       3.51224007E-05
 -0.740000010       7.98537221E-05
 -0.720000029       1.43756391E-04
 -0.700000048       3.16628051E-04
 -0.680000067       5.72428515E-04
 -0.660000086       9.82447527E-04
 -0.639999986       1.30631041E-03
 -0.620000005       1.54269033E-03
 -0.600000024       1.95187493E-03
 -0.580000043       3.90976248E-03
 -0.560000062       9.76857450E-03
 -0.540000081       2.08315104E-02
 -0.519999981       3.53440195E-02
 -0.500000000       4.54546288E-02
 -0.480000019       4.40191850E-02
 -0.460000038       3.39956805E-02
 -0.440000057       4.28417549E-02
 -0.420000076      0.114216775    
 -0.400000095      0.275006860    
 -0.379999995      0.485569745    
 -0.360000014      0.627357244    
 -0.340000033      0.575888038    
 -0.320000052      0.342621744    
 -0.300000072      0.174734890    
 -0.280000091      0.457385331    
 -0.259999990       1.40333366    
 -0.240000010       2.71830606    
 -0.220000029       3.62630820    
 -0.200000048       3.36654663    
 -0.180000067       1.95706904    
 -0.160000086      0.466071665    
 -0.139999986      0.436407119    
 -0.120000005       2.62792063    
 -0.100000024       6.10249472    
  -8.00000429E-02   8.68101597    
  -6.00000620E-02   8.38413715    
  -4.00000811E-02   5.35536098    
  -2.00001001E-02   1.56551337    
   0.00000000       1.40274148E-02
   1.99999809E-02   3.09816678E-05
   3.99999619E-02   1.11544887E-05
   5.99999428E-02   2.11227029E-06
   7.99999237E-02   1.32577907E-06
   9.99999046E-02   4.53619663E-07
  0.119999886       6.27181123E-07
  0.139999866       5.40455972E-07
  0.159999847       6.04773788E-07
  0.180000067       8.43048497E-07
  0.200000048       7.54600933E-07
  0.220000029       1.20412847E-06
  0.240000010       1.00218585E-06
  0.259999990       1.58053047E-06
  0.279999971       1.34329628E-06
  0.299999952       1.94847780E-06
  0.319999933       1.78219000E-06
  0.339999914       2.29482362E-06
  0.359999895       2.29800821E-06
  0.379999876       2.60507363E-06
  0.399999857       2.82072483E-06
  0.419999838       2.88759793E-06
  0.440000057       3.27994212E-06
  0.460000038       3.21180073E-06
  0.480000019       3.65873666E-06
  0.500000000       3.63880827E-06
  0.519999981       3.93096252E-06
  0.539999962       4.06372874E-06
  0.559999943       4.07219477E-06
  0.579999924       4.35371794E-06
  0.599999905       4.23948450E-06
  0.619999886       4.52820723E-06
  0.639999866       4.50701918E-06
  0.659999847       4.52757058E-06
  0.679999828       4.64682807E-06
  0.700000048       4.46353715E-06
  0.720000029       4.65473931E-06
  0.740000010       4.55167810E-06
  0.759999990       4.48227229E-06
  0.779999971       4.52202949E-06
  0.799999952       4.28981139E-06
  0.819999933       4.37594508E-06
  0.839999914       4.25884446E-06
  0.859999895       4.05351511E-06
  0.879999876       4.09302129E-06
  0.899999857       3.88571516E-06
  0.919999838       3.81316431E-06
  0.939999819       3.74707042E-06
  0.960000038       3.49772336E-06
  0.980000019       3.51318181E-06
   1.00000000       3.38493510E-06
   1.01999998       3.15017996E-06
   1.03999996       3.17756508E-06
   1.05999994       3.02958506E-06
   1.07999992       2.83599206E-06
   1.09999990       2.85069859E-06
   1.11999989       2.70265105E-06
   1.13999987       2.54351653E-06
   1.15999985       2.55346640E-06
   1.17999983       2.41163048E-06
   1.19999981       2.27287501E-06
   1.22000003       2.28633485E-06
   1.24000001       2.16095668E-06
   1.25999999       2.02502270E-06
   1.27999997       2.04751154E-06
   1.29999995       1.94395511E-06
   1.31999993       1.80609379E-06
   1.33999991       1.83373515E-06
   1.35999990       1.75138291E-06
   1.37999988       1.62328524E-06
   1.39999986       1.62835181E-06
   1.41999984       1.58253340E-06
   1.43999982       1.48294441E-06
   1.46000004       1.42547117E-06
   1.48000002       1.43667535E-06
   1.50000000       1.35909613E-06
   1.51999998       1.26296936E-06
   1.53999996       1.28341856E-06
   1.55999994       1.24040162E-06
   1.57999992       1.16255512E-06
   1.59999990       1.11324869E-06
   1.61999989       1.13363069E-06
   1.63999987       1.07397489E-06
   1.65999985       1.00141654E-06
   1.67999983       9.88823558E-07
   1.69999981       9.91647767E-07
   1.72000003       9.35882042E-07
   1.74000001       8.71056500E-07
   1.75999999       8.71601628E-07
   1.77999997       8.68234110E-07
   1.79999995       8.19193758E-07
   1.81999993       7.64596507E-07
   1.83999991       7.60050455E-07
   1.85999990       7.63886135E-07
   1.87999988       7.21069568E-07
   1.89999986       6.75951412E-07
   1.91999984       6.54196413E-07
   1.93999982       6.70416000E-07
   1.95999980       6.38778658E-07
   1.98000002       6.02550074E-07
   2.00000000       5.66912263E-07
   2.01999998       5.74034175E-07
   2.03999996       5.71053079E-07
   2.05999994       5.36211189E-07
   2.07999992       5.06582523E-07
   2.09999990       4.83786266E-07
   2.11999989       4.93806965E-07
   2.13999987       4.84410123E-07
   2.15999985       4.52351827E-07
   2.17999983       4.29097128E-07
   2.19999981       4.12283526E-07
   2.21999979       4.16343340E-07
   2.23999977       4.13626736E-07
   2.25999975       3.84420872E-07
   2.27999973       3.63453836E-07
   2.29999971       3.50988074E-07
   2.31999969       3.46109687E-07
   2.33999968       3.49677521E-07
   2.36000013       3.33151547E-07
   2.38000011       3.05522462E-07
   2.40000010       2.92628044E-07
   2.42000008       2.90048973E-07
   2.44000006       2.88992510E-07
   2.46000004       2.88249112E-07
   2.48000002       2.72488535E-07
   2.50000000       2.42983162E-07
   2.51999998       2.25900152E-07
   2.53999996       2.29920772E-07
   2.55999994       2.40841530E-07
   2.57999992       2.44172895E-07
   2.59999990       2.33916921E-07
   2.61999989       2.05066243E-07
   2.63999987       1.69612747E-07
   2.65999985       1.53192758E-07
   2.67999983       1.67985320E-07
   2.69999981       2.00706950E-07
   2.71999979       2.23065030E-07
   2.73999977       2.16020752E-07
   2.75999975       1.77445614E-07
   2.77999973       1.23990901E-07
   2.79999971       8.24501498E-08
   2.81999969       7.82807064E-08
   2.83999968       1.19882031E-07
   2.85999966       1.85093128E-07
   2.88000011       2.37432658E-07
   2.90000010       2.41683637E-07
   2.92000008       1.90507151E-07
   2.94000006       1.07544750E-07
   2.96000004       3.61835077E-08
   2.98000002       1.40963863E-08
   3.00000000       5.33114424E-08
   3.01999998       1.31811504E-07
   3.03999996       2.05060459E-07
   3.05999994       2.27823591E-07
   3.07999992       1.85453104E-07
   3.09999990       3.81320611E-08
