  -2.00000000       1.93745063E-06
  -1.98000002       3.09271002E-07
  -1.96000004       1.69035184E-06
  -1.94000006       1.24044504E-06
  -1.91999996       5.85233636E-07
  -1.89999998       1.99010447E-06
  -1.88000000       4.07931822E-08
  -1.86000001       2.41074213E-06
  -1.84000003       2.35976628E-07
  -1.82000005       1.65723554E-06
  -1.79999995       1.10294570E-06
  -1.77999997       8.39329118E-07
  -1.75999999       2.01601074E-06
  -1.74000001       1.17562728E-07
  -1.72000003       2.39000087E-06
  -1.70000005       2.27871283E-07
  -1.68000007       1.91790218E-06
  -1.65999997       9.57181783E-07
  -1.63999999       1.04928813E-06
  -1.62000000       2.08324241E-06
  -1.60000002       2.38670054E-07
  -1.58000004       2.44838589E-06
  -1.55999994       2.36750154E-07
  -1.53999996       2.19836784E-06
  -1.51999998       8.99010786E-07
  -1.50000000       1.35171081E-06
  -1.48000002       2.06591062E-06
  -1.46000004       4.33625871E-07
  -1.44000006       2.57625607E-06
  -1.42000008       3.21894959E-07
  -1.40000010       2.48599258E-06
  -1.38000000       8.50854519E-07
  -1.36000001       1.77501113E-06
  -1.34000003       2.07079461E-06
  -1.31999993       7.45112857E-07
  -1.29999995       2.82374526E-06
  -1.27999997       4.74455533E-07
  -1.25999999       2.77499998E-06
  -1.24000001       9.19491754E-07
  -1.22000003       2.24992641E-06
  -1.20000005       1.93593019E-06
  -1.18000007       1.28442241E-06
  -1.16000009       3.12576594E-06
  -1.14000010       6.60680087E-07
  -1.12000000       3.32471768E-06
  -1.10000002       1.07915423E-06
  -1.08000004       2.67432961E-06
  -1.05999994       2.06377285E-06
  -1.03999996       1.96545579E-06
  -1.01999998       3.07967139E-06
  -1.00000000       1.28873739E-06
 -0.980000019       3.28701435E-06
 -0.960000038       7.89828675E-07
 -0.940000057       2.97473184E-06
 -0.920000076       2.53112694E-06
 -0.899999976       4.14489432E-06
 -0.879999995       5.42313683E-06
 -0.860000014       4.17812089E-06
 -0.840000033       2.70524242E-06
 -0.820000052       2.51537585E-06
 -0.800000072       3.29047521E-06
 -0.779999971       1.79967283E-05
 -0.759999990       3.31348565E-05
 -0.740000010       7.28784871E-05
 -0.720000029       1.47655344E-04
 -0.700000048       3.01589724E-04
 -0.680000067       5.93978970E-04
 -0.660000086       9.31523682E-04
 -0.639999986       1.24699855E-03
 -0.620000005       1.33053819E-03
 -0.600000024       1.73074566E-03
 -0.580000043       3.78815131E-03
 -0.560000062       9.88247897E-03
 -0.540000081       2.12052017E-02
 -0.519999981       3.50648910E-02
 -0.500000000       4.37839702E-02
 -0.480000019       3.98965329E-02
 -0.460000038       2.88861971E-02
 -0.440000057       3.93619090E-02
 -0.420000076      0.115784958    
 -0.400000095      0.280809850    
 -0.379999995      0.488877416    
 -0.360000014      0.617759824    
 -0.340000033      0.547947884    
 -0.320000052      0.304903060    
 -0.300000072      0.148232058    
 -0.280000091      0.462541610    
 -0.259999990       1.43843842    
 -0.240000010       2.75601101    
 -0.220000029       3.62709332    
 -0.200000048       3.31501484    
 -0.180000067       1.87652910    
 -0.160000086      0.408536136    
 -0.139999986      0.441082388    
 -0.120000005       2.69104886    
 -0.100000024       6.18390417    
  -8.00000429E-02   8.73665237    
  -6.00000620E-02   8.40239906    
  -4.00000811E-02   5.35219002    
  -2.00001001E-02   1.56240809    
   0.00000000       1.39855575E-02
   1.99999809E-02   3.22766136E-05
   3.99999619E-02   1.00900534E-05
   5.99999428E-02   2.74190461E-06
   7.99999237E-02   9.69366738E-07
   9.99999046E-02   6.33455215E-07
  0.119999886       5.79954929E-07
  0.139999866       4.56697961E-07
  0.159999847       7.68179348E-07
  0.180000067       5.66386120E-07
  0.200000048       1.07950973E-06
  0.220000029       7.92528624E-07
  0.240000010       1.43241016E-06
  0.259999990       1.10567771E-06
  0.279999971       1.78263792E-06
  0.299999952       1.49878167E-06
  0.319999933       2.09592190E-06
  0.339999914       1.96651717E-06
  0.359999895       2.37365180E-06
  0.379999876       2.50054336E-06
  0.399999857       2.65121116E-06
  0.419999838       3.05097956E-06
  0.440000057       2.96329517E-06
  0.460000038       3.49683478E-06
  0.480000019       3.31602473E-06
  0.500000000       3.75813215E-06
  0.519999981       3.73660464E-06
  0.539999962       3.91889716E-06
  0.559999943       4.19826301E-06
  0.579999924       4.07888092E-06
  0.599999905       4.47342563E-06
  0.619999886       4.25105009E-06
  0.639999866       4.48387937E-06
  0.659999847       4.52396534E-06
  0.679999828       4.44636680E-06
  0.700000048       4.70339910E-06
  0.720000029       4.40904159E-06
  0.740000010       4.56038833E-06
  0.759999990       4.50342941E-06
  0.779999971       4.36008213E-06
  0.799999952       4.51339292E-06
  0.819999933       4.19280059E-06
  0.839999914       4.22153016E-06
  0.859999895       4.20969081E-06
  0.879999876       3.93940763E-06
  0.899999857       4.00353838E-06
  0.919999838       3.78717323E-06
  0.939999819       3.66512518E-06
  0.960000038       3.70285215E-06
  0.980000019       3.39854000E-06
   1.00000000       3.35900268E-06
   1.01999998       3.34636684E-06
   1.03999996       3.05830554E-06
   1.05999994       3.04744390E-06
   1.07999992       2.98640998E-06
   1.09999990       2.74968556E-06
   1.11999989       2.74772174E-06
   1.13999987       2.65947028E-06
   1.15999985       2.46762193E-06
   1.17999983       2.46401169E-06
   1.19999981       2.37809013E-06
   1.22000003       2.20775792E-06
   1.24000001       2.20231641E-06
   1.25999999       2.13958037E-06
   1.27999997       1.97217582E-06
   1.29999995       1.96479004E-06
   1.31999993       1.93186975E-06
   1.33999991       1.76742060E-06
   1.35999990       1.75390619E-06
   1.37999988       1.74003617E-06
   1.39999986       1.59725664E-06
   1.41999984       1.56436022E-06
   1.43999982       1.55544490E-06
   1.46000004       1.46956506E-06
   1.48000002       1.39015503E-06
   1.50000000       1.38170367E-06
   1.51999998       1.35799905E-06
   1.53999996       1.24591816E-06
   1.55999994       1.23316511E-06
   1.57999992       1.22073425E-06
   1.59999990       1.15844455E-06
   1.61999989       1.09322764E-06
   1.63999987       1.08578513E-06
   1.65999985       1.07162532E-06
   1.67999983       9.96112021E-07
   1.69999981       9.65760705E-07
   1.72000003       9.54431471E-07
   1.74000001       9.36357310E-07
   1.75999999       8.68358939E-07
   1.77999997       8.50268407E-07
   1.79999995       8.36616437E-07
   1.81999993       8.19338425E-07
   1.83999991       7.64733613E-07
   1.85999990       7.45641898E-07
   1.87999988       7.34413049E-07
   1.89999986       7.17433636E-07
   1.91999984       6.77932007E-07
   1.93999982       6.50480445E-07
   1.95999980       6.46179842E-07
   1.98000002       6.25568987E-07
   2.00000000       6.03934950E-07
   2.01999998       5.69034739E-07
   2.03999996       5.65408527E-07
   2.05999994       5.50342008E-07
   2.07999992       5.30297712E-07
   2.09999990       5.07532548E-07
   2.11999989       4.86594672E-07
   2.13999987       4.87464149E-07
   2.15999985       4.68138694E-07
   2.17999983       4.45910729E-07
   2.19999981       4.29383817E-07
   2.21999979       4.14462164E-07
   2.23999977       4.17336764E-07
   2.25999975       4.02586636E-07
   2.27999973       3.74524916E-07
   2.29999971       3.60322588E-07
   2.31999969       3.50665857E-07
   2.33999968       3.51934318E-07
   2.36000013       3.51766033E-07
   2.38000011       3.25737176E-07
   2.40000010       2.96395314E-07
   2.42000008       2.86152215E-07
   2.44000006       2.87800106E-07
   2.46000004       2.96488992E-07
   2.48000002       2.98962220E-07
   2.50000000       2.73158719E-07
   2.51999998       2.33788711E-07
   2.53999996       2.13996032E-07
   2.55999994       2.21529504E-07
   2.57999992       2.42822978E-07
   2.59999990       2.59650847E-07
   2.61999989       2.51484380E-07
   2.63999987       2.10094072E-07
   2.65999985       1.59430911E-07
   2.67999983       1.36754750E-07
   2.69999981       1.58284593E-07
   2.71999979       2.05126284E-07
   2.73999977       2.41190435E-07
   2.75999975       2.39063667E-07
   2.77999973       1.91130908E-07
   2.79999971       1.20013738E-07
   2.81999969       6.78372913E-08
   2.83999968       7.13382704E-08
   2.85999966       1.32827651E-07
   2.88000011       2.16153637E-07
   2.90000010       2.67077098E-07
   2.92000008       2.49625543E-07
   2.94000006       1.69775802E-07
   2.96000004       7.24497795E-08
   2.98000002       1.55873252E-08
   3.00000000       3.31070567E-08
   3.01999998       1.14071689E-07
   3.03999996       2.08649681E-07
   3.05999994       2.56282618E-07
   3.07999992       2.21807994E-07
   3.09999990       1.90474140E-07
