  -2.00000000       1.81223072E-06
  -1.98000002       2.08783575E-07
  -1.96000004       1.82103054E-06
  -1.94000006       1.17707691E-06
  -1.91999996       7.79400409E-07
  -1.89999998       1.77517950E-06
  -1.88000000       1.41836495E-07
  -1.86000001       2.49051595E-06
  -1.84000003       7.92611417E-08
  -1.82000005       1.98593102E-06
  -1.79999995       6.71290252E-07
  -1.77999997       1.30941248E-06
  -1.75999999       1.61292166E-06
  -1.74000001       4.49710569E-07
  -1.72000003       2.30952583E-06
  -1.70000005       7.71829178E-08
  -1.68000007       2.31085642E-06
  -1.65999997       3.52073641E-07
  -1.63999999       1.85544081E-06
  -1.62000000       1.31580578E-06
  -1.60000002       8.58912870E-07
  -1.58000004       2.13002522E-06
  -1.55999994       2.81512428E-07
  -1.53999996       2.49858022E-06
  -1.51999998       2.13660030E-07
  -1.50000000       2.41128396E-06
  -1.48000002       9.54192274E-07
  -1.46000004       1.43627074E-06
  -1.44000006       1.91238564E-06
  -1.42000008       6.79966092E-07
  -1.40000010       2.51155052E-06
  -1.38000000       3.19352154E-07
  -1.36000001       2.89783452E-06
  -1.34000003       6.41770100E-07
  -1.31999993       2.24533574E-06
  -1.29999995       1.69236182E-06
  -1.27999997       1.21914422E-06
  -1.25999999       2.46452282E-06
  -1.24000001       7.58279157E-07
  -1.22000003       3.00415286E-06
  -1.20000005       5.65457697E-07
  -1.18000007       3.16489468E-06
  -1.16000009       1.27926444E-06
  -1.14000010       2.18895593E-06
  -1.12000000       2.52980317E-06
  -1.10000002       1.20347318E-06
  -1.08000004       3.20130198E-06
  -1.05999994       1.02654894E-06
  -1.03999996       3.43492684E-06
  -1.01999998       1.21608605E-06
  -1.00000000       3.21275547E-06
 -0.980000019       1.48507888E-06
 -0.960000038       1.99636656E-06
 -0.940000057       2.99449835E-06
 -0.920000076       1.75749312E-06
 -0.899999976       6.09351900E-06
 -0.879999995       2.70830310E-06
 -0.860000014       5.55954011E-06
 -0.840000033       1.03184982E-06
 -0.820000052       1.50360597E-06
 -0.800000072       6.49750200E-06
 -0.779999971       1.27381854E-05
 -0.759999990       3.69550544E-05
 -0.740000010       6.31144721E-05
 -0.720000029       1.47889659E-04
 -0.700000048       3.06774979E-04
 -0.680000067       5.86716342E-04
 -0.660000086       9.23469895E-04
 -0.639999986       1.11826626E-03
 -0.620000005       1.16016134E-03
 -0.600000024       1.46790524E-03
 -0.580000043       3.75213753E-03
 -0.560000062       1.01311430E-02
 -0.540000081       2.16493774E-02
 -0.519999981       3.48727629E-02
 -0.500000000       4.17430103E-02
 -0.480000019       3.55669707E-02
 -0.460000038       2.34760866E-02
 -0.440000057       3.66972387E-02
 -0.420000076      0.118617013    
 -0.400000095      0.288539022    
 -0.379999995      0.492616177    
 -0.360000014      0.607001901    
 -0.340000033      0.517023325    
 -0.320000052      0.265076816    
 -0.300000072      0.123363592    
 -0.280000091      0.472968340    
 -0.259999990       1.48163891    
 -0.240000010       2.79723597    
 -0.220000029       3.62655044    
 -0.200000048       3.25511599    
 -0.180000067       1.78882980    
 -0.160000086      0.348970056    
 -0.139999986      0.450763196    
 -0.120000005       2.76293778    
 -0.100000024       6.26935911    
  -8.00000429E-02   8.79119396    
  -6.00000620E-02   8.41383553    
  -4.00000811E-02   5.34383631    
  -2.00001001E-02   1.55730569    
   0.00000000       1.39352484E-02
   1.99999809E-02   3.12441189E-05
   3.99999619E-02   1.06819680E-05
   5.99999428E-02   2.37065228E-06
   7.99999237E-02   1.10952078E-06
   9.99999046E-02   6.02213333E-07
  0.119999886       4.79136474E-07
  0.139999866       6.23753294E-07
  0.159999847       4.89915578E-07
  0.180000067       8.81537403E-07
  0.200000048       6.60060323E-07
  0.220000029       1.21247774E-06
  0.240000010       9.20836158E-07
  0.259999990       1.56818123E-06
  0.279999971       1.25756151E-06
  0.299999952       1.90936271E-06
  0.319999933       1.66594236E-06
  0.339999914       2.20871948E-06
  0.359999895       2.14683610E-06
  0.379999876       2.47805997E-06
  0.399999857       2.68683357E-06
  0.419999838       2.75688990E-06
  0.440000057       3.21247626E-06
  0.460000038       3.06573588E-06
  0.480000019       3.59524506E-06
  0.500000000       3.41981854E-06
  0.519999981       3.80532015E-06
  0.539999962       3.85736575E-06
  0.559999943       3.95309189E-06
  0.579999924       4.28650037E-06
  0.599999905       4.09191898E-06
  0.619999886       4.46485410E-06
  0.639999866       4.27588338E-06
  0.659999847       4.44181660E-06
  0.679999828       4.56390353E-06
  0.700000048       4.38944789E-06
  0.720000029       4.64005279E-06
  0.740000010       4.36522942E-06
  0.759999990       4.46085460E-06
  0.779999971       4.49319259E-06
  0.799999952       4.25350845E-06
  0.819999933       4.39716086E-06
  0.839999914       4.13378211E-06
  0.859999895       4.10242774E-06
  0.879999876       4.14884789E-06
  0.899999857       3.82066037E-06
  0.919999838       3.86691318E-06
  0.939999819       3.75235004E-06
  0.960000038       3.54230997E-06
  0.980000019       3.57873228E-06
   1.00000000       3.34443189E-06
   1.01999998       3.24932398E-06
   1.03999996       3.25620385E-06
   1.05999994       2.98424629E-06
   1.07999992       2.94682991E-06
   1.09999990       2.92839377E-06
   1.11999989       2.67075825E-06
   1.13999987       2.65452150E-06
   1.15999985       2.62161939E-06
   1.17999983       2.39351584E-06
   1.19999981       2.38275516E-06
   1.22000003       2.34720528E-06
   1.24000001       2.14574152E-06
   1.25999999       2.13368389E-06
   1.27999997       2.10621647E-06
   1.29999995       1.92879475E-06
   1.31999993       1.90744095E-06
   1.33999991       1.88856529E-06
   1.35999990       1.74708180E-06
   1.37999988       1.70459361E-06
   1.39999986       1.68595125E-06
   1.41999984       1.59871740E-06
   1.43999982       1.51758422E-06
   1.46000004       1.50533992E-06
   1.48000002       1.46937532E-06
   1.50000000       1.35639914E-06
   1.51999998       1.34905702E-06
   1.53999996       1.32658056E-06
   1.55999994       1.24563735E-06
   1.57999992       1.20113714E-06
   1.59999990       1.18430830E-06
   1.61999989       1.15804551E-06
   1.63999987       1.07412257E-06
   1.65999985       1.06531786E-06
   1.67999983       1.03981620E-06
   1.69999981       1.00333432E-06
   1.72000003       9.43993427E-07
   1.74000001       9.38465064E-07
   1.75999999       9.12154064E-07
   1.77999997       8.75402861E-07
   1.79999995       8.31658838E-07
   1.81999993       8.24855306E-07
   1.83999991       7.98414987E-07
   1.85999990       7.70373902E-07
   1.87999988       7.31505224E-07
   1.89999986       7.27829615E-07
   1.91999984       6.97943449E-07
   1.93999982       6.78755669E-07
   1.95999980       6.43676117E-07
   1.98000002       6.39935934E-07
   2.00000000       6.16264856E-07
   2.01999998       5.93071832E-07
   2.03999996       5.71208830E-07
   2.05999994       5.55556880E-07
   2.07999992       5.51927371E-07
   2.09999990       5.19323748E-07
   2.11999989       5.01398404E-07
   2.13999987       4.85732926E-07
   2.15999985       4.80920392E-07
   2.17999983       4.73313662E-07
   2.19999981       4.38656343E-07
   2.21999979       4.20717583E-07
   2.23999977       4.13130692E-07
   2.25999975       4.12702320E-07
   2.27999973       4.09251982E-07
   2.29999971       3.76779241E-07
   2.31999969       3.48250097E-07
   2.33999968       3.44731944E-07
   2.36000013       3.48851415E-07
   2.38000011       3.53683760E-07
   2.40000010       3.38274162E-07
   2.42000008       2.97121915E-07
   2.44000006       2.72564023E-07
   2.46000004       2.78245238E-07
   2.48000002       2.95148908E-07
   2.50000000       3.05328086E-07
   2.51999998       2.88509824E-07
   2.53999996       2.42350950E-07
   2.55999994       2.02156784E-07
   2.57999992       2.04396429E-07
   2.59999990       2.38432705E-07
   2.61999989       2.68693896E-07
   2.63999987       2.67224124E-07
   2.65999985       2.24670757E-07
   2.67999983       1.61609748E-07
   2.69999981       1.23419753E-07
   2.71999979       1.43900849E-07
   2.73999977       2.08340452E-07
   2.75999975       2.64425410E-07
   2.77999973       2.63338762E-07
   2.79999971       1.98400699E-07
   2.81999969       1.10241231E-07
   2.83999968       5.50965886E-08
   2.85999966       7.44917799E-08
   2.88000011       1.59643875E-07
   2.90000010       2.55839240E-07
   2.92000008       2.94751885E-07
   2.94000006       2.43974569E-07
   2.96000004       1.31930250E-07
   2.98000002       3.28895524E-08
   3.00000000       1.40862033E-08
   3.01999998       8.96443879E-08
   3.03999996       2.08610786E-07
   3.05999994       2.90273903E-07
   3.07999992       2.72499904E-07
   3.09999990       3.61345002E-07
