  -2.00000000       2.35967877E-06
  -1.98000002       2.26676832E-07
  -1.96000004       1.73148123E-06
  -1.94000006       9.72149905E-07
  -1.91999996       1.06319885E-06
  -1.89999998       1.69759062E-06
  -1.88000000       2.67543555E-07
  -1.86000001       2.33996752E-06
  -1.84000003       1.93049114E-08
  -1.82000005       2.29656439E-06
  -1.79999995       3.32679861E-07
  -1.77999997       1.72187413E-06
  -1.75999999       1.16361900E-06
  -1.74000001       9.29534565E-07
  -1.72000003       1.89244338E-06
  -1.70000005       2.63529643E-07
  -1.68000007       2.48717129E-06
  -1.65999997       9.52826440E-08
  -1.63999999       2.31325771E-06
  -1.62000000       5.44695808E-07
  -1.60000002       1.73741114E-06
  -1.58000004       1.36393226E-06
  -1.55999994       9.15428984E-07
  -1.53999996       2.21790606E-06
  -1.51999998       3.00939860E-07
  -1.50000000       2.59944568E-06
  -1.48000002       2.46367449E-07
  -1.46000004       2.50835137E-06
  -1.44000006       7.79145807E-07
  -1.42000008       1.81702842E-06
  -1.40000010       1.69796442E-06
  -1.38000000       9.84579287E-07
  -1.36000001       2.48103879E-06
  -1.34000003       4.82207838E-07
  -1.31999993       2.96867665E-06
  -1.29999995       4.47377062E-07
  -1.27999997       2.77265326E-06
  -1.25999999       1.12483974E-06
  -1.24000001       2.02274646E-06
  -1.22000003       2.01381840E-06
  -1.20000005       1.27919918E-06
  -1.18000007       2.89317973E-06
  -1.16000009       7.48686489E-07
  -1.14000010       3.39498024E-06
  -1.12000000       7.69515395E-07
  -1.10000002       3.16693763E-06
  -1.08000004       1.50165181E-06
  -1.05999994       2.48568085E-06
  -1.03999996       2.51331244E-06
  -1.01999998       1.78940422E-06
  -1.00000000       3.05998151E-06
 -0.980000019       9.62984132E-07
 -0.960000038       3.20615254E-06
 -0.940000057       1.13962994E-06
 -0.920000076       4.40865415E-06
 -0.899999976       2.97100996E-06
 -0.879999995       5.29424597E-06
 -0.860000014       2.16169292E-06
 -0.840000033       2.41246607E-06
 -0.820000052       8.31959653E-07
 -0.800000072       5.46162937E-06
 -0.779999971       1.60597992E-05
 -0.759999990       2.77989002E-05
 -0.740000010       6.96930365E-05
 -0.720000029       1.35132184E-04
 -0.700000048       3.26367619E-04
 -0.680000067       5.79717453E-04
 -0.660000086       9.03000822E-04
 -0.639999986       1.01790531E-03
 -0.620000005       9.53203009E-04
 -0.600000024       1.31496997E-03
 -0.580000043       3.71405575E-03
 -0.560000062       1.05764251E-02
 -0.540000081       2.20617820E-02
 -0.519999981       3.47721279E-02
 -0.500000000       3.96527648E-02
 -0.480000019       3.14357057E-02
 -0.460000038       1.88123006E-02
 -0.440000057       3.48962545E-02
 -0.420000076      0.123056635    
 -0.400000095      0.296530634    
 -0.379999995      0.497039855    
 -0.360000014      0.595577478    
 -0.340000033      0.487658173    
 -0.320000052      0.228275105    
 -0.300000072      0.103462748    
 -0.280000091      0.488707602    
 -0.259999990       1.52617502    
 -0.240000010       2.83840799    
 -0.220000029       3.62249327    
 -0.200000048       3.19595861    
 -0.180000067       1.70415342    
 -0.160000086      0.295741946    
 -0.139999986      0.465049058    
 -0.120000005       2.83344603    
 -0.100000024       6.34907866    
  -8.00000429E-02   8.83561611    
  -6.00000620E-02   8.41758633    
  -4.00000811E-02   5.33025980    
  -2.00001001E-02   1.55099726    
   0.00000000       1.38680348E-02
   1.99999809E-02   3.18414677E-05
   3.99999619E-02   1.00941561E-05
   5.99999428E-02   2.62904496E-06
   7.99999237E-02   1.00261650E-06
   9.99999046E-02   5.79825667E-07
  0.119999886       5.85753014E-07
  0.139999866       4.21579898E-07
  0.159999847       7.41748408E-07
  0.180000067       5.35696017E-07
  0.200000048       1.01770695E-06
  0.220000029       7.50389518E-07
  0.240000010       1.34198933E-06
  0.259999990       1.03897332E-06
  0.279999971       1.68612860E-06
  0.299999952       1.40725808E-06
  0.319999933       2.02624324E-06
  0.339999914       1.85701219E-06
  0.359999895       2.33458445E-06
  0.379999876       2.36104211E-06
  0.399999857       2.59081048E-06
  0.419999838       2.86196519E-06
  0.440000057       2.83063582E-06
  0.460000038       3.31879141E-06
  0.480000019       3.14916929E-06
  0.500000000       3.68480323E-06
  0.519999981       3.56811233E-06
  0.539999962       3.87691261E-06
  0.559999943       3.97543818E-06
  0.579999924       3.94158405E-06
  0.599999905       4.30691080E-06
  0.619999886       4.10263465E-06
  0.639999866       4.47946104E-06
  0.659999847       4.34958883E-06
  0.679999828       4.38491770E-06
  0.700000048       4.53342591E-06
  0.720000029       4.31022727E-06
  0.740000010       4.59123157E-06
  0.759999990       4.38043298E-06
  0.779999971       4.34754929E-06
  0.799999952       4.41197881E-06
  0.819999933       4.15462000E-06
  0.839999914       4.31420631E-06
  0.859999895       4.10443454E-06
  0.879999876       3.94443850E-06
  0.899999857       4.04166349E-06
  0.919999838       3.77149399E-06
  0.939999819       3.74512047E-06
  0.960000038       3.66441714E-06
  0.980000019       3.42944168E-06
   1.00000000       3.48527237E-06
   1.01999998       3.29521026E-06
   1.03999996       3.11020744E-06
   1.05999994       3.17206423E-06
   1.07999992       2.95372138E-06
   1.09999990       2.81714620E-06
   1.11999989       2.84962925E-06
   1.13999987       2.64825417E-06
   1.15999985       2.54132351E-06
   1.17999983       2.55148143E-06
   1.19999981       2.37671998E-06
   1.22000003       2.28189674E-06
   1.24000001       2.28755812E-06
   1.25999999       2.13414683E-06
   1.27999997       2.04359048E-06
   1.29999995       2.05607466E-06
   1.31999993       1.92021002E-06
   1.33999991       1.83148063E-06
   1.35999990       1.84482212E-06
   1.37999988       1.73496278E-06
   1.39999986       1.65023766E-06
   1.41999984       1.64598555E-06
   1.43999982       1.57239447E-06
   1.46000004       1.49787832E-06
   1.48000002       1.45797299E-06
   1.50000000       1.43588545E-06
   1.51999998       1.35837706E-06
   1.53999996       1.30163244E-06
   1.55999994       1.29987791E-06
   1.57999992       1.23233110E-06
   1.59999990       1.18641026E-06
   1.61999989       1.15077421E-06
   1.63999987       1.13284716E-06
   1.65999985       1.07597361E-06
   1.67999983       1.03921036E-06
   1.69999981       1.01837850E-06
   1.72000003       9.82596134E-07
   1.74000001       9.47729689E-07
   1.75999999       9.13789393E-07
   1.77999997       8.95977792E-07
   1.79999995       8.58229555E-07
   1.81999993       8.35014589E-07
   1.83999991       8.06054572E-07
   1.85999990       7.86281134E-07
   1.87999988       7.52716460E-07
   1.89999986       7.34982791E-07
   1.91999984       7.16364980E-07
   1.93999982       6.89022272E-07
   1.95999980       6.62174955E-07
   1.98000002       6.40974974E-07
   2.00000000       6.38827487E-07
   2.01999998       6.07788252E-07
   2.03999996       5.84785653E-07
   2.05999994       5.55904819E-07
   2.07999992       5.59427235E-07
   2.09999990       5.48979187E-07
   2.11999989       5.16499142E-07
   2.13999987       4.90776301E-07
   2.15999985       4.72269676E-07
   2.17999983       4.85527096E-07
   2.19999981       4.74208036E-07
   2.21999979       4.39558193E-07
   2.23999977       4.11476634E-07
   2.25999975       3.97330865E-07
   2.27999973       4.14317668E-07
   2.29999971       4.16160987E-07
   2.31999969       3.81339134E-07
   2.33999968       3.46127308E-07
   2.36000013       3.27594535E-07
   2.38000011       3.38023597E-07
   2.40000010       3.62780384E-07
   2.42000008       3.49843219E-07
   2.44000006       3.03917631E-07
   2.46000004       2.66596459E-07
   2.48000002       2.58320796E-07
   2.50000000       2.84424232E-07
   2.51999998       3.16827993E-07
   2.53999996       3.07418333E-07
   2.55999994       2.50806863E-07
   2.57999992       1.97907312E-07
   2.59999990       1.88384135E-07
   2.61999989       2.23486708E-07
   2.63999987       2.73943499E-07
   2.65999985       2.89362077E-07
   2.67999983       2.41532405E-07
   2.69999981       1.59683907E-07
   2.71999979       1.11799302E-07
   2.73999977       1.39000932E-07
   2.75999975       2.17857590E-07
   2.77999973       2.82515373E-07
   2.79999971       2.75696948E-07
   2.81999969       1.93863656E-07
   2.83999968       8.98589363E-08
   2.85999966       4.40324044E-08
   2.88000011       9.80325794E-08
   2.90000010       2.18606047E-07
   2.92000008       3.16814550E-07
   2.94000006       3.14188668E-07
   2.96000004       2.07681822E-07
   2.98000002       7.19623827E-08
   3.00000000       6.45350040E-09
   3.01999998       5.84212856E-08
   3.03999996       1.85164069E-07
   3.05999994       2.84537435E-07
   3.07999992       2.75034893E-07
   3.09999990       7.59233387E-08
