  -2.00000000       2.32348089E-06
  -1.98000002       1.29728576E-07
  -1.96000004       1.92901302E-06
  -1.94000006       7.33280842E-07
  -1.91999996       1.36787776E-06
  -1.89999998       1.43119132E-06
  -1.88000000       6.56250393E-07
  -1.86000001       2.03590025E-06
  -1.84000003       1.29371344E-07
  -1.82000005       2.44058765E-06
  -1.79999995       3.24348903E-08
  -1.77999997       2.31876788E-06
  -1.75999999       4.26381973E-07
  -1.74000001       1.78786115E-06
  -1.72000003       9.96287554E-07
  -1.70000005       1.18887124E-06
  -1.68000007       1.81988776E-06
  -1.65999997       4.57320851E-07
  -1.63999999       2.40050895E-06
  -1.62000000       1.54195192E-07
  -1.60000002       2.50579455E-06
  -1.58000004       2.05334928E-07
  -1.55999994       2.41928910E-06
  -1.53999996       7.52792971E-07
  -1.51999998       1.69136365E-06
  -1.50000000       1.50360506E-06
  -1.48000002       1.04940614E-06
  -1.46000004       2.15477962E-06
  -1.44000006       5.15011891E-07
  -1.42000008       2.86636805E-06
  -1.40000010       2.57898989E-07
  -1.38000000       2.78353536E-06
  -1.36000001       6.18461229E-07
  -1.34000003       2.39143492E-06
  -1.31999993       1.10479152E-06
  -1.29999995       1.94697986E-06
  -1.27999997       2.05480114E-06
  -1.25999999       1.13251758E-06
  -1.24000001       2.93098810E-06
  -1.22000003       6.31497414E-07
  -1.20000005       3.10524410E-06
  -1.18000007       7.16459738E-07
  -1.16000009       3.13581177E-06
  -1.14000010       9.21913340E-07
  -1.12000000       2.98098053E-06
  -1.10000002       1.72258376E-06
  -1.08000004       2.20913648E-06
  -1.05999994       2.89036916E-06
  -1.03999996       1.42574402E-06
  -1.01999998       3.36950416E-06
  -1.00000000       1.02082117E-06
 -0.980000019       3.05854996E-06
 -0.960000038       9.71345912E-07
 -0.940000057       3.68795645E-06
 -0.920000076       2.05841093E-06
 -0.899999976       5.12374936E-06
 -0.879999995       2.22918106E-06
 -0.860000014       3.35456548E-06
 -0.840000033       1.23777127E-07
 -0.820000052       1.90597029E-06
 -0.800000072       6.52027438E-06
 -0.779999971       1.11840000E-05
 -0.759999990       3.06884976E-05
 -0.740000010       5.43740680E-05
 -0.720000029       1.55740272E-04
 -0.700000048       3.25950648E-04
 -0.680000067       6.09479088E-04
 -0.660000086       8.38338747E-04
 -0.639999986       8.36285530E-04
 -0.620000005       6.61571627E-04
 -0.600000024       1.05856452E-03
 -0.580000043       3.99465766E-03
 -0.560000062       1.13812471E-02
 -0.540000081       2.31670123E-02
 -0.519999981       3.43053639E-02
 -0.500000000       3.61625515E-02
 -0.480000019       2.45172568E-02
 -0.460000038       1.19957980E-02
 -0.440000057       3.45801003E-02
 -0.420000076      0.133000940    
 -0.400000095      0.313114822    
 -0.379999995      0.503748238    
 -0.360000014      0.576063335    
 -0.340000033      0.437204510    
 -0.320000052      0.170953661    
 -0.300000072       7.96693712E-02
 -0.280000091      0.526454091    
 -0.259999990       1.61073315    
 -0.240000010       2.90682769    
 -0.220000029       3.61138773    
 -0.200000048       3.08904696    
 -0.180000067       1.56327128    
 -0.160000086      0.214449763    
 -0.139999986      0.499702066    
 -0.120000005       2.95723224    
 -0.100000024       6.47522783    
  -8.00000429E-02   8.89514923    
  -6.00000620E-02   8.40559959    
  -4.00000811E-02   5.29635525    
  -2.00001001E-02   1.53681982    
   0.00000000       1.37361558E-02
   1.99999809E-02   2.98690047E-05
   3.99999619E-02   1.12565294E-05
   5.99999428E-02   1.67790802E-06
   7.99999237E-02   1.59785634E-06
   9.99999046E-02   6.96209028E-08
  0.119999886       9.21520495E-07
  0.139999866       1.19100505E-07
  0.159999847       9.09844175E-07
  0.180000067       3.75594027E-07
  0.200000048       1.04719300E-06
  0.220000029       7.09843107E-07
  0.240000010       1.24049257E-06
  0.259999990       1.09712448E-06
  0.279999971       1.46764023E-06
  0.299999952       1.51900304E-06
  0.319999933       1.73573824E-06
  0.339999914       1.96070414E-06
  0.359999895       2.05792207E-06
  0.379999876       2.39554743E-06
  0.399999857       2.42829833E-06
  0.419999838       2.77843037E-06
  0.440000057       2.80742506E-06
  0.460000038       3.08802828E-06
  0.480000019       3.18440584E-06
  0.500000000       3.37839288E-06
  0.519999981       3.56615374E-06
  0.539999962       3.68454266E-06
  0.559999943       3.88134185E-06
  0.579999924       3.93057417E-06
  0.599999905       4.06265372E-06
  0.619999886       4.12548161E-06
  0.639999866       4.22196581E-06
  0.659999847       4.32028764E-06
  0.679999828       4.34695130E-06
  0.700000048       4.37280687E-06
  0.720000029       4.35848506E-06
  0.740000010       4.36774826E-06
  0.759999990       4.38756797E-06
  0.779999971       4.35369611E-06
  0.799999952       4.28842304E-06
  0.819999933       4.22631501E-06
  0.839999914       4.17004821E-06
  0.859999895       4.13241287E-06
  0.879999876       4.03023250E-06
  0.899999857       3.90626519E-06
  0.919999838       3.84939221E-06
  0.939999819       3.75866648E-06
  0.960000038       3.64081279E-06
  0.980000019       3.53165296E-06
   1.00000000       3.42244107E-06
   1.01999998       3.35049663E-06
   1.03999996       3.22183928E-06
   1.05999994       3.08900621E-06
   1.07999992       3.04301875E-06
   1.09999990       2.91655442E-06
   1.11999989       2.78292896E-06
   1.13999987       2.74323543E-06
   1.15999985       2.62559342E-06
   1.17999983       2.50527592E-06
   1.19999981       2.46805780E-06
   1.22000003       2.35756534E-06
   1.24000001       2.25192275E-06
   1.25999999       2.22269523E-06
   1.27999997       2.11568477E-06
   1.29999995       2.02128331E-06
   1.31999993       2.00538375E-06
   1.33999991       1.90275932E-06
   1.35999990       1.81298265E-06
   1.37999988       1.81130349E-06
   1.39999986       1.71330771E-06
   1.41999984       1.63584900E-06
   1.43999982       1.62637298E-06
   1.46000004       1.55336579E-06
   1.48000002       1.48142908E-06
   1.50000000       1.44489570E-06
   1.51999998       1.42647946E-06
   1.53999996       1.34361869E-06
   1.55999994       1.28443344E-06
   1.57999992       1.30029127E-06
   1.59999990       1.22546760E-06
   1.61999989       1.16512285E-06
   1.63999987       1.14652346E-06
   1.65999985       1.14139414E-06
   1.67999983       1.06411699E-06
   1.69999981       1.01560829E-06
   1.72000003       1.02961974E-06
   1.74000001       9.93703793E-07
   1.75999999       9.29223802E-07
   1.77999997       8.92649496E-07
   1.79999995       9.16990416E-07
   1.81999993       8.72213036E-07
   1.83999991       8.13012491E-07
   1.85999990       7.85290922E-07
   1.87999988       8.11026666E-07
   1.89999986       7.73475222E-07
   1.91999984       7.14832538E-07
   1.93999982       6.88482487E-07
   1.95999980       7.10974291E-07
   1.98000002       6.95245149E-07
   2.00000000       6.33012064E-07
   2.01999998       6.01414570E-07
   2.03999996       6.11398036E-07
   2.05999994       6.26591429E-07
   2.07999992       5.73198577E-07
   2.09999990       5.29673798E-07
   2.11999989       5.18074899E-07
   2.13999987       5.44155512E-07
   2.15999985       5.34797323E-07
   2.17999983       4.78016148E-07
   2.19999981       4.47207015E-07
   2.21999979       4.48930393E-07
   2.23999977       4.74162562E-07
   2.25999975       4.59649755E-07
   2.27999973       4.04104298E-07
   2.29999971       3.76349846E-07
   2.31999969       3.82267672E-07
   2.33999968       4.05718680E-07
   2.36000013       4.02745741E-07
   2.38000011       3.50954451E-07
   2.40000010       3.11569835E-07
   2.42000008       3.17474445E-07
   2.44000006       3.42531251E-07
   2.46000004       3.53941147E-07
   2.48000002       3.19577538E-07
   2.50000000       2.60585352E-07
   2.51999998       2.44294597E-07
   2.53999996       2.79394015E-07
   2.55999994       3.14660383E-07
   2.57999992       3.05349374E-07
   2.59999990       2.46783031E-07
   2.61999989       1.82695914E-07
   2.63999987       1.79279084E-07
   2.65999985       2.47366273E-07
   2.67999983       3.13094233E-07
   2.69999981       2.99231289E-07
   2.71999979       2.04643442E-07
   2.73999977       1.09638414E-07
   2.75999975       9.96339935E-08
   2.77999973       1.93313980E-07
   2.79999971       3.16937502E-07
   2.81999969       3.55553453E-07
   2.83999968       2.61743935E-07
   2.85999966       1.06009288E-07
   2.88000011       2.46352094E-08
   2.90000010       9.46223793E-08
   2.92000008       2.60362441E-07
   2.94000006       3.80853521E-07
   2.96000004       3.50234984E-07
   2.98000002       1.92490859E-07
   3.00000000       3.95044388E-08
   3.01999998       1.65341500E-08
   3.03999996       1.33161137E-07
   3.05999994       2.74424451E-07
   3.07999992       3.04335231E-07
   3.09999990       2.52776516E-07
