  -2.00000000       2.02241768E-06
  -1.98000002       6.14743811E-09
  -1.96000004       2.60770275E-06
  -1.94000006       1.22650292E-07
  -1.91999996       2.38125176E-06
  -1.89999998       1.80909424E-07
  -1.88000000       2.24431597E-06
  -1.86000001       4.95040410E-07
  -1.84000003       1.99279748E-06
  -1.82000005       6.12274221E-07
  -1.79999995       1.90035144E-06
  -1.77999997       1.00745945E-06
  -1.75999999       1.43565762E-06
  -1.74000001       1.24331984E-06
  -1.72000003       1.36199878E-06
  -1.70000005       1.56622275E-06
  -1.68000007       9.77145646E-07
  -1.65999997       1.93993310E-06
  -1.63999999       7.72121098E-07
  -1.62000000       2.04757521E-06
  -1.60000002       6.08417736E-07
  -1.58000004       2.56294948E-06
  -1.55999994       3.43564551E-07
  -1.53999996       2.52418931E-06
  -1.51999998       3.45316835E-07
  -1.50000000       2.82566020E-06
  -1.48000002       1.95270133E-07
  -1.46000004       3.04041896E-06
  -1.44000006       2.79408567E-07
  -1.42000008       2.79251913E-06
  -1.40000010       3.52742717E-07
  -1.38000000       3.07509117E-06
  -1.36000001       4.29786155E-07
  -1.34000003       2.98768896E-06
  -1.31999993       7.85549560E-07
  -1.29999995       2.61204309E-06
  -1.27999997       9.63976163E-07
  -1.25999999       2.71796216E-06
  -1.24000001       1.16785804E-06
  -1.22000003       2.59595390E-06
  -1.20000005       1.75612888E-06
  -1.18000007       2.12296959E-06
  -1.16000009       2.03326681E-06
  -1.14000010       2.02248088E-06
  -1.12000000       2.19954813E-06
  -1.10000002       2.06371260E-06
  -1.08000004       2.68102190E-06
  -1.05999994       1.66826430E-06
  -1.03999996       3.09162374E-06
  -1.01999998       1.20102402E-06
  -1.00000000       3.01794284E-06
 -0.980000019       1.15768796E-06
 -0.960000038       3.39173312E-06
 -0.940000057       1.49836376E-06
 -0.920000076       3.53334485E-06
 -0.899999976       1.07488449E-06
 -0.879999995       1.23151335E-06
 -0.860000014       8.11104030E-07
 -0.840000033       2.68980330E-07
 -0.820000052       2.84093812E-06
 -0.800000072       2.82552128E-06
 -0.779999971       2.97573320E-06
 -0.759999990       2.66964817E-05
 -0.740000010       9.08661386E-05
 -0.720000029       2.50704674E-04
 -0.700000048       4.82650968E-04
 -0.680000067       6.42546569E-04
 -0.660000086       5.77721745E-04
 -0.639999986       1.68321334E-04
 -0.620000005       9.12488467E-05
 -0.600000024       1.90551148E-03
 -0.580000043       7.41208019E-03
 -0.560000062       1.74625274E-02
 -0.540000081       2.78571341E-02
 -0.519999981       3.18700485E-02
 -0.500000000       2.19726581E-02
 -0.480000019       4.62765060E-03
 -0.460000038       5.24539454E-03
 -0.440000057       6.34755343E-02
 -0.420000076      0.203568637    
 -0.400000095      0.390858918    
 -0.379999995      0.525970340    
 -0.360000014      0.489162385    
 -0.340000033      0.264467359    
 -0.320000052       2.65461411E-02
 -0.300000072      0.111453235    
 -0.280000091      0.792901993    
 -0.259999990       1.98841977    
 -0.240000010       3.14353704    
 -0.220000029       3.49503517    
 -0.200000048       2.64923525    
 -0.180000067       1.07846379    
 -0.160000086       2.80522555E-02
 -0.139999986      0.741030693    
 -0.120000005       3.43521285    
 -0.100000024       6.83990097    
  -8.00000429E-02   8.92342281    
  -6.00000620E-02   8.17436790    
  -4.00000811E-02   5.05111456    
  -2.00001001E-02   1.45063472    
   0.00000000       1.29162250E-02
   1.99999809E-02   2.95143309E-05
   3.99999619E-02   9.36514425E-06
   5.99999428E-02   2.39431029E-06
   7.99999237E-02   9.05991669E-07
   9.99999046E-02   4.94128187E-07
  0.119999886       4.97627582E-07
  0.139999866       3.35601584E-07
  0.159999847       6.12921383E-07
  0.180000067       4.27979217E-07
  0.200000048       8.33734305E-07
  0.220000029       6.19914090E-07
  0.240000010       1.09303585E-06
  0.259999990       8.83568134E-07
  0.279999971       1.36780397E-06
  0.299999952       1.20739003E-06
  0.319999933       1.63634093E-06
  0.339999914       1.57813395E-06
  0.359999895       1.88479657E-06
  0.379999876       1.97683153E-06
  0.399999857       2.13015392E-06
  0.419999838       2.38557095E-06
  0.440000057       2.41793759E-06
  0.460000038       2.76912579E-06
  0.480000019       2.76696528E-06
  0.500000000       3.06578795E-06
  0.519999981       3.12168686E-06
  0.539999962       3.26420536E-06
  0.559999943       3.44603495E-06
  0.579999924       3.47109358E-06
  0.599999905       3.72985824E-06
  0.619999886       3.73630633E-06
  0.639999866       3.89017350E-06
  0.659999847       3.94707649E-06
  0.679999828       3.93645587E-06
  0.700000048       4.09575114E-06
  0.720000029       4.05329047E-06
  0.740000010       4.16191233E-06
  0.759999990       4.14732131E-06
  0.779999971       4.07323250E-06
  0.799999952       4.15426712E-06
  0.819999933       4.06067966E-06
  0.839999914       4.09535915E-06
  0.859999895       4.03472222E-06
  0.879999876       3.89649040E-06
  0.899999857       3.94271956E-06
  0.919999838       3.82309508E-06
  0.939999819       3.75484001E-06
  0.960000038       3.69545387E-06
  0.980000019       3.53930022E-06
   1.00000000       3.54783288E-06
   1.01999998       3.42456269E-06
   1.03999996       3.26662939E-06
   1.05999994       3.26929944E-06
   1.07999992       3.13190640E-06
   1.09999990       3.01815294E-06
   1.11999989       2.97387396E-06
   1.13999987       2.83741815E-06
   1.15999985       2.77387198E-06
   1.17999983       2.69493785E-06
   1.19999981       2.55875852E-06
   1.22000003       2.53211215E-06
   1.24000001       2.43573641E-06
   1.25999999       2.31012268E-06
   1.27999997       2.29913758E-06
   1.29999995       2.20156062E-06
   1.31999993       2.08863321E-06
   1.33999991       2.08017445E-06
   1.35999990       1.99349006E-06
   1.37999988       1.89109778E-06
   1.39999986       1.87737521E-06
   1.41999984       1.80944812E-06
   1.43999982       1.71696399E-06
   1.46000004       1.68806241E-06
   1.48000002       1.65130086E-06
   1.50000000       1.56165402E-06
   1.51999998       1.51109725E-06
   1.53999996       1.51417566E-06
   1.55999994       1.42283000E-06
   1.57999992       1.35810001E-06
   1.59999990       1.37894892E-06
   1.61999989       1.30164483E-06
   1.63999987       1.23712982E-06
   1.65999985       1.23124050E-06
   1.67999983       1.21103506E-06
   1.69999981       1.13105011E-06
   1.72000003       1.09150290E-06
   1.74000001       1.11681607E-06
   1.75999999       1.04639071E-06
   1.77999997       9.91795559E-07
   1.79999995       9.83306677E-07
   1.81999993       9.92674813E-07
   1.83999991       9.11346831E-07
   1.85999990       8.75392061E-07
   1.87999988       8.89183184E-07
   1.89999986       8.74582213E-07
   1.91999984       7.99505187E-07
   1.93999982       7.76392881E-07
   1.95999980       7.98822782E-07
   1.98000002       7.76647596E-07
   2.00000000       7.01820909E-07
   2.01999998       6.88737828E-07
   2.03999996       7.12023507E-07
   2.05999994       6.97331870E-07
   2.07999992       6.19479579E-07
   2.09999990       6.06454023E-07
   2.11999989       6.31504122E-07
   2.13999987       6.32728984E-07
   2.15999985       5.53662971E-07
   2.17999983       5.22950756E-07
   2.19999981       5.56566135E-07
   2.21999979       5.76217928E-07
   2.23999977       5.14033104E-07
   2.25999975       4.42007661E-07
   2.27999973       4.75858002E-07
   2.29999971       5.24320455E-07
   2.31999969       4.94297865E-07
   2.33999968       3.94550938E-07
   2.36000013       3.69537815E-07
   2.38000011       4.60108851E-07
   2.40000010       4.93900018E-07
   2.42000008       3.98950789E-07
   2.44000006       2.87956311E-07
   2.46000004       3.23310275E-07
   2.48000002       4.65990638E-07
   2.50000000       4.76926459E-07
   2.51999998       3.09381363E-07
   2.53999996       1.91975261E-07
   2.55999994       2.92896658E-07
   2.57999992       4.83480790E-07
   2.59999990       4.80587630E-07
   2.61999989       2.52573500E-07
   2.63999987       1.10285235E-07
   2.65999985       2.64677169E-07
   2.67999983       5.01923410E-07
   2.69999981       4.86208194E-07
   2.71999979       2.24032632E-07
   2.73999977       6.20332870E-08
   2.75999975       2.23677731E-07
   2.77999973       4.85567170E-07
   2.79999971       4.72769813E-07
   2.81999969       1.94763814E-07
   2.83999968       3.96776194E-08
   2.85999966       2.20621999E-07
   2.88000011       4.71663355E-07
   2.90000010       4.27496673E-07
   2.92000008       1.43282236E-07
   2.94000006       1.88404279E-08
   2.96000004       2.34305091E-07
   2.98000002       4.93386381E-07
   3.00000000       4.33114792E-07
   3.01999998       1.34496915E-07
   3.03999996       7.86255683E-09
   3.05999994       2.18721325E-07
   3.07999992       4.48396918E-07
   3.09999990       6.11679752E-07
