  -2.00000000       2.13772728E-06
  -1.98000002       2.55692489E-09
  -1.96000004       2.56576254E-06
  -1.94000006       5.29263069E-08
  -1.91999996       2.56739554E-06
  -1.89999998       7.51183933E-08
  -1.88000000       2.44189664E-06
  -1.86000001       1.92421254E-07
  -1.84000003       2.35096422E-06
  -1.82000005       3.09816016E-07
  -1.79999995       2.33353103E-06
  -1.77999997       4.19160415E-07
  -1.75999999       2.11302927E-06
  -1.74000001       6.41017380E-07
  -1.72000003       2.04905200E-06
  -1.70000005       7.74952127E-07
  -1.68000007       1.89262994E-06
  -1.65999997       9.96400786E-07
  -1.63999999       1.72526097E-06
  -1.62000000       1.21144467E-06
  -1.60000002       1.58456032E-06
  -1.58000004       1.39116878E-06
  -1.55999994       1.44622538E-06
  -1.53999996       1.69895554E-06
  -1.51999998       1.25983115E-06
  -1.50000000       1.83870270E-06
  -1.48000002       1.16856495E-06
  -1.46000004       2.13306453E-06
  -1.44000006       1.00067666E-06
  -1.42000008       2.39086307E-06
  -1.40000010       8.66862820E-07
  -1.38000000       2.51317442E-06
  -1.36000001       8.41999565E-07
  -1.34000003       2.79162987E-06
  -1.31999993       6.83513804E-07
  -1.29999995       3.03713477E-06
  -1.27999997       6.67890788E-07
  -1.25999999       3.03338538E-06
  -1.24000001       6.76641605E-07
  -1.22000003       3.34035849E-06
  -1.20000005       6.09970698E-07
  -1.18000007       3.54686699E-06
  -1.16000009       6.36252935E-07
  -1.14000010       3.51026847E-06
  -1.12000000       7.76454044E-07
  -1.10000002       3.62328637E-06
  -1.08000004       7.57158489E-07
  -1.05999994       3.78180334E-06
  -1.03999996       7.06819151E-07
  -1.01999998       3.52037387E-06
  -1.00000000       8.31889338E-07
 -0.980000019       3.36058338E-06
 -0.960000038       1.13304452E-06
 -0.940000057       3.70224961E-06
 -0.920000076       8.20360981E-07
 -0.899999976       2.47406979E-06
 -0.879999995       9.36129823E-08
 -0.860000014       2.32505698E-07
 -0.840000033       2.24163182E-06
 -0.820000052       7.33790785E-07
 -0.800000072       1.71169665E-06
 -0.779999971       6.02283308E-06
 -0.759999990       2.64763585E-05
 -0.740000010       1.23421880E-04
 -0.720000029       2.85075163E-04
 -0.700000048       5.28698147E-04
 -0.680000067       6.55905576E-04
 -0.660000086       4.99339832E-04
 -0.639999986       9.76578012E-05
 -0.620000005       2.15125678E-04
 -0.600000024       2.49589118E-03
 -0.580000043       8.89666006E-03
 -0.560000062       1.90401766E-02
 -0.540000081       2.91841887E-02
 -0.519999981       3.08083333E-02
 -0.500000000       1.94425080E-02
 -0.480000019       2.47771107E-03
 -0.460000038       8.64310004E-03
 -0.440000057       7.69209564E-02
 -0.420000076      0.223957360    
 -0.400000095      0.410295188    
 -0.379999995      0.527683616    
 -0.360000014      0.469680816    
 -0.340000033      0.232985288    
 -0.320000052       1.37695037E-02
 -0.300000072      0.144683123    
 -0.280000091      0.871771038    
 -0.259999990       2.07818389    
 -0.240000010       3.18370342    
 -0.220000029       3.45612621    
 -0.200000048       2.54860401    
 -0.180000067      0.988443196    
 -0.160000086       1.34289702E-02
 -0.139999986      0.812332451    
 -0.120000005       3.53718376    
 -0.100000024       6.89152765    
  -8.00000429E-02   8.89134502    
  -6.00000620E-02   8.08817768    
  -4.00000811E-02   4.97750139    
  -2.00001001E-02   1.42601442    
   0.00000000       1.26921330E-02
   1.99999809E-02   2.73433252E-05
   3.99999619E-02   1.05289519E-05
   5.99999428E-02   1.46933871E-06
   7.99999237E-02   1.48029278E-06
   9.99999046E-02   6.23680378E-08
  0.119999886       7.75412900E-07
  0.139999866       1.39139374E-07
  0.159999847       7.04166837E-07
  0.180000067       3.80848974E-07
  0.200000048       7.86469855E-07
  0.220000029       6.72352257E-07
  0.240000010       9.37679033E-07
  0.259999990       9.95608275E-07
  0.279999971       1.13622514E-06
  0.299999952       1.34430957E-06
  0.319999933       1.38199664E-06
  0.339999914       1.70685007E-06
  0.359999895       1.67744986E-06
  0.379999876       2.06009258E-06
  0.399999857       2.00753789E-06
  0.419999838       2.37421341E-06
  0.440000057       2.35057769E-06
  0.460000038       2.64432219E-06
  0.480000019       2.70639634E-06
  0.500000000       2.90973344E-06
  0.519999981       3.08167910E-06
  0.539999962       3.17611944E-06
  0.559999943       3.41515738E-06
  0.579999924       3.39715007E-06
  0.599999905       3.63864319E-06
  0.619999886       3.60450099E-06
  0.639999866       3.80371989E-06
  0.659999847       3.86819829E-06
  0.679999828       3.91635331E-06
  0.700000048       4.05057699E-06
  0.720000029       3.94186191E-06
  0.740000010       4.10025723E-06
  0.759999990       4.04256980E-06
  0.779999971       4.09587392E-06
  0.799999952       4.12803092E-06
  0.819999933       3.98110342E-06
  0.839999914       4.06571417E-06
  0.859999895       3.96559699E-06
  0.879999876       3.95086636E-06
  0.899999857       3.92790071E-06
  0.919999838       3.74791807E-06
  0.939999819       3.78303184E-06
  0.960000038       3.69113513E-06
  0.980000019       3.56964756E-06
   1.00000000       3.53755445E-06
   1.01999998       3.39145959E-06
   1.03999996       3.35219647E-06
   1.05999994       3.27247426E-06
   1.07999992       3.10422047E-06
   1.09999990       3.08574931E-06
   1.11999989       2.99592057E-06
   1.13999987       2.84426051E-06
   1.15999985       2.80917948E-06
   1.17999983       2.72074271E-06
   1.19999981       2.60168622E-06
   1.22000003       2.54415409E-06
   1.24000001       2.46296281E-06
   1.25999999       2.36852225E-06
   1.27999997       2.30050682E-06
   1.29999995       2.23210395E-06
   1.31999993       2.14926013E-06
   1.33999991       2.07864241E-06
   1.35999990       2.02624597E-06
   1.37999988       1.94713016E-06
   1.39999986       1.87888622E-06
   1.41999984       1.84264138E-06
   1.43999982       1.76251206E-06
   1.46000004       1.70278963E-06
   1.48000002       1.67247674E-06
   1.50000000       1.60056368E-06
   1.51999998       1.55033649E-06
   1.53999996       1.50601852E-06
   1.55999994       1.46367552E-06
   1.57999992       1.41742407E-06
   1.59999990       1.35024447E-06
   1.61999989       1.34468576E-06
   1.63999987       1.29207297E-06
   1.65999985       1.22401070E-06
   1.67999983       1.21913922E-06
   1.69999981       1.18583148E-06
   1.72000003       1.13243937E-06
   1.74000001       1.07752578E-06
   1.75999999       1.09394171E-06
   1.77999997       1.05093750E-06
   1.79999995       9.78854132E-07
   1.81999993       9.70843530E-07
   1.83999991       9.77386776E-07
   1.85999990       9.26063535E-07
   1.87999988       8.53388428E-07
   1.89999986       8.75435944E-07
   1.91999984       8.75692024E-07
   1.93999982       8.14168345E-07
   1.95999980       7.46911724E-07
   1.98000002       7.86800456E-07
   2.00000000       7.88591251E-07
   2.01999998       7.20268986E-07
   2.03999996       6.52773451E-07
   2.05999994       6.97692599E-07
   2.07999992       7.18502520E-07
   2.09999990       6.45702528E-07
   2.11999989       5.68887515E-07
   2.13999987       6.04351271E-07
   2.15999985       6.60760520E-07
   2.17999983       5.94033054E-07
   2.19999981       4.97785948E-07
   2.21999979       5.03029412E-07
   2.23999977       5.98428642E-07
   2.25999975       5.72091096E-07
   2.27999973       4.49825308E-07
   2.29999971       4.06267645E-07
   2.31999969       5.03160493E-07
   2.33999968       5.66609913E-07
   2.36000013       4.46754598E-07
   2.38000011       3.28348506E-07
   2.40000010       3.84265462E-07
   2.42000008       5.19340801E-07
   2.44000006       4.96956829E-07
   2.46000004       3.09629456E-07
   2.48000002       2.54367023E-07
   2.50000000       4.18044181E-07
   2.51999998       5.30798843E-07
   2.53999996       3.93918242E-07
   2.55999994       1.85136017E-07
   2.57999992       2.32604322E-07
   2.59999990       4.86587510E-07
   2.61999989       5.44081672E-07
   2.63999987       2.90682038E-07
   2.65999985       9.47464898E-08
   2.67999983       2.50139351E-07
   2.69999981       5.35586707E-07
   2.71999979       5.20616652E-07
   2.73999977       2.08805474E-07
   2.75999975       5.66845451E-08
   2.77999973       2.89589025E-07
   2.79999971       5.43065312E-07
   2.81999969       4.23070190E-07
   2.83999968       1.10317060E-07
   2.85999966       7.54648966E-08
   2.88000011       3.59579644E-07
   2.90000010       5.14674980E-07
   2.92000008       2.92106904E-07
   2.94000006       2.66013931E-08
   2.96000004       1.32917933E-07
   2.98000002       4.65103398E-07
   3.00000000       5.27588838E-07
   3.01999998       2.22921315E-07
   3.03999996       3.14534598E-09
   3.05999994       1.86010595E-07
   3.07999992       4.65504257E-07
   3.09999990       6.81460847E-07
