  -2.00000000       2.36386450E-06
  -1.98000002       5.41061906E-09
  -1.96000004       2.55981604E-06
  -1.94000006       1.84149282E-08
  -1.91999996       2.63007041E-06
  -1.89999998       1.71722263E-08
  -1.88000000       2.61874425E-06
  -1.86000001       5.47301369E-08
  -1.84000003       2.50533117E-06
  -1.82000005       8.43045527E-08
  -1.79999995       2.67610403E-06
  -1.77999997       1.33434142E-07
  -1.75999999       2.45037950E-06
  -1.74000001       1.64722508E-07
  -1.72000003       2.67001087E-06
  -1.70000005       2.79229397E-07
  -1.68000007       2.42173337E-06
  -1.65999997       2.86801907E-07
  -1.63999999       2.59327203E-06
  -1.62000000       4.07415030E-07
  -1.60000002       2.46383956E-06
  -1.58000004       5.15272404E-07
  -1.55999994       2.41681983E-06
  -1.53999996       5.13455916E-07
  -1.51999998       2.60880734E-06
  -1.50000000       7.48362197E-07
  -1.48000002       2.28287081E-06
  -1.46000004       7.83790142E-07
  -1.44000006       2.49320487E-06
  -1.42000008       8.46026524E-07
  -1.40000010       2.50573362E-06
  -1.38000000       1.17165655E-06
  -1.36000001       2.21244591E-06
  -1.34000003       1.12353314E-06
  -1.31999993       2.47736648E-06
  -1.29999995       1.23152017E-06
  -1.27999997       2.49921345E-06
  -1.25999999       1.58819853E-06
  -1.24000001       2.17395404E-06
  -1.22000003       1.61178991E-06
  -1.20000005       2.42663259E-06
  -1.18000007       1.56359488E-06
  -1.16000009       2.57777788E-06
  -1.14000010       1.98364751E-06
  -1.12000000       2.31691911E-06
  -1.10000002       2.19562776E-06
  -1.08000004       2.23024540E-06
  -1.05999994       1.92705329E-06
  -1.03999996       2.39344854E-06
  -1.01999998       1.89933553E-06
  -1.00000000       2.21293249E-06
 -0.980000019       2.42290957E-06
 -0.960000038       2.10696271E-06
 -0.940000057       2.35998664E-06
 -0.920000076       1.82948031E-06
 -0.899999976       5.70852762E-07
 -0.879999995       7.16772718E-07
 -0.860000014       6.10168229E-07
 -0.840000033       7.84076235E-07
 -0.820000052       2.61141849E-06
 -0.800000072       1.54143180E-07
 -0.779999971       4.27772102E-06
 -0.759999990       4.77020803E-05
 -0.740000010       1.35306531E-04
 -0.720000029       3.55040160E-04
 -0.700000048       5.51860023E-04
 -0.680000067       6.78000797E-04
 -0.660000086       4.38547810E-04
 -0.639999986       7.16359136E-05
 -0.620000005       4.31798311E-04
 -0.600000024       3.34364781E-03
 -0.580000043       1.03255305E-02
 -0.560000062       2.09884308E-02
 -0.540000081       3.00037432E-02
 -0.519999981       3.02193351E-02
 -0.500000000       1.69896651E-02
 -0.480000019       1.64523162E-03
 -0.460000038       1.40901916E-02
 -0.440000057       9.12754536E-02
 -0.420000076      0.246084124    
 -0.400000095      0.427369654    
 -0.379999995      0.529997826    
 -0.360000014      0.449702084    
 -0.340000033      0.207073644    
 -0.320000052       8.24457407E-03
 -0.300000072      0.184116900    
 -0.280000091      0.954165876    
 -0.259999990       2.16208148    
 -0.240000010       3.21983385    
 -0.220000029       3.41211891    
 -0.200000048       2.45416713    
 -0.180000067      0.907448292    
 -0.160000086       7.99052417E-03
 -0.139999986      0.886071861    
 -0.120000005       3.63088393    
 -0.100000024       6.93297195    
  -8.00000429E-02   8.84713364    
  -6.00000620E-02   7.99687147    
  -4.00000811E-02   4.90083790    
  -2.00001001E-02   1.40122330    
   0.00000000       1.24526592E-02
   1.99999809E-02   2.92490440E-05
   3.99999619E-02   8.34970524E-06
   5.99999428E-02   2.88246702E-06
   7.99999237E-02   4.07835529E-07
   9.99999046E-02   9.30021713E-07
  0.119999886       5.39975353E-08
  0.139999866       7.46069759E-07
  0.159999847       1.71006604E-07
  0.180000067       8.22395577E-07
  0.200000048       3.89310770E-07
  0.220000029       9.81530889E-07
  0.240000010       6.63570972E-07
  0.259999990       1.17465277E-06
  0.279999971       9.83837822E-07
  0.299999952       1.37898405E-06
  0.319999933       1.34248319E-06
  0.339999914       1.58814908E-06
  0.359999895       1.73275669E-06
  0.379999876       1.81715734E-06
  0.399999857       2.13906333E-06
  0.419999838       2.08755273E-06
  0.440000057       2.52399150E-06
  0.460000038       2.39780798E-06
  0.480000019       2.82620294E-06
  0.500000000       2.73118212E-06
  0.519999981       3.03261027E-06
  0.539999962       3.10382643E-06
  0.559999943       3.20497929E-06
  0.579999924       3.49609445E-06
  0.599999905       3.38931932E-06
  0.619999886       3.75918148E-06
  0.639999866       3.58406214E-06
  0.659999847       3.82755843E-06
  0.679999828       3.85780822E-06
  0.700000048       3.84856321E-06
  0.720000029       4.11234487E-06
  0.740000010       3.87664977E-06
  0.759999990       4.10662142E-06
  0.779999971       3.98473594E-06
  0.799999952       3.98552129E-06
  0.819999933       4.14600663E-06
  0.839999914       3.88390117E-06
  0.859999895       4.02861997E-06
  0.879999876       3.89261959E-06
  0.899999857       3.81697600E-06
  0.919999838       3.93100254E-06
  0.939999819       3.64406310E-06
  0.960000038       3.68825567E-06
  0.980000019       3.64168636E-06
   1.00000000       3.44765886E-06
   1.01999998       3.50934624E-06
   1.03999996       3.30584589E-06
   1.05999994       3.22727919E-06
   1.07999992       3.26332565E-06
   1.09999990       3.01185673E-06
   1.11999989       2.98959480E-06
   1.13999987       2.97144697E-06
   1.15999985       2.75672573E-06
   1.17999983       2.74528111E-06
   1.19999981       2.68357962E-06
   1.22000003       2.51941401E-06
   1.24000001       2.50456264E-06
   1.25999999       2.42114811E-06
   1.27999997       2.29387388E-06
   1.29999995       2.27579835E-06
   1.31999993       2.19057097E-06
   1.33999991       2.08552296E-06
   1.35999990       2.05934157E-06
   1.37999988       1.99038504E-06
   1.39999986       1.89352886E-06
   1.41999984       1.86018997E-06
   1.43999982       1.81501446E-06
   1.46000004       1.71875001E-06
   1.48000002       1.67965266E-06
   1.50000000       1.65676568E-06
   1.51999998       1.56222677E-06
   1.53999996       1.52416533E-06
   1.55999994       1.50303072E-06
   1.57999992       1.42555677E-06
   1.59999990       1.39337442E-06
   1.61999989       1.35291566E-06
   1.63999987       1.30988929E-06
   1.65999985       1.27321834E-06
   1.67999983       1.22059282E-06
   1.69999981       1.20182040E-06
   1.72000003       1.15865907E-06
   1.74000001       1.12877308E-06
   1.75999999       1.07750213E-06
   1.77999997       1.05970196E-06
   1.79999995       1.04370088E-06
   1.81999993       9.85197175E-07
   1.83999991       9.56407121E-07
   1.85999990       9.45614715E-07
   1.87999988       9.36405968E-07
   1.89999986       8.59421732E-07
   1.91999984       8.47310218E-07
   1.93999982       8.55086057E-07
   1.95999980       8.35247022E-07
   1.98000002       7.50015147E-07
   2.00000000       7.49771971E-07
   2.01999998       7.76164143E-07
   2.03999996       7.52234143E-07
   2.05999994       6.52694894E-07
   2.07999992       6.56433940E-07
   2.09999990       7.05529374E-07
   2.11999989       6.89496233E-07
   2.13999987       5.72267936E-07
   2.15999985       5.58871648E-07
   2.17999983       6.40308940E-07
   2.19999981       6.46123851E-07
   2.21999979       5.18086097E-07
   2.23999977       4.54422747E-07
   2.25999975       5.62924981E-07
   2.27999973       6.19944274E-07
   2.29999971       5.02069156E-07
   2.31999969       3.65128301E-07
   2.33999968       4.48754406E-07
   2.36000013       5.96427640E-07
   2.38000011       5.24325912E-07
   2.40000010       3.27350705E-07
   2.42000008       3.09933597E-07
   2.44000006       5.16739419E-07
   2.46000004       5.80449694E-07
   2.48000002       3.59376429E-07
   2.50000000       2.07076937E-07
   2.51999998       3.65082087E-07
   2.53999996       5.77828303E-07
   2.55999994       4.73224333E-07
   2.57999992       1.88376958E-07
   2.59999990       1.96381251E-07
   2.61999989       4.90416994E-07
   2.63999987       5.79428843E-07
   2.65999985       2.99042057E-07
   2.67999983       8.40368912E-08
   2.69999981       2.82801778E-07
   2.71999979       5.85466921E-07
   2.73999977       4.94510175E-07
   2.75999975       1.40634114E-07
   2.77999973       9.06844662E-08
   2.79999971       4.12798840E-07
   2.81999969       5.66086499E-07
   2.83999968       2.93907192E-07
   2.85999966       3.77296452E-08
   2.88000011       2.10178996E-07
   2.90000010       5.20097331E-07
   2.92000008       4.48595046E-07
   2.94000006       1.02492898E-07
   2.96000004       5.10198177E-08
   2.98000002       3.94154938E-07
   3.00000000       5.86620388E-07
   3.01999998       3.15726396E-07
   3.03999996       1.34404887E-08
   3.05999994       1.52028591E-07
   3.07999992       4.71844089E-07
   3.09999990       6.27485633E-07
