  -2.00000000       2.83769623E-06
  -1.98000002       1.87149034E-08
  -1.96000004       2.71144154E-06
  -1.94000006       9.43787910E-08
  -1.91999996       2.48336164E-06
  -1.89999998       1.60095823E-07
  -1.88000000       2.57206239E-06
  -1.86000001       2.33593155E-07
  -1.84000003       2.41908469E-06
  -1.82000005       4.26752280E-07
  -1.79999995       2.28047634E-06
  -1.77999997       4.77036906E-07
  -1.75999999       2.26914972E-06
  -1.74000001       7.23308176E-07
  -1.72000003       2.00260865E-06
  -1.70000005       8.73087629E-07
  -1.68000007       2.00213685E-06
  -1.65999997       1.02065644E-06
  -1.63999999       1.72456339E-06
  -1.62000000       1.34879292E-06
  -1.60000002       1.70274768E-06
  -1.58000004       1.42127533E-06
  -1.55999994       1.46608704E-06
  -1.53999996       1.79844074E-06
  -1.51999998       1.29822570E-06
  -1.50000000       1.98057069E-06
  -1.48000002       1.24285611E-06
  -1.46000004       2.15729938E-06
  -1.44000006       9.69745201E-07
  -1.42000008       2.55145164E-06
  -1.40000010       9.25225777E-07
  -1.38000000       2.64883761E-06
  -1.36000001       8.27285248E-07
  -1.34000003       2.84504563E-06
  -1.31999993       6.62132095E-07
  -1.29999995       3.24381949E-06
  -1.27999997       6.25981500E-07
  -1.25999999       3.25038036E-06
  -1.24000001       6.50230618E-07
  -1.22000003       3.39873532E-06
  -1.20000005       5.76869240E-07
  -1.18000007       3.69039253E-06
  -1.16000009       5.80065034E-07
  -1.14000010       3.71706051E-06
  -1.12000000       7.19677587E-07
  -1.10000002       3.53995779E-06
  -1.08000004       7.75007834E-07
  -1.05999994       3.48333629E-06
  -1.03999996       7.27663235E-07
  -1.01999998       3.38720201E-06
  -1.00000000       7.81274480E-07
 -0.980000019       3.07820710E-06
 -0.960000038       9.34132117E-07
 -0.940000057       1.86855414E-06
 -0.920000076       6.61254603E-07
 -0.899999976       1.14167321E-07
 -0.879999995       1.04573769E-06
 -0.860000014       1.33790456E-06
 -0.840000033       2.02343881E-06
 -0.820000052       9.32120315E-07
 -0.800000072       5.72919771E-06
 -0.779999971       2.39078854E-05
 -0.759999990       1.19266086E-04
 -0.740000010       2.67307536E-04
 -0.720000029       5.40177687E-04
 -0.700000048       7.12310488E-04
 -0.680000067       7.18490628E-04
 -0.660000086       4.21507051E-04
 -0.639999986       4.29933658E-04
 -0.620000005       1.95237843E-03
 -0.600000024       7.01392023E-03
 -0.580000043       1.59042161E-02
 -0.560000062       2.69239582E-02
 -0.540000081       3.28547098E-02
 -0.519999981       2.82303356E-02
 -0.500000000       1.32737625E-02
 -0.480000019       6.78380253E-03
 -0.460000038       4.14890535E-02
 -0.440000057      0.147191256    
 -0.420000076      0.315610945    
 -0.400000095      0.479153186    
 -0.379999995      0.528411508    
 -0.360000014      0.396729261    
 -0.340000033      0.150739983    
 -0.320000052       3.30880508E-02
 -0.300000072      0.346209258    
 -0.280000091       1.21946192    
 -0.259999990       2.40805411    
 -0.240000010       3.29270792    
 -0.220000029       3.26245332    
 -0.200000048       2.17586994    
 -0.180000067      0.706435561    
 -0.160000086       3.66535410E-02
 -0.139999986       1.12470174    
 -0.120000005       3.89113998    
 -0.100000024       6.99881554    
  -8.00000429E-02   8.65516090    
  -6.00000620E-02   7.67382669    
  -4.00000811E-02   4.64829683    
  -2.00001001E-02   1.32036591    
   0.00000000       1.16944714E-02
   1.99999809E-02   2.75745442E-05
   3.99999619E-02   7.52880624E-06
   5.99999428E-02   2.76611172E-06
   7.99999237E-02   2.80719377E-07
   9.99999046E-02   8.88628051E-07
  0.119999886       1.29415145E-08
  0.139999866       6.79998891E-07
  0.159999847       1.59131602E-07
  0.180000067       7.20942467E-07
  0.200000048       3.88135959E-07
  0.220000029       8.43415648E-07
  0.240000010       6.60246883E-07
  0.259999990       1.00637999E-06
  0.279999971       9.62268587E-07
  0.299999952       1.19505080E-06
  0.319999933       1.28244437E-06
  0.339999914       1.41206408E-06
  0.359999895       1.61115815E-06
  0.379999876       1.66965935E-06
  0.399999857       1.94158497E-06
  0.419999838       1.97199734E-06
  0.440000057       2.25881695E-06
  0.460000038       2.29473585E-06
  0.480000019       2.53199482E-06
  0.500000000       2.60651132E-06
  0.519999981       2.76361448E-06
  0.539999962       2.90654202E-06
  0.559999943       3.01129171E-06
  0.579999924       3.19845685E-06
  0.599999905       3.27829525E-06
  0.619999886       3.41591817E-06
  0.639999866       3.48737058E-06
  0.659999847       3.55494444E-06
  0.679999828       3.64873677E-06
  0.700000048       3.72334171E-06
  0.720000029       3.79550511E-06
  0.740000010       3.85435305E-06
  0.759999990       3.84413852E-06
  0.779999971       3.86865122E-06
  0.799999952       3.89504703E-06
  0.819999933       3.89607885E-06
  0.839999914       3.92642869E-06
  0.859999895       3.85025669E-06
  0.879999876       3.82368307E-06
  0.899999857       3.81524069E-06
  0.919999838       3.75779678E-06
  0.939999819       3.73752346E-06
  0.960000038       3.62844048E-06
  0.980000019       3.56699093E-06
   1.00000000       3.55269822E-06
   1.01999998       3.43790157E-06
   1.03999996       3.36904441E-06
   1.05999994       3.28528699E-06
   1.07999992       3.21154084E-06
   1.09999990       3.15683405E-06
   1.11999989       3.02324429E-06
   1.13999987       2.95746736E-06
   1.15999985       2.91098445E-06
   1.17999983       2.78353832E-06
   1.19999981       2.71278350E-06
   1.22000003       2.65181075E-06
   1.24000001       2.55381974E-06
   1.25999999       2.48275433E-06
   1.27999997       2.40586178E-06
   1.29999995       2.33574747E-06
   1.31999993       2.26430348E-06
   1.33999991       2.18132482E-06
   1.35999990       2.13097974E-06
   1.37999988       2.06336949E-06
   1.39999986       1.98111798E-06
   1.41999984       1.94064251E-06
   1.43999982       1.88072204E-06
   1.46000004       1.80192637E-06
   1.48000002       1.76331650E-06
   1.50000000       1.71753811E-06
   1.51999998       1.64458902E-06
   1.53999996       1.59406932E-06
   1.55999994       1.57554291E-06
   1.57999992       1.50494134E-06
   1.59999990       1.43577529E-06
   1.61999989       1.45168622E-06
   1.63999987       1.37850805E-06
   1.65999985       1.29625221E-06
   1.67999983       1.32849937E-06
   1.69999981       1.27199769E-06
   1.72000003       1.18758453E-06
   1.74000001       1.18444700E-06
   1.75999999       1.19005426E-06
   1.77999997       1.10268797E-06
   1.79999995       1.04400169E-06
   1.81999993       1.10197925E-06
   1.83999991       1.03820150E-06
   1.85999990       9.47471165E-07
   1.87999988       9.61009960E-07
   1.89999986       1.00115108E-06
   1.91999984       8.94750599E-07
   1.93999982       8.28026373E-07
   1.95999980       9.00921577E-07
   1.98000002       8.92450657E-07
   2.00000000       7.63592880E-07
   2.01999998       7.41049746E-07
   2.03999996       8.46463706E-07
   2.05999994       7.87365138E-07
   2.07999992       6.45679222E-07
   2.09999990       6.77882667E-07
   2.11999989       7.94567313E-07
   2.13999987       6.91656510E-07
   2.15999985       5.41249790E-07
   2.17999983       6.27188456E-07
   2.19999981       7.49166077E-07
   2.21999979       6.09113613E-07
   2.23999977       4.43909414E-07
   2.25999975       5.88115711E-07
   2.27999973       7.18514514E-07
   2.29999971       5.36907294E-07
   2.31999969       3.52089444E-07
   2.33999968       5.47763307E-07
   2.36000013       7.18467845E-07
   2.38000011       4.82959990E-07
   2.40000010       2.65256773E-07
   2.42000008       4.92609104E-07
   2.44000006       7.38943186E-07
   2.46000004       4.77474032E-07
   2.48000002       1.86590370E-07
   2.50000000       4.23273264E-07
   2.51999998       7.30748695E-07
   2.53999996       5.03244053E-07
   2.55999994       1.42051320E-07
   2.57999992       3.39111097E-07
   2.59999990       7.04648244E-07
   2.61999989       5.12196834E-07
   2.63999987       1.26833910E-07
   2.65999985       2.71591944E-07
   2.67999983       6.36515153E-07
   2.69999981       4.89967306E-07
   2.71999979       1.02998825E-07
   2.73999977       2.41010270E-07
   2.75999975       6.48223420E-07
   2.77999973       5.15963563E-07
   2.79999971       8.32184668E-08
   2.81999969       1.86967029E-07
   2.83999968       6.22743244E-07
   2.85999966       5.39287669E-07
   2.88000011       9.36796525E-08
   2.90000010       1.36179665E-07
   2.92000008       5.63155425E-07
   2.94000006       5.24877294E-07
   2.96000004       8.76336301E-08
   2.98000002       1.13202709E-07
   3.00000000       5.74192995E-07
   3.01999998       5.89389174E-07
   3.03999996       1.27366022E-07
   3.05999994       6.13972659E-08
   3.07999992       4.59669877E-07
   3.09999990       2.65599283E-07
