  -2.00000000       2.35343282E-06
  -1.98000002       6.42492424E-08
  -1.96000004       2.77592721E-06
  -1.94000006       1.48174749E-07
  -1.91999996       2.46206378E-06
  -1.89999998       3.10279830E-07
  -1.88000000       2.31812851E-06
  -1.86000001       4.59355192E-07
  -1.84000003       2.27603073E-06
  -1.82000005       7.38287099E-07
  -1.79999995       1.83392854E-06
  -1.77999997       9.83271548E-07
  -1.75999999       1.84673036E-06
  -1.74000001       1.20485311E-06
  -1.72000003       1.37893733E-06
  -1.70000005       1.64825281E-06
  -1.68000007       1.27864087E-06
  -1.65999997       1.74113893E-06
  -1.63999999       9.96275389E-07
  -1.62000000       2.20459970E-06
  -1.60000002       7.32469346E-07
  -1.58000004       2.45292972E-06
  -1.55999994       6.63180856E-07
  -1.53999996       2.55298733E-06
  -1.51999998       3.83935912E-07
  -1.50000000       3.03365073E-06
  -1.48000002       3.27615709E-07
  -1.46000004       2.98954637E-06
  -1.44000006       3.38989537E-07
  -1.42000008       3.08382369E-06
  -1.40000010       2.75273692E-07
  -1.38000000       3.42548742E-06
  -1.36000001       3.35504836E-07
  -1.34000003       3.11248164E-06
  -1.31999993       6.08573828E-07
  -1.29999995       3.09037068E-06
  -1.27999997       7.67603638E-07
  -1.25999999       3.28146803E-06
  -1.24000001       8.94733034E-07
  -1.22000003       2.86928616E-06
  -1.20000005       1.43296870E-06
  -1.18000007       2.46829404E-06
  -1.16000009       1.87721321E-06
  -1.14000010       2.55488067E-06
  -1.12000000       1.98697285E-06
  -1.10000002       2.22790868E-06
  -1.08000004       2.23074017E-06
  -1.05999994       1.54736665E-06
  -1.03999996       2.72126408E-06
  -1.01999998       1.27463863E-06
  -1.00000000       2.85448959E-06
 -0.980000019       1.13660371E-06
 -0.960000038       2.36173514E-06
 -0.940000057       3.12555301E-07
 -0.920000076       8.95197445E-07
 -0.899999976       4.35395265E-07
 -0.879999995       1.00750142E-07
 -0.860000014       3.66110135E-06
 -0.840000033       8.36531342E-07
 -0.820000052       3.72486306E-06
 -0.800000072       7.59403702E-06
 -0.779999971       4.69584556E-05
 -0.759999990       1.39192853E-04
 -0.740000010       3.53892392E-04
 -0.720000029       5.75870043E-04
 -0.700000048       8.16640269E-04
 -0.680000067       7.14689260E-04
 -0.660000086       5.29416255E-04
 -0.639999986       6.94946328E-04
 -0.620000005       2.81747384E-03
 -0.600000024       8.47543869E-03
 -0.580000043       1.81779191E-02
 -0.560000062       2.86940336E-02
 -0.540000081       3.40434462E-02
 -0.519999981       2.76728794E-02
 -0.500000000       1.36283394E-02
 -0.480000019       1.10969841E-02
 -0.460000038       5.39362766E-02
 -0.440000057      0.168194249    
 -0.420000076      0.339017838    
 -0.400000095      0.494160265    
 -0.379999995      0.527055562    
 -0.360000014      0.381433547    
 -0.340000033      0.141209602    
 -0.320000052       5.38592413E-02
 -0.300000072      0.408605039    
 -0.280000091       1.31022263    
 -0.259999990       2.47887731    
 -0.240000010       3.30901289    
 -0.220000029       3.20580363    
 -0.200000048       2.09325743    
 -0.180000067      0.653449774    
 -0.160000086       5.86923659E-02
 -0.139999986       1.20553184    
 -0.120000005       3.96413708    
 -0.100000024       7.00506163    
  -8.00000429E-02   8.57467842    
  -6.00000620E-02   7.55988836    
  -4.00000811E-02   4.56102562    
  -2.00001001E-02   1.29335213    
   0.00000000       1.14776660E-02
   1.99999809E-02   2.54816132E-05
   3.99999619E-02   8.93418292E-06
   5.99999428E-02   1.71813986E-06
   7.99999237E-02   1.09461746E-06
   9.99999046E-02   2.09300779E-07
  0.119999886       6.00746375E-07
  0.139999866       1.52350552E-07
  0.159999847       6.21755817E-07
  0.180000067       2.83620778E-07
  0.200000048       7.56181521E-07
  0.220000029       4.78480956E-07
  0.240000010       9.36082415E-07
  0.259999990       7.17191369E-07
  0.279999971       1.13834108E-06
  0.299999952       9.98821065E-07
  0.319999933       1.35632229E-06
  0.339999914       1.32000832E-06
  0.359999895       1.59392221E-06
  0.379999876       1.66828238E-06
  0.399999857       1.84401085E-06
  0.419999838       2.01776220E-06
  0.440000057       2.09142377E-06
  0.460000038       2.34007621E-06
  0.480000019       2.34056165E-06
  0.500000000       2.63278707E-06
  0.519999981       2.62937056E-06
  0.539999962       2.90578873E-06
  0.559999943       2.95370319E-06
  0.579999924       3.12931411E-06
  0.599999905       3.23354857E-06
  0.619999886       3.28555188E-06
  0.639999866       3.44797263E-06
  0.659999847       3.45622925E-06
  0.679999828       3.65066717E-06
  0.700000048       3.64676907E-06
  0.720000029       3.75685318E-06
  0.740000010       3.76354456E-06
  0.759999990       3.76698449E-06
  0.779999971       3.87439195E-06
  0.799999952       3.81845257E-06
  0.819999933       3.91642970E-06
  0.839999914       3.83092492E-06
  0.859999895       3.80465167E-06
  0.879999876       3.85081921E-06
  0.899999857       3.75040008E-06
  0.919999838       3.79277890E-06
  0.939999819       3.67274993E-06
  0.960000038       3.60249896E-06
  0.980000019       3.63453364E-06
   1.00000000       3.49327047E-06
   1.01999998       3.45436979E-06
   1.03999996       3.37513529E-06
   1.05999994       3.27142448E-06
   1.07999992       3.26946292E-06
   1.09999990       3.12349334E-06
   1.11999989       3.03275237E-06
   1.13999987       3.02321405E-06
   1.15999985       2.88580145E-06
   1.17999983       2.80311519E-06
   1.19999981       2.75681327E-06
   1.22000003       2.65536255E-06
   1.24000001       2.57900797E-06
   1.25999999       2.50585367E-06
   1.27999997       2.42944725E-06
   1.29999995       2.36227220E-06
   1.31999993       2.27879559E-06
   1.33999991       2.21676305E-06
   1.35999990       2.15215391E-06
   1.37999988       2.07383073E-06
   1.39999986       2.02612296E-06
   1.41999984       1.95469397E-06
   1.43999982       1.88877243E-06
   1.46000004       1.85521810E-06
   1.48000002       1.77262348E-06
   1.50000000       1.71964302E-06
   1.51999998       1.70218482E-06
   1.53999996       1.60901880E-06
   1.55999994       1.56603608E-06
   1.57999992       1.55828684E-06
   1.59999990       1.47098660E-06
   1.61999989       1.42421425E-06
   1.63999987       1.41756323E-06
   1.65999985       1.36446977E-06
   1.67999983       1.29009243E-06
   1.69999981       1.27693966E-06
   1.72000003       1.28361842E-06
   1.74000001       1.17203069E-06
   1.75999999       1.14549061E-06
   1.77999997       1.18652019E-06
   1.79999995       1.10230553E-06
   1.81999993       1.02564422E-06
   1.83999991       1.05601214E-06
   1.85999990       1.07177004E-06
   1.87999988       9.34044010E-07
   1.89999986       9.17765249E-07
   1.91999984       9.94058610E-07
   1.93999982       9.31341390E-07
   1.95999980       7.97305802E-07
   1.98000002       8.48258424E-07
   2.00000000       9.29567534E-07
   2.01999998       7.86856845E-07
   2.03999996       6.89735657E-07
   2.05999994       8.08728089E-07
   2.07999992       8.51836774E-07
   2.09999990       6.52204676E-07
   2.11999989       6.09838139E-07
   2.13999987       7.83098812E-07
   2.15999985       7.68733344E-07
   2.17999983       5.31700721E-07
   2.19999981       5.51186474E-07
   2.21999979       7.69584346E-07
   2.23999977       6.81922700E-07
   2.25999975       4.25031288E-07
   2.27999973       5.11444625E-07
   2.29999971       7.65193647E-07
   2.31999969       6.02153250E-07
   2.33999968       3.26631834E-07
   2.36000013       4.86877639E-07
   2.38000011       7.62784452E-07
   2.40000010       5.40150438E-07
   2.42000008       2.37242986E-07
   2.44000006       4.78912170E-07
   2.46000004       7.64948709E-07
   2.48000002       4.89484648E-07
   2.50000000       1.66510105E-07
   2.51999998       4.56770096E-07
   2.53999996       7.80190703E-07
   2.55999994       4.56632677E-07
   2.57999992       1.23771770E-07
   2.59999990       4.20679072E-07
   2.61999989       7.20961964E-07
   2.63999987       4.01679358E-07
   2.65999985       1.01488496E-07
   2.67999983       4.29441627E-07
   2.69999981       6.90471893E-07
   2.71999979       3.18293729E-07
   2.73999977       7.49012656E-08
   2.75999975       4.70739678E-07
   2.77999973       7.00920168E-07
   2.79999971       2.84119665E-07
   2.81999969       4.58451446E-08
   2.83999968       4.56940484E-07
   2.85999966       6.73946374E-07
   2.88000011       2.49083911E-07
   2.90000010       4.56884131E-08
   2.92000008       4.74603667E-07
   2.94000006       6.42610985E-07
   2.96000004       1.91282027E-07
   2.98000002       4.85553393E-08
   3.00000000       5.28859971E-07
   3.01999998       6.71103180E-07
   3.03999996       1.86948469E-07
   3.05999994       4.46518165E-08
   3.07999992       4.84081625E-07
   3.09999990       6.41190411E-07
