  -2.00000000       1.75281720E-10
  -1.98000002       1.54792928E-10
  -1.96000004       2.26142674E-10
  -1.94000006       5.12556442E-10
  -1.91999996       4.06345069E-10
  -1.89999998       7.68866637E-10
  -1.88000000       7.14817705E-10
  -1.86000001       9.80094894E-10
  -1.84000003       1.10799558E-09
  -1.82000005       1.32647815E-09
  -1.79999995       1.68370062E-09
  -1.77999997       2.05959538E-09
  -1.75999999       2.87578628E-09
  -1.74000001       3.46646334E-09
  -1.72000003       4.19538448E-09
  -1.70000005       5.39115863E-09
  -1.68000007       6.28590557E-09
  -1.65999997       8.42261549E-09
  -1.63999999       1.01808322E-08
  -1.62000000       1.36538789E-08
  -1.60000002       1.75405663E-08
  -1.58000004       2.28162751E-08
  -1.55999994       3.09940269E-08
  -1.53999996       3.97424316E-08
  -1.51999998       5.45743930E-08
  -1.50000000       6.87429988E-08
  -1.48000002       8.94492516E-08
  -1.46000004       1.12850984E-07
  -1.44000006       1.44890350E-07
  -1.42000008       1.84849569E-07
  -1.40000010       2.28513954E-07
  -1.38000000       2.79449210E-07
  -1.36000001       3.29822399E-07
  -1.34000003       3.89655128E-07
  -1.31999993       4.44925007E-07
  -1.29999995       4.96175005E-07
  -1.27999997       5.32170588E-07
  -1.25999999       5.59133525E-07
  -1.24000001       5.78028846E-07
  -1.22000003       5.91224818E-07
  -1.20000005       6.11583175E-07
  -1.18000007       6.23161100E-07
  -1.16000009       6.66393476E-07
  -1.14000010       6.84113672E-07
  -1.12000000       7.30714248E-07
  -1.10000002       8.16888644E-07
  -1.08000004       7.17433181E-07
  -1.05999994       1.01389958E-06
  -1.03999996       8.42481541E-07
  -1.01999998       7.37236007E-07
  -1.00000000       1.99728379E-06
 -0.980000019       3.69243395E-07
 -0.960000038       2.36963001E-06
 -0.940000057       7.10111954E-06
 -0.920000076       2.87317948E-06
 -0.899999976       2.06842687E-05
 -0.879999995       4.89508384E-05
 -0.860000014       6.44831598E-05
 -0.840000033       1.84819000E-04
 -0.820000052       4.07876418E-04
 -0.800000072       6.84226980E-04
 -0.779999971       1.42816186E-03
 -0.759999990       2.89673009E-03
 -0.740000010       5.03579713E-03
 -0.720000029       8.96437000E-03
 -0.700000048       1.63359120E-02
 -0.680000067       2.76515111E-02
 -0.660000086       4.47162464E-02
 -0.639999986       7.25869089E-02
 -0.620000005      0.115158305    
 -0.600000024      0.174206734    
 -0.580000043      0.255506694    
 -0.560000062      0.369300783    
 -0.540000081      0.520639896    
 -0.519999981      0.707600117    
 -0.500000000      0.931470871    
 -0.480000019       1.19827378    
 -0.460000038       1.50674915    
 -0.440000057       1.83918548    
 -0.420000076       2.17297149    
 -0.400000095       2.49236083    
 -0.379999995       2.78757071    
 -0.360000014       3.04331064    
 -0.340000033       3.23423266    
 -0.320000052       3.33519268    
 -0.300000072       3.32983446    
 -0.280000091       3.22217178    
 -0.259999990       3.03383017    
 -0.240000010       2.79971647    
 -0.220000029       2.54517174    
 -0.200000048       2.26315284    
 -0.180000067       1.92527056    
 -0.160000086       1.52308071    
 -0.139999986       1.12284100    
 -0.120000005      0.834032416    
 -0.100000024      0.716403127    
  -8.00000429E-02  0.696794271    
  -6.00000620E-02  0.613543153    
  -4.00000811E-02  0.392228276    
  -2.00001001E-02  0.116634771    
   0.00000000       1.05862052E-03
   1.99999809E-02   2.02522870E-06
   3.99999619E-02   1.78326400E-06
   5.99999428E-02   1.00672924E-06
   7.99999237E-02   1.76932554E-06
   9.99999046E-02   2.46180934E-06
  0.119999886       3.12962652E-06
  0.139999866       4.37541848E-06
  0.159999847       4.94091773E-06
  0.180000067       6.41556380E-06
  0.200000048       6.93094489E-06
  0.220000029       8.34039656E-06
  0.240000010       8.94108416E-06
  0.259999990       9.92674995E-06
  0.279999971       1.04845258E-05
  0.299999952       1.06907764E-05
  0.319999933       1.10348810E-05
  0.339999914       1.08108143E-05
  0.359999895       1.07554206E-05
  0.379999876       1.02351332E-05
  0.399999857       9.50715003E-06
  0.419999838       9.00947452E-06
  0.440000057       8.20069545E-06
  0.460000038       7.39891721E-06
  0.480000019       6.76922900E-06
  0.500000000       6.06799131E-06
  0.519999981       5.44158183E-06
  0.539999962       4.98413783E-06
  0.559999943       4.48885385E-06
  0.579999924       4.04578168E-06
  0.599999905       3.78984396E-06
  0.619999886       3.41680379E-06
  0.639999866       3.11339113E-06
  0.659999847       2.91742754E-06
  0.679999828       2.67652467E-06
  0.700000048       2.45142564E-06
  0.720000029       2.23403981E-06
  0.740000010       2.12766577E-06
  0.759999990       1.94038944E-06
  0.779999971       1.78366759E-06
  0.799999952       1.62687707E-06
  0.819999933       1.54788279E-06
  0.839999914       1.44087346E-06
  0.859999895       1.30782212E-06
  0.879999876       1.20134018E-06
  0.899999857       1.10276540E-06
  0.919999838       1.06162133E-06
  0.939999819       9.85387715E-07
  0.960000038       8.90089154E-07
  0.980000019       8.13960014E-07
   1.00000000       7.36446395E-07
   1.01999998       6.89748390E-07
   1.03999996       6.65676964E-07
   1.05999994       6.18194349E-07
   1.07999992       5.55019199E-07
   1.09999990       4.98847555E-07
   1.11999989       4.45849821E-07
   1.13999987       3.96290034E-07
   1.15999985       3.62522258E-07
   1.17999983       3.45624926E-07
   1.19999981       3.32156787E-07
   1.22000003       3.10921251E-07
   1.24000001       2.81251289E-07
   1.25999999       2.47438066E-07
   1.27999997       2.13037339E-07
   1.29999995       1.79423708E-07
   1.31999993       1.47236221E-07
   1.33999991       1.17529446E-07
   1.35999990       9.13330283E-08
   1.37999988       6.94039812E-08
   1.39999986       5.18401428E-08
   1.41999984       3.82813674E-08
   1.43999982       2.81310406E-08
   1.46000004       2.06372786E-08
   1.48000002       1.51789443E-08
   1.50000000       1.12403011E-08
   1.51999998       8.36775538E-09
   1.53999996       6.24920338E-09
   1.55999994       4.71191486E-09
   1.57999992       3.59557562E-09
   1.59999990       2.77383116E-09
   1.61999989       2.17282015E-09
   1.63999987       1.75479908E-09
   1.65999985       1.44944678E-09
   1.67999983       1.22125676E-09
   1.69999981       1.04753994E-09
   1.72000003       9.04356368E-10
   1.74000001       7.92064470E-10
   1.75999999       7.13557657E-10
   1.77999997       6.63924193E-10
   1.79999995       6.31922126E-10
   1.81999993       6.12320028E-10
   1.83999991       5.88966709E-10
   1.85999990       5.58697755E-10
   1.87999988       5.26058808E-10
   1.89999986       5.01952868E-10
   1.91999984       4.83580842E-10
   1.93999982       4.56775479E-10
   1.95999980       4.33328179E-10
   1.98000002       4.28343971E-10
   2.00000000       4.36353703E-10
   2.01999998       4.36178454E-10
   2.03999996       4.27007429E-10
   2.05999994       4.11695039E-10
   2.07999992       3.89927285E-10
   2.09999990       3.75457415E-10
   2.11999989       3.69925923E-10
   2.13999987       3.74043935E-10
   2.15999985       3.75104170E-10
   2.17999983       3.65527608E-10
   2.19999981       3.48021945E-10
   2.21999979       3.36723288E-10
   2.23999977       3.35276445E-10
   2.25999975       3.32105843E-10
   2.27999973       3.18159388E-10
   2.29999971       2.99938241E-10
   2.31999969       2.95219071E-10
   2.33999968       3.02215364E-10
   2.36000013       2.88636226E-10
   2.38000011       2.63486011E-10
   2.40000010       2.62234234E-10
   2.42000008       2.70758249E-10
   2.44000006       2.55793636E-10
   2.46000004       2.37354109E-10
   2.48000002       2.44183868E-10
   2.50000000       2.47623755E-10
   2.51999998       2.28292329E-10
   2.53999996       2.18671234E-10
   2.55999994       2.21784188E-10
   2.57999992       2.04467498E-10
   2.59999990       1.92518584E-10
   2.61999989       1.92953237E-10
   2.63999987       1.76303513E-10
   2.65999985       1.65299455E-10
   2.67999983       1.71939185E-10
   2.69999981       1.51852600E-10
   2.71999979       1.35786604E-10
   2.73999977       1.38591069E-10
   2.75999975       1.23654795E-10
   2.77999973       1.22238913E-10
   2.79999971       1.16994692E-10
   2.81999969       9.78663886E-11
   2.83999968       9.23681756E-11
   2.85999966       7.75255068E-11
   2.88000011       7.80664977E-11
   2.90000010       7.06283296E-11
   2.92000008       6.01977773E-11
   2.94000006       5.62904758E-11
   2.96000004       4.68165610E-11
   2.98000002       4.44169111E-11
   3.00000000       3.34214600E-11
   3.01999998       2.84852471E-11
   3.03999996       1.54245956E-11
   3.05999994       7.89229706E-12
   3.07999992       5.05084126E-12
   3.09999990       3.31782865E-11
