  -2.00000000       2.04101957E-06
  -1.98000002       1.21988876E-07
  -1.96000004       2.82378278E-06
  -1.94000006       1.91611548E-07
  -1.91999996       2.33336914E-06
  -1.89999998       5.46601655E-07
  -1.88000000       2.17585330E-06
  -1.86000001       6.83132328E-07
  -1.84000003       1.83725058E-06
  -1.82000005       1.23066957E-06
  -1.79999995       1.55891723E-06
  -1.77999997       1.41230498E-06
  -1.75999999       1.12366854E-06
  -1.74000001       1.93915116E-06
  -1.72000003       9.05874799E-07
  -1.70000005       2.18275682E-06
  -1.68000007       5.46480010E-07
  -1.65999997       2.52618429E-06
  -1.63999999       3.49769664E-07
  -1.62000000       2.83877580E-06
  -1.60000002       2.33910583E-07
  -1.58000004       2.86172735E-06
  -1.55999994       1.49365221E-07
  -1.53999996       3.16113574E-06
  -1.51999998       1.89246848E-07
  -1.50000000       2.91748847E-06
  -1.48000002       4.13834186E-07
  -1.46000004       2.92015898E-06
  -1.44000006       5.96622954E-07
  -1.42000008       2.78536004E-06
  -1.40000010       9.37640209E-07
  -1.38000000       2.31110857E-06
  -1.36000001       1.45360332E-06
  -1.34000003       2.14381907E-06
  -1.31999993       1.79066126E-06
  -1.29999995       1.83399004E-06
  -1.27999997       2.25249505E-06
  -1.25999999       1.33633716E-06
  -1.24000001       2.89161540E-06
  -1.22000003       1.12386806E-06
  -1.20000005       3.17826130E-06
  -1.18000007       9.38926007E-07
  -1.16000009       3.36111566E-06
  -1.14000010       7.27133568E-07
  -1.12000000       3.75627246E-06
  -1.10000002       5.92205197E-07
  -1.08000004       3.65318397E-06
  -1.05999994       6.23304857E-07
  -1.03999996       3.23052268E-06
  -1.01999998       7.56821294E-07
  -1.00000000       2.94142774E-06
 -0.980000019       8.14707562E-07
 -0.960000038       2.03244463E-06
 -0.940000057       5.91150410E-07
 -0.920000076       2.32915681E-07
 -0.899999976       6.98400015E-07
 -0.879999995       1.39530516E-06
 -0.860000014       2.30061505E-06
 -0.840000033       3.81854034E-06
 -0.820000052       4.92179333E-06
 -0.800000072       1.47235169E-05
 -0.779999971       7.08203879E-05
 -0.759999990       1.86439836E-04
 -0.740000010       4.14108246E-04
 -0.720000029       6.85038045E-04
 -0.700000048       8.51759338E-04
 -0.680000067       8.16603308E-04
 -0.660000086       6.35762175E-04
 -0.639999986       1.12894271E-03
 -0.620000005       3.86581477E-03
 -0.600000024       1.02580693E-02
 -0.580000043       2.05141641E-02
 -0.560000062       3.08649242E-02
 -0.540000081       3.49213928E-02
 -0.519999981       2.78083123E-02
 -0.500000000       1.45803913E-02
 -0.480000019       1.71007812E-02
 -0.460000038       6.89287335E-02
 -0.440000057      0.190687940    
 -0.420000076      0.364062279    
 -0.400000095      0.508434713    
 -0.379999995      0.525366247    
 -0.360000014      0.367239267    
 -0.340000033      0.135770485    
 -0.320000052       8.09275135E-02
 -0.300000072      0.479551196    
 -0.280000091       1.40199351    
 -0.259999990       2.55283284    
 -0.240000010       3.31573462    
 -0.220000029       3.14991641    
 -0.200000048       2.00629234    
 -0.180000067      0.607345223    
 -0.160000086       8.68373066E-02
 -0.139999986       1.28802609    
 -0.120000005       4.03833818    
 -0.100000024       6.99921417    
  -8.00000429E-02   8.48799038    
  -6.00000620E-02   7.43406868    
  -4.00000811E-02   4.47046280    
  -2.00001001E-02   1.26449287    
   0.00000000       1.11925043E-02
   1.99999809E-02   2.48484976E-05
   3.99999619E-02   8.56744282E-06
   5.99999428E-02   1.76967922E-06
   7.99999237E-02   9.27665894E-07
   9.99999046E-02   3.63877746E-07
  0.119999886       4.02138937E-07
  0.139999866       3.53021278E-07
  0.159999847       3.83861561E-07
  0.180000067       5.16856971E-07
  0.200000048       4.85718715E-07
  0.220000029       7.36881134E-07
  0.240000010       6.43682370E-07
  0.259999990       9.84862481E-07
  0.279999971       8.43457542E-07
  0.299999952       1.24170197E-06
  0.319999933       1.08256336E-06
  0.339999914       1.49650316E-06
  0.359999895       1.36400365E-06
  0.379999876       1.74753507E-06
  0.399999857       1.69372424E-06
  0.419999838       1.99403394E-06
  0.440000057       2.06325376E-06
  0.460000038       2.22351059E-06
  0.480000019       2.42906845E-06
  0.500000000       2.42949932E-06
  0.519999981       2.74419540E-06
  0.539999962       2.65473886E-06
  0.559999943       3.00369720E-06
  0.579999924       2.95403743E-06
  0.599999905       3.20933077E-06
  0.619999886       3.27560497E-06
  0.639999866       3.32360787E-06
  0.659999847       3.51684321E-06
  0.679999828       3.41833834E-06
  0.700000048       3.69196346E-06
  0.720000029       3.60635545E-06
  0.740000010       3.76668368E-06
  0.759999990       3.78671484E-06
  0.779999971       3.70439511E-06
  0.799999952       3.88610670E-06
  0.819999933       3.73005241E-06
  0.839999914       3.88866738E-06
  0.859999895       3.82021881E-06
  0.879999876       3.71026999E-06
  0.899999857       3.83508495E-06
  0.919999838       3.64766674E-06
  0.939999819       3.73526495E-06
  0.960000038       3.65219876E-06
  0.980000019       3.48188837E-06
   1.00000000       3.59209162E-06
   1.01999998       3.41897817E-06
   1.03999996       3.36705375E-06
   1.05999994       3.34847300E-06
   1.07999992       3.15754869E-06
   1.09999990       3.20695017E-06
   1.11999989       3.09152938E-06
   1.13999987       2.92456161E-06
   1.15999985       2.97600559E-06
   1.17999983       2.83486270E-06
   1.19999981       2.71701128E-06
   1.22000003       2.72247144E-06
   1.24000001       2.58931209E-06
   1.25999999       2.51429719E-06
   1.27999997       2.47799517E-06
   1.29999995       2.35989569E-06
   1.31999993       2.31323725E-06
   1.33999991       2.25363851E-06
   1.35999990       2.15223372E-06
   1.37999988       2.11352790E-06
   1.39999986       2.05031483E-06
   1.41999984       1.96912970E-06
   1.43999982       1.92483435E-06
   1.46000004       1.86493594E-06
   1.48000002       1.80686141E-06
   1.50000000       1.74949184E-06
   1.51999998       1.69606506E-06
   1.53999996       1.66016605E-06
   1.55999994       1.59290278E-06
   1.57999992       1.54268878E-06
   1.59999990       1.52192274E-06
   1.61999989       1.45782269E-06
   1.63999987       1.40816996E-06
   1.65999985       1.38056771E-06
   1.67999983       1.35234620E-06
   1.69999981       1.28661407E-06
   1.72000003       1.23813413E-06
   1.74000001       1.26397742E-06
   1.75999999       1.18594539E-06
   1.77999997       1.11190957E-06
   1.79999995       1.15180592E-06
   1.81999993       1.12118460E-06
   1.83999991       1.01980413E-06
   1.85999990       1.00274303E-06
   1.87999988       1.07372557E-06
   1.89999986       9.67864139E-07
   1.91999984       8.69377004E-07
   1.93999982       9.55315954E-07
   1.95999980       9.75745820E-07
   1.98000002       8.06352773E-07
   2.00000000       7.74512500E-07
   2.01999998       9.30134775E-07
   2.03999996       8.52224389E-07
   2.05999994       6.58630370E-07
   2.07999992       7.32990543E-07
   2.09999990       8.99968200E-07
   2.11999989       7.13994382E-07
   2.13999987       5.41624956E-07
   2.15999985       7.28743771E-07
   2.17999983       8.52835626E-07
   2.19999981       5.71400733E-07
   2.21999979       4.66383085E-07
   2.23999977       7.46558669E-07
   2.25999975       7.77781622E-07
   2.27999973       4.37181939E-07
   2.29999971       4.32774442E-07
   2.31999969       7.76566310E-07
   2.33999968       6.82326913E-07
   2.36000013       3.15561266E-07
   2.38000011       4.36604779E-07
   2.40000010       7.99375471E-07
   2.42000008       5.83379631E-07
   2.44000006       2.17093643E-07
   2.46000004       4.75435286E-07
   2.48000002       7.99344207E-07
   2.50000000       4.77982439E-07
   2.51999998       1.53625422E-07
   2.53999996       5.19859100E-07
   2.55999994       7.90051104E-07
   2.57999992       3.69994382E-07
   2.59999990       1.35355521E-07
   2.61999989       5.46949423E-07
   2.63999987       6.98007796E-07
   2.65999985       2.49242447E-07
   2.67999983       1.56692408E-07
   2.69999981       6.26157203E-07
   2.71999979       6.28569580E-07
   2.73999977       1.33047848E-07
   2.75999975       2.03681040E-07
   2.77999973       7.00417729E-07
   2.79999971       5.63564583E-07
   2.81999969       7.06148668E-08
   2.83999968       2.42567978E-07
   2.85999966       6.84632994E-07
   2.88000011       4.36541541E-07
   2.90000010       2.73443668E-08
   2.92000008       3.42729351E-07
   2.94000006       7.11982068E-07
   2.96000004       3.34108108E-07
   2.98000002       9.72621539E-09
   3.00000000       4.40091810E-07
   3.01999998       7.14465330E-07
   3.03999996       2.47492210E-07
   3.05999994       2.92980147E-08
   3.07999992       4.98510190E-07
   3.09999990       9.33396564E-07
