  -2.00000000       2.03895797E-06
  -1.98000002       1.18277825E-07
  -1.96000004       2.82794917E-06
  -1.94000006       1.89228047E-07
  -1.91999996       2.33883816E-06
  -1.89999998       5.33066668E-07
  -1.88000000       2.18475020E-06
  -1.86000001       6.71278428E-07
  -1.84000003       1.85898523E-06
  -1.82000005       1.20508878E-06
  -1.79999995       1.57651266E-06
  -1.77999997       1.38934456E-06
  -1.75999999       1.15340106E-06
  -1.74000001       1.90715900E-06
  -1.72000003       9.35257617E-07
  -1.70000005       2.15167643E-06
  -1.68000007       5.70322811E-07
  -1.65999997       2.50383050E-06
  -1.63999999       3.78998209E-07
  -1.62000000       2.80455447E-06
  -1.60000002       2.47275779E-07
  -1.58000004       2.86428804E-06
  -1.55999994       1.51756794E-07
  -1.53999996       3.14981685E-06
  -1.51999998       1.86527288E-07
  -1.50000000       2.93262974E-06
  -1.48000002       3.83371457E-07
  -1.46000004       2.96582607E-06
  -1.44000006       5.49913182E-07
  -1.42000008       2.81680445E-06
  -1.40000010       8.91617844E-07
  -1.38000000       2.38173561E-06
  -1.36000001       1.37185793E-06
  -1.34000003       2.23156258E-06
  -1.31999993       1.70035980E-06
  -1.29999995       1.90098319E-06
  -1.27999997       2.18806827E-06
  -1.25999999       1.42004285E-06
  -1.24000001       2.79984170E-06
  -1.22000003       1.21659059E-06
  -1.20000005       3.08655535E-06
  -1.18000007       9.95201731E-07
  -1.16000009       3.33032858E-06
  -1.14000010       7.52289850E-07
  -1.12000000       3.74493061E-06
  -1.10000002       6.08767323E-07
  -1.08000004       3.63180902E-06
  -1.05999994       6.22772632E-07
  -1.03999996       3.25453789E-06
  -1.01999998       7.12844042E-07
  -1.00000000       3.02955482E-06
 -0.980000019       7.36291440E-07
 -0.960000038       2.13028488E-06
 -0.940000057       5.30611146E-07
 -0.920000076       2.61089099E-07
 -0.899999976       7.11728148E-07
 -0.879999995       1.28970225E-06
 -0.860000014       2.39195469E-06
 -0.840000033       3.61359662E-06
 -0.820000052       4.97189694E-06
 -0.800000072       1.39069980E-05
 -0.779999971       7.01406243E-05
 -0.759999990       1.82903765E-04
 -0.740000010       4.11830319E-04
 -0.720000029       6.78596843E-04
 -0.700000048       8.50059034E-04
 -0.680000067       8.10581434E-04
 -0.660000086       6.29815448E-04
 -0.639999986       1.10079406E-03
 -0.620000005       3.81499832E-03
 -0.600000024       1.01537770E-02
 -0.580000043       2.04054248E-02
 -0.560000062       3.07431854E-02
 -0.540000081       3.48842740E-02
 -0.519999981       2.77876537E-02
 -0.500000000       1.45150628E-02
 -0.480000019       1.67500526E-02
 -0.460000038       6.81593716E-02
 -0.440000057      0.189481795    
 -0.420000076      0.362870693    
 -0.400000095      0.507657349    
 -0.379999995      0.525537252    
 -0.360000014      0.367851466    
 -0.340000033      0.135965079    
 -0.320000052       7.94186741E-02
 -0.300000072      0.475880265    
 -0.280000091       1.39736092    
 -0.259999990       2.54926801    
 -0.240000010       3.31541586    
 -0.220000029       3.15290737    
 -0.200000048       2.01046491    
 -0.180000067      0.609577000    
 -0.160000086       8.53320211E-02
 -0.139999986       1.28372037    
 -0.120000005       4.03499079    
 -0.100000024       6.99938536    
  -8.00000429E-02   8.49281597    
  -6.00000620E-02   7.44025993    
  -4.00000811E-02   4.47518158    
  -2.00001001E-02   1.26591706    
   0.00000000       1.12023074E-02
   1.99999809E-02   2.50822668E-05
   3.99999619E-02   8.35890205E-06
   5.99999428E-02   1.90165815E-06
   7.99999237E-02   8.20634739E-07
   9.99999046E-02   4.45133026E-07
  0.119999886       3.31960734E-07
  0.139999866       4.10847377E-07
  0.159999847       3.34007581E-07
  0.180000067       5.58969873E-07
  0.200000048       4.50972948E-07
  0.220000029       7.64566323E-07
  0.240000010       6.22466757E-07
  0.259999990       9.97512188E-07
  0.279999971       8.35096102E-07
  0.299999952       1.24017265E-06
  0.319999933       1.08747838E-06
  0.339999914       1.48472407E-06
  0.359999895       1.38226733E-06
  0.379999876       1.73246929E-06
  0.399999857       1.72018042E-06
  0.419999838       1.98092198E-06
  0.440000057       2.08445567E-06
  0.460000038       2.21402229E-06
  0.480000019       2.43219097E-06
  0.500000000       2.42878968E-06
  0.519999981       2.73423780E-06
  0.539999962       2.67160249E-06
  0.559999943       2.99590033E-06
  0.579999924       2.97917177E-06
  0.599999905       3.20363461E-06
  0.619999886       3.28121905E-06
  0.639999866       3.32120089E-06
  0.659999847       3.50550772E-06
  0.679999828       3.43795978E-06
  0.700000048       3.68641918E-06
  0.720000029       3.62700530E-06
  0.740000010       3.76120511E-06
  0.759999990       3.77716492E-06
  0.779999971       3.71474971E-06
  0.799999952       3.87783757E-06
  0.819999933       3.75318268E-06
  0.839999914       3.88390526E-06
  0.859999895       3.81006589E-06
  0.879999876       3.71927126E-06
  0.899999857       3.82780627E-06
  0.919999838       3.66560289E-06
  0.939999819       3.73042894E-06
  0.960000038       3.63773142E-06
  0.980000019       3.49676816E-06
   1.00000000       3.58830061E-06
   1.01999998       3.42232920E-06
   1.03999996       3.36475864E-06
   1.05999994       3.33748267E-06
   1.07999992       3.17468994E-06
   1.09999990       3.20180197E-06
   1.11999989       3.07861683E-06
   1.13999987       2.93696189E-06
   1.15999985       2.97242809E-06
   1.17999983       2.83002828E-06
   1.19999981       2.71946351E-06
   1.22000003       2.71808767E-06
   1.24000001       2.59306080E-06
   1.25999999       2.51056508E-06
   1.27999997       2.47190155E-06
   1.29999995       2.36846336E-06
   1.31999993       2.30704336E-06
   1.33999991       2.24667019E-06
   1.35999990       2.16223566E-06
   1.37999988       2.10662870E-06
   1.39999986       2.04378466E-06
   1.41999984       1.97879331E-06
   1.43999982       1.91771301E-06
   1.46000004       1.85968725E-06
   1.48000002       1.81490589E-06
   1.50000000       1.74300078E-06
   1.51999998       1.69242367E-06
   1.53999996       1.66527229E-06
   1.55999994       1.58862201E-06
   1.57999992       1.54000156E-06
   1.59999990       1.52286179E-06
   1.61999989       1.45846730E-06
   1.63999987       1.40390159E-06
   1.65999985       1.37831205E-06
   1.67999983       1.35876473E-06
   1.69999981       1.27840087E-06
   1.72000003       1.23685686E-06
   1.74000001       1.27086344E-06
   1.75999999       1.17799846E-06
   1.77999997       1.11123757E-06
   1.79999995       1.15396097E-06
   1.81999993       1.12198995E-06
   1.83999991       1.01232729E-06
   1.85999990       1.00533759E-06
   1.87999988       1.07852668E-06
   1.89999986       9.58421083E-07
   1.91999984       8.70447707E-07
   1.93999982       9.59227123E-07
   1.95999980       9.75100193E-07
   1.98000002       7.95888752E-07
   2.00000000       7.83074483E-07
   2.01999998       9.31624299E-07
   2.03999996       8.44049168E-07
   2.05999994       6.54082328E-07
   2.07999992       7.46254727E-07
   2.09999990       8.94363723E-07
   2.11999989       7.01196996E-07
   2.13999987       5.45683918E-07
   2.15999985       7.44201998E-07
   2.17999983       8.37401217E-07
   2.19999981       5.57347619E-07
   2.21999979       4.78709580E-07
   2.23999977       7.62033721E-07
   2.25999975       7.54648681E-07
   2.27999973       4.23985995E-07
   2.29999971       4.51767590E-07
   2.31999969       7.88283955E-07
   2.33999968       6.58173860E-07
   2.36000013       3.05326182E-07
   2.38000011       4.61006380E-07
   2.40000010       8.01966848E-07
   2.42000008       5.59373007E-07
   2.44000006       2.12460577E-07
   2.46000004       5.02454895E-07
   2.48000002       8.01101123E-07
   2.50000000       4.53479515E-07
   2.51999998       1.55512438E-07
   2.53999996       5.36879384E-07
   2.55999994       7.85473787E-07
   2.57999992       3.52621669E-07
   2.59999990       1.42844826E-07
   2.61999989       5.63427250E-07
   2.63999987       6.83409667E-07
   2.65999985       2.32273507E-07
   2.67999983       1.67819906E-07
   2.69999981       6.35573031E-07
   2.71999979       6.16629791E-07
   2.73999977       1.24055049E-07
   2.75999975       2.14925365E-07
   2.77999973       7.09872381E-07
   2.79999971       5.54291944E-07
   2.81999969       6.59854393E-08
   2.83999968       2.53503003E-07
   2.85999966       6.85063810E-07
   2.88000011       4.23291993E-07
   2.90000010       2.57716231E-08
   2.92000008       3.50189254E-07
   2.94000006       7.08756318E-07
   2.96000004       3.26743702E-07
   2.98000002       1.05224718E-08
   3.00000000       4.39331217E-07
   3.01999998       7.05098898E-07
   3.03999996       2.40876204E-07
   3.05999994       3.04033989E-08
   3.07999992       4.99269333E-07
   3.09999990       9.33101319E-07
