  -2.00000000       2.41650514E-06
  -1.98000002       1.08094028E-07
  -1.96000004       2.71038130E-06
  -1.94000006       2.21421772E-07
  -1.91999996       2.34225649E-06
  -1.89999998       6.01074078E-07
  -1.88000000       2.11025008E-06
  -1.86000001       7.54805171E-07
  -1.84000003       1.74219963E-06
  -1.82000005       1.34678396E-06
  -1.79999995       1.45675290E-06
  -1.77999997       1.54040629E-06
  -1.75999999       9.89541832E-07
  -1.74000001       2.07953485E-06
  -1.72000003       7.54384416E-07
  -1.70000005       2.34807749E-06
  -1.68000007       4.39151989E-07
  -1.65999997       2.61282798E-06
  -1.63999999       2.25764211E-07
  -1.62000000       2.99237968E-06
  -1.60000002       1.76138954E-07
  -1.58000004       2.83904251E-06
  -1.55999994       1.75807045E-07
  -1.53999996       3.15853913E-06
  -1.51999998       2.35891804E-07
  -1.50000000       2.83898657E-06
  -1.48000002       5.82547500E-07
  -1.46000004       2.64973892E-06
  -1.44000006       8.81166500E-07
  -1.42000008       2.57705597E-06
  -1.40000010       1.19213462E-06
  -1.38000000       1.97424151E-06
  -1.36000001       1.84943588E-06
  -1.34000003       1.68651491E-06
  -1.31999993       2.26919292E-06
  -1.29999995       1.48372339E-06
  -1.27999997       2.55885902E-06
  -1.25999999       9.88056627E-07
  -1.24000001       3.26005102E-06
  -1.22000003       7.30919794E-07
  -1.20000005       3.58390389E-06
  -1.18000007       6.99509030E-07
  -1.16000009       3.46336924E-06
  -1.14000010       7.07061929E-07
  -1.12000000       3.66494919E-06
  -1.10000002       6.69424935E-07
  -1.08000004       3.61190905E-06
  -1.05999994       7.32901185E-07
  -1.03999996       3.04506534E-06
  -1.01999998       1.03406637E-06
  -1.00000000       2.44056582E-06
 -0.980000019       1.27727799E-06
 -0.960000038       1.48254696E-06
 -0.940000057       9.09480093E-07
 -0.920000076       1.32299434E-07
 -0.899999976       5.88465412E-07
 -0.879999995       1.93495316E-06
 -0.860000014       1.93634719E-06
 -0.840000033       4.78493985E-06
 -0.820000052       4.63542619E-06
 -0.800000072       1.94863424E-05
 -0.779999971       7.34952191E-05
 -0.759999990       2.05670076E-04
 -0.740000010       4.25260485E-04
 -0.720000029       7.17063027E-04
 -0.700000048       8.62848363E-04
 -0.680000067       8.45244562E-04
 -0.660000086       6.69810164E-04
 -0.639999986       1.27730274E-03
 -0.620000005       4.12090868E-03
 -0.600000024       1.07983751E-02
 -0.580000043       2.10536681E-02
 -0.560000062       3.14816870E-02
 -0.540000081       3.51128764E-02
 -0.519999981       2.79191509E-02
 -0.500000000       1.49490107E-02
 -0.480000019       1.89294759E-02
 -0.460000038       7.28081465E-02
 -0.440000057      0.196841657    
 -0.420000076      0.369934648    
 -0.400000095      0.512394071    
 -0.379999995      0.524415970    
 -0.360000014      0.364299804    
 -0.340000033      0.134936959    
 -0.320000052       8.87456834E-02
 -0.300000072      0.498003423    
 -0.280000091       1.42536151    
 -0.259999990       2.57025385    
 -0.240000010       3.31749535    
 -0.220000029       3.13448119    
 -0.200000048       1.98584461    
 -0.180000067      0.596213460    
 -0.160000086       9.45672169E-02
 -0.139999986       1.30979347    
 -0.120000005       4.05453539    
 -0.100000024       6.99851370    
  -8.00000429E-02   8.46312904    
  -6.00000620E-02   7.40325928    
  -4.00000811E-02   4.44658089    
  -2.00001001E-02   1.25741386    
   0.00000000       1.11429021E-02
   1.99999809E-02   2.40525806E-05
   3.99999619E-02   9.22234176E-06
   5.99999428E-02   1.31521267E-06
   7.99999237E-02   1.29293255E-06
   9.99999046E-02   5.66788181E-08
  0.119999886       6.70200279E-07
  0.139999866       1.06996502E-07
  0.159999847       6.01345505E-07
  0.180000067       3.07163646E-07
  0.200000048       6.62197465E-07
  0.220000029       5.61497529E-07
  0.240000010       7.78933440E-07
  0.259999990       8.52494509E-07
  0.279999971       9.37771347E-07
  0.299999952       1.16475201E-06
  0.319999933       1.13399119E-06
  0.339999914       1.47856372E-06
  0.359999895       1.36524181E-06
  0.379999876       1.77027846E-06
  0.399999857       1.63811160E-06
  0.419999838       2.02396177E-06
  0.440000057       1.97141139E-06
  0.460000038       2.24674227E-06
  0.480000019       2.36058213E-06
  0.500000000       2.45604701E-06
  0.519999981       2.73720821E-06
  0.539999962       2.66110237E-06
  0.559999943       3.01363980E-06
  0.579999924       2.89466698E-06
  0.599999905       3.19585160E-06
  0.619999886       3.21167863E-06
  0.639999866       3.32899572E-06
  0.659999847       3.53019868E-06
  0.679999828       3.41411419E-06
  0.700000048       3.69808504E-06
  0.720000029       3.53863447E-06
  0.740000010       3.73973376E-06
  0.759999990       3.78511777E-06
  0.779999971       3.70966518E-06
  0.799999952       3.91489220E-06
  0.819999933       3.67932535E-06
  0.839999914       3.85326075E-06
  0.859999895       3.82539201E-06
  0.879999876       3.71523265E-06
  0.899999857       3.86413649E-06
  0.919999838       3.60388572E-06
  0.939999819       3.70354064E-06
  0.960000038       3.68711267E-06
  0.980000019       3.48573599E-06
   1.00000000       3.59195315E-06
   1.01999998       3.38981317E-06
   1.03999996       3.36447192E-06
   1.05999994       3.39848498E-06
   1.07999992       3.13242026E-06
   1.09999990       3.18437787E-06
   1.11999989       3.12388465E-06
   1.13999987       2.93012499E-06
   1.15999985       2.97295787E-06
   1.17999983       2.82633300E-06
   1.19999981       2.73274645E-06
   1.22000003       2.74722697E-06
   1.24000001       2.56005751E-06
   1.25999999       2.52712630E-06
   1.27999997       2.51667666E-06
   1.29999995       2.32716548E-06
   1.31999993       2.32221078E-06
   1.33999991       2.29547368E-06
   1.35999990       2.12018676E-06
   1.37999988       2.12366149E-06
   1.39999986       2.08890879E-06
   1.41999984       1.93659503E-06
   1.43999982       1.93951519E-06
   1.46000004       1.90125013E-06
   1.48000002       1.77030392E-06
   1.50000000       1.77059485E-06
   1.51999998       1.72947023E-06
   1.53999996       1.62057540E-06
   1.55999994       1.61891580E-06
   1.57999992       1.57056388E-06
   1.59999990       1.48917297E-06
   1.61999989       1.47690378E-06
   1.63999987       1.43122963E-06
   1.65999985       1.37036375E-06
   1.67999983       1.34305867E-06
   1.69999981       1.31572256E-06
   1.72000003       1.25340023E-06
   1.74000001       1.21965832E-06
   1.75999999       1.22602057E-06
   1.77999997       1.13742965E-06
   1.79999995       1.10932865E-06
   1.81999993       1.13409351E-06
   1.83999991       1.05753600E-06
   1.85999990       9.97161578E-07
   1.87999988       1.02715535E-06
   1.89999986       1.02391061E-06
   1.91999984       8.88518741E-07
   1.93999982       9.07512174E-07
   1.95999980       9.75117814E-07
   1.98000002       8.69354494E-07
   2.00000000       7.59396244E-07
   2.01999998       8.72449959E-07
   2.03999996       9.00718078E-07
   2.05999994       7.02791340E-07
   2.07999992       6.82409393E-07
   2.09999990       8.66730886E-07
   2.11999989       7.93617687E-07
   2.13999987       5.49628965E-07
   2.15999985       6.57022611E-07
   2.17999983       8.67898336E-07
   2.19999981       6.60505293E-07
   2.21999979       4.31119759E-07
   2.23999977       6.69353255E-07
   2.25999975       8.53726192E-07
   2.27999973       5.19812318E-07
   2.29999971       3.58216028E-07
   2.31999969       7.00234352E-07
   2.33999968       8.04239448E-07
   2.36000013       3.86967002E-07
   2.38000011       3.33937749E-07
   2.40000010       7.40256837E-07
   2.42000008       7.05066725E-07
   2.44000006       2.68327824E-07
   2.46000004       3.52275663E-07
   2.48000002       7.81467747E-07
   2.50000000       5.94280323E-07
   2.51999998       1.71977547E-07
   2.53999996       4.07019826E-07
   2.55999994       7.76999343E-07
   2.57999992       4.67549398E-07
   2.59999990       1.17699649E-07
   2.61999989       4.81518441E-07
   2.63999987       7.59194336E-07
   2.65999985       3.29457976E-07
   2.67999983       1.11560624E-07
   2.69999981       5.56260773E-07
   2.71999979       6.77099592E-07
   2.73999977       1.93518730E-07
   2.75999975       1.44745854E-07
   2.77999973       6.50847028E-07
   2.79999971       6.19246350E-07
   2.81999969       9.96775782E-08
   2.83999968       2.04267138E-07
   2.85999966       6.99844747E-07
   2.88000011       5.05000060E-07
   2.90000010       3.67427688E-08
   2.92000008       3.01037176E-07
   2.94000006       7.08508935E-07
   2.96000004       3.61473724E-07
   2.98000002       7.79759990E-09
   3.00000000       4.24567133E-07
   3.01999998       7.28575003E-07
   3.03999996       2.69722904E-07
   3.05999994       2.15541327E-08
   3.07999992       4.66373479E-07
   3.09999990       6.52035396E-07
