  -2.00000000       2.58786213E-06
  -1.98000002       9.69261720E-08
  -1.96000004       2.66056668E-06
  -1.94000006       2.33553919E-07
  -1.91999996       2.34777008E-06
  -1.89999998       6.16234388E-07
  -1.88000000       2.08877282E-06
  -1.86000001       7.78430831E-07
  -1.84000003       1.71369481E-06
  -1.82000005       1.38073540E-06
  -1.79999995       1.42321915E-06
  -1.77999997       1.58188698E-06
  -1.75999999       9.52251980E-07
  -1.74000001       2.11735801E-06
  -1.72000003       7.09415417E-07
  -1.70000005       2.39998189E-06
  -1.68000007       4.09682144E-07
  -1.65999997       2.63332618E-06
  -1.63999999       1.98141151E-07
  -1.62000000       3.02863941E-06
  -1.60000002       1.60287954E-07
  -1.58000004       2.83580448E-06
  -1.55999994       1.94326006E-07
  -1.53999996       3.13439159E-06
  -1.51999998       2.62142777E-07
  -1.50000000       2.81823577E-06
  -1.48000002       6.38743245E-07
  -1.46000004       2.54950214E-06
  -1.44000006       9.78718276E-07
  -1.42000008       2.49960544E-06
  -1.40000010       1.28224190E-06
  -1.38000000       1.87273315E-06
  -1.36000001       1.95591247E-06
  -1.34000003       1.55712326E-06
  -1.31999993       2.41925272E-06
  -1.29999995       1.36524534E-06
  -1.27999997       2.64235609E-06
  -1.25999999       9.12428050E-07
  -1.24000001       3.34361903E-06
  -1.22000003       6.41324618E-07
  -1.20000005       3.66829681E-06
  -1.18000007       6.46742023E-07
  -1.16000009       3.48689173E-06
  -1.14000010       7.32792387E-07
  -1.12000000       3.58798479E-06
  -1.10000002       7.36025072E-07
  -1.08000004       3.55762904E-06
  -1.05999994       8.07779315E-07
  -1.03999996       2.96474514E-06
  -1.01999998       1.12811813E-06
  -1.00000000       2.27841610E-06
 -0.980000019       1.42775025E-06
 -0.960000038       1.31592174E-06
 -0.940000057       1.00226021E-06
 -0.920000076       1.16764383E-07
 -0.899999976       5.43578949E-07
 -0.879999995       2.09861537E-06
 -0.860000014       1.86232091E-06
 -0.840000033       5.03925003E-06
 -0.820000052       4.56987709E-06
 -0.800000072       2.10768594E-05
 -0.779999971       7.41665426E-05
 -0.759999990       2.11775216E-04
 -0.740000010       4.28658735E-04
 -0.720000029       7.26522529E-04
 -0.700000048       8.67188210E-04
 -0.680000067       8.53231468E-04
 -0.660000086       6.81733247E-04
 -0.639999986       1.32368330E-03
 -0.620000005       4.19882592E-03
 -0.600000024       1.09649580E-02
 -0.580000043       2.12164763E-02
 -0.560000062       3.16674672E-02
 -0.540000081       3.51740718E-02
 -0.519999981       2.79540811E-02
 -0.500000000       1.50745045E-02
 -0.480000019       1.95004344E-02
 -0.460000038       7.39861578E-02
 -0.440000057      0.198720410    
 -0.420000076      0.371679604    
 -0.400000095      0.513592362    
 -0.379999995      0.524112225    
 -0.360000014      0.363446534    
 -0.340000033      0.134737998    
 -0.320000052       9.11815166E-02
 -0.300000072      0.503565192    
 -0.280000091       1.43243980    
 -0.259999990       2.57535243    
 -0.240000010       3.31806231    
 -0.220000029       3.12971687    
 -0.200000048       1.97982073    
 -0.180000067      0.592894375    
 -0.160000086       9.69616622E-02
 -0.139999986       1.31636906    
 -0.120000005       4.05928373    
 -0.100000024       6.99828291    
  -8.00000429E-02   8.45549965    
  -6.00000620E-02   7.39400482    
  -4.00000811E-02   4.43935204    
  -2.00001001E-02   1.25529706    
   0.00000000       1.11267390E-02
   1.99999809E-02   2.39931724E-05
   3.99999619E-02   9.22979052E-06
   5.99999428E-02   1.28539148E-06
   7.99999237E-02   1.31453851E-06
   9.99999046E-02   2.50375169E-08
  0.119999886       7.01539705E-07
  0.139999866       7.20831679E-08
  0.159999847       6.41306883E-07
  0.180000067       2.69685046E-07
  0.200000048       7.08069592E-07
  0.220000029       5.21379434E-07
  0.240000010       8.24645838E-07
  0.259999990       8.07384367E-07
  0.279999971       9.73627493E-07
  0.299999952       1.11342581E-06
  0.319999933       1.15337309E-06
  0.339999914       1.42952342E-06
  0.359999895       1.37324082E-06
  0.379999876       1.74483830E-06
  0.399999857       1.65027745E-06
  0.419999838       2.03572790E-06
  0.440000057       1.98426596E-06
  0.460000038       2.27230862E-06
  0.480000019       2.34113713E-06
  0.500000000       2.45543197E-06
  0.519999981       2.68284680E-06
  0.539999962       2.65235531E-06
  0.559999943       2.99168687E-06
  0.579999924       2.92148525E-06
  0.599999905       3.22143887E-06
  0.619999886       3.21770153E-06
  0.639999866       3.32030140E-06
  0.659999847       3.47691503E-06
  0.679999828       3.39977350E-06
  0.700000048       3.69381905E-06
  0.720000029       3.57748377E-06
  0.740000010       3.75627064E-06
  0.759999990       3.75892182E-06
  0.779999971       3.67705661E-06
  0.799999952       3.88897161E-06
  0.819999933       3.71658825E-06
  0.839999914       3.87482078E-06
  0.859999895       3.81138648E-06
  0.879999876       3.68216070E-06
  0.899999857       3.84407804E-06
  0.919999838       3.64614743E-06
  0.939999819       3.71602732E-06
  0.960000038       3.65728920E-06
  0.980000019       3.46601246E-06
   1.00000000       3.60328363E-06
   1.01999998       3.42401609E-06
   1.03999996       3.34608876E-06
   1.05999994       3.36495395E-06
   1.07999992       3.15941020E-06
   1.09999990       3.20527056E-06
   1.11999989       3.10162773E-06
   1.13999987       2.91738729E-06
   1.15999985       2.99484213E-06
   1.17999983       2.83873237E-06
   1.19999981       2.70881537E-06
   1.22000003       2.74725176E-06
   1.24000001       2.58904424E-06
   1.25999999       2.51346114E-06
   1.27999997       2.50167227E-06
   1.29999995       2.35450216E-06
   1.31999993       2.32067805E-06
   1.33999991       2.27576243E-06
   1.35999990       2.14231932E-06
   1.37999988       2.12795749E-06
   1.39999986       2.06999766E-06
   1.41999984       1.95520920E-06
   1.43999982       1.94367794E-06
   1.46000004       1.88614581E-06
   1.48000002       1.78747871E-06
   1.50000000       1.76896708E-06
   1.51999998       1.72343698E-06
   1.53999996       1.63490904E-06
   1.55999994       1.60843967E-06
   1.57999992       1.57992667E-06
   1.59999990       1.49343919E-06
   1.61999989       1.46212892E-06
   1.63999987       1.45599051E-06
   1.65999985       1.35873415E-06
   1.67999983       1.33652270E-06
   1.69999981       1.33893627E-06
   1.72000003       1.23878817E-06
   1.74000001       1.22433210E-06
   1.75999999       1.22587460E-06
   1.77999997       1.14935028E-06
   1.79999995       1.10225471E-06
   1.81999993       1.12406110E-06
   1.83999991       1.08611925E-06
   1.85999990       9.80824211E-07
   1.87999988       1.02654724E-06
   1.89999986       1.02626041E-06
   1.91999984       9.08533536E-07
   1.93999982       8.86981582E-07
   1.95999980       9.73241640E-07
   1.98000002       8.90942033E-07
   2.00000000       7.56508712E-07
   2.01999998       8.55792450E-07
   2.03999996       9.06757293E-07
   2.05999994       7.28723649E-07
   2.07999992       6.60999149E-07
   2.09999990       8.56834390E-07
   2.11999989       8.12897383E-07
   2.13999987       5.67319603E-07
   2.15999985       6.23889377E-07
   2.17999983       8.65507332E-07
   2.19999981       6.92577146E-07
   2.21999979       4.34163098E-07
   2.23999977       6.35374590E-07
   2.25999975       8.54957648E-07
   2.27999973       5.58235627E-07
   2.29999971       3.44414644E-07
   2.31999969       6.80110475E-07
   2.33999968       8.13783231E-07
   2.36000013       4.18363129E-07
   2.38000011       3.04944450E-07
   2.40000010       7.30462034E-07
   2.42000008       7.45316072E-07
   2.44000006       2.87856608E-07
   2.46000004       3.18869922E-07
   2.48000002       7.53103620E-07
   2.50000000       6.35285801E-07
   2.51999998       1.85521642E-07
   2.53999996       3.78220534E-07
   2.55999994       7.76490424E-07
   2.57999992       4.90502885E-07
   2.59999990       1.20621934E-07
   2.61999989       4.49150264E-07
   2.63999987       7.57551163E-07
   2.65999985       3.57014159E-07
   2.67999983       1.00405252E-07
   2.69999981       5.47094373E-07
   2.71999979       7.08978575E-07
   2.73999977       2.15392376E-07
   2.75999975       1.30702617E-07
   2.77999973       6.30641239E-07
   2.79999971       6.22171513E-07
   2.81999969       1.09035717E-07
   2.83999968       1.89221666E-07
   2.85999966       6.85237183E-07
   2.88000011       5.16365731E-07
   2.90000010       4.04700700E-08
   2.92000008       2.86755096E-07
   2.94000006       7.11644532E-07
   2.96000004       3.77240667E-07
   2.98000002       7.56377805E-09
   3.00000000       4.23580786E-07
   3.01999998       7.43826433E-07
   3.03999996       2.80550779E-07
   3.05999994       1.99427799E-08
   3.07999992       4.69119840E-07
   3.09999990       5.42302473E-07
