  -2.00000000       2.77914523E-06
  -1.98000002       1.33096577E-07
  -1.96000004       2.42564329E-06
  -1.94000006       3.89902141E-07
  -1.91999996       2.34156050E-06
  -1.89999998       8.29300518E-07
  -1.88000000       1.66195093E-06
  -1.86000001       1.31800789E-06
  -1.84000003       1.33860760E-06
  -1.82000005       1.75746663E-06
  -1.79999995       8.13779252E-07
  -1.77999997       2.37155518E-06
  -1.75999999       4.19134238E-07
  -1.74000001       2.55098234E-06
  -1.72000003       1.95044393E-07
  -1.70000005       2.91785500E-06
  -1.68000007       6.76090295E-08
  -1.65999997       2.92324194E-06
  -1.63999999       1.85302042E-07
  -1.62000000       2.77006006E-06
  -1.60000002       4.51226526E-07
  -1.58000004       2.60996512E-06
  -1.55999994       8.36596712E-07
  -1.53999996       2.07412131E-06
  -1.51999998       1.41485975E-06
  -1.50000000       1.70138173E-06
  -1.48000002       1.95036750E-06
  -1.46000004       1.21166090E-06
  -1.44000006       2.47087928E-06
  -1.42000008       7.36001311E-07
  -1.40000010       3.06477796E-06
  -1.38000000       4.88471983E-07
  -1.36000001       3.19757760E-06
  -1.34000003       4.08091665E-07
  -1.31999993       3.41596819E-06
  -1.29999995       4.52865720E-07
  -1.27999997       3.42555677E-06
  -1.25999999       7.40761266E-07
  -1.24000001       3.00989768E-06
  -1.22000003       1.32593505E-06
  -1.20000005       2.60288357E-06
  -1.18000007       1.87438150E-06
  -1.16000009       2.23032362E-06
  -1.14000010       2.36503615E-06
  -1.12000000       1.56294129E-06
  -1.10000002       2.93604853E-06
  -1.08000004       9.65340973E-07
  -1.05999994       3.26368672E-06
  -1.03999996       6.87826628E-07
  -1.01999998       3.06534093E-06
  -1.00000000       4.76697778E-07
 -0.980000019       2.40409872E-06
 -0.960000038       1.80830142E-07
 -0.940000057       7.96341510E-07
 -0.920000076       6.32087335E-07
 -0.899999976       3.70470303E-07
 -0.879999995       3.36769926E-06
 -0.860000014       3.77802530E-06
 -0.840000033       6.71496309E-06
 -0.820000052       1.05106410E-05
 -0.800000072       4.18327982E-05
 -0.779999971       1.10357236E-04
 -0.759999990       2.91547214E-04
 -0.740000010       5.41339570E-04
 -0.720000029       8.37947940E-04
 -0.700000048       1.01142214E-03
 -0.680000067       9.62487306E-04
 -0.660000086       1.01977552E-03
 -0.639999986       2.12354050E-03
 -0.620000005       5.86736947E-03
 -0.600000024       1.36241019E-02
 -0.580000043       2.44810451E-02
 -0.560000062       3.43348980E-02
 -0.540000081       3.67705002E-02
 -0.519999981       2.85498481E-02
 -0.500000000       1.83297731E-02
 -0.480000019       3.01846247E-02
 -0.460000038       9.57024619E-02
 -0.440000057      0.230127066    
 -0.420000076      0.402433574    
 -0.400000095      0.530901074    
 -0.379999995      0.521036565    
 -0.360000014      0.349173248    
 -0.340000033      0.136102438    
 -0.320000052      0.137114361    
 -0.300000072      0.599062502    
 -0.280000091       1.55176461    
 -0.259999990       2.65712690    
 -0.240000010       3.32213330    
 -0.220000029       3.05073810    
 -0.200000048       1.87893653    
 -0.180000067      0.543754041    
 -0.160000086      0.142441183    
 -0.139999986       1.42155349    
 -0.120000005       4.14239931    
 -0.100000024       6.97811604    
  -8.00000429E-02   8.33187485    
  -6.00000620E-02   7.22833347    
  -4.00000811E-02   4.32133389    
  -2.00001001E-02   1.21839321    
   0.00000000       1.07757561E-02
   1.99999809E-02   2.39609253E-05
   3.99999619E-02   8.18129229E-06
   5.99999428E-02   1.73810145E-06
   7.99999237E-02   8.50359982E-07
   9.99999046E-02   3.70757533E-07
  0.119999886       3.57949546E-07
  0.139999866       3.52654013E-07
  0.159999847       3.47017249E-07
  0.180000067       5.02039370E-07
  0.200000048       4.47609352E-07
  0.220000029       7.00054613E-07
  0.240000010       6.07689458E-07
  0.259999990       9.23636549E-07
  0.279999971       8.14244686E-07
  0.299999952       1.16782348E-06
  0.319999933       1.06290724E-06
  0.339999914       1.42181750E-06
  0.359999895       1.34778293E-06
  0.379999876       1.66956306E-06
  0.399999857       1.65524932E-06
  0.419999838       1.90011042E-06
  0.440000057       1.96834890E-06
  0.460000038       2.12537429E-06
  0.480000019       2.28782596E-06
  0.500000000       2.37169070E-06
  0.519999981       2.61114792E-06
  0.539999962       2.63599281E-06
  0.559999943       2.88773731E-06
  0.579999924       2.88229717E-06
  0.599999905       3.07810660E-06
  0.619999886       3.12218913E-06
  0.639999866       3.24245798E-06
  0.659999847       3.38164432E-06
  0.679999828       3.41217515E-06
  0.700000048       3.56902092E-06
  0.720000029       3.52822326E-06
  0.740000010       3.64267453E-06
  0.759999990       3.64750599E-06
  0.779999971       3.71387614E-06
  0.799999952       3.77920173E-06
  0.819999933       3.71775241E-06
  0.839999914       3.78188270E-06
  0.859999895       3.70080761E-06
  0.879999876       3.75887680E-06
  0.899999857       3.74843830E-06
  0.919999838       3.65466963E-06
  0.939999819       3.67527014E-06
  0.960000038       3.56701366E-06
  0.980000019       3.57643921E-06
   1.00000000       3.53760947E-06
   1.01999998       3.38921882E-06
   1.03999996       3.39816529E-06
   1.05999994       3.31043066E-06
   1.07999992       3.23437143E-06
   1.09999990       3.18710318E-06
   1.11999989       3.05399180E-06
   1.13999987       3.03430443E-06
   1.15999985       2.96518328E-06
   1.17999983       2.82305928E-06
   1.19999981       2.79873530E-06
   1.22000003       2.72822581E-06
   1.24000001       2.61391006E-06
   1.25999999       2.56404019E-06
   1.27999997       2.49461436E-06
   1.29999995       2.41248154E-06
   1.31999993       2.33907781E-06
   1.33999991       2.27837813E-06
   1.35999990       2.21728010E-06
   1.37999988       2.13024305E-06
   1.39999986       2.08129518E-06
   1.41999984       2.03004311E-06
   1.43999982       1.93826054E-06
   1.46000004       1.90647870E-06
   1.48000002       1.85867634E-06
   1.50000000       1.76068374E-06
   1.51999998       1.74756792E-06
   1.53999996       1.70304611E-06
   1.55999994       1.60124421E-06
   1.57999992       1.59777494E-06
   1.59999990       1.56419651E-06
   1.61999989       1.46459979E-06
   1.63999987       1.44817841E-06
   1.65999985       1.44334990E-06
   1.67999983       1.35551261E-06
   1.69999981       1.29404282E-06
   1.72000003       1.33552498E-06
   1.74000001       1.27065869E-06
   1.75999999       1.14988256E-06
   1.77999997       1.22293352E-06
   1.79999995       1.20252196E-06
   1.81999993       1.05113077E-06
   1.83999991       1.07126550E-06
   1.85999990       1.14414627E-06
   1.87999988       1.01231672E-06
   1.89999986       9.04960075E-07
   1.91999984       1.05579170E-06
   1.93999982       1.01058106E-06
   1.95999980       8.09740584E-07
   1.98000002       8.74144746E-07
   2.00000000       1.01895500E-06
   2.01999998       8.18716558E-07
   2.03999996       6.83583721E-07
   2.05999994       9.08468508E-07
   2.07999992       9.11983648E-07
   2.09999990       6.18351976E-07
   2.11999989       6.67067638E-07
   2.13999987       9.32541752E-07
   2.15999985       7.31005798E-07
   2.17999983       4.80964729E-07
   2.19999981       7.35271328E-07
   2.21999979       8.84919643E-07
   2.23999977       5.17587353E-07
   2.25999975       4.49486322E-07
   2.27999973       8.33492891E-07
   2.29999971       7.45342959E-07
   2.31999969       3.33035359E-07
   2.33999968       5.21538993E-07
   2.36000013       8.97570544E-07
   2.38000011       5.51751782E-07
   2.40000010       2.37357895E-07
   2.42000008       6.45785576E-07
   2.44000006       8.49892899E-07
   2.46000004       3.50936745E-07
   2.48000002       2.54557364E-07
   2.50000000       7.63128185E-07
   2.51999998       6.86658780E-07
   2.53999996       1.88836353E-07
   2.55999994       3.72719569E-07
   2.57999992       7.86050293E-07
   2.59999990       4.50588004E-07
   2.61999989       1.22260545E-07
   2.63999987       5.74030992E-07
   2.65999985       7.61449940E-07
   2.67999983       2.25439209E-07
   2.69999981       1.71846523E-07
   2.71999979       7.16550744E-07
   2.73999977       6.18835315E-07
   2.75999975       8.69350600E-08
   2.77999973       3.09282143E-07
   2.79999971       7.54012433E-07
   2.81999969       3.81505004E-07
   2.83999968       4.30535003E-08
   2.85999966       5.33359525E-07
   2.88000011       7.37747428E-07
   2.90000010       1.77139512E-07
   2.92000008       1.17216665E-07
   2.94000006       6.77504886E-07
   2.96000004       5.63895526E-07
   2.98000002       3.30392247E-08
   3.00000000       3.02404061E-07
   3.01999998       7.62644049E-07
   3.03999996       3.65680989E-07
   3.05999994       6.41547793E-09
   3.07999992       4.57917338E-07
   3.09999990       5.53146549E-07
