  -2.00000000       3.05583535E-06
  -1.98000002       1.18883747E-07
  -1.96000004       2.34839536E-06
  -1.94000006       4.55975368E-07
  -1.91999996       2.29008037E-06
  -1.89999998       9.13975782E-07
  -1.88000000       1.58334717E-06
  -1.86000001       1.46777359E-06
  -1.84000003       1.14797388E-06
  -1.82000005       1.93857340E-06
  -1.79999995       7.02045668E-07
  -1.77999997       2.48900392E-06
  -1.75999999       2.48648149E-07
  -1.74000001       2.76406490E-06
  -1.72000003       1.33841752E-07
  -1.70000005       2.84524026E-06
  -1.68000007       1.01323849E-07
  -1.65999997       2.97805013E-06
  -1.63999999       2.80533811E-07
  -1.62000000       2.51698202E-06
  -1.60000002       7.57181056E-07
  -1.58000004       2.28734825E-06
  -1.55999994       1.20914069E-06
  -1.53999996       1.75657078E-06
  -1.51999998       1.78476569E-06
  -1.50000000       1.15977218E-06
  -1.48000002       2.53728990E-06
  -1.46000004       8.19594561E-07
  -1.44000006       2.77435083E-06
  -1.42000008       4.64074390E-07
  -1.40000010       3.27740327E-06
  -1.38000000       2.76072569E-07
  -1.36000001       3.43124111E-06
  -1.34000003       4.44905396E-07
  -1.31999993       3.10313749E-06
  -1.29999995       8.55983899E-07
  -1.27999997       2.95680866E-06
  -1.25999999       1.27058547E-06
  -1.24000001       2.56315889E-06
  -1.22000003       1.88962565E-06
  -1.20000005       1.80624045E-06
  -1.18000007       2.73514047E-06
  -1.16000009       1.32643777E-06
  -1.14000010       3.23430959E-06
  -1.12000000       9.82794290E-07
  -1.10000002       3.29557497E-06
  -1.08000004       6.51916878E-07
  -1.05999994       3.40314841E-06
  -1.03999996       4.80377253E-07
  -1.01999998       3.21762104E-06
  -1.00000000       4.79300013E-07
 -0.980000019       2.10719509E-06
 -0.960000038       4.26245180E-07
 -0.940000057       3.73697702E-07
 -0.920000076       5.48480216E-07
 -0.899999976       1.26606062E-06
 -0.879999995       2.65489143E-06
 -0.860000014       5.76815592E-06
 -0.840000033       6.55545136E-06
 -0.820000052       1.53764431E-05
 -0.800000072       4.51093074E-05
 -0.779999971       1.35185357E-04
 -0.759999990       3.04786285E-04
 -0.740000010       6.01215230E-04
 -0.720000029       8.60141939E-04
 -0.700000048       1.07664452E-03
 -0.680000067       1.00603409E-03
 -0.660000086       1.17034651E-03
 -0.639999986       2.40791403E-03
 -0.620000005       6.53539691E-03
 -0.600000024       1.44570367E-02
 -0.580000043       2.56919563E-02
 -0.560000062       3.51094231E-02
 -0.540000081       3.74132432E-02
 -0.519999981       2.88654752E-02
 -0.500000000       1.98085401E-02
 -0.480000019       3.40646505E-02
 -0.460000038      0.103522480    
 -0.440000057      0.240168676    
 -0.420000076      0.412815541    
 -0.400000095      0.535631061    
 -0.379999995      0.520521343    
 -0.360000014      0.344913840    
 -0.340000033      0.138438940    
 -0.320000052      0.153441280    
 -0.300000072      0.631578803    
 -0.280000091       1.58908474    
 -0.259999990       2.68323541    
 -0.240000010       3.32028556    
 -0.220000029       3.02625990    
 -0.200000048       1.84625995    
 -0.180000067      0.530761361    
 -0.160000086      0.158306465    
 -0.139999986       1.45513225    
 -0.120000005       4.16786671    
 -0.100000024       6.96851540    
  -8.00000429E-02   8.29052734    
  -6.00000620E-02   7.17339516    
  -4.00000811E-02   4.28316402    
  -2.00001001E-02   1.20636380    
   0.00000000       1.06619457E-02
   1.99999809E-02   2.30146634E-05
   3.99999619E-02   8.73083900E-06
   5.99999428E-02   1.24498183E-06
   7.99999237E-02   1.24114752E-06
   9.99999046E-02   2.50741525E-08
  0.119999886       6.76374611E-07
  0.139999866       5.53474031E-08
  0.159999847       6.29543820E-07
  0.180000067       2.33684958E-07
  0.200000048       7.04391539E-07
  0.220000029       4.63636809E-07
  0.240000010       8.29695068E-07
  0.259999990       7.31449745E-07
  0.279999971       9.77560376E-07
  0.299999952       1.02994113E-06
  0.319999933       1.14223326E-06
  0.339999914       1.34320555E-06
  0.359999895       1.33417052E-06
  0.379999876       1.65699623E-06
  0.399999857       1.57269528E-06
  0.419999838       1.96004885E-06
  0.440000057       1.86848501E-06
  0.460000038       2.22442827E-06
  0.480000019       2.20743891E-06
  0.500000000       2.42054989E-06
  0.519999981       2.55086889E-06
  0.539999962       2.57928855E-06
  0.559999943       2.87197986E-06
  0.579999924       2.78904508E-06
  0.599999905       3.13978808E-06
  0.619999886       3.06877837E-06
  0.639999866       3.28431656E-06
  0.659999847       3.33683329E-06
  0.679999828       3.33154298E-06
  0.700000048       3.56944611E-06
  0.720000029       3.44536238E-06
  0.740000010       3.71875240E-06
  0.759999990       3.62085302E-06
  0.779999971       3.67251687E-06
  0.799999952       3.76973594E-06
  0.819999933       3.61701154E-06
  0.839999914       3.85963085E-06
  0.859999895       3.69088843E-06
  0.879999876       3.72035083E-06
  0.899999857       3.75745185E-06
  0.919999838       3.56532701E-06
  0.939999819       3.75377113E-06
  0.960000038       3.57516797E-06
  0.980000019       3.50549590E-06
   1.00000000       3.57276986E-06
   1.01999998       3.35367008E-06
   1.03999996       3.44327873E-06
   1.05999994       3.32279706E-06
   1.07999992       3.14974068E-06
   1.09999990       3.26249847E-06
   1.11999989       3.06758784E-06
   1.13999987       2.98719988E-06
   1.15999985       3.00578631E-06
   1.17999983       2.81441135E-06
   1.19999981       2.81893540E-06
   1.22000003       2.74248282E-06
   1.24000001       2.57656848E-06
   1.25999999       2.62532512E-06
   1.27999997       2.49946129E-06
   1.29999995       2.36391656E-06
   1.31999993       2.41404268E-06
   1.33999991       2.27728697E-06
   1.35999990       2.17116781E-06
   1.37999988       2.20727770E-06
   1.39999986       2.07465064E-06
   1.41999984       1.99075407E-06
   1.43999982       2.01391458E-06
   1.46000004       1.89381535E-06
   1.48000002       1.82465237E-06
   1.50000000       1.83799568E-06
   1.51999998       1.72715920E-06
   1.53999996       1.67425310E-06
   1.55999994       1.67836470E-06
   1.57999992       1.57368265E-06
   1.59999990       1.53975952E-06
   1.61999989       1.53380756E-06
   1.63999987       1.43350849E-06
   1.65999985       1.41770329E-06
   1.67999983       1.40226973E-06
   1.69999981       1.31391187E-06
   1.72000003       1.29402224E-06
   1.74000001       1.29121418E-06
   1.75999999       1.21588880E-06
   1.77999997       1.15837452E-06
   1.79999995       1.20490847E-06
   1.81999993       1.13597685E-06
   1.83999991       1.02635408E-06
   1.85999990       1.10903477E-06
   1.87999988       1.08285963E-06
   1.89999986       9.35623291E-07
   1.91999984       9.59264071E-07
   1.93999982       1.06084246E-06
   1.95999980       8.95661515E-07
   1.98000002       7.93009917E-07
   2.00000000       9.78642447E-07
   2.01999998       9.40842824E-07
   2.03999996       6.92905473E-07
   2.05999994       7.74305192E-07
   2.07999992       9.88402462E-07
   2.09999990       7.39891107E-07
   2.11999989       5.64264383E-07
   2.13999987       8.46303010E-07
   2.15999985       9.10681706E-07
   2.17999983       5.17952913E-07
   2.19999981       5.62486548E-07
   2.21999979       9.19822128E-07
   2.23999977       7.27883446E-07
   2.25999975       3.61423133E-07
   2.27999973       6.67308768E-07
   2.29999971       9.12785765E-07
   2.31999969       4.86906174E-07
   2.33999968       3.33325318E-07
   2.36000013       7.95630001E-07
   2.38000011       7.81904305E-07
   2.40000010       2.79995248E-07
   2.42000008       4.39707946E-07
   2.44000006       8.58029921E-07
   2.46000004       5.40268275E-07
   2.48000002       1.85100305E-07
   2.50000000       6.14805685E-07
   2.51999998       8.20962157E-07
   2.53999996       2.94147640E-07
   2.55999994       2.39507301E-07
   2.57999992       7.50882805E-07
   2.59999990       6.19338380E-07
   2.61999989       1.27774769E-07
   2.63999987       4.11176245E-07
   2.65999985       8.09894914E-07
   2.67999983       3.68763295E-07
   2.69999981       1.00755628E-07
   2.71999979       6.29574004E-07
   2.73999977       7.17267937E-07
   2.75999975       1.45684822E-07
   2.77999973       2.17016407E-07
   2.79999971       7.43405280E-07
   2.81999969       4.91076150E-07
   2.83999968       3.59084353E-08
   2.85999966       4.36323205E-07
   2.88000011       7.59702459E-07
   2.90000010       2.40491488E-07
   2.92000008       7.97720219E-08
   2.94000006       6.58656575E-07
   2.96000004       6.32388605E-07
   2.98000002       5.52618857E-08
   3.00000000       2.64071929E-07
   3.01999998       7.72276621E-07
   3.03999996       4.00115454E-07
   3.05999994       3.51164031E-09
   3.07999992       4.59118411E-07
   3.09999990       4.18685261E-07
