  -2.00000000       3.11138410E-06
  -1.98000002       2.97897088E-07
  -1.96000004       2.17663887E-06
  -1.94000006       1.31756065E-06
  -1.91999996       1.22165238E-06
  -1.89999998       2.06184677E-06
  -1.88000000       4.27111701E-07
  -1.86000001       2.88486967E-06
  -1.84000003       1.92337808E-08
  -1.82000005       2.95847667E-06
  -1.79999995       3.05176115E-07
  -1.77999997       2.35190987E-06
  -1.75999999       9.99154963E-07
  -1.74000001       1.64051824E-06
  -1.72000003       2.05421884E-06
  -1.70000005       5.82929431E-07
  -1.68000007       2.89300169E-06
  -1.65999997       1.66490892E-07
  -1.63999999       3.01842283E-06
  -1.62000000       2.69947805E-07
  -1.60000002       2.82465658E-06
  -1.58000004       9.32962848E-07
  -1.55999994       1.86125590E-06
  -1.53999996       1.99081273E-06
  -1.51999998       9.28958627E-07
  -1.50000000       2.98417240E-06
  -1.48000002       3.63292315E-07
  -1.46000004       3.18607113E-06
  -1.44000006       3.52842335E-07
  -1.42000008       3.20506570E-06
  -1.40000010       9.12763653E-07
  -1.38000000       2.28654017E-06
  -1.36000001       2.05243987E-06
  -1.34000003       1.22711037E-06
  -1.31999993       3.20729123E-06
  -1.29999995       6.19222078E-07
  -1.27999997       3.43661327E-06
  -1.25999999       5.64247046E-07
  -1.24000001       3.43262764E-06
  -1.22000003       1.08022482E-06
  -1.20000005       2.78466837E-06
  -1.18000007       1.93358983E-06
  -1.16000009       1.53606788E-06
  -1.14000010       3.11041026E-06
  -1.12000000       6.49088236E-07
  -1.10000002       3.45068293E-06
  -1.08000004       4.00686616E-07
  -1.05999994       2.69993598E-06
  -1.03999996       5.44936938E-07
  -1.01999998       1.64736798E-06
  -1.00000000       5.11640962E-07
 -0.980000019       6.00622911E-07
 -0.960000038       1.34580006E-07
 -0.940000057       2.35040443E-06
 -0.920000076       2.33009837E-06
 -0.899999976       1.23195914E-05
 -0.879999995       1.18366243E-05
 -0.860000014       3.50124828E-05
 -0.840000033       4.76226232E-05
 -0.820000052       1.27055784E-04
 -0.800000072       2.44523544E-04
 -0.779999971       5.07068820E-04
 -0.759999990       8.70857213E-04
 -0.740000010       1.31060451E-03
 -0.720000029       1.75676495E-03
 -0.700000048       2.12488626E-03
 -0.680000067       2.83941114E-03
 -0.660000086       4.67126165E-03
 -0.639999986       9.24867298E-03
 -0.620000005       1.73631478E-02
 -0.600000024       2.93975193E-02
 -0.580000043       4.10305522E-02
 -0.560000062       4.88073304E-02
 -0.540000081       4.77150977E-02
 -0.519999981       4.45588529E-02
 -0.500000000       5.56477681E-02
 -0.480000019      0.108702004    
 -0.460000038      0.220576569    
 -0.440000057      0.381579041    
 -0.420000076      0.531510293    
 -0.400000095      0.593564749    
 -0.379999995      0.510949671    
 -0.360000014      0.333917081    
 -0.340000033      0.229882762    
 -0.320000052      0.430929601    
 -0.300000072       1.07213783    
 -0.280000091       2.04225993    
 -0.259999990       2.93571925    
 -0.240000010       3.24686694    
 -0.220000029       2.68737054    
 -0.200000048       1.49546683    
 -0.180000067      0.434032172    
 -0.160000086      0.407901108    
 -0.139999986       1.86958420    
 -0.120000005       4.39990664    
 -0.100000024       6.77044392    
  -8.00000429E-02   7.68014336    
  -6.00000620E-02   6.45808411    
  -4.00000811E-02   3.78515530    
  -2.00001001E-02   1.05613041    
   0.00000000       9.31097195E-03
   1.99999809E-02   2.06619861E-05
   3.99999619E-02   7.21673996E-06
   5.99999428E-02   1.39487906E-06
   7.99999237E-02   8.89619002E-07
   9.99999046E-02   1.74409706E-07
  0.119999886       4.90725597E-07
  0.139999866       1.22759801E-07
  0.159999847       5.12631175E-07
  0.180000067       2.20503324E-07
  0.200000048       6.28679459E-07
  0.220000029       3.72068087E-07
  0.240000010       7.81084509E-07
  0.259999990       5.60821320E-07
  0.279999971       9.51422464E-07
  0.299999952       7.83270366E-07
  0.319999933       1.12803741E-06
  0.339999914       1.04365870E-06
  0.359999895       1.30538115E-06
  0.379999876       1.34281004E-06
  0.399999857       1.49345703E-06
  0.419999838       1.66350219E-06
  0.440000057       1.69417092E-06
  0.460000038       1.97895179E-06
  0.480000019       1.90465005E-06
  0.500000000       2.24484597E-06
  0.519999981       2.14133252E-06
  0.539999962       2.45089745E-06
  0.559999943       2.43705313E-06
  0.579999924       2.62592948E-06
  0.599999905       2.77033496E-06
  0.619999886       2.77984532E-06
  0.639999866       3.04137848E-06
  0.659999847       2.91742072E-06
  0.679999828       3.19935180E-06
  0.700000048       3.12070802E-06
  0.720000029       3.29468321E-06
  0.740000010       3.38693508E-06
  0.759999990       3.33151638E-06
  0.779999971       3.54163058E-06
  0.799999952       3.37000165E-06
  0.819999933       3.56604073E-06
  0.839999914       3.53382757E-06
  0.859999895       3.52743587E-06
  0.879999876       3.64354833E-06
  0.899999857       3.44887576E-06
  0.919999838       3.60157469E-06
  0.939999819       3.51138829E-06
  0.960000038       3.49175411E-06
  0.980000019       3.54795884E-06
   1.00000000       3.33480784E-06
   1.01999998       3.44882278E-06
   1.03999996       3.35880668E-06
   1.05999994       3.25642486E-06
   1.07999992       3.31126330E-06
   1.09999990       3.10468749E-06
   1.11999989       3.15475381E-06
   1.13999987       3.10945188E-06
   1.15999985       2.90946014E-06
   1.17999983       2.97945235E-06
   1.19999981       2.86262798E-06
   1.22000003       2.75628668E-06
   1.24000001       2.77083336E-06
   1.25999999       2.61456489E-06
   1.27999997       2.59521948E-06
   1.29999995       2.55374493E-06
   1.31999993       2.39721930E-06
   1.33999991       2.41328826E-06
   1.35999990       2.34071422E-06
   1.37999988       2.21365963E-06
   1.39999986       2.22368999E-06
   1.41999984       2.13774797E-06
   1.43999982       2.05001788E-06
   1.46000004       2.03604213E-06
   1.48000002       1.95184111E-06
   1.50000000       1.90232493E-06
   1.51999998       1.86042485E-06
   1.53999996       1.77619484E-06
   1.55999994       1.76966967E-06
   1.57999992       1.70408873E-06
   1.59999990       1.61036394E-06
   1.61999989       1.65181086E-06
   1.63999987       1.56563476E-06
   1.65999985       1.44603302E-06
   1.67999983       1.55141629E-06
   1.69999981       1.45140280E-06
   1.72000003       1.28041802E-06
   1.74000001       1.46068146E-06
   1.75999999       1.36676908E-06
   1.77999997       1.12122984E-06
   1.79999995       1.35853327E-06
   1.81999993       1.32130867E-06
   1.83999991       9.87134285E-07
   1.85999990       1.21534367E-06
   1.87999988       1.31979937E-06
   1.89999986       8.94319214E-07
   1.91999984       1.02393403E-06
   1.93999982       1.33542812E-06
   1.95999980       8.61107196E-07
   1.98000002       8.23222081E-07
   2.00000000       1.28936449E-06
   2.01999998       9.11313350E-07
   2.03999996       6.50036498E-07
   2.05999994       1.16284207E-06
   2.07999992       9.97909183E-07
   2.09999990       5.25333689E-07
   2.11999989       1.01148635E-06
   2.13999987       1.05168647E-06
   2.15999985       4.79134712E-07
   2.17999983       8.20973014E-07
   2.19999981       1.11446332E-06
   2.21999979       4.77833623E-07
   2.23999977       6.23033714E-07
   2.25999975       1.12315536E-06
   2.27999973       5.64017739E-07
   2.29999971       4.20636468E-07
   2.31999969       1.07546975E-06
   2.33999968       6.98253928E-07
   2.36000013       2.80695531E-07
   2.38000011       9.02759950E-07
   2.40000010       8.27431109E-07
   2.42000008       2.30495147E-07
   2.44000006       7.42056557E-07
   2.46000004       8.97678945E-07
   2.48000002       2.24434274E-07
   2.50000000       5.56669079E-07
   2.51999998       1.00175930E-06
   2.53999996       3.10180013E-07
   2.55999994       3.34622570E-07
   2.57999992       9.96703875E-07
   2.59999990       4.71032308E-07
   2.61999989       1.78377320E-07
   2.63999987       8.53824702E-07
   2.65999985       5.87911529E-07
   2.67999983       9.47664134E-08
   2.69999981       7.58472709E-07
   2.71999979       7.82998313E-07
   2.73999977       6.85922998E-08
   2.75999975       5.45262708E-07
   2.77999973       8.96698850E-07
   2.79999971       1.56097343E-07
   2.81999969       3.38644583E-07
   2.83999968       8.98024950E-07
   2.85999966       2.63385061E-07
   2.88000011       1.76344571E-07
   2.90000010       9.09559162E-07
   2.92000008       4.79933362E-07
   2.94000006       3.98430267E-08
   2.96000004       7.30522686E-07
   2.98000002       6.05239961E-07
   3.00000000       6.12597661E-09
   3.01999998       6.35050185E-07
   3.03999996       8.37603238E-07
   3.05999994       6.85143462E-08
   3.07999992       3.43676874E-07
   3.09999990       4.76376670E-07
