  -2.00000000       3.02225658E-06
  -1.98000002       4.65976029E-07
  -1.96000004       1.97614941E-06
  -1.94000006       1.64795085E-06
  -1.91999996       7.89941794E-07
  -1.89999998       2.78378275E-06
  -1.88000000       8.08141678E-08
  -1.86000001       2.84658472E-06
  -1.84000003       2.20948735E-07
  -1.82000005       2.62352614E-06
  -1.79999995       1.14536249E-06
  -1.77999997       1.19293566E-06
  -1.75999999       2.49540585E-06
  -1.74000001       3.91467097E-07
  -1.72000003       2.90664161E-06
  -1.70000005       1.19033359E-07
  -1.68000007       3.06045172E-06
  -1.65999997       7.66307380E-07
  -1.63999999       1.83492614E-06
  -1.62000000       2.00902423E-06
  -1.60000002       7.39600296E-07
  -1.58000004       3.14781664E-06
  -1.55999994       2.01051677E-07
  -1.53999996       3.05609751E-06
  -1.51999998       6.03472813E-07
  -1.50000000       2.65144718E-06
  -1.48000002       1.53965925E-06
  -1.46000004       1.28691295E-06
  -1.44000006       2.96552412E-06
  -1.42000008       3.71567666E-07
  -1.40000010       3.56603596E-06
  -1.38000000       4.30371301E-07
  -1.36000001       2.93669723E-06
  -1.34000003       1.50525887E-06
  -1.31999993       2.00879253E-06
  -1.29999995       2.61171613E-06
  -1.27999997       9.06334208E-07
  -1.25999999       3.52255347E-06
  -1.24000001       4.53113188E-07
  -1.22000003       3.67386019E-06
  -1.20000005       9.81054427E-07
  -1.18000007       2.46329409E-06
  -1.16000009       2.26288398E-06
  -1.14000010       1.12807322E-06
  -1.12000000       3.14064550E-06
  -1.10000002       4.28916195E-07
  -1.08000004       2.73679075E-06
  -1.05999994       3.01678597E-07
  -1.03999996       1.73428657E-06
  -1.01999998       2.83160887E-07
  -1.00000000       8.08713992E-07
 -0.980000019       5.63011859E-08
 -0.960000038       3.21152993E-06
 -0.940000057       2.85770216E-06
 -0.920000076       1.50209362E-05
 -0.899999976       1.69563336E-05
 -0.879999995       4.29460852E-05
 -0.860000014       6.38147249E-05
 -0.840000033       1.34008966E-04
 -0.820000052       2.59694643E-04
 -0.800000072       4.86274133E-04
 -0.779999971       8.89625575E-04
 -0.759999990       1.35488692E-03
 -0.740000010       2.01417739E-03
 -0.720000029       2.55811727E-03
 -0.700000048       3.47258057E-03
 -0.680000067       4.92784474E-03
 -0.660000086       8.60143267E-03
 -0.639999986       1.51595436E-02
 -0.620000005       2.61105802E-02
 -0.600000024       3.92227210E-02
 -0.580000043       5.14176115E-02
 -0.560000062       5.81706129E-02
 -0.540000081       5.86795583E-02
 -0.519999981       6.30193874E-02
 -0.500000000       9.05123278E-02
 -0.480000019      0.165363312    
 -0.460000038      0.296259820    
 -0.440000057      0.459062159    
 -0.420000076      0.589395761    
 -0.400000095      0.618816018    
 -0.379999995      0.515093982    
 -0.360000014      0.360004157    
 -0.340000033      0.325204462    
 -0.320000052      0.618906260    
 -0.300000072       1.31608176    
 -0.280000091       2.25182581    
 -0.259999990       3.01799607    
 -0.240000010       3.16463137    
 -0.220000029       2.50584126    
 -0.200000048       1.34639716    
 -0.180000067      0.431979746    
 -0.160000086      0.564547658    
 -0.139999986       2.06706333    
 -0.120000005       4.46662235    
 -0.100000024       6.60433197    
  -8.00000429E-02   7.31554317    
  -6.00000620E-02   6.06516886    
  -4.00000811E-02   3.52060866    
  -2.00001001E-02  0.977963209    
   0.00000000       8.61851219E-03
   1.99999809E-02   1.91094150E-05
   3.99999619E-02   6.67092263E-06
   5.99999428E-02   1.35614403E-06
   7.99999237E-02   7.42357656E-07
   9.99999046E-02   2.70568989E-07
  0.119999886       3.26147813E-07
  0.139999866       2.63648730E-07
  0.159999847       3.04773209E-07
  0.180000067       3.92873574E-07
  0.200000048       3.77339461E-07
  0.220000029       5.66749691E-07
  0.240000010       4.96108953E-07
  0.259999990       7.67216704E-07
  0.279999971       6.51087475E-07
  0.299999952       9.78658250E-07
  0.319999933       8.41134693E-07
  0.339999914       1.18837613E-06
  0.359999895       1.06165760E-06
  0.379999876       1.38791108E-06
  0.399999857       1.31587933E-06
  0.419999838       1.57157842E-06
  0.440000057       1.61190337E-06
  0.460000038       1.75198193E-06
  0.480000019       1.93089318E-06
  0.500000000       1.94857580E-06
  0.519999981       2.23108054E-06
  0.539999962       2.15132650E-06
  0.559999943       2.46576565E-06
  0.579999924       2.37680752E-06
  0.599999905       2.62928484E-06
  0.619999886       2.66311804E-06
  0.639999866       2.76861078E-06
  0.659999847       2.96339363E-06
  0.679999828       2.89862851E-06
  0.700000048       3.15914713E-06
  0.720000029       3.03089928E-06
  0.740000010       3.24305233E-06
  0.759999990       3.24431880E-06
  0.779999971       3.29143950E-06
  0.799999952       3.45507192E-06
  0.819999933       3.30407329E-06
  0.839999914       3.50046662E-06
  0.859999895       3.38420182E-06
  0.879999876       3.46505408E-06
  0.899999857       3.53810174E-06
  0.919999838       3.39206531E-06
  0.939999819       3.53050882E-06
  0.960000038       3.37246820E-06
  0.980000019       3.43343345E-06
   1.00000000       3.45280409E-06
   1.01999998       3.28659189E-06
   1.03999996       3.38049722E-06
   1.05999994       3.22607457E-06
   1.07999992       3.23793256E-06
   1.09999990       3.24270513E-06
   1.11999989       3.03521256E-06
   1.13999987       3.11422127E-06
   1.15999985       3.01150044E-06
   1.17999983       2.91147353E-06
   1.19999981       2.93825678E-06
   1.22000003       2.76012452E-06
   1.24000001       2.77628283E-06
   1.25999999       2.73067417E-06
   1.27999997       2.55454074E-06
   1.29999995       2.60030424E-06
   1.31999993       2.50702806E-06
   1.33999991       2.39169185E-06
   1.35999990       2.40056988E-06
   1.37999988       2.28886847E-06
   1.39999986       2.24732003E-06
   1.41999984       2.19525737E-06
   1.43999982       2.09533187E-06
   1.46000004       2.10802273E-06
   1.48000002       1.99026590E-06
   1.50000000       1.92773336E-06
   1.51999998       1.97285453E-06
   1.53999996       1.79260701E-06
   1.55999994       1.78622906E-06
   1.57999992       1.84548776E-06
   1.59999990       1.60181207E-06
   1.61999989       1.66436041E-06
   1.63999987       1.73323474E-06
   1.65999985       1.42343697E-06
   1.67999983       1.55279008E-06
   1.69999981       1.63692937E-06
   1.72000003       1.25911254E-06
   1.74000001       1.44206217E-06
   1.75999999       1.56715873E-06
   1.77999997       1.11262705E-06
   1.79999995       1.31956563E-06
   1.81999993       1.52733901E-06
   1.83999991       9.89327418E-07
   1.85999990       1.18055118E-06
   1.87999988       1.50750611E-06
   1.89999986       8.92797516E-07
   1.91999984       1.03971684E-06
   1.93999982       1.47137234E-06
   1.95999980       8.29012833E-07
   1.98000002       9.18621026E-07
   2.00000000       1.39850704E-06
   2.01999998       7.90434285E-07
   2.03999996       8.11441964E-07
   2.05999994       1.33505773E-06
   2.07999992       7.42395002E-07
   2.09999990       7.08649111E-07
   2.11999989       1.30791955E-06
   2.13999987       6.95469623E-07
   2.15999985       6.16268778E-07
   2.17999983       1.25908832E-06
   2.19999981       6.92486424E-07
   2.21999979       5.07523453E-07
   2.23999977       1.22384495E-06
   2.25999975       6.95027722E-07
   2.27999973       4.17922337E-07
   2.29999971       1.13369015E-06
   2.31999969       6.96577331E-07
   2.33999968       3.62261005E-07
   2.36000013       1.08857114E-06
   2.38000011       6.69460519E-07
   2.40000010       2.90776512E-07
   2.42000008       1.06390473E-06
   2.44000006       7.19197772E-07
   2.46000004       2.10416431E-07
   2.48000002       9.99045824E-07
   2.50000000       7.48000616E-07
   2.51999998       1.73736765E-07
   2.53999996       8.90470119E-07
   2.55999994       7.30746308E-07
   2.57999992       1.37466145E-07
   2.59999990       8.84894746E-07
   2.61999989       7.89793432E-07
   2.63999987       8.76744366E-08
   2.65999985       8.08419713E-07
   2.67999983       8.27229940E-07
   2.69999981       8.10726064E-08
   2.71999979       7.03126204E-07
   2.73999977       8.04229387E-07
   2.75999975       6.07159549E-08
   2.77999973       6.84712177E-07
   2.79999971       8.90437150E-07
   2.81999969       6.02325869E-08
   2.83999968       5.83905091E-07
   2.85999966       8.88961040E-07
   2.88000011       6.92315254E-08
   2.90000010       5.43733222E-07
   2.92000008       9.28830048E-07
   2.94000006       8.19925248E-08
   2.96000004       4.65495759E-07
   2.98000002       9.38173514E-07
   3.00000000       1.09227827E-07
   3.01999998       4.10700011E-07
   3.03999996       9.69663120E-07
   3.05999994       1.54625866E-07
   3.07999992       3.09365475E-07
   3.09999990       6.22482617E-07
