  -2.00000000       2.97156816E-06
  -1.98000002       4.78657569E-07
  -1.96000004       1.98599423E-06
  -1.94000006       1.64343430E-06
  -1.91999996       7.81126630E-07
  -1.89999998       2.79669848E-06
  -1.88000000       7.97332618E-08
  -1.86000001       2.83699183E-06
  -1.84000003       2.28497328E-07
  -1.82000005       2.62272943E-06
  -1.79999995       1.15198293E-06
  -1.77999997       1.17958473E-06
  -1.75999999       2.51339793E-06
  -1.74000001       3.80525933E-07
  -1.72000003       2.91192964E-06
  -1.70000005       1.24714916E-07
  -1.68000007       3.04974083E-06
  -1.65999997       7.84083340E-07
  -1.63999999       1.82441283E-06
  -1.62000000       2.02549063E-06
  -1.60000002       7.16470595E-07
  -1.58000004       3.16698015E-06
  -1.55999994       1.96907223E-07
  -1.53999996       3.04666401E-06
  -1.51999998       6.25953476E-07
  -1.50000000       2.62406934E-06
  -1.48000002       1.56528301E-06
  -1.46000004       1.27091630E-06
  -1.44000006       2.98020041E-06
  -1.42000008       3.55031318E-07
  -1.40000010       3.58418220E-06
  -1.38000000       4.40071915E-07
  -1.36000001       2.90000889E-06
  -1.34000003       1.53857695E-06
  -1.31999993       1.97417262E-06
  -1.29999995       2.65567655E-06
  -1.27999997       8.85948396E-07
  -1.25999999       3.51597623E-06
  -1.24000001       4.60466993E-07
  -1.22000003       3.65809092E-06
  -1.20000005       1.01727983E-06
  -1.18000007       2.43056843E-06
  -1.16000009       2.28423119E-06
  -1.14000010       1.08888958E-06
  -1.12000000       3.17819467E-06
  -1.10000002       4.11244287E-07
  -1.08000004       2.73870910E-06
  -1.05999994       3.11374038E-07
  -1.03999996       1.69385794E-06
  -1.01999998       2.99753992E-07
  -1.00000000       8.11793370E-07
 -0.980000019       5.13476266E-08
 -0.960000038       3.25989572E-06
 -0.940000057       2.91923880E-06
 -0.920000076       1.50577125E-05
 -0.899999976       1.72288837E-05
 -0.879999995       4.30997534E-05
 -0.860000014       6.45738401E-05
 -0.840000033       1.34700356E-04
 -0.820000052       2.62032147E-04
 -0.800000072       4.88281832E-04
 -0.779999971       8.95295525E-04
 -0.759999990       1.35939545E-03
 -0.740000010       2.02302984E-03
 -0.720000029       2.56836344E-03
 -0.700000048       3.48789990E-03
 -0.680000067       4.95603029E-03
 -0.660000086       8.64377990E-03
 -0.639999986       1.52309835E-02
 -0.620000005       2.61990838E-02
 -0.600000024       3.93328778E-02
 -0.580000043       5.15176728E-02
 -0.560000062       5.82839586E-02
 -0.540000081       5.87991029E-02
 -0.519999981       6.32544532E-02
 -0.500000000       9.08859074E-02
 -0.480000019      0.165985510    
 -0.460000038      0.297006696    
 -0.440000057      0.459813088    
 -0.420000076      0.589945197    
 -0.400000095      0.619025946    
 -0.379999995      0.515206516    
 -0.360000014      0.360364377    
 -0.340000033      0.326256096    
 -0.320000052      0.620842218    
 -0.300000072       1.31841695    
 -0.280000091       2.25366712    
 -0.259999990       3.01871967    
 -0.240000010       3.16356587    
 -0.220000029       2.50424051    
 -0.200000048       1.34498906    
 -0.180000067      0.432133079    
 -0.160000086      0.566113353    
 -0.139999986       2.06887007    
 -0.120000005       4.46700764    
 -0.100000024       6.60270023    
  -8.00000429E-02   7.31172037    
  -6.00000620E-02   6.06156063    
  -4.00000811E-02   3.51795673    
  -2.00001001E-02  0.977256417    
   0.00000000       8.61424021E-03
   1.99999809E-02   1.90183346E-05
   3.99999619E-02   6.74405146E-06
   5.99999428E-02   1.30655212E-06
   7.99999237E-02   7.81923120E-07
   9.99999046E-02   2.40548985E-07
  0.119999886       3.54382649E-07
  0.139999866       2.42882123E-07
  0.159999847       3.26917643E-07
  0.180000067       3.77394855E-07
  0.200000048       3.93786365E-07
  0.220000029       5.53291216E-07
  0.240000010       5.04500576E-07
  0.259999990       7.52590154E-07
  0.279999971       6.49456013E-07
  0.299999952       9.63214461E-07
  0.319999933       8.32370176E-07
  0.339999914       1.17880347E-06
  0.359999895       1.05650724E-06
  0.379999876       1.39432848E-06
  0.399999857       1.32320429E-06
  0.419999838       1.59306524E-06
  0.440000057       1.62283277E-06
  0.460000038       1.76566004E-06
  0.480000019       1.92188327E-06
  0.500000000       1.93334517E-06
  0.519999981       2.20414472E-06
  0.539999962       2.13158842E-06
  0.559999943       2.46408763E-06
  0.579999924       2.39137717E-06
  0.599999905       2.65950416E-06
  0.619999886       2.67945848E-06
  0.639999866       2.76544893E-06
  0.659999847       2.93484914E-06
  0.679999828       2.86682643E-06
  0.700000048       3.15161515E-06
  0.720000029       3.05025287E-06
  0.740000010       3.27679163E-06
  0.759999990       3.25483484E-06
  0.779999971       3.26769305E-06
  0.799999952       3.42090675E-06
  0.819999933       3.29166119E-06
  0.839999914       3.52996017E-06
  0.859999895       3.41324699E-06
  0.879999876       3.46069555E-06
  0.899999857       3.50356777E-06
  0.919999838       3.36905669E-06
  0.939999819       3.55669954E-06
  0.960000038       3.40153156E-06
  0.980000019       3.42586168E-06
   1.00000000       3.41994928E-06
   1.01999998       3.27489420E-06
   1.03999996       3.41613782E-06
   1.05999994       3.24095981E-06
   1.07999992       3.20731988E-06
   1.09999990       3.22663232E-06
   1.11999989       3.05515073E-06
   1.13999987       3.13772284E-06
   1.15999985       2.99090698E-06
   1.17999983       2.88567162E-06
   1.19999981       2.96805047E-06
   1.22000003       2.77473532E-06
   1.24000001       2.74791546E-06
   1.25999999       2.72673947E-06
   1.27999997       2.57857550E-06
   1.29999995       2.60064439E-06
   1.31999993       2.48451261E-06
   1.33999991       2.39961855E-06
   1.35999990       2.42333272E-06
   1.37999988       2.26729958E-06
   1.39999986       2.23899906E-06
   1.41999984       2.22535391E-06
   1.43999982       2.08037568E-06
   1.46000004       2.09271184E-06
   1.48000002       2.01971102E-06
   1.50000000       1.91646291E-06
   1.51999998       1.95764960E-06
   1.53999996       1.81963787E-06
   1.55999994       1.77377694E-06
   1.57999992       1.83522889E-06
   1.59999990       1.62674860E-06
   1.61999989       1.64607718E-06
   1.63999987       1.73222509E-06
   1.65999985       1.44591877E-06
   1.67999983       1.52550035E-06
   1.69999981       1.65013557E-06
   1.72000003       1.27425074E-06
   1.74000001       1.40890279E-06
   1.75999999       1.59358387E-06
   1.77999997       1.11744419E-06
   1.79999995       1.29111993E-06
   1.81999993       1.55086252E-06
   1.83999991       9.90051717E-07
   1.85999990       1.16907256E-06
   1.87999988       1.50635140E-06
   1.89999986       9.05064269E-07
   1.91999984       1.03626508E-06
   1.93999982       1.45707088E-06
   1.95999980       8.52085407E-07
   1.98000002       8.97218115E-07
   2.00000000       1.41413159E-06
   2.01999998       8.02661191E-07
   2.03999996       7.82503321E-07
   2.05999994       1.35185110E-06
   2.07999992       7.58010970E-07
   2.09999990       6.99411316E-07
   2.11999989       1.28534339E-06
   2.13999987       7.23046696E-07
   2.15999985       5.98076667E-07
   2.17999983       1.26982900E-06
   2.19999981       7.01943463E-07
   2.21999979       4.93442542E-07
   2.23999977       1.21113590E-06
   2.25999975       7.21422509E-07
   2.27999973       4.10528799E-07
   2.29999971       1.13186957E-06
   2.31999969       7.04236811E-07
   2.33999968       3.49961397E-07
   2.36000013       1.07934284E-06
   2.38000011       6.97883252E-07
   2.40000010       2.83858924E-07
   2.42000008       1.06097912E-06
   2.44000006       7.23372011E-07
   2.46000004       2.06502932E-07
   2.48000002       9.76395540E-07
   2.50000000       7.68897507E-07
   2.51999998       1.68820549E-07
   2.53999996       8.99366796E-07
   2.55999994       7.46871820E-07
   2.57999992       1.36261775E-07
   2.59999990       8.65426728E-07
   2.61999989       7.86997816E-07
   2.63999987       8.83001618E-08
   2.65999985       7.91832122E-07
   2.67999983       8.43052987E-07
   2.69999981       8.13936367E-08
   2.71999979       7.08183393E-07
   2.73999977       8.26047994E-07
   2.75999975       6.18422149E-08
   2.77999973       6.82505288E-07
   2.79999971       8.90703689E-07
   2.81999969       6.17848670E-08
   2.83999968       5.71116288E-07
   2.85999966       8.77820867E-07
   2.88000011       7.12442798E-08
   2.90000010       5.27979637E-07
   2.92000008       9.17741374E-07
   2.94000006       8.39016607E-08
   2.96000004       4.58055780E-07
   2.98000002       9.37778623E-07
   3.00000000       1.11894614E-07
   3.01999998       4.07555490E-07
   3.03999996       9.73054284E-07
   3.05999994       1.55985077E-07
   3.07999992       3.12535917E-07
   3.09999990       6.66535470E-07
