  -2.00000000       3.18838693E-06
  -1.98000002       7.59952741E-07
  -1.96000004       1.43339378E-06
  -1.94000006       2.31457398E-06
  -1.91999996       3.19250034E-07
  -1.89999998       3.02562648E-06
  -1.88000000       1.63790332E-07
  -1.86000001       2.66881216E-06
  -1.84000003       1.29133150E-06
  -1.82000005       9.77886316E-07
  -1.79999995       2.77714093E-06
  -1.77999997       1.01225197E-07
  -1.75999999       3.15523994E-06
  -1.74000001       5.56941984E-07
  -1.72000003       2.09647578E-06
  -1.70000005       1.93786332E-06
  -1.68000007       7.28073076E-07
  -1.65999997       3.04387891E-06
  -1.63999999       9.08294098E-08
  -1.62000000       3.22711912E-06
  -1.60000002       9.67198048E-07
  -1.58000004       1.49002517E-06
  -1.55999994       2.76417586E-06
  -1.53999996       4.15764049E-07
  -1.51999998       3.31274055E-06
  -1.50000000       4.71058257E-07
  -1.48000002       2.66660822E-06
  -1.46000004       1.77039669E-06
  -1.44000006       1.34456309E-06
  -1.42000008       3.02712647E-06
  -1.40000010       2.97871395E-07
  -1.38000000       3.70508451E-06
  -1.36000001       8.25351947E-07
  -1.34000003       2.30385194E-06
  -1.31999993       2.54793008E-06
  -1.29999995       7.38437961E-07
  -1.27999997       3.85019393E-06
  -1.25999999       4.55645761E-07
  -1.24000001       3.08463541E-06
  -1.22000003       1.66612654E-06
  -1.20000005       1.74370098E-06
  -1.18000007       2.92892378E-06
  -1.16000009       6.18448325E-07
  -1.14000010       3.01320438E-06
  -1.12000000       4.30781995E-07
  -1.10000002       2.29026909E-06
  -1.08000004       6.76193508E-07
  -1.05999994       9.61908086E-07
  -1.03999996       4.77374954E-07
  -1.01999998       1.17931791E-06
  -1.00000000       1.11657198E-06
 -0.980000019       5.79952302E-06
 -0.960000038       1.06243560E-05
 -0.940000057       1.94891527E-05
 -0.920000076       4.52966015E-05
 -0.899999976       6.02675354E-05
 -0.879999995       1.35070091E-04
 -0.860000014       2.01036251E-04
 -0.840000033       4.04250197E-04
 -0.820000052       6.75305491E-04
 -0.800000072       1.15954550E-03
 -0.779999971       1.82496163E-03
 -0.759999990       2.63284962E-03
 -0.740000010       3.70660517E-03
 -0.720000029       4.92784567E-03
 -0.700000048       7.19042774E-03
 -0.680000067       1.08182905E-02
 -0.660000086       1.79703608E-02
 -0.639999986       2.84519363E-02
 -0.620000005       4.29254062E-02
 -0.600000024       5.82126155E-02
 -0.580000043       7.05010295E-02
 -0.560000062       7.90603012E-02
 -0.540000081       8.66014585E-02
 -0.519999981      0.109137602    
 -0.500000000      0.165425792    
 -0.480000019      0.272127360    
 -0.460000038      0.420945048    
 -0.440000057      0.575670123    
 -0.420000076      0.668785334    
 -0.400000095      0.656342149    
 -0.379999995      0.544604540    
 -0.360000014      0.443432599    
 -0.340000033      0.524917603    
 -0.320000052      0.934590816    
 -0.300000072       1.67432928    
 -0.280000091       2.51418924    
 -0.259999990       3.07317305    
 -0.240000010       2.99753118    
 -0.220000029       2.23954487    
 -0.200000048       1.16786742    
 -0.180000067      0.481067866    
 -0.160000086      0.810819387    
 -0.139999986       2.32626748    
 -0.120000005       4.49736977    
 -0.100000024       6.28459597    
  -8.00000429E-02   6.73552752    
  -6.00000620E-02   5.46283817    
  -4.00000811E-02   3.13155031    
  -2.00001001E-02  0.862694025    
   0.00000000       7.56424014E-03
   1.99999809E-02   1.72266136E-05
   3.99999619E-02   5.32906006E-06
   5.99999428E-02   1.41657688E-06
   7.99999237E-02   4.75789818E-07
   9.99999046E-02   3.17418341E-07
  0.119999886       2.43993298E-07
  0.139999866       2.27945179E-07
  0.159999847       3.09617235E-07
  0.180000067       2.81114353E-07
  0.200000048       4.35913933E-07
  0.220000029       3.86338030E-07
  0.240000010       5.86952979E-07
  0.259999990       5.25392863E-07
  0.279999971       7.55045448E-07
  0.299999952       6.93056393E-07
  0.319999933       9.35294963E-07
  0.339999914       8.91013201E-07
  0.359999895       1.12610724E-06
  0.379999876       1.11689712E-06
  0.399999857       1.32685477E-06
  0.419999838       1.36071310E-06
  0.440000057       1.52847394E-06
  0.460000038       1.60691968E-06
  0.480000019       1.72223406E-06
  0.500000000       1.84271164E-06
  0.519999981       1.92086191E-06
  0.539999962       2.07178891E-06
  0.559999943       2.14399006E-06
  0.579999924       2.30866044E-06
  0.599999905       2.37415225E-06
  0.619999886       2.51752817E-06
  0.639999866       2.57756892E-06
  0.659999847       2.67806445E-06
  0.679999828       2.75029879E-06
  0.700000048       2.84095313E-06
  0.720000029       2.93467201E-06
  0.740000010       3.01011414E-06
  0.759999990       3.09090569E-06
  0.779999971       3.11313215E-06
  0.799999952       3.17689523E-06
  0.819999933       3.19447622E-06
  0.839999914       3.27466705E-06
  0.859999895       3.29709019E-06
  0.879999876       3.33106095E-06
  0.899999857       3.32977447E-06
  0.919999838       3.30730541E-06
  0.939999819       3.36248809E-06
  0.960000038       3.32542868E-06
  0.980000019       3.36204766E-06
   1.00000000       3.30104149E-06
   1.01999998       3.25947599E-06
   1.03999996       3.29327167E-06
   1.05999994       3.20780009E-06
   1.07999992       3.23359109E-06
   1.09999990       3.12687780E-06
   1.11999989       3.08297263E-06
   1.13999987       3.11856661E-06
   1.15999985       2.96528333E-06
   1.17999983       2.98780901E-06
   1.19999981       2.89325794E-06
   1.22000003       2.80810673E-06
   1.24000001       2.87510807E-06
   1.25999999       2.65361928E-06
   1.27999997       2.67277119E-06
   1.29999995       2.68048530E-06
   1.31999993       2.45466208E-06
   1.33999991       2.55919508E-06
   1.35999990       2.41809425E-06
   1.37999988       2.30792966E-06
   1.39999986       2.43153886E-06
   1.41999984       2.14320380E-06
   1.43999982       2.21174105E-06
   1.46000004       2.25658732E-06
   1.48000002       1.90244089E-06
   1.50000000       2.15288424E-06
   1.51999998       2.03087120E-06
   1.53999996       1.72331943E-06
   1.55999994       2.10213807E-06
   1.57999992       1.77238996E-06
   1.59999990       1.61129799E-06
   1.61999989       2.03814398E-06
   1.63999987       1.51021322E-06
   1.65999985       1.56155511E-06
   1.67999983       1.93797700E-06
   1.69999981       1.26996918E-06
   1.72000003       1.56039823E-06
   1.74000001       1.79265248E-06
   1.75999999       1.07685810E-06
   1.77999997       1.58563830E-06
   1.79999995       1.59144497E-06
   1.81999993       9.45780016E-07
   1.83999991       1.62192327E-06
   1.85999990       1.35247819E-06
   1.87999988       8.82021936E-07
   1.89999986       1.64085986E-06
   1.91999984       1.10278165E-06
   1.93999982       8.86465159E-07
   1.95999980       1.60978084E-06
   1.98000002       8.74486318E-07
   2.00000000       9.43165503E-07
   2.01999998       1.52912412E-06
   2.03999996       6.83411713E-07
   2.05999994       1.01211708E-06
   2.07999992       1.41677594E-06
   2.09999990       5.39795963E-07
   2.11999989       1.09102029E-06
   2.13999987       1.22295296E-06
   2.15999985       4.53262999E-07
   2.17999983       1.21194250E-06
   2.19999981       9.90069111E-07
   2.21999979       4.23675942E-07
   2.23999977       1.29680916E-06
   2.25999975       7.98498718E-07
   2.27999973       4.41414272E-07
   2.29999971       1.32925788E-06
   2.31999969       6.02902844E-07
   2.33999968       5.12417785E-07
   2.36000013       1.25608096E-06
   2.38000011       4.13576032E-07
   2.40000010       6.66187589E-07
   2.42000008       1.17496086E-06
   2.44000006       2.45639768E-07
   2.46000004       8.14815110E-07
   2.48000002       1.07786616E-06
   2.50000000       1.63940442E-07
   2.51999998       9.18062710E-07
   2.53999996       9.00963187E-07
   2.55999994       1.53037675E-07
   2.57999992       1.03402101E-06
   2.59999990       6.67356176E-07
   2.61999989       1.86478289E-07
   2.63999987       1.13558792E-06
   2.65999985       5.06625497E-07
   2.67999983       2.55217543E-07
   2.69999981       1.12326165E-06
   2.71999979       3.14003785E-07
   2.73999977       4.13478233E-07
   2.75999975       1.11265183E-06
   2.77999973       1.55033490E-07
   2.79999971       5.70912277E-07
   2.81999969       1.03481193E-06
   2.83999968       6.67969715E-08
   2.85999966       7.08251036E-07
   2.88000011       8.57401346E-07
   2.90000010       1.85253342E-08
   2.92000008       8.87311955E-07
   2.94000006       7.28853024E-07
   2.96000004       3.49288243E-08
   2.98000002       9.62126819E-07
   3.00000000       5.11785288E-07
   3.01999998       1.26807365E-07
   3.03999996       1.09605674E-06
   3.05999994       3.81086380E-07
   3.07999992       2.09152233E-07
   3.09999990       8.01946612E-07
