  -2.00000000       3.39711892E-06
  -1.98000002       8.47261731E-07
  -1.96000004       1.22853692E-06
  -1.94000006       2.76744845E-06
  -1.91999996       1.16435594E-07
  -1.89999998       2.90274511E-06
  -1.88000000       4.95009942E-07
  -1.86000001       2.19875460E-06
  -1.84000003       2.02972819E-06
  -1.82000005       3.27466040E-07
  -1.79999995       3.33034745E-06
  -1.77999997       1.34784742E-07
  -1.75999999       2.46156151E-06
  -1.74000001       1.63472419E-06
  -1.72000003       9.72967655E-07
  -1.70000005       3.05718254E-06
  -1.68000007       1.33009635E-07
  -1.65999997       2.96063399E-06
  -1.63999999       1.01081707E-06
  -1.62000000       1.74373190E-06
  -1.60000002       2.63847369E-06
  -1.58000004       1.75100766E-07
  -1.55999994       3.63455524E-06
  -1.53999996       5.24012535E-07
  -1.51999998       2.08213328E-06
  -1.50000000       2.50380936E-06
  -1.48000002       5.92848835E-07
  -1.46000004       3.54588315E-06
  -1.44000006       4.52512893E-07
  -1.42000008       2.66654888E-06
  -1.40000010       2.02495335E-06
  -1.38000000       1.35520918E-06
  -1.36000001       3.18817047E-06
  -1.34000003       4.33401766E-07
  -1.31999993       3.45888407E-06
  -1.29999995       1.30845808E-06
  -1.27999997       2.02719320E-06
  -1.25999999       2.89351965E-06
  -1.24000001       4.50376604E-07
  -1.22000003       3.87439195E-06
  -1.20000005       6.42689315E-07
  -1.18000007       2.39302199E-06
  -1.16000009       2.02149999E-06
  -1.14000010       6.37564085E-07
  -1.12000000       2.72425245E-06
  -1.10000002       8.95275249E-08
  -1.08000004       1.60234504E-06
  -1.05999994       3.22802229E-08
  -1.03999996       2.14355214E-06
  -1.01999998       4.92990353E-07
  -1.00000000       7.82634743E-06
 -0.980000019       9.02709871E-06
 -0.960000038       2.44250259E-05
 -0.940000057       4.42529163E-05
 -0.920000076       7.10017339E-05
 -0.899999976       1.38292060E-04
 -0.879999995       2.09389924E-04
 -0.860000014       4.06018517E-04
 -0.840000033       6.38736470E-04
 -0.820000052       1.13991438E-03
 -0.800000072       1.75794668E-03
 -0.779999971       2.66049174E-03
 -0.759999990       3.85125494E-03
 -0.740000010       5.16166119E-03
 -0.720000029       7.39476830E-03
 -0.700000048       1.04825664E-02
 -0.680000067       1.63606796E-02
 -0.660000086       2.54391506E-02
 -0.639999986       3.87271941E-02
 -0.620000005       5.49787171E-02
 -0.600000024       7.12657198E-02
 -0.580000043       8.49197656E-02
 -0.560000062       9.55424681E-02
 -0.540000081      0.111266606    
 -0.519999981      0.145879805    
 -0.500000000      0.221157402    
 -0.480000019      0.341167212    
 -0.460000038      0.496769667    
 -0.440000057      0.639037013    
 -0.420000076      0.710939050    
 -0.400000095      0.681378186    
 -0.379999995      0.575411320    
 -0.360000014      0.516900003    
 -0.340000033      0.661423087    
 -0.320000052       1.12534285    
 -0.300000072       1.86143506    
 -0.280000091       2.63349247    
 -0.259999990       3.06642437    
 -0.240000010       2.88618207    
 -0.220000029       2.09478164    
 -0.200000048       1.09108400    
 -0.180000067      0.529155433    
 -0.160000086      0.952779353    
 -0.139999986       2.44675183    
 -0.120000005       4.47920513    
 -0.100000024       6.07486534    
  -8.00000429E-02   6.38871717    
  -6.00000620E-02   5.12714100    
  -4.00000811E-02   2.91283011    
  -2.00001001E-02  0.800672650    
   0.00000000       7.03298394E-03
   1.99999809E-02   1.60905493E-05
   3.99999619E-02   4.95423819E-06
   5.99999428E-02   1.41587657E-06
   7.99999237E-02   3.63070058E-07
   9.99999046E-02   4.12115838E-07
  0.119999886       1.11770433E-07
  0.139999866       3.53134169E-07
  0.159999847       1.46087856E-07
  0.180000067       4.25733674E-07
  0.200000048       2.44632389E-07
  0.220000029       5.37976291E-07
  0.240000010       3.79842220E-07
  0.259999990       6.70923384E-07
  0.279999971       5.46523040E-07
  0.299999952       8.15890871E-07
  0.319999933       7.46932187E-07
  0.339999914       9.68972699E-07
  0.359999895       9.77558216E-07
  0.379999876       1.12965438E-06
  0.399999857       1.22622316E-06
  0.419999838       1.29576529E-06
  0.440000057       1.47588287E-06
  0.460000038       1.46765046E-06
  0.480000019       1.70611384E-06
  0.500000000       1.66595032E-06
  0.519999981       1.91198001E-06
  0.539999962       1.90980859E-06
  0.559999943       2.10081703E-06
  0.579999924       2.18624996E-06
  0.599999905       2.26398197E-06
  0.619999886       2.44128000E-06
  0.639999866       2.40088093E-06
  0.659999847       2.63189077E-06
  0.679999828       2.57744432E-06
  0.700000048       2.78053199E-06
  0.720000029       2.81447569E-06
  0.740000010       2.88639444E-06
  0.759999990       3.02456397E-06
  0.779999971       2.93550534E-06
  0.799999952       3.14400722E-06
  0.819999933       3.04609830E-06
  0.839999914       3.20463323E-06
  0.859999895       3.23060613E-06
  0.879999876       3.18209140E-06
  0.899999857       3.32235913E-06
  0.919999838       3.16166279E-06
  0.939999819       3.33759272E-06
  0.960000038       3.26987174E-06
  0.980000019       3.25093083E-06
   1.00000000       3.32838636E-06
   1.01999998       3.13240503E-06
   1.03999996       3.30507737E-06
   1.05999994       3.18156276E-06
   1.07999992       3.14492877E-06
   1.09999990       3.19758715E-06
   1.11999989       2.98181453E-06
   1.13999987       3.14570116E-06
   1.15999985       2.98968348E-06
   1.17999983       2.90843082E-06
   1.19999981       2.98989767E-06
   1.22000003       2.75188518E-06
   1.24000001       2.89152354E-06
   1.25999999       2.73350975E-06
   1.27999997       2.59712920E-06
   1.29999995       2.77658478E-06
   1.31999993       2.46245645E-06
   1.33999991       2.54842462E-06
   1.35999990       2.52305244E-06
   1.37999988       2.26512975E-06
   1.39999986       2.50639687E-06
   1.41999984       2.19377262E-06
   1.43999982       2.18996979E-06
   1.46000004       2.36588221E-06
   1.48000002       1.89566799E-06
   1.50000000       2.20169022E-06
   1.51999998       2.09828931E-06
   1.53999996       1.71491956E-06
   1.55999994       2.21876940E-06
   1.57999992       1.74851198E-06
   1.59999990       1.68375686E-06
   1.61999989       2.14985903E-06
   1.63999987       1.40857196E-06
   1.65999985       1.76831315E-06
   1.67999983       1.94934023E-06
   1.69999981       1.17736238E-06
   1.72000003       1.87715921E-06
   1.74000001       1.62922709E-06
   1.75999999       1.10977430E-06
   1.77999997       1.91558092E-06
   1.79999995       1.26198404E-06
   1.81999993       1.19942001E-06
   1.83999991       1.81676342E-06
   1.85999990       9.44526221E-07
   1.87999988       1.37865129E-06
   1.89999986       1.57697434E-06
   1.91999984       7.70780332E-07
   1.93999982       1.55334408E-06
   1.95999980       1.22549227E-06
   1.98000002       7.73752902E-07
   2.00000000       1.64466542E-06
   2.01999998       8.59051454E-07
   2.03999996       9.21351955E-07
   2.05999994       1.56132626E-06
   2.07999992       5.85670591E-07
   2.09999990       1.15832177E-06
   2.11999989       1.27785745E-06
   2.13999987       4.71732960E-07
   2.15999985       1.37783354E-06
   2.17999983       9.32410558E-07
   2.19999981       5.38588722E-07
   2.21999979       1.44636499E-06
   2.23999977       5.97762892E-07
   2.25999975       7.32043134E-07
   2.27999973       1.36088397E-06
   2.29999971       3.53588604E-07
   2.31999969       9.96415793E-07
   2.33999968       1.06451364E-06
   2.36000013       2.73815886E-07
   2.38000011       1.24345820E-06
   2.40000010       7.46776948E-07
   2.42000008       3.71078272E-07
   2.44000006       1.32155617E-06
   2.46000004       4.21723428E-07
   2.48000002       5.97594862E-07
   2.50000000       1.18253126E-06
   2.51999998       1.90853555E-07
   2.53999996       9.20595994E-07
   2.55999994       9.60962439E-07
   2.57999992       1.31608942E-07
   2.59999990       1.14711361E-06
   2.61999989       6.28128532E-07
   2.63999987       2.64228845E-07
   2.65999985       1.18224671E-06
   2.67999983       2.85432463E-07
   2.69999981       5.46111380E-07
   2.71999979       1.13839678E-06
   2.73999977       8.70180656E-08
   2.75999975       8.34903744E-07
   2.77999973       8.79878996E-07
   2.79999971       6.31105763E-08
   2.81999969       1.07655978E-06
   2.83999968       5.30796285E-07
   2.85999966       2.15294833E-07
   2.88000011       1.17915556E-06
   2.90000010       2.35192374E-07
   2.92000008       4.79490609E-07
   2.94000006       1.05337199E-06
   2.96000004       3.55868828E-08
   2.98000002       8.06482376E-07
   3.00000000       8.24216272E-07
   3.01999998       2.32520279E-08
   3.03999996       1.05531387E-06
   3.05999994       5.23151925E-07
   3.07999992       1.63659791E-07
   3.09999990       7.14105568E-07
