  -2.00000000       3.28724309E-06
  -1.98000002       8.88233728E-07
  -1.96000004       1.23687403E-06
  -1.94000006       2.78889479E-06
  -1.91999996       8.16974506E-08
  -1.89999998       2.93082371E-06
  -1.88000000       5.38307518E-07
  -1.86000001       2.06212985E-06
  -1.84000003       2.17227375E-06
  -1.82000005       2.99228418E-07
  -1.79999995       3.27713451E-06
  -1.77999997       2.03518795E-07
  -1.75999999       2.44029252E-06
  -1.74000001       1.69922146E-06
  -1.72000003       7.65055802E-07
  -1.70000005       3.28766055E-06
  -1.68000007       1.31696879E-07
  -1.65999997       2.73728460E-06
  -1.63999999       1.29056184E-06
  -1.62000000       1.53911560E-06
  -1.60000002       2.76395781E-06
  -1.58000004       1.61356667E-07
  -1.55999994       3.51037170E-06
  -1.53999996       7.27871054E-07
  -1.51999998       1.93978121E-06
  -1.50000000       2.63881088E-06
  -1.48000002       3.59250123E-07
  -1.46000004       3.75440436E-06
  -1.44000006       5.25676910E-07
  -1.42000008       2.33622995E-06
  -1.40000010       2.44713465E-06
  -1.38000000       9.45783199E-07
  -1.36000001       3.46538150E-06
  -1.34000003       5.16938712E-07
  -1.31999993       3.00590887E-06
  -1.29999995       1.84873113E-06
  -1.27999997       1.63855452E-06
  -1.25999999       3.10131395E-06
  -1.24000001       4.63571837E-07
  -1.22000003       3.58831403E-06
  -1.20000005       1.00429224E-06
  -1.18000007       2.11112297E-06
  -1.16000009       2.22274798E-06
  -1.14000010       3.81431192E-07
  -1.12000000       2.83910595E-06
  -1.10000002       3.86666770E-08
  -1.08000004       1.59889464E-06
  -1.05999994       8.81221212E-08
  -1.03999996       2.19043250E-06
  -1.01999998       8.04461138E-07
  -1.00000000       8.56320730E-06
 -0.980000019       1.08693575E-05
 -0.960000038       2.50439152E-05
 -0.940000057       5.13613195E-05
 -0.920000076       7.29259482E-05
 -0.899999976       1.53564106E-04
 -0.879999995       2.25625845E-04
 -0.860000014       4.31045482E-04
 -0.840000033       6.97085168E-04
 -0.820000052       1.19162886E-03
 -0.800000072       1.87703583E-03
 -0.779999971       2.78394227E-03
 -0.759999990       4.03961865E-03
 -0.740000010       5.41923195E-03
 -0.720000029       7.77116232E-03
 -0.700000048       1.10338079E-02
 -0.680000067       1.72002092E-02
 -0.660000086       2.66379602E-02
 -0.639999986       4.01227660E-02
 -0.620000005       5.69130331E-02
 -0.600000024       7.29672611E-02
 -0.580000043       8.71812627E-02
 -0.560000062       9.81098339E-02
 -0.540000081      0.114852682    
 -0.519999981      0.151759580    
 -0.500000000      0.228795171    
 -0.480000019      0.351091146    
 -0.460000038      0.506764293    
 -0.440000057      0.647306919    
 -0.420000076      0.716451049    
 -0.400000095      0.685072720    
 -0.379999995      0.580143094    
 -0.360000014      0.528342664    
 -0.340000033      0.680453539    
 -0.320000052       1.15037870    
 -0.300000072       1.88638246    
 -0.280000091       2.64569473    
 -0.259999990       3.06528759    
 -0.240000010       2.86975288    
 -0.220000029       2.07615829    
 -0.200000048       1.08238399    
 -0.180000067      0.536760986    
 -0.160000086      0.970173895    
 -0.139999986       2.46289587    
 -0.120000005       4.47393036    
 -0.100000024       6.04503584    
  -8.00000429E-02   6.34437513    
  -6.00000620E-02   5.08022594    
  -4.00000811E-02   2.88614297    
  -2.00001001E-02  0.791971564    
   0.00000000       6.94832578E-03
   1.99999809E-02   1.50272754E-05
   3.99999619E-02   5.56566692E-06
   5.99999428E-02   8.88518173E-07
   7.99999237E-02   7.18850856E-07
   9.99999046E-02   9.84278472E-08
  0.119999886       3.58696894E-07
  0.139999866       1.28051610E-07
  0.159999847       3.34007922E-07
  0.180000067       2.53104020E-07
  0.200000048       3.92417576E-07
  0.220000029       4.06435532E-07
  0.240000010       4.92898209E-07
  0.259999990       5.77869059E-07
  0.279999971       6.20760488E-07
  0.299999952       7.60388218E-07
  0.319999933       7.73823842E-07
  0.339999914       9.48650893E-07
  0.359999895       9.49253092E-07
  0.379999876       1.14451302E-06
  0.399999857       1.14865361E-06
  0.419999838       1.34773165E-06
  0.440000057       1.37581628E-06
  0.460000038       1.55499879E-06
  0.480000019       1.61500554E-06
  0.500000000       1.75901914E-06
  0.519999981       1.84358623E-06
  0.539999962       1.94773747E-06
  0.559999943       2.05707397E-06
  0.579999924       2.13846783E-06
  0.599999905       2.26909106E-06
  0.619999886       2.35537323E-06
  0.639999866       2.48081324E-06
  0.659999847       2.55661917E-06
  0.679999828       2.65953645E-06
  0.700000048       2.71149406E-06
  0.720000029       2.79671826E-06
  0.740000010       2.85818805E-06
  0.759999990       2.95608925E-06
  0.779999971       3.01089290E-06
  0.799999952       3.08143217E-06
  0.819999933       3.11262147E-06
  0.839999914       3.12463726E-06
  0.859999895       3.19621358E-06
  0.879999876       3.19395667E-06
  0.899999857       3.28110036E-06
  0.919999838       3.24544635E-06
  0.939999819       3.25943347E-06
  0.960000038       3.26538520E-06
  0.980000019       3.22505298E-06
   1.00000000       3.31758656E-06
   1.01999998       3.20251570E-06
   1.03999996       3.23042877E-06
   1.05999994       3.19037485E-06
   1.07999992       3.11999065E-06
   1.09999990       3.21422431E-06
   1.11999989       3.02449348E-06
   1.13999987       3.06684774E-06
   1.15999985       3.02112630E-06
   1.17999983       2.89939135E-06
   1.19999981       3.01323803E-06
   1.22000003       2.75744787E-06
   1.24000001       2.81624375E-06
   1.25999999       2.83173267E-06
   1.27999997       2.55966779E-06
   1.29999995       2.75646266E-06
   1.31999993       2.52121004E-06
   1.33999991       2.47042908E-06
   1.35999990       2.62896378E-06
   1.37999988       2.21050982E-06
   1.39999986       2.45588740E-06
   1.41999984       2.36883920E-06
   1.43999982       2.01952321E-06
   1.46000004       2.43005070E-06
   1.48000002       2.01892044E-06
   1.50000000       1.98300859E-06
   1.51999998       2.30511864E-06
   1.53999996       1.68631891E-06
   1.55999994       2.05666379E-06
   1.57999992       2.04228331E-06
   1.59999990       1.47993933E-06
   1.61999989       2.13168869E-06
   1.63999987       1.67828762E-06
   1.65999985       1.45128274E-06
   1.67999983       2.09915356E-06
   1.69999981       1.31422371E-06
   1.72000003       1.56933061E-06
   1.74000001       1.89902562E-06
   1.75999999       1.05875120E-06
   1.77999997       1.73701437E-06
   1.79999995       1.55780435E-06
   1.81999993       9.87397243E-07
   1.83999991       1.82719793E-06
   1.85999990       1.16107526E-06
   1.87999988       1.10068527E-06
   1.89999986       1.75879927E-06
   1.91999984       8.29000442E-07
   1.93999982       1.31820889E-06
   1.95999980       1.52255166E-06
   1.98000002       6.61932518E-07
   2.00000000       1.49754226E-06
   2.01999998       1.16852880E-06
   2.03999996       7.01384579E-07
   2.05999994       1.55404427E-06
   2.07999992       7.75650847E-07
   2.09999990       9.05638728E-07
   2.11999989       1.47632034E-06
   2.13999987       4.86023850E-07
   2.15999985       1.17612763E-06
   2.17999983       1.21447067E-06
   2.19999981       3.95491014E-07
   2.21999979       1.38043072E-06
   2.23999977       8.48963907E-07
   2.25999975       5.21554000E-07
   2.27999973       1.37236543E-06
   2.29999971       4.84414443E-07
   2.31999969       8.03921296E-07
   2.33999968       1.25994359E-06
   2.36000013       2.55710177E-07
   2.38000011       1.09815812E-06
   2.40000010       9.76887236E-07
   2.42000008       2.47647250E-07
   2.44000006       1.24489156E-06
   2.46000004       5.97187693E-07
   2.48000002       4.55020370E-07
   2.50000000       1.26450379E-06
   2.51999998       2.57348518E-07
   2.53999996       7.61832268E-07
   2.55999994       1.11565760E-06
   2.57999992       1.20714773E-07
   2.59999990       1.00734485E-06
   2.61999989       7.67409972E-07
   2.63999987       1.91899630E-07
   2.65999985       1.21163839E-06
   2.67999983       3.97402943E-07
   2.69999981       4.25408757E-07
   2.71999979       1.19964523E-06
   2.73999977       1.44596711E-07
   2.75999975       7.15621582E-07
   2.77999973       9.32359512E-07
   2.79999971       4.52989113E-08
   2.81999969       1.04112576E-06
   2.83999968       6.40721055E-07
   2.85999966       1.49214102E-07
   2.88000011       1.15147338E-06
   2.90000010       2.79766994E-07
   2.92000008       4.48609342E-07
   2.94000006       1.13140993E-06
   2.96000004       5.64600278E-08
   2.98000002       7.65419827E-07
   3.00000000       8.57594443E-07
   3.01999998       2.05700719E-08
   3.03999996       1.08847712E-06
   3.05999994       5.65366804E-07
   3.07999992       1.53466559E-07
   3.09999990       7.85279383E-07
