  -2.00000000       2.75798995E-10
  -1.98000002       2.43760623E-10
  -1.96000004       4.28584057E-10
  -1.94000006       7.26653737E-10
  -1.91999996       6.18206153E-10
  -1.89999998       1.18854493E-09
  -1.88000000       1.24093835E-09
  -1.86000001       1.85873028E-09
  -1.84000003       2.39394171E-09
  -1.82000005       3.19138205E-09
  -1.79999995       4.05550349E-09
  -1.77999997       4.94713603E-09
  -1.75999999       6.35399511E-09
  -1.74000001       7.87249643E-09
  -1.72000003       1.00970210E-08
  -1.70000005       1.31380604E-08
  -1.68000007       1.64965890E-08
  -1.65999997       2.20514096E-08
  -1.63999999       2.78814145E-08
  -1.62000000       3.82070908E-08
  -1.60000002       4.92582046E-08
  -1.58000004       6.46200817E-08
  -1.55999994       8.37032132E-08
  -1.53999996       1.03180284E-07
  -1.51999998       1.33006850E-07
  -1.50000000       1.64298768E-07
  -1.48000002       2.09222307E-07
  -1.46000004       2.52603172E-07
  -1.44000006       3.03716973E-07
  -1.42000008       3.49139384E-07
  -1.40000010       4.00982486E-07
  -1.38000000       4.44698884E-07
  -1.36000001       4.86035731E-07
  -1.34000003       5.12381234E-07
  -1.31999993       5.32033084E-07
  -1.29999995       5.45273224E-07
  -1.27999997       5.61153456E-07
  -1.25999999       5.76413186E-07
  -1.24000001       5.99630084E-07
  -1.22000003       6.30049840E-07
  -1.20000005       6.63048354E-07
  -1.18000007       7.02188061E-07
  -1.16000009       7.19466811E-07
  -1.14000010       7.78810886E-07
  -1.12000000       7.98453470E-07
  -1.10000002       8.11407574E-07
  -1.08000004       9.67386654E-07
  -1.05999994       7.80553478E-07
  -1.03999996       9.64322226E-07
  -1.01999998       1.38345274E-06
  -1.00000000       4.21774729E-07
 -0.980000019       1.96867040E-06
 -0.960000038       3.31605338E-06
 -0.940000057       2.23864987E-07
 -0.920000076       8.95229005E-06
 -0.899999976       1.97792924E-05
 -0.879999995       1.86694051E-05
 -0.860000014       6.91612076E-05
 -0.840000033       1.65811245E-04
 -0.820000052       2.59768305E-04
 -0.800000072       5.57763793E-04
 -0.779999971       1.23833260E-03
 -0.759999990       2.19741487E-03
 -0.740000010       3.91603680E-03
 -0.720000029       7.49529898E-03
 -0.700000048       1.33433407E-02
 -0.680000067       2.21170131E-02
 -0.660000086       3.67568620E-02
 -0.639999986       6.08925298E-02
 -0.620000005       9.61735249E-02
 -0.600000024      0.145614833    
 -0.580000043      0.216886789    
 -0.560000062      0.317861319    
 -0.540000081      0.450838387    
 -0.519999981      0.616347909    
 -0.500000000      0.820315599    
 -0.480000019       1.06924379    
 -0.460000038       1.35982692    
 -0.440000057       1.67611670    
 -0.420000076       2.00113821    
 -0.400000095       2.32334375    
 -0.379999995       2.63279843    
 -0.360000014       2.91256285    
 -0.340000033       3.13645172    
 -0.320000052       3.27806640    
 -0.300000072       3.31707382    
 -0.280000091       3.25243855    
 -0.259999990       3.10393739    
 -0.240000010       2.90887403    
 -0.220000029       2.69361615    
 -0.200000048       2.44272947    
 -0.180000067       2.11278534    
 -0.160000086       1.68779409    
 -0.139999986       1.25016344    
 -0.120000005      0.940698147    
 -0.100000024      0.836893976    
  -8.00000429E-02  0.846208990    
  -6.00000620E-02  0.762785137    
  -4.00000811E-02  0.493213207    
  -2.00001001E-02  0.147347093    
   0.00000000       1.34536449E-03
   1.99999809E-02   1.73810554E-06
   3.99999619E-02   2.79414530E-06
   5.99999428E-02   3.05112394E-07
   7.99999237E-02   2.11521456E-06
   9.99999046E-02   1.73391152E-06
  0.119999886       3.12767361E-06
  0.139999866       3.53592077E-06
  0.159999847       4.58209206E-06
  0.180000067       5.51737094E-06
  0.200000048       6.25569146E-06
  0.220000029       7.51926018E-06
  0.240000010       8.01706483E-06
  0.259999990       9.17970920E-06
  0.279999971       9.45481861E-06
  0.299999952       1.00420284E-05
  0.319999933       1.03158027E-05
  0.339999914       1.03300681E-05
  0.359999895       1.04934443E-05
  0.379999876       9.95448590E-06
  0.399999857       9.60104626E-06
  0.419999838       9.15344845E-06
  0.440000057       8.42468944E-06
  0.460000038       7.84784334E-06
  0.480000019       7.13238842E-06
  0.500000000       6.47963998E-06
  0.519999981       5.94915582E-06
  0.539999962       5.34184710E-06
  0.559999943       4.85712735E-06
  0.579999924       4.46688136E-06
  0.599999905       4.07931975E-06
  0.619999886       3.70252428E-06
  0.639999866       3.42384578E-06
  0.659999847       3.21478410E-06
  0.679999828       2.87554667E-06
  0.700000048       2.68643316E-06
  0.720000029       2.51986830E-06
  0.740000010       2.32516481E-06
  0.759999990       2.11061865E-06
  0.779999971       1.97332770E-06
  0.799999952       1.86958164E-06
  0.819999933       1.72626562E-06
  0.839999914       1.56165527E-06
  0.859999895       1.46401453E-06
  0.879999876       1.37748521E-06
  0.899999857       1.31006936E-06
  0.919999838       1.17381819E-06
  0.939999819       1.08165568E-06
  0.960000038       1.00907027E-06
  0.980000019       9.56836402E-07
   1.00000000       9.15180351E-07
   1.01999998       8.23992423E-07
   1.03999996       7.41628867E-07
   1.05999994       6.87292697E-07
   1.07999992       6.38003598E-07
   1.09999990       6.09197514E-07
   1.11999989       5.85379894E-07
   1.13999987       5.35150775E-07
   1.15999985       4.72042245E-07
   1.17999983       4.20964341E-07
   1.19999981       3.81435228E-07
   1.22000003       3.47599808E-07
   1.24000001       3.23200538E-07
   1.25999999       3.09372780E-07
   1.27999997       2.97989544E-07
   1.29999995       2.79931328E-07
   1.31999993       2.52819632E-07
   1.33999991       2.20159848E-07
   1.35999990       1.86490212E-07
   1.37999988       1.54667333E-07
   1.39999986       1.25836436E-07
   1.41999984       1.00414397E-07
   1.43999982       7.86342440E-08
   1.46000004       6.03842523E-08
   1.48000002       4.55796929E-08
   1.50000000       3.39617472E-08
   1.51999998       2.50957957E-08
   1.53999996       1.84730879E-08
   1.55999994       1.36265879E-08
   1.57999992       1.00972741E-08
   1.59999990       7.54379847E-09
   1.61999989       5.70953285E-09
   1.63999987       4.39183312E-09
   1.65999985       3.44162454E-09
   1.67999983       2.74809620E-09
   1.69999981       2.25100738E-09
   1.72000003       1.90299754E-09
   1.74000001       1.65592517E-09
   1.75999999       1.47269541E-09
   1.77999997       1.31432620E-09
   1.79999995       1.17387278E-09
   1.81999993       1.05670761E-09
   1.83999991       9.55997614E-10
   1.85999990       8.74953332E-10
   1.87999988       7.96761879E-10
   1.89999986       7.47778506E-10
   1.91999984       7.14279802E-10
   1.93999982       6.88189561E-10
   1.95999980       6.65713706E-10
   1.98000002       6.31209307E-10
   2.00000000       5.97425331E-10
   2.01999998       5.59794933E-10
   2.03999996       5.38882550E-10
   2.05999994       5.35333722E-10
   2.07999992       5.33236177E-10
   2.09999990       5.28787292E-10
   2.11999989       5.05770259E-10
   2.13999987       4.85434470E-10
   2.15999985       4.74506601E-10
   2.17999983       4.71884365E-10
   2.19999981       4.62642091E-10
   2.21999979       4.42208992E-10
   2.23999977       4.23307556E-10
   2.25999975       4.14125956E-10
   2.27999973       4.12223644E-10
   2.29999971       3.97283428E-10
   2.31999969       3.70371595E-10
   2.33999968       3.65339647E-10
   2.36000013       3.66450925E-10
   2.38000011       3.52297358E-10
   2.40000010       3.29631544E-10
   2.42000008       3.20332982E-10
   2.44000006       3.15292098E-10
   2.46000004       2.97544656E-10
   2.48000002       2.89196583E-10
   2.50000000       2.87892349E-10
   2.51999998       2.74293283E-10
   2.53999996       2.54083143E-10
   2.55999994       2.52157434E-10
   2.57999992       2.39371689E-10
   2.59999990       2.19900764E-10
   2.61999989       2.26586569E-10
   2.63999987       2.14130658E-10
   2.65999985       1.91321875E-10
   2.67999983       1.92890010E-10
   2.69999981       1.79698617E-10
   2.71999979       1.65709738E-10
   2.73999977       1.66675507E-10
   2.75999975       1.43229706E-10
   2.77999973       1.33028186E-10
   2.79999971       1.28482225E-10
   2.81999969       1.10947279E-10
   2.83999968       1.12160163E-10
   2.85999966       1.00724588E-10
   2.88000011       9.71295752E-11
   2.90000010       8.73554007E-11
   2.92000008       7.77285389E-11
   2.94000006       7.17856052E-11
   2.96000004       5.69944751E-11
   2.98000002       5.08560798E-11
   3.00000000       3.93818207E-11
   3.01999998       3.79032361E-11
   3.03999996       2.86390113E-11
   3.05999994       2.94250527E-11
   3.07999992       1.25373661E-11
   3.09999990       1.27596100E-10
