  -2.00000000       3.17871059E-06
  -1.98000002       1.22262702E-06
  -1.96000004       8.81387621E-07
  -1.94000006       3.19054880E-06
  -1.91999996       5.67463196E-08
  -1.89999998       2.73469436E-06
  -1.88000000       1.70462579E-06
  -1.86000001       5.54792791E-07
  -1.84000003       3.31415390E-06
  -1.82000005       1.61453784E-07
  -1.79999995       2.37338236E-06
  -1.77999997       2.24487121E-06
  -1.75999999       4.56748239E-07
  -1.74000001       3.16716273E-06
  -1.72000003       4.89932461E-07
  -1.70000005       2.28513727E-06
  -1.68000007       2.24595806E-06
  -1.65999997       2.78459368E-07
  -1.63999999       3.62681953E-06
  -1.62000000       6.79229402E-07
  -1.60000002       1.84087912E-06
  -1.58000004       2.77323579E-06
  -1.55999994       1.68506602E-07
  -1.53999996       3.64529137E-06
  -1.51999998       1.01036687E-06
  -1.50000000       1.40462646E-06
  -1.48000002       3.47005539E-06
  -1.46000004       2.36334344E-07
  -1.44000006       3.14584713E-06
  -1.42000008       1.65715073E-06
  -1.40000010       1.32317814E-06
  -1.38000000       3.55802490E-06
  -1.36000001       4.15702573E-07
  -1.34000003       2.94176607E-06
  -1.31999993       2.08597817E-06
  -1.29999995       1.27736848E-06
  -1.27999997       3.36054518E-06
  -1.25999999       5.38046606E-07
  -1.24000001       2.94959091E-06
  -1.22000003       1.76935873E-06
  -1.20000005       1.06797040E-06
  -1.18000007       2.68088752E-06
  -1.16000009       1.17870272E-07
  -1.14000010       2.48846322E-06
  -1.12000000       2.50527393E-07
  -1.10000002       1.85166471E-06
  -1.08000004       1.60112791E-06
  -1.05999994       4.78168658E-06
  -1.03999996       9.21617175E-06
  -1.01999998       1.44960522E-05
  -1.00000000       4.03000413E-05
 -0.980000019       4.96936264E-05
 -0.960000038       1.15079514E-04
 -0.940000057       1.69647188E-04
 -0.920000076       2.79373227E-04
 -0.899999976       4.99867834E-04
 -0.879999995       7.30151078E-04
 -0.860000014       1.27796410E-03
 -0.840000033       1.92771852E-03
 -0.820000052       2.94605130E-03
 -0.800000072       4.39045439E-03
 -0.779999971       6.09434675E-03
 -0.759999990       8.60965531E-03
 -0.740000010       1.18490150E-02
 -0.720000029       1.69299003E-02
 -0.700000048       2.43744608E-02
 -0.680000067       3.58774066E-02
 -0.660000086       5.12896478E-02
 -0.639999986       7.02524707E-02
 -0.620000005       9.16201547E-02
 -0.600000024      0.110892676    
 -0.580000043      0.131401122    
 -0.560000062      0.154913694    
 -0.540000081      0.194618002    
 -0.519999981      0.266099155    
 -0.500000000      0.375906408    
 -0.480000019      0.521519542    
 -0.460000038      0.669787884    
 -0.440000057      0.777580023    
 -0.420000076      0.805050790    
 -0.400000095      0.756717205    
 -0.379999995      0.696392179    
 -0.360000014      0.745122373    
 -0.340000033       1.02203190    
 -0.320000052       1.55233741    
 -0.300000072       2.23408890    
 -0.280000091       2.79974484    
 -0.259999990       2.97099280    
 -0.240000010       2.59564209    
 -0.220000029       1.79242456    
 -0.200000048      0.977447212    
 -0.180000067      0.677147686    
 -0.160000086       1.25640059    
 -0.139999986       2.64905834    
 -0.120000005       4.34607410    
 -0.100000024       5.52620935    
  -8.00000429E-02   5.58615065    
  -6.00000620E-02   4.36878729    
  -4.00000811E-02   2.43954682    
  -2.00001001E-02  0.665184140    
   0.00000000       5.83798531E-03
   1.99999809E-02   1.24961716E-05
   3.99999619E-02   4.84567136E-06
   5.99999428E-02   6.49374044E-07
   7.99999237E-02   6.99788075E-07
   9.99999046E-02   8.78666473E-09
  0.119999886       3.82552201E-07
  0.139999866       4.54833469E-08
  0.159999847       3.56632910E-07
  0.180000067       1.60140004E-07
  0.200000048       4.04087075E-07
  0.220000029       3.02015110E-07
  0.240000010       4.85312796E-07
  0.259999990       4.66368533E-07
  0.279999971       5.89638262E-07
  0.299999952       6.47401578E-07
  0.319999933       7.16464399E-07
  0.339999914       8.38522453E-07
  0.359999895       8.61906869E-07
  0.379999876       1.02976719E-06
  0.399999857       1.02838032E-06
  0.419999838       1.21149378E-06
  0.440000057       1.21630967E-06
  0.460000038       1.38705184E-06
  0.480000019       1.43280624E-06
  0.500000000       1.55997395E-06
  0.519999981       1.67522080E-06
  0.539999962       1.73831836E-06
  0.559999943       1.90771584E-06
  0.579999924       1.91705203E-06
  0.599999905       2.10038729E-06
  0.619999886       2.09712061E-06
  0.639999866       2.25297435E-06
  0.659999847       2.31398940E-06
  0.679999828       2.39442579E-06
  0.700000048       2.55113741E-06
  0.720000029       2.52918721E-06
  0.740000010       2.72422062E-06
  0.759999990       2.64924574E-06
  0.779999971       2.81704888E-06
  0.799999952       2.81996086E-06
  0.819999933       2.87644298E-06
  0.839999914       3.02645526E-06
  0.859999895       2.91328229E-06
  0.879999876       3.11707072E-06
  0.899999857       2.96318763E-06
  0.919999838       3.11709709E-06
  0.939999819       3.12289194E-06
  0.960000038       3.06317361E-06
  0.980000019       3.24648795E-06
   1.00000000       2.98061150E-06
   1.01999998       3.22247297E-06
   1.03999996       3.07156938E-06
   1.05999994       3.09066922E-06
   1.07999992       3.20002096E-06
   1.09999990       2.87964076E-06
   1.11999989       3.20963727E-06
   1.13999987       2.89054606E-06
   1.15999985       3.01380032E-06
   1.17999983       3.03314414E-06
   1.19999981       2.67637392E-06
   1.22000003       3.11593590E-06
   1.24000001       2.62444746E-06
   1.25999999       2.83772511E-06
   1.27999997       2.81356915E-06
   1.29999995       2.41366934E-06
   1.31999993       2.97298516E-06
   1.33999991       2.29183092E-06
   1.35999990       2.60606475E-06
   1.37999988       2.63219363E-06
   1.39999986       2.07664289E-06
   1.41999984       2.78768289E-06
   1.43999982       2.00010118E-06
   1.46000004       2.34595791E-06
   1.48000002       2.46797686E-06
   1.50000000       1.69568102E-06
   1.51999998       2.63088327E-06
   1.53999996       1.78755818E-06
   1.55999994       1.97291797E-06
   1.57999992       2.37861354E-06
   1.59999990       1.39364238E-06
   1.61999989       2.35917923E-06
   1.63999987       1.67182463E-06
   1.65999985       1.63300797E-06
   1.67999983       2.22176709E-06
   1.69999981       1.17364800E-06
   1.72000003       2.09782024E-06
   1.74000001       1.54743873E-06
   1.75999999       1.33828360E-06
   1.77999997       2.09473274E-06
   1.79999995       9.79697916E-07
   1.81999993       1.85467457E-06
   1.83999991       1.48140327E-06
   1.85999990       1.05709455E-06
   1.87999988       1.99722490E-06
   1.89999986       8.47979265E-07
   1.91999984       1.58416196E-06
   1.93999982       1.45923445E-06
   1.95999980       8.23377945E-07
   1.98000002       1.86695070E-06
   2.00000000       7.59875036E-07
   2.01999998       1.34212064E-06
   2.03999996       1.47064827E-06
   2.05999994       6.09068593E-07
   2.07999992       1.72783109E-06
   2.09999990       7.43184160E-07
   2.11999989       1.08740164E-06
   2.13999987       1.44998899E-06
   2.15999985       4.59263305E-07
   2.17999983       1.61253706E-06
   2.19999981       7.35108017E-07
   2.21999979       8.53731876E-07
   2.23999977       1.49295988E-06
   2.25999975       3.38911605E-07
   2.27999973       1.42496503E-06
   2.29999971       7.89982778E-07
   2.31999969       6.51687913E-07
   2.33999968       1.44987598E-06
   2.36000013       2.65886740E-07
   2.38000011       1.28693807E-06
   2.40000010       8.94767084E-07
   2.42000008       4.32424372E-07
   2.44000006       1.44082878E-06
   2.46000004       2.67029662E-07
   2.48000002       1.06347647E-06
   2.50000000       9.42184670E-07
   2.51999998       2.79988711E-07
   2.53999996       1.45360605E-06
   2.55999994       3.00998494E-07
   2.57999992       8.59840497E-07
   2.59999990       1.04604749E-06
   2.61999989       1.64262502E-07
   2.63999987       1.35057962E-06
   2.65999985       3.52093736E-07
   2.67999983       6.75218757E-07
   2.69999981       1.16273065E-06
   2.71999979       7.44188924E-08
   2.73999977       1.23444454E-06
   2.75999975       4.56323107E-07
   2.77999973       5.09170434E-07
   2.79999971       1.25855047E-06
   2.81999969       3.85919279E-08
   2.83999968       1.12540886E-06
   2.85999966       5.93080415E-07
   2.88000011       3.32003452E-07
   2.90000010       1.28107354E-06
   2.92000008       5.25646513E-08
   2.94000006       9.89952696E-07
   2.96000004       7.45977218E-07
   2.98000002       1.80193624E-07
   3.00000000       1.26934538E-06
   3.01999998       1.08077820E-07
   3.03999996       8.54614086E-07
   3.05999994       9.26284258E-07
   3.07999992       6.18621669E-08
   3.09999990       8.59424517E-07
