  -2.00000000       3.30005719E-06
  -1.98000002       1.21077005E-06
  -1.96000004       8.66943537E-07
  -1.94000006       3.18381308E-06
  -1.91999996       6.71245459E-08
  -1.89999998       2.74979584E-06
  -1.88000000       1.72164926E-06
  -1.86000001       5.02279761E-07
  -1.84000003       3.37400502E-06
  -1.82000005       1.72030596E-07
  -1.79999995       2.28514727E-06
  -1.77999997       2.34557433E-06
  -1.75999999       4.05560684E-07
  -1.74000001       3.17366903E-06
  -1.72000003       5.66330300E-07
  -1.70000005       2.14729130E-06
  -1.68000007       2.37272684E-06
  -1.65999997       2.63967593E-07
  -1.63999999       3.51893095E-06
  -1.62000000       8.18761066E-07
  -1.60000002       1.79251651E-06
  -1.58000004       2.78164816E-06
  -1.55999994       1.41153322E-07
  -1.53999996       3.66388531E-06
  -1.51999998       1.07925246E-06
  -1.50000000       1.26573150E-06
  -1.48000002       3.60448689E-06
  -1.46000004       1.88607274E-07
  -1.44000006       3.13025066E-06
  -1.42000008       1.78134917E-06
  -1.40000010       1.06175116E-06
  -1.38000000       3.81277550E-06
  -1.36000001       4.09999188E-07
  -1.34000003       2.70986061E-06
  -1.31999993       2.38472740E-06
  -1.29999995       1.03311027E-06
  -1.27999997       3.49091897E-06
  -1.25999999       6.31287492E-07
  -1.24000001       2.60965408E-06
  -1.22000003       2.11049473E-06
  -1.20000005       9.29890234E-07
  -1.18000007       2.63219181E-06
  -1.16000009       1.84000044E-07
  -1.14000010       2.41114594E-06
  -1.12000000       3.29005161E-07
  -1.10000002       1.85784904E-06
  -1.08000004       1.95303664E-06
  -1.05999994       4.47289631E-06
  -1.03999996       1.06267753E-05
  -1.01999998       1.50962687E-05
  -1.00000000       4.16838702E-05
 -0.980000019       5.38584063E-05
 -0.960000038       1.18347831E-04
 -0.940000057       1.78628441E-04
 -0.920000076       2.90541560E-04
 -0.899999976       5.20643662E-04
 -0.879999995       7.55903719E-04
 -0.860000014       1.32680545E-03
 -0.840000033       1.99147407E-03
 -0.820000052       3.02557275E-03
 -0.800000072       4.53815609E-03
 -0.779999971       6.22670166E-03
 -0.759999990       8.86106398E-03
 -0.740000010       1.21753812E-02
 -0.720000029       1.73266008E-02
 -0.700000048       2.50914972E-02
 -0.680000067       3.66406888E-02
 -0.660000086       5.23883514E-02
 -0.639999986       7.15718567E-02
 -0.620000005       9.29481462E-02
 -0.600000024      0.112601154    
 -0.580000043      0.133300930    
 -0.560000062      0.157432377    
 -0.540000081      0.198103741    
 -0.519999981      0.270926416    
 -0.500000000      0.381426096    
 -0.480000019      0.527883351    
 -0.460000038      0.675481081    
 -0.440000057      0.781580389    
 -0.420000076      0.808674097    
 -0.400000095      0.759429932    
 -0.379999995      0.701618969    
 -0.360000014      0.754058242    
 -0.340000033       1.03433788    
 -0.320000052       1.56576574    
 -0.300000072       2.24461198    
 -0.280000091       2.80279255    
 -0.259999990       2.96575761    
 -0.240000010       2.58613944    
 -0.220000029       1.78280318    
 -0.200000048      0.975262523    
 -0.180000067      0.682698190    
 -0.160000086       1.26535916    
 -0.139999986       2.65402603    
 -0.120000005       4.33963966    
 -0.100000024       5.50696707    
  -8.00000429E-02   5.55970097    
  -6.00000620E-02   4.34467316    
  -4.00000811E-02   2.42452002    
  -2.00001001E-02  0.661007106    
   0.00000000       5.80016943E-03
   1.99999809E-02   1.26054329E-05
   3.99999619E-02   4.65546282E-06
   5.99999428E-02   7.40909570E-07
   7.99999237E-02   6.31623493E-07
   9.99999046E-02   5.04137034E-08
  0.119999886       3.55271823E-07
  0.139999866       5.86544857E-08
  0.159999847       3.54681987E-07
  0.180000067       1.53039849E-07
  0.200000048       4.22261991E-07
  0.220000029       2.77959629E-07
  0.240000010       5.19662194E-07
  0.259999990       4.26179042E-07
  0.279999971       6.35343724E-07
  0.299999952       5.91573098E-07
  0.319999933       7.66389576E-07
  0.339999914       7.70750034E-07
  0.359999895       9.08703953E-07
  0.379999876       9.60971079E-07
  0.399999857       1.06832590E-06
  0.419999838       1.16086255E-06
  0.440000057       1.24665121E-06
  0.460000038       1.37143957E-06
  0.480000019       1.44414048E-06
  0.500000000       1.57695490E-06
  0.519999981       1.64867993E-06
  0.539999962       1.76762819E-06
  0.559999943       1.83908196E-06
  0.579999924       1.94686709E-06
  0.599999905       2.02873707E-06
  0.619999886       2.13432122E-06
  0.639999866       2.22652943E-06
  0.659999847       2.34044478E-06
  0.679999828       2.40458326E-06
  0.700000048       2.51438564E-06
  0.720000029       2.54464567E-06
  0.740000010       2.64464461E-06
  0.759999990       2.68788722E-06
  0.779999971       2.77866366E-06
  0.799999952       2.86520390E-06
  0.819999933       2.86902105E-06
  0.839999914       2.99246153E-06
  0.859999895       2.91582273E-06
  0.879999876       3.05306094E-06
  0.899999857       3.02157173E-06
  0.919999838       3.09054803E-06
  0.939999819       3.15045941E-06
  0.960000038       3.02815693E-06
  0.980000019       3.20635218E-06
   1.00000000       3.01775435E-06
   1.01999998       3.19226911E-06
   1.03999996       3.12995644E-06
   1.05999994       3.02002832E-06
   1.07999992       3.20685103E-06
   1.09999990       2.88738534E-06
   1.11999989       3.19566834E-06
   1.13999987       2.95381437E-06
   1.15999985       2.90263210E-06
   1.17999983       3.10904079E-06
   1.19999981       2.65419453E-06
   1.22000003       3.10579662E-06
   1.24000001       2.69057659E-06
   1.25999999       2.69743123E-06
   1.27999997       2.96866301E-06
   1.29999995       2.34630102E-06
   1.31999993       2.93577705E-06
   1.33999991       2.41509838E-06
   1.35999990       2.43917134E-06
   1.37999988       2.81430493E-06
   1.39999986       1.98010298E-06
   1.41999984       2.73535852E-06
   1.43999982       2.20839229E-06
   1.46000004       2.10166968E-06
   1.48000002       2.64055643E-06
   1.50000000       1.67874816E-06
   1.51999998       2.50357471E-06
   1.53999996       2.01228431E-06
   1.55999994       1.74886168E-06
   1.57999992       2.50741664E-06
   1.59999990       1.41992859E-06
   1.61999989       2.19445587E-06
   1.63999987       1.89874038E-06
   1.65999985       1.44544640E-06
   1.67999983       2.30701335E-06
   1.69999981       1.23497716E-06
   1.72000003       1.93048618E-06
   1.74000001       1.76956280E-06
   1.75999999       1.17744173E-06
   1.77999997       2.14643137E-06
   1.79999995       1.07263418E-06
   1.81999993       1.67299345E-06
   1.83999991       1.68895838E-06
   1.85999990       9.28084546E-07
   1.87999988       1.99385499E-06
   1.89999986       9.66654625E-07
   1.91999984       1.41793214E-06
   1.93999982       1.62180709E-06
   1.95999980       7.23004916E-07
   1.98000002       1.87255444E-06
   2.00000000       8.95348080E-07
   2.01999998       1.15336161E-06
   2.03999996       1.62987192E-06
   2.05999994       5.56915268E-07
   2.07999992       1.66476718E-06
   2.09999990       8.88602642E-07
   2.11999989       9.37000550E-07
   2.13999987       1.55215469E-06
   2.15999985       4.33069602E-07
   2.17999983       1.55523196E-06
   2.19999981       9.00692157E-07
   2.21999979       7.00231681E-07
   2.23999977       1.56202566E-06
   2.25999975       3.72356340E-07
   2.27999973       1.30995647E-06
   2.29999971       9.25309507E-07
   2.31999969       5.48634375E-07
   2.33999968       1.52152370E-06
   2.36000013       3.04739160E-07
   2.38000011       1.15856255E-06
   2.40000010       1.03596949E-06
   2.42000008       3.45536932E-07
   2.44000006       1.45089575E-06
   2.46000004       3.20811523E-07
   2.48000002       9.87988528E-07
   2.50000000       1.05802110E-06
   2.51999998       2.14014065E-07
   2.53999996       1.42424494E-06
   2.55999994       3.83809095E-07
   2.57999992       7.60769865E-07
   2.59999990       1.11923691E-06
   2.61999989       1.33066081E-07
   2.63999987       1.36176845E-06
   2.65999985       4.37109634E-07
   2.67999983       5.87556769E-07
   2.69999981       1.19721233E-06
   2.71999979       7.32660297E-08
   2.73999977       1.20508651E-06
   2.75999975       5.17475200E-07
   2.77999973       4.40895661E-07
   2.79999971       1.28397483E-06
   2.81999969       5.13113818E-08
   2.83999968       1.08756080E-06
   2.85999966       6.37443122E-07
   2.88000011       3.00098890E-07
   2.90000010       1.32005596E-06
   2.92000008       7.08343180E-08
   2.94000006       9.63350885E-07
   2.96000004       7.72797648E-07
   2.98000002       1.70412505E-07
   3.00000000       1.30281649E-06
   3.01999998       1.24160806E-07
   3.03999996       8.41281860E-07
   3.05999994       9.37631512E-07
   3.07999992       6.11408879E-08
   3.09999990       7.92976607E-07
