  -2.00000000       2.43613613E-06
  -1.98000002       1.69849841E-06
  -1.96000004       7.45035436E-07
  -1.94000006       3.14833596E-06
  -1.91999996       2.11008441E-07
  -1.89999998       2.46373156E-06
  -1.88000000       2.26354041E-06
  -1.86000001       1.63181966E-07
  -1.84000003       3.44801356E-06
  -1.82000005       6.42515090E-07
  -1.79999995       1.45808008E-06
  -1.77999997       3.11567101E-06
  -1.75999999       5.16392120E-08
  -1.74000001       2.91954120E-06
  -1.72000003       1.66764448E-06
  -1.70000005       9.64642709E-07
  -1.68000007       3.11409258E-06
  -1.65999997       2.94921279E-07
  -1.63999999       2.70071678E-06
  -1.62000000       2.25051053E-06
  -1.60000002       4.50750406E-07
  -1.58000004       3.44386785E-06
  -1.55999994       7.83980965E-07
  -1.53999996       2.09600512E-06
  -1.51999998       2.76647415E-06
  -1.50000000       1.74658609E-07
  -1.48000002       3.77010224E-06
  -1.46000004       1.32820492E-06
  -1.44000006       1.10499820E-06
  -1.42000008       3.78567529E-06
  -1.40000010       2.63946674E-07
  -1.38000000       3.04836067E-06
  -1.36000001       2.30320620E-06
  -1.34000003       5.21993968E-07
  -1.31999993       4.15118848E-06
  -1.29999995       6.33536843E-07
  -1.27999997       2.02633760E-06
  -1.25999999       3.09628126E-06
  -1.24000001       3.54980898E-07
  -1.22000003       3.19809124E-06
  -1.20000005       7.26542396E-07
  -1.18000007       1.59844819E-06
  -1.16000009       1.74907677E-06
  -1.14000010       8.70503413E-07
  -1.12000000       2.38695611E-06
  -1.10000002       8.05453055E-07
  -1.08000004       8.43783346E-06
  -1.05999994       6.38627716E-06
  -1.03999996       2.16554872E-05
  -1.01999998       3.81594364E-05
  -1.00000000       5.92778379E-05
 -0.980000019       1.22079422E-04
 -0.960000038       1.75511683E-04
 -0.940000057       3.15854879E-04
 -0.920000076       4.86122182E-04
 -0.899999976       7.92396197E-04
 -0.879999995       1.26519229E-03
 -0.860000014       1.91183551E-03
 -0.840000033       3.03504639E-03
 -0.820000052       4.29409649E-03
 -0.800000072       6.30788552E-03
 -0.779999971       8.78681242E-03
 -0.759999990       1.19453110E-02
 -0.740000010       1.70757659E-02
 -0.720000029       2.35515647E-02
 -0.700000048       3.40530202E-02
 -0.680000067       4.84402552E-02
 -0.660000086       6.65671527E-02
 -0.639999986       8.91026929E-02
 -0.620000005      0.111606255    
 -0.600000024      0.134992808    
 -0.580000043      0.159379959    
 -0.560000062      0.192462534    
 -0.540000081      0.245629877    
 -0.519999981      0.331806690    
 -0.500000000      0.456740081    
 -0.480000019      0.602993548    
 -0.460000038      0.745693207    
 -0.440000057      0.834250391    
 -0.420000076      0.846942544    
 -0.400000095      0.803017974    
 -0.379999995      0.769697130    
 -0.360000014      0.869045258    
 -0.340000033       1.18713188    
 -0.320000052       1.72970951    
 -0.300000072       2.35760403    
 -0.280000091       2.83073568    
 -0.259999990       2.89708257    
 -0.240000010       2.45723629    
 -0.220000029       1.67962384    
 -0.200000048      0.948761106    
 -0.180000067      0.752730906    
 -0.160000086       1.37233686    
 -0.139999986       2.70641494    
 -0.120000005       4.24666691    
 -0.100000024       5.26760578    
  -8.00000429E-02   5.23621178    
  -6.00000620E-02   4.04581928    
  -4.00000811E-02   2.24813485    
  -2.00001001E-02  0.608738065    
   0.00000000       5.30234445E-03
   1.99999809E-02   1.25658607E-05
   3.99999619E-02   3.32159993E-06
   5.99999428E-02   1.30662295E-06
   7.99999237E-02   1.10387404E-07
   9.99999046E-02   4.37413718E-07
  0.119999886       1.19094228E-08
  0.139999866       3.36792795E-07
  0.159999847       9.54968442E-08
  0.180000067       3.56970020E-07
  0.200000048       2.16616741E-07
  0.220000029       4.21397942E-07
  0.240000010       3.60665780E-07
  0.259999990       5.10038149E-07
  0.279999971       5.25687142E-07
  0.299999952       6.17357841E-07
  0.319999933       7.07575168E-07
  0.339999914       7.39318125E-07
  0.359999895       9.01285091E-07
  0.379999876       8.75670708E-07
  0.399999857       1.09262885E-06
  0.419999838       1.03040929E-06
  0.440000057       1.27631938E-06
  0.460000038       1.21186167E-06
  0.480000019       1.44646742E-06
  0.500000000       1.43240197E-06
  0.519999981       1.60767786E-06
  0.539999962       1.68055271E-06
  0.559999943       1.75755792E-06
  0.579999924       1.92549373E-06
  0.599999905       1.88964191E-06
  0.619999886       2.13408225E-06
  0.639999866       2.03967693E-06
  0.659999847       2.30186174E-06
  0.679999828       2.24633231E-06
  0.700000048       2.43961495E-06
  0.720000029       2.48874744E-06
  0.740000010       2.51742836E-06
  0.759999990       2.69454745E-06
  0.779999971       2.56967382E-06
  0.799999952       2.84291832E-06
  0.819999933       2.70007308E-06
  0.839999914       2.93785661E-06
  0.859999895       2.88144474E-06
  0.879999876       2.91840729E-06
  0.899999857       3.03888282E-06
  0.919999838       2.86763202E-06
  0.939999819       3.16507385E-06
  0.960000038       2.92732921E-06
  0.980000019       3.16475689E-06
   1.00000000       3.02217768E-06
   1.01999998       3.00976853E-06
   1.03999996       3.17885338E-06
   1.05999994       2.89069885E-06
   1.07999992       3.25587348E-06
   1.09999990       2.84720659E-06
   1.11999989       3.08795370E-06
   1.13999987       2.99896874E-06
   1.15999985       2.82536575E-06
   1.17999983       3.18112302E-06
   1.19999981       2.57198826E-06
   1.22000003       3.11281474E-06
   1.24000001       2.69168913E-06
   1.25999999       2.71901467E-06
   1.27999997       2.99443127E-06
   1.29999995       2.26153952E-06
   1.31999993       3.09093866E-06
   1.33999991       2.31255626E-06
   1.35999990       2.56648650E-06
   1.37999988       2.77819686E-06
   1.39999986       1.96669271E-06
   1.41999984       2.96471330E-06
   1.43999982       1.95183475E-06
   1.46000004       2.40637905E-06
   1.48000002       2.52164409E-06
   1.50000000       1.70898511E-06
   1.51999998       2.73976525E-06
   1.53999996       1.66530276E-06
   1.55999994       2.25997201E-06
   1.57999992       2.16488456E-06
   1.59999990       1.54947008E-06
   1.61999989       2.50632274E-06
   1.63999987       1.36064830E-06
   1.65999985       2.15678438E-06
   1.67999983       1.81638643E-06
   1.69999981       1.42675822E-06
   1.72000003       2.30199930E-06
   1.74000001       1.08781273E-06
   1.75999999       2.07546623E-06
   1.77999997       1.53481335E-06
   1.79999995       1.30991987E-06
   1.81999993       2.08152233E-06
   1.83999991       8.92943660E-07
   1.85999990       1.97518534E-06
   1.87999988       1.24384223E-06
   1.89999986       1.25797408E-06
   1.91999984       1.86463581E-06
   1.93999982       7.12539077E-07
   1.95999980       1.93169967E-06
   1.98000002       1.00935324E-06
   2.00000000       1.18076434E-06
   2.01999998       1.68354256E-06
   2.03999996       6.07779384E-07
   2.05999994       1.80624113E-06
   2.07999992       7.80866401E-07
   2.09999990       1.19792981E-06
   2.11999989       1.48727167E-06
   2.13999987       4.97121505E-07
   2.15999985       1.77477602E-06
   2.17999983       6.26298174E-07
   2.19999981       1.14217983E-06
   2.21999979       1.28634315E-06
   2.23999977       4.72303668E-07
   2.25999975       1.66914333E-06
   2.27999973       4.36131756E-07
   2.29999971       1.20940683E-06
   2.31999969       1.16104661E-06
   2.33999968       4.05034086E-07
   2.36000013       1.55994951E-06
   2.38000011       3.43805709E-07
   2.40000010       1.20136929E-06
   2.42000008       9.56045596E-07
   2.44000006       4.27772108E-07
   2.46000004       1.54844236E-06
   2.48000002       2.30905385E-07
   2.50000000       1.16284843E-06
   2.51999998       8.26471080E-07
   2.53999996       4.44092507E-07
   2.55999994       1.44396995E-06
   2.57999992       1.30287617E-07
   2.59999990       1.26086240E-06
   2.61999989       7.30750514E-07
   2.63999987       4.36274263E-07
   2.65999985       1.30904323E-06
   2.67999983       8.56127116E-08
   2.69999981       1.28085480E-06
   2.71999979       5.96454811E-07
   2.73999977       4.72522089E-07
   2.75999975       1.27596525E-06
   2.77999973       5.49616956E-08
   2.79999971       1.28809165E-06
   2.81999969       4.66908119E-07
   2.83999968       5.56652253E-07
   2.85999966       1.23881091E-06
   2.88000011       3.12223705E-08
   2.90000010       1.27808721E-06
   2.92000008       3.59507396E-07
   2.94000006       6.32479384E-07
   2.96000004       1.16598926E-06
   2.98000002       2.49790162E-08
   3.00000000       1.27892054E-06
   3.01999998       2.74801323E-07
   3.03999996       7.10295808E-07
   3.05999994       1.09789812E-06
   3.07999992       3.50601468E-08
   3.09999990       1.45775653E-06
