  -2.00000000       2.38040934E-06
  -1.98000002       1.80920847E-06
  -1.96000004       5.90963339E-07
  -1.94000006       3.31936599E-06
  -1.91999996       2.83737791E-07
  -1.89999998       2.06102845E-06
  -1.88000000       2.73533897E-06
  -1.86000001       9.77003936E-08
  -1.84000003       3.10323435E-06
  -1.82000005       1.20977325E-06
  -1.79999995       1.18830758E-06
  -1.77999997       3.04018704E-06
  -1.75999999       1.32419018E-07
  -1.74000001       2.85218971E-06
  -1.72000003       2.07723633E-06
  -1.70000005       3.70063219E-07
  -1.68000007       3.49649736E-06
  -1.65999997       6.45260343E-07
  -1.63999999       1.84594364E-06
  -1.62000000       3.00704460E-06
  -1.60000002       7.91826409E-08
  -1.58000004       3.38958421E-06
  -1.55999994       1.57500472E-06
  -1.53999996       7.46702483E-07
  -1.51999998       3.86634292E-06
  -1.50000000       3.46137710E-07
  -1.48000002       2.28995805E-06
  -1.46000004       3.01933687E-06
  -1.44000006       3.12475407E-07
  -1.42000008       3.56849750E-06
  -1.40000010       1.33212473E-06
  -1.38000000       1.40608381E-06
  -1.36000001       3.75043510E-06
  -1.34000003       3.71183631E-07
  -1.31999993       2.78265247E-06
  -1.29999995       2.42870760E-06
  -1.27999997       9.47501292E-07
  -1.25999999       3.25625683E-06
  -1.24000001       6.28929797E-07
  -1.22000003       2.35337166E-06
  -1.20000005       1.76916774E-06
  -1.18000007       7.39096549E-07
  -1.16000009       2.39985388E-06
  -1.14000010       1.18201370E-07
  -1.12000000       4.46010745E-06
  -1.10000002       2.17996808E-06
  -1.08000004       8.83520170E-06
  -1.05999994       1.66011087E-05
  -1.03999996       2.62749127E-05
  -1.01999998       5.80742344E-05
  -1.00000000       8.35045794E-05
 -0.980000019       1.64055673E-04
 -0.960000038       2.44499126E-04
 -0.940000057       4.07405721E-04
 -0.920000076       6.69813249E-04
 -0.899999976       9.84471990E-04
 -0.879999995       1.66656403E-03
 -0.860000014       2.41678511E-03
 -0.840000033       3.66745354E-03
 -0.820000052       5.45050669E-03
 -0.800000072       7.42093427E-03
 -0.779999971       1.06751872E-02
 -0.759999990       1.44789051E-02
 -0.740000010       2.00910866E-02
 -0.720000029       2.85658929E-02
 -0.700000048       3.99224907E-02
 -0.680000067       5.63377924E-02
 -0.660000086       7.64284581E-02
 -0.639999986       9.98932794E-02
 -0.620000005      0.124375664    
 -0.600000024      0.149362147    
 -0.580000043      0.177519023    
 -0.560000062      0.215058446    
 -0.540000081      0.277424663    
 -0.519999981      0.370454997    
 -0.500000000      0.500400782    
 -0.480000019      0.650387883    
 -0.460000038      0.782263577    
 -0.440000057      0.865506530    
 -0.420000076      0.871264219    
 -0.400000095      0.829110026    
 -0.379999995      0.816016734    
 -0.360000014      0.938774467    
 -0.340000033       1.27688408    
 -0.320000052       1.81603575    
 -0.300000072       2.41856074    
 -0.280000091       2.83255577    
 -0.259999990       2.85054088    
 -0.240000010       2.38668346    
 -0.220000029       1.61775124    
 -0.200000048      0.942107320    
 -0.180000067      0.793179750    
 -0.160000086       1.43016982    
 -0.139999986       2.72541428    
 -0.120000005       4.18979740    
 -0.100000024       5.12216854    
  -8.00000429E-02   5.04874945    
  -6.00000620E-02   3.88157415    
  -4.00000811E-02   2.14437222    
  -2.00001001E-02  0.581255198    
   0.00000000       5.08355629E-03
   1.99999809E-02   1.16369511E-05
   3.99999619E-02   3.55361271E-06
   5.99999428E-02   9.93616595E-07
   7.99999237E-02   3.02846018E-07
   9.99999046E-02   2.45512240E-07
  0.119999886       1.59025589E-07
  0.139999866       1.86209377E-07
  0.159999847       2.14600504E-07
  0.180000067       2.28742437E-07
  0.200000048       3.12705680E-07
  0.220000029       3.09935388E-07
  0.240000010       4.32526605E-07
  0.259999990       4.17565559E-07
  0.279999971       5.66641347E-07
  0.299999952       5.50211780E-07
  0.319999933       7.13283043E-07
  0.339999914       7.02873876E-07
  0.359999895       8.69851647E-07
  0.379999876       8.74011221E-07
  0.399999857       1.02854290E-06
  0.419999838       1.05371316E-06
  0.440000057       1.19138781E-06
  0.460000038       1.23621498E-06
  0.480000019       1.35779146E-06
  0.500000000       1.42567524E-06
  0.519999981       1.53980488E-06
  0.539999962       1.62369906E-06
  0.559999943       1.73756030E-06
  0.579999924       1.82123426E-06
  0.599999905       1.92890752E-06
  0.619999886       1.99657029E-06
  0.639999866       2.09501150E-06
  0.659999847       2.16234525E-06
  0.679999828       2.24470773E-06
  0.700000048       2.35235075E-06
  0.720000029       2.39942369E-06
  0.740000010       2.54783208E-06
  0.759999990       2.52210407E-06
  0.779999971       2.69048155E-06
  0.799999952       2.62167327E-06
  0.819999933       2.77806134E-06
  0.839999914       2.78640459E-06
  0.859999895       2.83606641E-06
  0.879999876       2.97049223E-06
  0.899999857       2.82073097E-06
  0.919999838       3.08270251E-06
  0.939999819       2.83098871E-06
  0.960000038       3.10963583E-06
  0.980000019       2.99735234E-06
   1.00000000       2.98883538E-06
   1.01999998       3.17404852E-06
   1.03999996       2.79596566E-06
   1.05999994       3.28552778E-06
   1.07999992       2.81312805E-06
   1.09999990       3.13586293E-06
   1.11999989       3.02339186E-06
   1.13999987       2.74584045E-06
   1.15999985       3.28893930E-06
   1.17999983       2.54629663E-06
   1.19999981       3.21094763E-06
   1.22000003       2.68779786E-06
   1.24000001       2.72841453E-06
   1.25999999       3.10964037E-06
   1.27999997       2.27502323E-06
   1.29999995       3.17131435E-06
   1.31999993       2.29072043E-06
   1.33999991       2.73490741E-06
   1.35999990       2.74496438E-06
   1.37999988       2.07510175E-06
   1.39999986       3.02675699E-06
   1.41999984       1.91104868E-06
   1.43999982       2.69896441E-06
   1.46000004       2.28896579E-06
   1.48000002       1.99931446E-06
   1.50000000       2.74695049E-06
   1.51999998       1.58602757E-06
   1.53999996       2.63880747E-06
   1.55999994       1.82639337E-06
   1.57999992       1.99613714E-06
   1.59999990       2.36935512E-06
   1.61999989       1.37730649E-06
   1.63999987       2.53604730E-06
   1.65999985       1.40578845E-06
   1.67999983       2.00381396E-06
   1.69999981       1.95385201E-06
   1.72000003       1.29189630E-06
   1.74000001       2.33545325E-06
   1.75999999       1.07704227E-06
   1.77999997       2.03559989E-06
   1.79999995       1.52413963E-06
   1.81999993       1.31015236E-06
   1.83999991       2.07944868E-06
   1.85999990       8.40326322E-07
   1.87999988       2.05495212E-06
   1.89999986       1.14366503E-06
   1.91999984       1.35164294E-06
   1.93999982       1.77085394E-06
   1.95999980       7.41028998E-07
   1.98000002       1.97382360E-06
   2.00000000       8.00430826E-07
   2.01999998       1.47459502E-06
   2.03999996       1.41740475E-06
   2.05999994       7.19449474E-07
   2.07999992       1.91075833E-06
   2.09999990       5.51404810E-07
   2.11999989       1.52782309E-06
   2.13999987       1.10530380E-06
   2.15999985       7.89879607E-07
   2.17999983       1.66161192E-06
   2.19999981       3.98766019E-07
   2.21999979       1.65557003E-06
   2.23999977       7.62836180E-07
   2.25999975       8.98525286E-07
   2.27999973       1.48550407E-06
   2.29999971       3.36513523E-07
   2.31999969       1.60507909E-06
   2.33999968       4.86445344E-07
   2.36000013       1.09493237E-06
   2.38000011       1.18091180E-06
   2.40000010       3.43144052E-07
   2.42000008       1.61266098E-06
   2.44000006       3.06455632E-07
   2.46000004       1.18662967E-06
   2.48000002       8.79701417E-07
   2.50000000       4.81052894E-07
   2.51999998       1.50298683E-06
   2.53999996       1.44586650E-07
   2.55999994       1.31808690E-06
   2.57999992       6.48461764E-07
   2.59999990       5.96632617E-07
   2.61999989       1.29850275E-06
   2.63999987       1.02215708E-07
   2.65999985       1.46447780E-06
   2.67999983       4.06366894E-07
   2.69999981       7.61418903E-07
   2.71999979       1.08915094E-06
   2.73999977       1.45031549E-07
   2.75999975       1.44617150E-06
   2.77999973       1.91169462E-07
   2.79999971       9.56721919E-07
   2.81999969       8.79572951E-07
   2.83999968       2.36695229E-07
   2.85999966       1.38928124E-06
   2.88000011       5.94214598E-08
   2.90000010       1.15388605E-06
   2.92000008       6.54348810E-07
   2.94000006       3.93410431E-07
   2.96000004       1.30170292E-06
   2.98000002       7.11991088E-09
   3.00000000       1.29575267E-06
   3.01999998       4.20963659E-07
   3.03999996       6.05507466E-07
   3.05999994       1.17458558E-06
   3.07999992       2.62098716E-08
   3.09999990       1.62015851E-06
