  -2.00000000       5.76245329E-10
  -1.98000002       4.22830798E-10
  -1.96000004       1.76306358E-09
  -1.94000006       1.71414061E-09
  -1.91999996       3.34430239E-09
  -1.89999998       4.03608791E-09
  -1.88000000       5.51458168E-09
  -1.86000001       7.66250441E-09
  -1.84000003       9.55600754E-09
  -1.82000005       1.34459679E-08
  -1.79999995       1.69928107E-08
  -1.77999997       2.33843931E-08
  -1.75999999       2.97872162E-08
  -1.74000001       3.97550046E-08
  -1.72000003       5.21213224E-08
  -1.70000005       6.71334206E-08
  -1.68000007       8.66896315E-08
  -1.65999997       1.07458021E-07
  -1.63999999       1.36342351E-07
  -1.62000000       1.65198415E-07
  -1.60000002       2.05216168E-07
  -1.58000004       2.47573496E-07
  -1.55999994       2.93422858E-07
  -1.53999996       3.40857014E-07
  -1.51999998       3.80792187E-07
  -1.50000000       4.23425320E-07
  -1.48000002       4.53281359E-07
  -1.46000004       4.78453046E-07
  -1.44000006       4.86840577E-07
  -1.42000008       4.93920993E-07
  -1.40000010       4.93780533E-07
  -1.38000000       5.04841694E-07
  -1.36000001       5.23806023E-07
  -1.34000003       5.54721453E-07
  -1.31999993       5.93129130E-07
  -1.29999995       6.31703188E-07
  -1.27999997       6.64957724E-07
  -1.25999999       6.82703387E-07
  -1.24000001       6.99441898E-07
  -1.22000003       7.15893691E-07
  -1.20000005       7.46017577E-07
  -1.18000007       7.89697310E-07
  -1.16000009       8.23625840E-07
  -1.14000010       8.63808054E-07
  -1.12000000       9.06455512E-07
  -1.10000002       8.68245365E-07
  -1.08000004       9.79954393E-07
  -1.05999994       1.10240512E-06
  -1.03999996       8.36340405E-07
  -1.01999998       1.25140286E-06
  -1.00000000       1.69446901E-06
 -0.980000019       4.15206955E-07
 -0.960000038       1.91185541E-06
 -0.940000057       5.48571325E-06
 -0.920000076       2.07484663E-06
 -0.899999976       6.43605108E-06
 -0.879999995       3.14127647E-05
 -0.860000014       4.50811713E-05
 -0.840000033       7.00163364E-05
 -0.820000052       2.08032347E-04
 -0.800000072       4.41576500E-04
 -0.779999971       7.34321889E-04
 -0.759999990       1.42022583E-03
 -0.740000010       2.92424951E-03
 -0.720000029       5.29596303E-03
 -0.700000048       8.93509667E-03
 -0.680000067       1.55411502E-02
 -0.660000086       2.70125046E-02
 -0.639999986       4.43561636E-02
 -0.620000005       6.94889575E-02
 -0.600000024      0.107476242    
 -0.580000043      0.164507613    
 -0.560000062      0.244080439    
 -0.540000081      0.348411411    
 -0.519999981      0.482797384    
 -0.500000000      0.655988216    
 -0.480000019      0.872498870    
 -0.460000038       1.12819409    
 -0.440000057       1.41275370    
 -0.420000076       1.71701229    
 -0.400000095       2.03423834    
 -0.379999995       2.35466981    
 -0.360000014       2.66210294    
 -0.340000033       2.93121433    
 -0.320000052       3.13364410    
 -0.300000072       3.24134040    
 -0.280000091       3.24498820    
 -0.259999990       3.16450882    
 -0.240000010       3.04482174    
 -0.220000029       2.91442847    
 -0.200000048       2.73644733    
 -0.180000067       2.43172860    
 -0.160000086       1.96752656    
 -0.139999986       1.46228147    
 -0.120000005       1.12551177    
 -0.100000024       1.07044983    
  -8.00000429E-02   1.15808988    
  -6.00000620E-02   1.08355343    
  -4.00000811E-02  0.712496102    
  -2.00001001E-02  0.214311302    
   0.00000000       1.95475202E-03
   1.99999809E-02   3.07828509E-06
   3.99999619E-02   3.14477484E-06
   5.99999428E-02   2.59733014E-07
   7.99999237E-02   1.84070484E-06
   9.99999046E-02   1.39311192E-06
  0.119999886       2.55922328E-06
  0.139999866       2.91233346E-06
  0.159999847       3.72271438E-06
  0.180000067       4.58856812E-06
  0.200000048       5.12069664E-06
  0.220000029       6.29340911E-06
  0.240000010       6.68365738E-06
  0.259999990       7.83039832E-06
  0.279999971       8.15516614E-06
  0.299999952       8.83012763E-06
  0.319999933       9.16150475E-06
  0.339999914       9.33267074E-06
  0.359999895       9.69694793E-06
  0.379999876       9.47644639E-06
  0.399999857       9.38008179E-06
  0.419999838       9.02174179E-06
  0.440000057       8.59713418E-06
  0.460000038       8.26039741E-06
  0.480000019       7.57964699E-06
  0.500000000       7.04058311E-06
  0.519999981       6.59445413E-06
  0.539999962       5.96632481E-06
  0.559999943       5.47433137E-06
  0.579999924       5.08675703E-06
  0.599999905       4.60121146E-06
  0.619999886       4.23877327E-06
  0.639999866       3.96275118E-06
  0.659999847       3.58731222E-06
  0.679999828       3.34905008E-06
  0.700000048       3.13052124E-06
  0.720000029       2.86042541E-06
  0.740000010       2.68393251E-06
  0.759999990       2.48623041E-06
  0.779999971       2.33955598E-06
  0.799999952       2.13629528E-06
  0.819999933       2.02306819E-06
  0.839999914       1.88307877E-06
  0.859999895       1.76398964E-06
  0.879999876       1.61643027E-06
  0.899999857       1.53996655E-06
  0.919999838       1.43326156E-06
  0.939999819       1.35174992E-06
  0.960000038       1.22909137E-06
  0.980000019       1.16775834E-06
   1.00000000       1.09921712E-06
   1.01999998       1.03114724E-06
   1.03999996       9.60257125E-07
   1.05999994       8.71185193E-07
   1.07999992       8.29488613E-07
   1.09999990       7.87288911E-07
   1.11999989       7.34640651E-07
   1.13999987       6.89922786E-07
   1.15999985       6.26262533E-07
   1.17999983       5.67978873E-07
   1.19999981       5.40546864E-07
   1.22000003       5.16215607E-07
   1.24000001       4.83125859E-07
   1.25999999       4.52116808E-07
   1.27999997       4.17670691E-07
   1.29999995       3.72553018E-07
   1.31999993       3.28763974E-07
   1.33999991       2.99810949E-07
   1.35999990       2.83784601E-07
   1.37999988       2.71014102E-07
   1.39999986       2.56297454E-07
   1.41999984       2.39897645E-07
   1.43999982       2.22428341E-07
   1.46000004       2.02849733E-07
   1.48000002       1.79792266E-07
   1.50000000       1.53844766E-07
   1.51999998       1.27228702E-07
   1.53999996       1.02071546E-07
   1.55999994       7.99774611E-08
   1.57999992       6.15836058E-08
   1.59999990       4.67850185E-08
   1.61999989       3.53151286E-08
   1.63999987       2.67178812E-08
   1.65999985       2.03291339E-08
   1.67999983       1.55568571E-08
   1.69999981       1.19542332E-08
   1.72000003       9.21914012E-09
   1.74000001       7.14563964E-09
   1.75999999       5.57108359E-09
   1.77999997       4.39217462E-09
   1.79999995       3.52216678E-09
   1.81999993       2.88131297E-09
   1.83999991       2.42464515E-09
   1.85999990       2.05655581E-09
   1.87999988       1.75165604E-09
   1.89999986       1.49824264E-09
   1.91999984       1.29741595E-09
   1.93999982       1.14980803E-09
   1.95999980       1.03734343E-09
   1.98000002       9.58616742E-10
   2.00000000       8.83141615E-10
   2.01999998       8.01082978E-10
   2.03999996       7.33757055E-10
   2.05999994       6.87848223E-10
   2.07999992       6.59823085E-10
   2.09999990       6.20189233E-10
   2.11999989       5.80917814E-10
   2.13999987       5.51965140E-10
   2.15999985       5.34778333E-10
   2.17999983       5.26241051E-10
   2.19999981       5.03356634E-10
   2.21999979       4.74687345E-10
   2.23999977       4.62216376E-10
   2.25999975       4.61535976E-10
   2.27999973       4.45346204E-10
   2.29999971       4.13885842E-10
   2.31999969       4.03822642E-10
   2.33999968       4.03106215E-10
   2.36000013       3.79835774E-10
   2.38000011       3.58131802E-10
   2.40000010       3.63577723E-10
   2.42000008       3.63758967E-10
   2.44000006       3.37256612E-10
   2.46000004       3.23450822E-10
   2.48000002       3.24403449E-10
   2.50000000       3.09000769E-10
   2.51999998       2.95551222E-10
   2.53999996       2.96302705E-10
   2.55999994       2.80896806E-10
   2.57999992       2.70563294E-10
   2.59999990       2.73898931E-10
   2.61999989       2.52444732E-10
   2.63999987       2.45993448E-10
   2.65999985       2.48173093E-10
   2.67999983       2.27060468E-10
   2.69999981       2.27509234E-10
   2.71999979       2.21820895E-10
   2.73999977       2.06894141E-10
   2.75999975       2.10805345E-10
   2.77999973       1.93746949E-10
   2.79999971       1.90415933E-10
   2.81999969       1.91398369E-10
   2.83999968       1.71843581E-10
   2.85999966       1.62145769E-10
   2.88000011       1.44230350E-10
   2.90000010       1.43860895E-10
   2.92000008       1.33351954E-10
   2.94000006       1.33184033E-10
   2.96000004       1.26022526E-10
   2.98000002       1.05960699E-10
   3.00000000       9.48496975E-11
   3.01999998       8.55526344E-11
   3.03999996       7.96900462E-11
   3.05999994       6.24677532E-11
   3.07999992       3.99249384E-11
   3.09999990       1.47409820E-10
