  -2.00000000       4.10133844E-10
  -1.98000002       1.24049060E-09
  -1.96000004       1.42345091E-09
  -1.94000006       3.59886387E-09
  -1.91999996       3.82468546E-09
  -1.89999998       6.47062492E-09
  -1.88000000       8.51681747E-09
  -1.86000001       1.18873453E-08
  -1.84000003       1.68911960E-08
  -1.82000005       2.20698482E-08
  -1.79999995       3.03149257E-08
  -1.77999997       3.94743047E-08
  -1.75999999       5.33920570E-08
  -1.74000001       6.93727600E-08
  -1.72000003       8.92166554E-08
  -1.70000005       1.12554567E-07
  -1.68000007       1.39350959E-07
  -1.65999997       1.71855305E-07
  -1.63999999       2.05693027E-07
  -1.62000000       2.50212054E-07
  -1.60000002       2.90884685E-07
  -1.58000004       3.34120102E-07
  -1.55999994       3.68493005E-07
  -1.53999996       4.00074441E-07
  -1.51999998       4.21446998E-07
  -1.50000000       4.40397514E-07
  -1.48000002       4.49283732E-07
  -1.46000004       4.58725253E-07
  -1.44000006       4.68384513E-07
  -1.42000008       4.91754804E-07
  -1.40000010       5.17988497E-07
  -1.38000000       5.55082238E-07
  -1.36000001       5.81186669E-07
  -1.34000003       6.09163806E-07
  -1.31999993       6.16957323E-07
  -1.29999995       6.30643854E-07
  -1.27999997       6.49736080E-07
  -1.25999999       6.90540446E-07
  -1.24000001       7.36660979E-07
  -1.22000003       7.72032877E-07
  -1.20000005       7.91810919E-07
  -1.18000007       7.96534891E-07
  -1.16000009       8.11278483E-07
  -1.14000010       8.83779478E-07
  -1.12000000       9.23947255E-07
  -1.10000002       9.53249810E-07
  -1.08000004       1.05954541E-06
  -1.05999994       9.36730601E-07
  -1.03999996       9.41204007E-07
  -1.01999998       1.56081342E-06
  -1.00000000       1.09997404E-06
 -0.980000019       6.02614023E-07
 -0.960000038       3.18921161E-06
 -0.940000057       3.42363637E-06
 -0.920000076       3.90099586E-07
 -0.899999976       1.12607659E-05
 -0.879999995       2.75991224E-05
 -0.860000014       2.95409518E-05
 -0.840000033       7.00332021E-05
 -0.820000052       2.05152290E-04
 -0.800000072       3.73833172E-04
 -0.779999971       6.29662769E-04
 -0.759999990       1.32393243E-03
 -0.740000010       2.67946720E-03
 -0.720000029       4.69880411E-03
 -0.700000048       8.00004136E-03
 -0.680000067       1.42299207E-02
 -0.660000086       2.47237831E-02
 -0.639999986       4.03252430E-02
 -0.620000005       6.33207783E-02
 -0.600000024       9.88213718E-02
 -0.580000043      0.152086139    
 -0.560000062      0.225947917    
 -0.540000081      0.323178381    
 -0.519999981      0.449903667    
 -0.500000000      0.614916325    
 -0.480000019      0.821959257    
 -0.460000038       1.06743097    
 -0.440000057       1.34242344    
 -0.420000076       1.63976598    
 -0.400000095       1.95342970    
 -0.379999995       2.27420473    
 -0.360000014       2.58663654    
 -0.340000033       2.86596847    
 -0.320000052       3.08340096    
 -0.300000072       3.20821047    
 -0.280000091       3.22936821    
 -0.259999990       3.16738915    
 -0.240000010       3.07078624    
 -0.220000029       2.96837640    
 -0.200000048       2.81541610    
 -0.180000067       2.52018833    
 -0.160000086       2.04425573    
 -0.139999986       1.51898980    
 -0.120000005       1.17700171    
 -0.100000024       1.14285576    
  -8.00000429E-02   1.26049292    
  -6.00000620E-02   1.19100308    
  -4.00000811E-02  0.786376357    
  -2.00001001E-02  0.236972332    
   0.00000000       2.13280995E-03
   1.99999809E-02   6.74944158E-06
   3.99999619E-02   4.43068075E-07
   5.99999428E-02   2.05975130E-06
   7.99999237E-02   5.16687749E-07
   9.99999046E-02   2.18887067E-06
  0.119999886       1.83807197E-06
  0.139999866       3.11079498E-06
  0.159999847       3.41460759E-06
  0.180000067       4.31875696E-06
  0.200000048       5.08625590E-06
  0.220000029       5.64923812E-06
  0.240000010       6.71041062E-06
  0.259999990       7.07316849E-06
  0.279999971       8.10909478E-06
  0.299999952       8.35860556E-06
  0.319999933       8.91301897E-06
  0.339999914       9.14368138E-06
  0.359999895       9.21221363E-06
  0.379999876       9.47379067E-06
  0.399999857       9.17262059E-06
  0.419999838       8.99146653E-06
  0.440000057       8.61687204E-06
  0.460000038       8.16178090E-06
  0.480000019       7.80247137E-06
  0.500000000       7.14147063E-06
  0.519999981       6.63497167E-06
  0.539999962       6.22465177E-06
  0.559999943       5.61620800E-06
  0.579999924       5.17773469E-06
  0.599999905       4.83822168E-06
  0.619999886       4.36183291E-06
  0.639999866       4.04818729E-06
  0.659999847       3.79650373E-06
  0.679999828       3.43563124E-06
  0.700000048       3.22189885E-06
  0.720000029       3.00969236E-06
  0.740000010       2.77631534E-06
  0.759999990       2.58171963E-06
  0.779999971       2.40831764E-06
  0.799999952       2.28120780E-06
  0.819999933       2.07388348E-06
  0.839999914       1.96437963E-06
  0.859999895       1.83503766E-06
  0.879999876       1.73657634E-06
  0.899999857       1.57750367E-06
  0.919999838       1.50038170E-06
  0.939999819       1.40608756E-06
  0.960000038       1.33691083E-06
  0.980000019       1.21810626E-06
   1.00000000       1.13763099E-06
   1.01999998       1.08306278E-06
   1.03999996       1.01970818E-06
   1.05999994       9.63397611E-07
   1.07999992       8.69938106E-07
   1.09999990       8.12580879E-07
   1.11999989       7.76893387E-07
   1.13999987       7.31010971E-07
   1.15999985       6.95422159E-07
   1.17999983       6.39480049E-07
   1.19999981       5.71812279E-07
   1.22000003       5.33534546E-07
   1.24000001       5.10120685E-07
   1.25999999       4.82333462E-07
   1.27999997       4.57667198E-07
   1.29999995       4.31243052E-07
   1.31999993       3.89857888E-07
   1.33999991       3.41953779E-07
   1.35999990       3.05389847E-07
   1.37999988       2.83717611E-07
   1.39999986       2.68780866E-07
   1.41999984       2.55236444E-07
   1.43999982       2.42607769E-07
   1.46000004       2.30199362E-07
   1.48000002       2.15358838E-07
   1.50000000       1.95810259E-07
   1.51999998       1.71501910E-07
   1.53999996       1.44607739E-07
   1.55999994       1.17880788E-07
   1.57999992       9.35706339E-08
   1.59999990       7.29460936E-08
   1.61999989       5.63191520E-08
   1.63999987       4.32353318E-08
   1.65999985       3.31271828E-08
   1.67999983       2.53502961E-08
   1.69999981       1.93564578E-08
   1.72000003       1.47978056E-08
   1.74000001       1.13386225E-08
   1.75999999       8.70065620E-09
   1.77999997       6.75114187E-09
   1.79999995       5.31515099E-09
   1.81999993       4.25497815E-09
   1.83999991       3.44732043E-09
   1.85999990       2.81407875E-09
   1.87999988       2.32627873E-09
   1.89999986       1.94787764E-09
   1.91999984       1.68661485E-09
   1.93999982       1.48060542E-09
   1.95999980       1.31387357E-09
   1.98000002       1.16131726E-09
   2.00000000       1.01816766E-09
   2.01999998       9.22578181E-10
   2.03999996       8.50779780E-10
   2.05999994       7.89209587E-10
   2.07999992       7.28181293E-10
   2.09999990       6.71834199E-10
   2.11999989       6.30609953E-10
   2.13999987       5.97979000E-10
   2.15999985       5.68554648E-10
   2.17999983       5.28941946E-10
   2.19999981       4.98189323E-10
   2.21999979       4.94157604E-10
   2.23999977       4.81279960E-10
   2.25999975       4.51341825E-10
   2.27999973       4.27588631E-10
   2.29999971       4.21225416E-10
   2.31999969       4.07160389E-10
   2.33999968       3.73107323E-10
   2.36000013       3.58840790E-10
   2.38000011       3.56170343E-10
   2.40000010       3.35361128E-10
   2.42000008       3.11325965E-10
   2.44000006       3.12047221E-10
   2.46000004       3.06219800E-10
   2.48000002       2.77574214E-10
   2.50000000       2.75065914E-10
   2.51999998       2.73667838E-10
   2.53999996       2.43648018E-10
   2.55999994       2.32030672E-10
   2.57999992       2.33896597E-10
   2.59999990       2.17804719E-10
   2.61999989       2.05756676E-10
   2.63999987       1.97117045E-10
   2.65999985       1.78444509E-10
   2.67999983       1.85371773E-10
   2.69999981       1.74384035E-10
   2.71999979       1.62227842E-10
   2.73999977       1.60795363E-10
   2.75999975       1.39008319E-10
   2.77999973       1.38815848E-10
   2.79999971       1.30402938E-10
   2.81999969       1.15274013E-10
   2.83999968       1.13114407E-10
   2.85999966       9.74355596E-11
   2.88000011       9.06593411E-11
   2.90000010       7.71952363E-11
   2.92000008       7.19556081E-11
   2.94000006       6.20605442E-11
   2.96000004       5.06537937E-11
   2.98000002       4.69000290E-11
   3.00000000       3.68128097E-11
   3.01999998       3.03166589E-11
   3.03999996       2.16968631E-11
   3.05999994       2.26324983E-11
   3.07999992       1.74678258E-11
   3.09999990       3.47971763E-10
