  -2.00000000       2.29660235E-10
  -1.98000002       3.40230111E-09
  -1.96000004       6.56727384E-09
  -1.94000006       1.09466196E-08
  -1.91999996       1.89555571E-08
  -1.89999998       2.46231426E-08
  -1.88000000       3.70656998E-08
  -1.86000001       4.77976485E-08
  -1.84000003       6.59442918E-08
  -1.82000005       8.40724823E-08
  -1.79999995       1.09780501E-07
  -1.77999997       1.35959709E-07
  -1.75999999       1.69846899E-07
  -1.74000001       2.04551156E-07
  -1.72000003       2.43990485E-07
  -1.70000005       2.86663436E-07
  -1.68000007       3.25632215E-07
  -1.65999997       3.62868292E-07
  -1.63999999       3.84272312E-07
  -1.62000000       4.06364734E-07
  -1.60000002       4.12981592E-07
  -1.58000004       4.21339223E-07
  -1.55999994       4.22864844E-07
  -1.53999996       4.30013841E-07
  -1.51999998       4.36469151E-07
  -1.50000000       4.62844326E-07
  -1.48000002       4.90053708E-07
  -1.46000004       5.35047775E-07
  -1.44000006       5.62267701E-07
  -1.42000008       5.88476553E-07
  -1.40000010       5.90347327E-07
  -1.38000000       5.98106226E-07
  -1.36000001       6.07348852E-07
  -1.34000003       6.37643609E-07
  -1.31999993       6.81704705E-07
  -1.29999995       7.19400532E-07
  -1.27999997       7.47612376E-07
  -1.25999999       7.49530386E-07
  -1.24000001       7.64523293E-07
  -1.22000003       7.97912605E-07
  -1.20000005       8.52706592E-07
  -1.18000007       9.03156433E-07
  -1.16000009       9.15572116E-07
  -1.14000010       9.10652034E-07
  -1.12000000       9.72177759E-07
  -1.10000002       1.03905768E-06
  -1.08000004       1.02267904E-06
  -1.05999994       1.16963190E-06
  -1.03999996       1.24804251E-06
  -1.01999998       8.85943109E-07
  -1.00000000       1.28627960E-06
 -0.980000019       2.39998917E-06
 -0.960000038       1.12277576E-06
 -0.940000057       4.78411437E-07
 -0.920000076       6.67654331E-06
 -0.899999976       1.04675082E-05
 -0.879999995       6.27557256E-06
 -0.860000014       2.46299769E-05
 -0.840000033       8.24342569E-05
 -0.820000052       1.36671355E-04
 -0.800000072       2.18230532E-04
 -0.779999971       5.01194561E-04
 -0.759999990       1.09537540E-03
 -0.740000010       1.94379315E-03
 -0.720000029       3.32811219E-03
 -0.700000048       6.11292943E-03
 -0.680000067       1.11868726E-02
 -0.660000086       1.89881958E-02
 -0.639999986       3.06093451E-02
 -0.620000005       4.90531847E-02
 -0.600000024       7.83333927E-02
 -0.580000043      0.121562608    
 -0.560000062      0.180873722    
 -0.540000081      0.260656059    
 -0.519999981      0.368134558    
 -0.500000000      0.510971189    
 -0.480000019      0.691806257    
 -0.460000038      0.908478379    
 -0.440000057       1.15642726    
 -0.420000076       1.43199229    
 -0.400000095       1.73153150    
 -0.379999995       2.04753709    
 -0.360000014       2.36802959    
 -0.340000033       2.67047834    
 -0.320000052       2.92382932    
 -0.300000072       3.09033680    
 -0.280000091       3.15400481    
 -0.259999990       3.14129019    
 -0.240000010       3.11261368    
 -0.220000029       3.09800053    
 -0.200000048       3.02497149    
 -0.180000067       2.75997210    
 -0.160000086       2.24814320    
 -0.139999986       1.66408145    
 -0.120000005       1.31583428    
 -0.100000024       1.36072564    
  -8.00000429E-02   1.58418381    
  -6.00000620E-02   1.53547180    
  -4.00000811E-02   1.02436149    
  -2.00001001E-02  0.309777588    
   0.00000000       2.82365992E-03
   1.99999809E-02   4.97610381E-06
   3.99999619E-02   3.84701980E-06
   5.99999428E-02   7.76078934E-08
   7.99999237E-02   1.88315937E-06
   9.99999046E-02   7.97158975E-07
  0.119999886       2.41289263E-06
  0.139999866       2.01461830E-06
  0.159999847       3.38292853E-06
  0.180000067       3.48001231E-06
  0.200000048       4.52828090E-06
  0.220000029       5.03508636E-06
  0.240000010       5.67559437E-06
  0.259999990       6.48247260E-06
  0.279999971       6.79850518E-06
  0.299999952       7.71985106E-06
  0.319999933       7.89484693E-06
  0.339999914       8.49218122E-06
  0.359999895       8.59845477E-06
  0.379999876       8.65557195E-06
  0.399999857       8.85643021E-06
  0.419999838       8.61758144E-06
  0.440000057       8.55917915E-06
  0.460000038       8.15560179E-06
  0.480000019       7.75421722E-06
  0.500000000       7.51251355E-06
  0.519999981       6.93647871E-06
  0.539999962       6.46993067E-06
  0.559999943       6.09537074E-06
  0.579999924       5.59027285E-06
  0.599999905       5.17435728E-06
  0.619999886       4.82193263E-06
  0.639999866       4.42851251E-06
  0.659999847       4.09897666E-06
  0.679999828       3.84463283E-06
  0.700000048       3.52801226E-06
  0.720000029       3.28142187E-06
  0.740000010       3.11559415E-06
  0.759999990       2.83883514E-06
  0.779999971       2.67148471E-06
  0.799999952       2.52591576E-06
  0.819999933       2.33809578E-06
  0.839999914       2.18561399E-06
  0.859999895       2.04697108E-06
  0.879999876       1.95620214E-06
  0.899999857       1.78790901E-06
  0.919999838       1.69313353E-06
  0.939999819       1.58910075E-06
  0.960000038       1.52154871E-06
  0.980000019       1.38957648E-06
   1.00000000       1.31304660E-06
   1.01999998       1.23870700E-06
   1.03999996       1.18473827E-06
   1.05999994       1.10194753E-06
   1.07999992       1.01114028E-06
   1.09999990       9.66876200E-07
   1.11999989       9.12373707E-07
   1.13999987       8.75881824E-07
   1.15999985       8.08401410E-07
   1.17999983       7.36044399E-07
   1.19999981       7.01672263E-07
   1.22000003       6.65484208E-07
   1.24000001       6.36314780E-07
   1.25999999       6.06099718E-07
   1.27999997       5.48340608E-07
   1.29999995       4.94581798E-07
   1.31999993       4.66626716E-07
   1.33999991       4.45559294E-07
   1.35999990       4.25426038E-07
   1.37999988       4.09492458E-07
   1.39999986       3.85486828E-07
   1.41999984       3.45442487E-07
   1.43999982       3.01638124E-07
   1.46000004       2.69958662E-07
   1.48000002       2.52074756E-07
   1.50000000       2.41136718E-07
   1.51999998       2.31804762E-07
   1.53999996       2.22429009E-07
   1.55999994       2.11984641E-07
   1.57999992       1.98622033E-07
   1.59999990       1.81044882E-07
   1.61999989       1.59313501E-07
   1.63999987       1.35208992E-07
   1.65999985       1.11409690E-07
   1.67999983       8.96883705E-08
   1.69999981       7.09490351E-08
   1.72000003       5.56125777E-08
   1.74000001       4.34930989E-08
   1.75999999       3.39156330E-08
   1.77999997       2.63549396E-08
   1.79999995       2.03950528E-08
   1.81999993       1.57646269E-08
   1.83999991       1.22451658E-08
   1.85999990       9.59116964E-09
   1.87999988       7.58666108E-09
   1.89999986       6.00147931E-09
   1.91999984       4.78800999E-09
   1.93999982       3.87660704E-09
   1.95999980       3.20600346E-09
   1.98000002       2.70652545E-09
   2.00000000       2.27806396E-09
   2.01999998       1.93261518E-09
   2.03999996       1.67145386E-09
   2.05999994       1.46037715E-09
   2.07999992       1.28518729E-09
   2.09999990       1.12672538E-09
   2.11999989       1.00934106E-09
   2.13999987       9.26156096E-10
   2.15999985       8.59140092E-10
   2.17999983       7.80602916E-10
   2.19999981       7.10814296E-10
   2.21999979       6.73746003E-10
   2.23999977       6.29353791E-10
   2.25999975       5.71413972E-10
   2.27999973       5.38463274E-10
   2.29999971       5.25125332E-10
   2.31999969       4.93284802E-10
   2.33999968       4.51412324E-10
   2.36000013       4.40405268E-10
   2.38000011       4.33736769E-10
   2.40000010       4.06536055E-10
   2.42000008       3.91945226E-10
   2.44000006       3.85881327E-10
   2.46000004       3.53710977E-10
   2.48000002       3.29006516E-10
   2.50000000       3.29214711E-10
   2.51999998       3.07044057E-10
   2.53999996       2.88327417E-10
   2.55999994       2.81971141E-10
   2.57999992       2.63542854E-10
   2.59999990       2.64957251E-10
   2.61999989       2.59908817E-10
   2.63999987       2.34806063E-10
   2.65999985       2.33311787E-10
   2.67999983       2.31149391E-10
   2.69999981       2.12627110E-10
   2.71999979       2.09595744E-10
   2.73999977       1.93908251E-10
   2.75999975       1.85359561E-10
   2.77999973       1.87116753E-10
   2.79999971       1.75114617E-10
   2.81999969       1.80001181E-10
   2.83999968       1.63102865E-10
   2.85999966       1.55096325E-10
   2.88000011       1.45064794E-10
   2.90000010       1.35720657E-10
   2.92000008       1.44679296E-10
   2.94000006       1.32991410E-10
   2.96000004       1.28449973E-10
   2.98000002       1.21414587E-10
   3.00000000       1.29033964E-10
   3.01999998       1.30123357E-10
   3.03999996       1.38054582E-10
   3.05999994       1.84883331E-10
   3.07999992       1.00411693E-10
   3.09999990       1.19987165E-09
