  -2.00000000       1.61572533E-09
  -1.98000002       1.06078115E-08
  -1.96000004       1.66041545E-08
  -1.94000006       3.45709594E-08
  -1.91999996       4.78573376E-08
  -1.89999998       7.13093016E-08
  -1.88000000       9.60664011E-08
  -1.86000001       1.22618587E-07
  -1.84000003       1.55865948E-07
  -1.82000005       1.85786007E-07
  -1.79999995       2.23894148E-07
  -1.77999997       2.59626859E-07
  -1.75999999       2.99534889E-07
  -1.74000001       3.34705277E-07
  -1.72000003       3.62925789E-07
  -1.70000005       3.78443588E-07
  -1.68000007       3.85254282E-07
  -1.65999997       3.82364874E-07
  -1.63999999       3.83507398E-07
  -1.62000000       3.81975298E-07
  -1.60000002       3.96893910E-07
  -1.58000004       4.17203182E-07
  -1.55999994       4.51345699E-07
  -1.53999996       4.87349610E-07
  -1.51999998       5.26282292E-07
  -1.50000000       5.44405907E-07
  -1.48000002       5.56509917E-07
  -1.46000004       5.43699969E-07
  -1.44000006       5.50349341E-07
  -1.42000008       5.65444054E-07
  -1.40000010       6.15317958E-07
  -1.38000000       6.61749539E-07
  -1.36000001       6.93746586E-07
  -1.34000003       7.01389695E-07
  -1.31999993       6.87285706E-07
  -1.29999995       7.02192324E-07
  -1.27999997       7.51233017E-07
  -1.25999999       8.20603589E-07
  -1.24000001       8.58279350E-07
  -1.22000003       8.52139692E-07
  -1.20000005       8.41047381E-07
  -1.18000007       8.78082915E-07
  -1.16000009       9.59707450E-07
  -1.14000010       1.03733601E-06
  -1.12000000       1.03124250E-06
  -1.10000002       9.74971840E-07
  -1.08000004       1.10623023E-06
  -1.05999994       1.26926045E-06
  -1.03999996       1.06378059E-06
  -1.01999998       1.14080819E-06
  -1.00000000       1.82362805E-06
 -0.980000019       1.43092245E-06
 -0.960000038       4.58373734E-07
 -0.940000057       3.22598362E-06
 -0.920000076       6.42103305E-06
 -0.899999976       2.96723397E-06
 -0.879999995       5.99174746E-06
 -0.860000014       3.37830170E-05
 -0.840000033       6.63226674E-05
 -0.820000052       8.75671540E-05
 -0.800000072       1.87523416E-04
 -0.779999971       4.69429477E-04
 -0.759999990       9.17000871E-04
 -0.740000010       1.53790857E-03
 -0.720000029       2.77418201E-03
 -0.700000048       5.30605204E-03
 -0.680000067       9.58911236E-03
 -0.660000086       1.59701351E-02
 -0.639999986       2.58768369E-02
 -0.620000005       4.21981774E-02
 -0.600000024       6.80278018E-02
 -0.580000043      0.105641998    
 -0.560000062      0.157321095    
 -0.540000081      0.228132218    
 -0.519999981      0.325139046    
 -0.500000000      0.455170512    
 -0.480000019      0.620474577    
 -0.460000038      0.820124328    
 -0.440000057       1.05151320    
 -0.420000076       1.31254911    
 -0.400000095       1.60076416    
 -0.379999995       1.91030586    
 -0.360000014       2.23194385    
 -0.340000033       2.54456663    
 -0.320000052       2.81536055    
 -0.300000072       3.00173926    
 -0.280000091       3.08599544    
 -0.259999990       3.10052538    
 -0.240000010       3.11556625    
 -0.220000029       3.16099524    
 -0.200000048       3.14302659    
 -0.180000067       2.89787769    
 -0.160000086       2.36061406    
 -0.139999986       1.73895204    
 -0.120000005       1.39425349    
 -0.100000024       1.50420785    
  -8.00000429E-02   1.80921841    
  -6.00000620E-02   1.77831364    
  -4.00000811E-02   1.19258595    
  -2.00001001E-02  0.361287713    
   0.00000000       3.29356268E-03
   1.99999809E-02   5.88509147E-06
   3.99999619E-02   4.29910506E-06
   5.99999428E-02   4.21642845E-08
   7.99999237E-02   1.89103821E-06
   9.99999046E-02   6.77680816E-07
  0.119999886       2.28570434E-06
  0.139999866       1.80747043E-06
  0.159999847       3.10234964E-06
  0.180000067       3.14027147E-06
  0.200000048       4.09788208E-06
  0.220000029       4.60906813E-06
  0.240000010       5.21680977E-06
  0.259999990       6.08102073E-06
  0.279999971       6.35809374E-06
  0.299999952       7.23963376E-06
  0.319999933       7.33381239E-06
  0.339999914       7.94077368E-06
  0.359999895       8.16774627E-06
  0.379999876       8.34701950E-06
  0.399999857       8.59577540E-06
  0.419999838       8.31368197E-06
  0.440000057       8.33499507E-06
  0.460000038       8.11308564E-06
  0.480000019       7.80232949E-06
  0.500000000       7.52633287E-06
  0.519999981       7.00517376E-06
  0.539999962       6.67859331E-06
  0.559999943       6.30155864E-06
  0.579999924       5.74955357E-06
  0.599999905       5.41745976E-06
  0.619999886       5.07019331E-06
  0.639999866       4.61340505E-06
  0.659999847       4.33343166E-06
  0.679999828       4.05665241E-06
  0.700000048       3.70170710E-06
  0.720000029       3.49593915E-06
  0.740000010       3.27089083E-06
  0.759999990       3.01147793E-06
  0.779999971       2.85380338E-06
  0.799999952       2.65326321E-06
  0.819999933       2.49652658E-06
  0.839999914       2.32745015E-06
  0.859999895       2.19086724E-06
  0.879999876       2.06665027E-06
  0.899999857       1.91940148E-06
  0.919999838       1.82567192E-06
  0.939999819       1.70129579E-06
  0.960000038       1.61556363E-06
  0.980000019       1.50057679E-06
   1.00000000       1.43416378E-06
   1.01999998       1.33660842E-06
   1.03999996       1.26245220E-06
   1.05999994       1.18466983E-06
   1.07999992       1.12245266E-06
   1.09999990       1.06645723E-06
   1.11999989       9.84699568E-07
   1.13999987       9.37249638E-07
   1.15999985       8.75339879E-07
   1.17999983       8.39943027E-07
   1.19999981       7.95179290E-07
   1.22000003       7.28269242E-07
   1.24000001       6.87489205E-07
   1.25999999       6.45952014E-07
   1.27999997       6.13432917E-07
   1.29999995       5.95234724E-07
   1.31999993       5.52405368E-07
   1.33999991       4.99318901E-07
   1.35999990       4.64563186E-07
   1.37999988       4.37383505E-07
   1.39999986       4.14232716E-07
   1.41999984       4.02377168E-07
   1.43999982       3.88266812E-07
   1.46000004       3.56022639E-07
   1.48000002       3.14681557E-07
   1.50000000       2.81367505E-07
   1.51999998       2.59243450E-07
   1.53999996       2.42597991E-07
   1.55999994       2.28986963E-07
   1.57999992       2.19415469E-07
   1.59999990       2.12614054E-07
   1.61999989       2.04491130E-07
   1.63999987       1.91486663E-07
   1.65999985       1.72694200E-07
   1.67999983       1.50141830E-07
   1.69999981       1.27231075E-07
   1.72000003       1.05989912E-07
   1.74000001       8.70741985E-08
   1.75999999       7.06694294E-08
   1.77999997       5.66750913E-08
   1.79999995       4.51183340E-08
   1.81999993       3.58026284E-08
   1.83999991       2.82655002E-08
   1.85999990       2.22498873E-08
   1.87999988       1.74365677E-08
   1.89999986       1.36823477E-08
   1.91999984       1.08527622E-08
   1.93999982       8.63639826E-09
   1.95999980       6.94463242E-09
   1.98000002       5.62803848E-09
   2.00000000       4.62703298E-09
   2.01999998       3.88225674E-09
   2.03999996       3.25522143E-09
   2.05999994       2.75779821E-09
   2.07999992       2.38732678E-09
   2.09999990       2.09793383E-09
   2.11999989       1.84391269E-09
   2.13999987       1.60463098E-09
   2.15999985       1.43825651E-09
   2.17999983       1.30870348E-09
   2.19999981       1.17985033E-09
   2.21999979       1.06841713E-09
   2.23999977       9.95357352E-10
   2.25999975       9.41616340E-10
   2.27999973       8.52198867E-10
   2.29999971       7.81646137E-10
   2.31999969       7.61881169E-10
   2.33999968       7.18027748E-10
   2.36000013       6.68681888E-10
   2.38000011       6.46247444E-10
   2.40000010       6.31034391E-10
   2.42000008       5.94578997E-10
   2.44000006       5.75783698E-10
   2.46000004       5.63266878E-10
   2.48000002       5.13365017E-10
   2.50000000       4.90961216E-10
   2.51999998       4.79836726E-10
   2.53999996       4.49683735E-10
   2.55999994       4.45461390E-10
   2.57999992       4.47666348E-10
   2.59999990       4.09015849E-10
   2.61999989       3.93906435E-10
   2.63999987       3.85794896E-10
   2.65999985       3.65664027E-10
   2.67999983       3.57737062E-10
   2.69999981       3.26882521E-10
   2.71999979       3.27631811E-10
   2.73999977       3.21580707E-10
   2.75999975       2.94663544E-10
   2.77999973       2.91616120E-10
   2.79999971       2.61565908E-10
   2.81999969       2.59444632E-10
   2.83999968       2.51501042E-10
   2.85999966       2.38459336E-10
   2.88000011       2.30037767E-10
   2.90000010       2.06300158E-10
   2.92000008       2.11081652E-10
   2.94000006       2.02788772E-10
   2.96000004       2.12876911E-10
   2.98000002       2.03763909E-10
   3.00000000       2.03906073E-10
   3.01999998       2.11117956E-10
   3.03999996       2.17702439E-10
   3.05999994       3.01610098E-10
   3.07999992       1.76063150E-10
   3.09999990       3.02632674E-09
