  -2.00000000       9.89440441E-09
  -1.98000002       2.32755220E-08
  -1.96000004       5.33400275E-08
  -1.94000006       7.89128052E-08
  -1.91999996       1.12945003E-07
  -1.89999998       1.52429280E-07
  -1.88000000       1.86009942E-07
  -1.86000001       2.29390722E-07
  -1.84000003       2.58510511E-07
  -1.82000005       2.95974104E-07
  -1.79999995       3.17141144E-07
  -1.77999997       3.40795111E-07
  -1.75999999       3.49803400E-07
  -1.74000001       3.55838154E-07
  -1.72000003       3.55137331E-07
  -1.70000005       3.54426788E-07
  -1.68000007       3.57179005E-07
  -1.65999997       3.73913707E-07
  -1.63999999       3.97520125E-07
  -1.62000000       4.37795762E-07
  -1.60000002       4.70218282E-07
  -1.58000004       5.01384136E-07
  -1.55999994       5.10976463E-07
  -1.53999996       5.15013767E-07
  -1.51999998       5.04249101E-07
  -1.50000000       5.16731177E-07
  -1.48000002       5.35669471E-07
  -1.46000004       5.86550755E-07
  -1.44000006       6.27873533E-07
  -1.42000008       6.57681539E-07
  -1.40000010       6.51583946E-07
  -1.38000000       6.36060861E-07
  -1.36000001       6.53638267E-07
  -1.34000003       6.98190092E-07
  -1.31999993       7.70777717E-07
  -1.29999995       8.08686195E-07
  -1.27999997       7.97235884E-07
  -1.25999999       7.82986262E-07
  -1.24000001       8.08772370E-07
  -1.22000003       8.91817876E-07
  -1.20000005       9.52347307E-07
  -1.18000007       9.52352423E-07
  -1.16000009       9.40537006E-07
  -1.14000010       9.91150500E-07
  -1.12000000       1.06344601E-06
  -1.10000002       1.13444662E-06
  -1.08000004       1.16779847E-06
  -1.05999994       1.07672952E-06
  -1.03999996       1.12677697E-06
  -1.01999998       1.61542937E-06
  -1.00000000       1.55456678E-06
 -0.980000019       6.91056755E-07
 -0.960000038       1.54585052E-06
 -0.940000057       4.39747737E-06
 -0.920000076       3.14659246E-06
 -0.899999976       5.41260647E-07
 -0.879999995       1.14522827E-05
 -0.860000014       3.41037885E-05
 -0.840000033       4.44822763E-05
 -0.820000052       6.60925070E-05
 -0.800000072       1.85266355E-04
 -0.779999971       4.30471060E-04
 -0.759999990       7.57837668E-04
 -0.740000010       1.27706293E-03
 -0.720000029       2.45060795E-03
 -0.700000048       4.73601045E-03
 -0.680000067       8.37837905E-03
 -0.660000086       1.38050895E-02
 -0.639999986       2.26289667E-02
 -0.620000005       3.74066047E-02
 -0.600000024       6.05745539E-02
 -0.580000043       9.39571559E-02
 -0.560000062      0.140137583    
 -0.540000081      0.204387471    
 -0.519999981      0.293451726    
 -0.500000000      0.413449645    
 -0.480000019      0.566512167    
 -0.460000038      0.752736807    
 -0.440000057      0.970652699    
 -0.420000076       1.21931684    
 -0.400000095       1.49695766    
 -0.379999995       1.79962075    
 -0.360000014       2.12035847    
 -0.340000033       2.43932509    
 -0.320000052       2.72172046    
 -0.300000072       2.92084837    
 -0.280000091       3.01848888    
 -0.259999990       3.05344510    
 -0.240000010       3.10553670    
 -0.220000029       3.20354843    
 -0.200000048       3.23365164    
 -0.180000067       3.00446391    
 -0.160000086       2.44367027    
 -0.139999986       1.79034138    
 -0.120000005       1.45364392    
 -0.100000024       1.62749231    
  -8.00000429E-02   2.00940323    
  -6.00000620E-02   1.99596512    
  -4.00000811E-02   1.34345245    
  -2.00001001E-02  0.407475054    
   0.00000000       3.71164549E-03
   1.99999809E-02   7.17001740E-06
   3.99999619E-02   4.20154765E-06
   5.99999428E-02   4.42131807E-07
   7.99999237E-02   1.46840557E-06
   9.99999046E-02   9.77767741E-07
  0.119999886       1.74484319E-06
  0.139999866       2.05018000E-06
  0.159999847       2.50132643E-06
  0.180000067       3.30735975E-06
  0.200000048       3.52997449E-06
  0.220000029       4.62666640E-06
  0.240000010       4.71438079E-06
  0.259999990       5.80444157E-06
  0.279999971       5.91337084E-06
  0.299999952       6.72124224E-06
  0.319999933       7.08246444E-06
  0.339999914       7.46115984E-06
  0.359999895       8.01260921E-06
  0.379999876       7.91520597E-06
  0.399999857       8.28004886E-06
  0.419999838       8.12491817E-06
  0.440000057       8.13763018E-06
  0.460000038       8.12971030E-06
  0.480000019       7.64774995E-06
  0.500000000       7.51026982E-06
  0.519999981       7.14723865E-06
  0.539999962       6.72277565E-06
  0.559999943       6.42882696E-06
  0.579999924       5.90762920E-06
  0.599999905       5.56862688E-06
  0.619999886       5.25904670E-06
  0.639999866       4.76754713E-06
  0.659999847       4.49909612E-06
  0.679999828       4.24364407E-06
  0.700000048       3.84923624E-06
  0.720000029       3.63353183E-06
  0.740000010       3.43417810E-06
  0.759999990       3.16012938E-06
  0.779999971       2.94879032E-06
  0.799999952       2.79888013E-06
  0.819999933       2.64425830E-06
  0.839999914       2.40373151E-06
  0.859999895       2.30122487E-06
  0.879999876       2.20244783E-06
  0.899999857       2.02069327E-06
  0.919999838       1.89157527E-06
  0.939999819       1.80460131E-06
  0.960000038       1.73725084E-06
  0.980000019       1.57774207E-06
   1.00000000       1.48964716E-06
   1.01999998       1.42236422E-06
   1.03999996       1.37693326E-06
   1.05999994       1.25747647E-06
   1.07999992       1.16950014E-06
   1.09999990       1.11838881E-06
   1.11999989       1.08390657E-06
   1.13999987       1.02898287E-06
   1.15999985       9.26690291E-07
   1.17999983       8.74475745E-07
   1.19999981       8.34940579E-07
   1.22000003       8.18608953E-07
   1.24000001       7.78590731E-07
   1.25999999       6.96508494E-07
   1.27999997       6.43422254E-07
   1.29999995       6.11940322E-07
   1.31999993       5.95490917E-07
   1.33999991       5.89419756E-07
   1.35999990       5.49340541E-07
   1.37999988       4.84911709E-07
   1.39999986       4.38963525E-07
   1.41999984       4.13709841E-07
   1.43999982       3.99559042E-07
   1.46000004       3.96012211E-07
   1.48000002       3.89169855E-07
   1.50000000       3.61547166E-07
   1.51999998       3.18330819E-07
   1.53999996       2.78168756E-07
   1.55999994       2.49668801E-07
   1.57999992       2.30627904E-07
   1.59999990       2.18501171E-07
   1.61999989       2.12957389E-07
   1.63999987       2.11207052E-07
   1.65999985       2.07873057E-07
   1.67999983       1.98809474E-07
   1.69999981       1.82785072E-07
   1.72000003       1.61535581E-07
   1.74000001       1.38044058E-07
   1.75999999       1.15021813E-07
   1.77999997       9.43342542E-08
   1.79999995       7.65152492E-08
   1.81999993       6.13759354E-08
   1.83999991       4.86458305E-08
   1.85999990       3.81371841E-08
   1.87999988       2.98384784E-08
   1.89999986       2.33558080E-08
   1.91999984       1.82670199E-08
   1.93999982       1.43213814E-08
   1.95999980       1.12864065E-08
   1.98000002       9.00359431E-09
   2.00000000       7.24880689E-09
   2.01999998       5.86422377E-09
   2.03999996       4.84596852E-09
   2.05999994       4.08734957E-09
   2.07999992       3.45798767E-09
   2.09999990       2.93436941E-09
   2.11999989       2.53971399E-09
   2.13999987       2.24988272E-09
   2.15999985       1.96076599E-09
   2.17999983       1.71954839E-09
   2.19999981       1.55359958E-09
   2.21999979       1.40128520E-09
   2.23999977       1.24032273E-09
   2.25999975       1.11696108E-09
   2.27999973       1.05333342E-09
   2.29999971       9.70506009E-10
   2.31999969       8.69854300E-10
   2.33999968       8.16528400E-10
   2.36000013       7.63233143E-10
   2.38000011       6.95159263E-10
   2.40000010       6.54223509E-10
   2.42000008       6.18344320E-10
   2.44000006       5.59910340E-10
   2.46000004       5.32122624E-10
   2.48000002       5.23712351E-10
   2.50000000       4.85083973E-10
   2.51999998       4.68390604E-10
   2.53999996       4.48304893E-10
   2.55999994       4.02364919E-10
   2.57999992       3.76423448E-10
   2.59999990       3.52561147E-10
   2.61999989       3.29428484E-10
   2.63999987       3.18166965E-10
   2.65999985       2.81129620E-10
   2.67999983       2.69185396E-10
   2.69999981       2.64319261E-10
   2.71999979       2.29624514E-10
   2.73999977       2.17460439E-10
   2.75999975       1.93196639E-10
   2.77999973       1.78784626E-10
   2.79999971       1.70781736E-10
   2.81999969       1.49118856E-10
   2.83999968       1.42012277E-10
   2.85999966       1.24423583E-10
   2.88000011       1.26759298E-10
   2.90000010       1.22255012E-10
   2.92000008       1.10913709E-10
   2.94000006       1.01406702E-10
   2.96000004       9.64738289E-11
   2.98000002       9.69142475E-11
   3.00000000       9.52556783E-11
   3.01999998       1.12370051E-10
   3.03999996       1.19964483E-10
   3.05999994       2.18078555E-10
   3.07999992       8.58763546E-11
   3.09999990       4.94619101E-09
