  -2.00000000       1.60308051E-08
  -1.98000002       5.87540541E-08
  -1.96000004       1.22281762E-07
  -1.94000006       1.71274266E-07
  -1.91999996       2.44291272E-07
  -1.89999998       2.82663734E-07
  -1.88000000       3.34432315E-07
  -1.86000001       3.59192910E-07
  -1.84000003       3.78139760E-07
  -1.82000005       3.74083584E-07
  -1.79999995       3.63575396E-07
  -1.77999997       3.40690718E-07
  -1.75999999       3.29514108E-07
  -1.74000001       3.26714201E-07
  -1.72000003       3.43380464E-07
  -1.70000005       3.74723896E-07
  -1.68000007       4.14757380E-07
  -1.65999997       4.52635646E-07
  -1.63999999       4.86210922E-07
  -1.62000000       4.95291147E-07
  -1.60000002       4.96021471E-07
  -1.58000004       4.84269776E-07
  -1.55999994       4.89270462E-07
  -1.53999996       5.06340484E-07
  -1.51999998       5.54927624E-07
  -1.50000000       5.90844593E-07
  -1.48000002       6.24032282E-07
  -1.46000004       6.19523689E-07
  -1.44000006       6.09442964E-07
  -1.42000008       6.17197486E-07
  -1.40000010       6.54668384E-07
  -1.38000000       7.19876027E-07
  -1.36000001       7.53188317E-07
  -1.34000003       7.60141916E-07
  -1.31999993       7.47046784E-07
  -1.29999995       7.60931471E-07
  -1.27999997       8.27093231E-07
  -1.25999999       8.79915774E-07
  -1.24000001       8.96456868E-07
  -1.22000003       8.87601800E-07
  -1.20000005       9.13394558E-07
  -1.18000007       9.96976723E-07
  -1.16000009       1.05002050E-06
  -1.14000010       1.03806497E-06
  -1.12000000       1.05133608E-06
  -1.10000002       1.16005629E-06
  -1.08000004       1.19560275E-06
  -1.05999994       1.15421994E-06
  -1.03999996       1.36254528E-06
  -1.01999998       1.52275982E-06
  -1.00000000       1.05960873E-06
 -0.980000019       1.17877607E-06
 -0.960000038       2.80027029E-06
 -0.940000057       2.96218604E-06
 -0.920000076       2.22464422E-07
 -0.899999976       3.26674558E-06
 -0.879999995       1.60719865E-05
 -0.860000014       2.41466314E-05
 -0.840000033       2.40619956E-05
 -0.820000052       6.26724868E-05
 -0.800000072       1.84331133E-04
 -0.779999971       3.59953556E-04
 -0.759999990       5.83701243E-04
 -0.740000010       1.05801562E-03
 -0.720000029       2.15628836E-03
 -0.700000048       4.10360098E-03
 -0.680000067       7.04401312E-03
 -0.660000086       1.15887597E-02
 -0.639999986       1.93628930E-02
 -0.620000005       3.24443839E-02
 -0.600000024       5.25962859E-02
 -0.580000043       8.14223960E-02
 -0.560000062      0.121795677    
 -0.540000081      0.178985164    
 -0.519999981      0.259182811    
 -0.500000000      0.367690146    
 -0.480000019      0.506814480    
 -0.460000038      0.677524567    
 -0.440000057      0.879586756    
 -0.420000076       1.11284685    
 -0.400000095       1.37662482    
 -0.379999995       1.66941023    
 -0.360000014       1.98729539    
 -0.340000033       2.31173348    
 -0.320000052       2.60473132    
 -0.300000072       2.81478620    
 -0.280000091       2.92391133    
 -0.259999990       2.98122835    
 -0.240000010       3.07928038    
 -0.220000029       3.24450469    
 -0.200000048       3.33506608    
 -0.180000067       3.12359190    
 -0.160000086       2.53055453    
 -0.139999986       1.83827281    
 -0.120000005       1.51834154    
 -0.100000024       1.78245664    
  -8.00000429E-02   2.26919770    
  -6.00000620E-02   2.27991724    
  -4.00000811E-02   1.54023683    
  -2.00001001E-02  0.467657477    
   0.00000000       4.25815256E-03
   1.99999809E-02   8.53470283E-06
   3.99999619E-02   4.47231787E-06
   5.99999428E-02   5.81533527E-07
   7.99999237E-02   1.37769723E-06
   9.99999046E-02   9.62540298E-07
  0.119999886       1.59867557E-06
  0.139999866       1.94897098E-06
  0.159999847       2.28783756E-06
  0.180000067       3.08634003E-06
  0.200000048       3.20058780E-06
  0.220000029       4.25192638E-06
  0.240000010       4.28256999E-06
  0.259999990       5.37346841E-06
  0.279999971       5.51207904E-06
  0.299999952       6.35336346E-06
  0.319999933       6.68146595E-06
  0.339999914       7.01542240E-06
  0.359999895       7.50997242E-06
  0.379999876       7.48863613E-06
  0.399999857       7.99868849E-06
  0.419999838       7.88994112E-06
  0.440000057       7.92527317E-06
  0.460000038       7.87311455E-06
  0.480000019       7.54491293E-06
  0.500000000       7.56000281E-06
  0.519999981       7.14508860E-06
  0.539999962       6.75701676E-06
  0.559999943       6.54859377E-06
  0.579999924       6.07795027E-06
  0.599999905       5.74257001E-06
  0.619999886       5.40157043E-06
  0.639999866       4.98140935E-06
  0.659999847       4.71798876E-06
  0.679999828       4.38903680E-06
  0.700000048       4.04995490E-06
  0.720000029       3.83601446E-06
  0.740000010       3.58554553E-06
  0.759999990       3.31670822E-06
  0.779999971       3.11845088E-06
  0.799999952       2.97255201E-06
  0.819999933       2.74417357E-06
  0.839999914       2.54915631E-06
  0.859999895       2.48393349E-06
  0.879999876       2.28709837E-06
  0.899999857       2.12695818E-06
  0.919999838       2.03720788E-06
  0.939999819       1.94698373E-06
  0.960000038       1.80011784E-06
  0.980000019       1.66930340E-06
   1.00000000       1.63058803E-06
   1.01999998       1.54070699E-06
   1.03999996       1.42989597E-06
   1.05999994       1.32377829E-06
   1.07999992       1.29436285E-06
   1.09999990       1.23958796E-06
   1.11999989       1.14482805E-06
   1.13999987       1.05803917E-06
   1.15999985       1.00795796E-06
   1.17999983       1.00170405E-06
   1.19999981       9.31889076E-07
   1.22000003       8.59130523E-07
   1.24000001       7.88215630E-07
   1.25999999       7.64015908E-07
   1.27999997       7.63542289E-07
   1.29999995       7.12251676E-07
   1.31999993       6.49687479E-07
   1.33999991       5.92550634E-07
   1.35999990       5.56569887E-07
   1.37999988       5.59359762E-07
   1.39999986       5.49709682E-07
   1.41999984       5.06031199E-07
   1.43999982       4.58316464E-07
   1.46000004       4.15458572E-07
   1.48000002       3.80748986E-07
   1.50000000       3.69375670E-07
   1.51999998       3.73190858E-07
   1.53999996       3.65268306E-07
   1.55999994       3.37902208E-07
   1.57999992       3.03201546E-07
   1.59999990       2.70682705E-07
   1.61999989       2.41174348E-07
   1.63999987       2.16698055E-07
   1.65999985       2.02451858E-07
   1.67999983       1.98977105E-07
   1.69999981       1.99840400E-07
   1.72000003       1.97308495E-07
   1.74000001       1.87967970E-07
   1.75999999       1.72958067E-07
   1.77999997       1.54870790E-07
   1.79999995       1.35488548E-07
   1.81999993       1.15945880E-07
   1.83999991       9.73306200E-08
   1.85999990       8.02831153E-08
   1.87999988       6.49680771E-08
   1.89999986       5.15432994E-08
   1.91999984       4.04738962E-08
   1.93999982       3.16115525E-08
   1.95999980       2.45804426E-08
   1.98000002       1.90982590E-08
   2.00000000       1.49306878E-08
   2.01999998       1.18077823E-08
   2.03999996       9.38950784E-09
   2.05999994       7.45850226E-09
   2.07999992       6.03767569E-09
   2.09999990       4.97495645E-09
   2.11999989       4.07789091E-09
   2.13999987       3.38083295E-09
   2.15999985       2.88764035E-09
   2.17999983       2.47055265E-09
   2.19999981       2.07154471E-09
   2.21999979       1.78392079E-09
   2.23999977       1.58216373E-09
   2.25999975       1.36238842E-09
   2.27999973       1.17628507E-09
   2.29999971       1.05022269E-09
   2.31999969       9.30917010E-10
   2.33999968       8.34567138E-10
   2.36000013       7.68639430E-10
   2.38000011       6.90259794E-10
   2.40000010       5.99010619E-10
   2.42000008       5.52569324E-10
   2.44000006       5.23292187E-10
   2.46000004       4.72688833E-10
   2.48000002       4.49878357E-10
   2.50000000       4.21355284E-10
   2.51999998       3.77070680E-10
   2.53999996       3.56879110E-10
   2.55999994       3.28926886E-10
   2.57999992       2.94513330E-10
   2.59999990       2.87728841E-10
   2.61999989       2.55305055E-10
   2.63999987       2.34184117E-10
   2.65999985       2.27275976E-10
   2.67999983       1.98287456E-10
   2.69999981       1.84010432E-10
   2.71999979       1.59837921E-10
   2.73999977       1.49097526E-10
   2.75999975       1.46345033E-10
   2.77999973       1.25849692E-10
   2.79999971       1.23275737E-10
   2.81999969       1.04794944E-10
   2.83999968       1.03761014E-10
   2.85999966       1.03317702E-10
   2.88000011       9.30382368E-11
   2.90000010       9.30673455E-11
   2.92000008       8.83741413E-11
   2.94000006       9.78186421E-11
   2.96000004       9.27466992E-11
   2.98000002       1.09461870E-10
   3.00000000       1.24589616E-10
   3.01999998       1.48880352E-10
   3.03999996       1.83426760E-10
   3.05999994       3.79086401E-10
   3.07999992       1.77934306E-10
   3.09999990       9.85022286E-09
