  -2.00000000       3.38359314E-08
  -1.98000002       9.65664384E-08
  -1.96000004       1.88069166E-07
  -1.94000006       2.76220959E-07
  -1.91999996       3.45404146E-07
  -1.89999998       4.14926092E-07
  -1.88000000       4.34089912E-07
  -1.86000001       4.50172223E-07
  -1.84000003       4.18440379E-07
  -1.82000005       3.85835563E-07
  -1.79999995       3.31642838E-07
  -1.77999997       2.97806139E-07
  -1.75999999       2.83074542E-07
  -1.74000001       3.05457462E-07
  -1.72000003       3.56875603E-07
  -1.70000005       4.23366686E-07
  -1.68000007       4.81993482E-07
  -1.65999997       5.21223001E-07
  -1.63999999       5.24052439E-07
  -1.62000000       5.04037985E-07
  -1.60000002       4.69548667E-07
  -1.58000004       4.53192314E-07
  -1.55999994       4.77430888E-07
  -1.53999996       5.41245299E-07
  -1.51999998       6.10950565E-07
  -1.50000000       6.45949910E-07
  -1.48000002       6.40926146E-07
  -1.46000004       5.92015454E-07
  -1.44000006       5.82916300E-07
  -1.42000008       6.22470054E-07
  -1.40000010       7.16052057E-07
  -1.38000000       7.81954896E-07
  -1.36000001       7.70876284E-07
  -1.34000003       7.28245368E-07
  -1.31999993       7.17757302E-07
  -1.29999995       7.95903247E-07
  -1.27999997       8.98429846E-07
  -1.25999999       9.13860219E-07
  -1.24000001       8.68102006E-07
  -1.22000003       8.60470550E-07
  -1.20000005       9.62654667E-07
  -1.18000007       1.07048402E-06
  -1.16000009       1.05489551E-06
  -1.14000010       9.94470383E-07
  -1.12000000       1.08234167E-06
  -1.10000002       1.23525331E-06
  -1.08000004       1.20249160E-06
  -1.05999994       1.17391846E-06
  -1.03999996       1.41228588E-06
  -1.01999998       1.42902536E-06
  -1.00000000       1.02958154E-06
 -0.980000019       1.57716579E-06
 -0.960000038       2.88047454E-06
 -0.940000057       1.90315041E-06
 -0.920000076       7.64054562E-08
 -0.899999976       5.30421266E-06
 -0.879999995       1.61325661E-05
 -0.860000014       1.74560337E-05
 -0.840000033       1.95095436E-05
 -0.820000052       6.56201591E-05
 -0.800000072       1.80083545E-04
 -0.779999971       3.18476232E-04
 -0.759999990       5.15481981E-04
 -0.740000010       9.81370336E-04
 -0.720000029       2.03461829E-03
 -0.700000048       3.80564551E-03
 -0.680000067       6.44859392E-03
 -0.660000086       1.06550669E-02
 -0.639999986       1.79786645E-02
 -0.620000005       3.02889198E-02
 -0.600000024       4.90322411E-02
 -0.580000043       7.58732706E-02
 -0.560000062      0.113663100    
 -0.540000081      0.167732805    
 -0.519999981      0.243798137    
 -0.500000000      0.346983850    
 -0.480000019      0.479599208    
 -0.460000038      0.643006682    
 -0.440000057      0.837511122    
 -0.420000076       1.06300306    
 -0.400000095       1.31974220    
 -0.379999995       1.60705733    
 -0.360000014       1.92310309    
 -0.340000033       2.24931526    
 -0.320000052       2.54622078    
 -0.300000072       2.75975728    
 -0.280000091       2.87256384    
 -0.259999990       2.94005728    
 -0.240000010       3.06107521    
 -0.220000029       3.26080012    
 -0.200000048       3.38157272    
 -0.180000067       3.17782640    
 -0.160000086       2.56718349    
 -0.139999986       1.85560691    
 -0.120000005       1.54709172    
 -0.100000024       1.86087000    
  -8.00000429E-02   2.40384817    
  -6.00000620E-02   2.42746210    
  -4.00000811E-02   1.64240026    
  -2.00001001E-02  0.498903334    
   0.00000000       4.52033523E-03
   1.99999809E-02   1.15638231E-05
   3.99999619E-02   2.67214682E-06
   5.99999428E-02   1.76998969E-06
   7.99999237E-02   6.60724766E-07
   9.99999046E-02   1.28414740E-06
  0.119999886       1.40090924E-06
  0.139999866       1.76310255E-06
  0.159999847       2.42345322E-06
  0.180000067       2.56996782E-06
  0.200000048       3.56975306E-06
  0.220000029       3.60102217E-06
  0.240000010       4.70719806E-06
  0.259999990       4.73907130E-06
  0.279999971       5.66861854E-06
  0.299999952       5.86777423E-06
  0.319999933       6.45018781E-06
  0.339999914       6.94026630E-06
  0.359999895       7.12670180E-06
  0.379999876       7.66783069E-06
  0.399999857       7.53648737E-06
  0.419999838       7.81835206E-06
  0.440000057       7.78962385E-06
  0.460000038       7.70953284E-06
  0.480000019       7.73138981E-06
  0.500000000       7.29243220E-06
  0.519999981       7.15812257E-06
  0.539999962       6.90503657E-06
  0.559999943       6.46776653E-06
  0.579999924       6.20574792E-06
  0.599999905       5.78565368E-06
  0.619999886       5.45042440E-06
  0.639999866       5.15660713E-06
  0.659999847       4.72897136E-06
  0.679999828       4.47184539E-06
  0.700000048       4.21567483E-06
  0.720000029       3.85976273E-06
  0.740000010       3.65585970E-06
  0.759999990       3.44842556E-06
  0.779999971       3.18682942E-06
  0.799999952       2.99750218E-06
  0.819999933       2.84038424E-06
  0.839999914       2.67401674E-06
  0.859999895       2.46172499E-06
  0.879999876       2.36480082E-06
  0.899999857       2.24934183E-06
  0.919999838       2.05542915E-06
  0.939999819       1.96867472E-06
  0.960000038       1.87516105E-06
  0.980000019       1.77893594E-06
   1.00000000       1.62064066E-06
   1.01999998       1.57204363E-06
   1.03999996       1.49919902E-06
   1.05999994       1.41857686E-06
   1.07999992       1.28982663E-06
   1.09999990       1.25359520E-06
   1.11999989       1.20183699E-06
   1.13999987       1.14685929E-06
   1.15999985       1.03658726E-06
   1.17999983       9.85970928E-07
   1.19999981       9.63862135E-07
   1.22000003       9.25185532E-07
   1.24000001       8.62938975E-07
   1.25999999       7.74307068E-07
   1.27999997       7.48604862E-07
   1.29999995       7.36667289E-07
   1.31999993       7.06452681E-07
   1.33999991       6.60046624E-07
   1.35999990       5.89001274E-07
   1.37999988       5.49847130E-07
   1.39999986       5.45348598E-07
   1.41999984       5.31343403E-07
   1.43999982       5.07222467E-07
   1.46000004       4.71790258E-07
   1.48000002       4.19351210E-07
   1.50000000       3.78026073E-07
   1.51999998       3.66186867E-07
   1.53999996       3.64427478E-07
   1.55999994       3.54150217E-07
   1.57999992       3.37007094E-07
   1.59999990       3.14788707E-07
   1.61999989       2.83240070E-07
   1.63999987       2.46728376E-07
   1.65999985       2.18106308E-07
   1.67999983       2.03953206E-07
   1.69999981       1.99640709E-07
   1.72000003       1.96988168E-07
   1.74000001       1.91855776E-07
   1.75999999       1.83971423E-07
   1.77999997       1.73538695E-07
   1.79999995       1.60239210E-07
   1.81999993       1.44306867E-07
   1.83999991       1.26341220E-07
   1.85999990       1.07302888E-07
   1.87999988       8.85870932E-08
   1.89999986       7.15753430E-08
   1.91999984       5.71130983E-08
   1.93999982       4.51535698E-08
   1.95999980       3.55626710E-08
   1.98000002       2.80462427E-08
   2.00000000       2.22899761E-08
   2.01999998       1.77037851E-08
   2.03999996       1.40342369E-08
   2.05999994       1.12445289E-08
   2.07999992       9.06311026E-09
   2.09999990       7.26851646E-09
   2.11999989       5.87966342E-09
   2.13999987       4.85220264E-09
   2.15999985       4.01340827E-09
   2.17999983       3.31587691E-09
   2.19999981       2.80978951E-09
   2.21999979       2.41096276E-09
   2.23999977       2.02304684E-09
   2.25999975       1.72350001E-09
   2.27999973       1.51449908E-09
   2.29999971       1.30337119E-09
   2.31999969       1.12674281E-09
   2.33999968       1.02139397E-09
   2.36000013       9.13464970E-10
   2.38000011       7.98159483E-10
   2.40000010       7.34407923E-10
   2.42000008       6.74488909E-10
   2.44000006       5.99975680E-10
   2.46000004       5.60906543E-10
   2.48000002       5.13091902E-10
   2.50000000       4.58821481E-10
   2.51999998       4.39669662E-10
   2.53999996       4.02223421E-10
   2.55999994       3.64438035E-10
   2.57999992       3.47773865E-10
   2.59999990       3.17383897E-10
   2.61999989       2.94663960E-10
   2.63999987       2.74967160E-10
   2.65999985       2.30655883E-10
   2.67999983       2.23010388E-10
   2.69999981       2.01199724E-10
   2.71999979       1.72399109E-10
   2.73999977       1.65347958E-10
   2.75999975       1.43010520E-10
   2.77999973       1.37933054E-10
   2.79999971       1.18632243E-10
   2.81999969       1.07204287E-10
   2.83999968       9.42117773E-11
   2.85999966       7.52990170E-11
   2.88000011       6.83834100E-11
   2.90000010       5.69647142E-11
   2.92000008       4.89464788E-11
   2.94000006       3.39676828E-11
   2.96000004       3.09595474E-11
   2.98000002       2.31976226E-11
   3.00000000       2.38821688E-11
   3.01999998       3.29928723E-11
   3.03999996       6.11584880E-11
   3.05999994       2.14170390E-10
   3.07999992       8.31726285E-11
   3.09999990       1.41691361E-08
