  -2.00000000       3.04520249E-08
  -1.98000002       1.33859288E-07
  -1.96000004       2.25878125E-07
  -1.94000006       3.53143690E-07
  -1.91999996       4.20838887E-07
  -1.89999998       4.84117038E-07
  -1.88000000       4.90118850E-07
  -1.86000001       4.62150808E-07
  -1.84000003       4.12162365E-07
  -1.82000005       3.49569035E-07
  -1.79999995       2.98236813E-07
  -1.77999997       2.78117398E-07
  -1.75999999       2.91278297E-07
  -1.74000001       3.44383068E-07
  -1.72000003       4.13015414E-07
  -1.70000005       4.75246708E-07
  -1.68000007       5.11062240E-07
  -1.65999997       5.17180013E-07
  -1.63999999       4.94084702E-07
  -1.62000000       4.73365276E-07
  -1.60000002       4.58856903E-07
  -1.58000004       4.81930556E-07
  -1.55999994       5.29714328E-07
  -1.53999996       5.92436493E-07
  -1.51999998       6.18746867E-07
  -1.50000000       6.22534515E-07
  -1.48000002       5.99012765E-07
  -1.46000004       5.88655041E-07
  -1.44000006       6.29162514E-07
  -1.42000008       6.85924988E-07
  -1.40000010       7.46173328E-07
  -1.38000000       7.49001515E-07
  -1.36000001       7.30995453E-07
  -1.34000003       7.34666457E-07
  -1.31999993       7.78886545E-07
  -1.29999995       8.50139941E-07
  -1.27999997       8.80454195E-07
  -1.25999999       8.68612290E-07
  -1.24000001       8.75256319E-07
  -1.22000003       9.30364479E-07
  -1.20000005       1.00864395E-06
  -1.18000007       1.03114792E-06
  -1.16000009       1.01591911E-06
  -1.14000010       1.05373533E-06
  -1.12000000       1.16069191E-06
  -1.10000002       1.20378809E-06
  -1.08000004       1.15672310E-06
  -1.05999994       1.26351426E-06
  -1.03999996       1.47765741E-06
  -1.01999998       1.26762325E-06
  -1.00000000       1.07434096E-06
 -0.980000019       1.95345865E-06
 -0.960000038       2.71741533E-06
 -0.940000057       1.05145477E-06
 -0.920000076       5.45859621E-07
 -0.899999976       6.94140908E-06
 -0.879999995       1.47258397E-05
 -0.860000014       1.26439363E-05
 -0.840000033       1.78761893E-05
 -0.820000052       6.94834016E-05
 -0.800000072       1.71768275E-04
 -0.779999971       2.86720431E-04
 -0.759999990       4.66821104E-04
 -0.740000010       9.34155833E-04
 -0.720000029       1.93822198E-03
 -0.700000048       3.57456761E-03
 -0.680000067       5.99862915E-03
 -0.660000086       9.96998418E-03
 -0.639999986       1.69616025E-02
 -0.620000005       2.86539309E-02
 -0.600000024       4.63420302E-02
 -0.580000043       7.16440082E-02
 -0.560000062      0.107546628    
 -0.540000081      0.159165055    
 -0.519999981      0.232098475    
 -0.500000000      0.331071913    
 -0.480000019      0.458664626    
 -0.460000038      0.616342366    
 -0.440000057      0.804816604    
 -0.420000076       1.02410996    
 -0.400000095       1.27489400    
 -0.379999995       1.55781329    
 -0.360000014       1.87195218    
 -0.340000033       2.19942570    
 -0.320000052       2.49868536    
 -0.300000072       2.71416616    
 -0.280000091       2.82904434    
 -0.259999990       2.90420413    
 -0.240000010       3.04418731    
 -0.220000029       3.27210498    
 -0.200000048       3.41757178    
 -0.180000067       3.21923733    
 -0.160000086       2.59359121    
 -0.139999986       1.86645567    
 -0.120000005       1.56867862    
 -0.100000024       1.92520726    
  -8.00000429E-02   2.51555252    
  -6.00000620E-02   2.55009508    
  -4.00000811E-02   1.72721851    
  -2.00001001E-02  0.524782956    
   0.00000000       4.76510637E-03
   1.99999809E-02   1.11465615E-05
   3.99999619E-02   3.53699147E-06
   5.99999428E-02   1.52705934E-06
   7.99999237E-02   6.85310113E-07
   9.99999046E-02   1.43260456E-06
  0.119999886       1.06487937E-06
  0.139999866       2.14564488E-06
  0.159999847       1.84402836E-06
  0.180000067       3.04241780E-06
  0.200000048       2.84894782E-06
  0.220000029       4.00941371E-06
  0.240000010       4.04736465E-06
  0.259999990       4.97706105E-06
  0.279999971       5.32160311E-06
  0.299999952       5.82804842E-06
  0.319999933       6.40925737E-06
  0.339999914       6.52153904E-06
  0.359999895       7.19347190E-06
  0.379999876       7.21700599E-06
  0.399999857       7.64147080E-06
  0.419999838       7.69695635E-06
  0.440000057       7.59855357E-06
  0.460000038       7.73674765E-06
  0.480000019       7.47694276E-06
  0.500000000       7.44362569E-06
  0.519999981       7.15580427E-06
  0.539999962       6.75793126E-06
  0.559999943       6.61853119E-06
  0.579999924       6.21408708E-06
  0.599999905       5.81844915E-06
  0.619999886       5.54831468E-06
  0.639999866       5.16888576E-06
  0.659999847       4.84049542E-06
  0.679999828       4.54691963E-06
  0.700000048       4.23617803E-06
  0.720000029       3.96867199E-06
  0.740000010       3.72602290E-06
  0.759999990       3.48386766E-06
  0.779999971       3.25157407E-06
  0.799999952       3.08298650E-06
  0.819999933       2.88835463E-06
  0.839999914       2.68268286E-06
  0.859999895       2.57813804E-06
  0.879999876       2.39850465E-06
  0.899999857       2.25251733E-06
  0.919999838       2.14776287E-06
  0.939999819       2.01323928E-06
  0.960000038       1.90796663E-06
  0.980000019       1.78329299E-06
   1.00000000       1.71918714E-06
   1.01999998       1.59396177E-06
   1.03999996       1.52314010E-06
   1.05999994       1.43041075E-06
   1.07999992       1.37683014E-06
   1.09999990       1.27299631E-06
   1.11999989       1.22190590E-06
   1.13999987       1.15237935E-06
   1.15999985       1.10683322E-06
   1.17999983       1.02510626E-06
   1.19999981       9.71475174E-07
   1.22000003       9.36151025E-07
   1.24000001       8.86591181E-07
   1.25999999       8.41004749E-07
   1.27999997       7.69803592E-07
   1.29999995       7.40866767E-07
   1.31999993       7.19303671E-07
   1.33999991       6.77600553E-07
   1.35999990       6.40056328E-07
   1.37999988       5.87012210E-07
   1.39999986       5.48706680E-07
   1.41999984       5.39145617E-07
   1.43999982       5.19162086E-07
   1.46000004       4.88666444E-07
   1.48000002       4.57583894E-07
   1.50000000       4.16404532E-07
   1.51999998       3.80004735E-07
   1.53999996       3.66866971E-07
   1.55999994       3.62037667E-07
   1.57999992       3.47728019E-07
   1.59999990       3.26766042E-07
   1.61999989       3.04163109E-07
   1.63999987       2.77146000E-07
   1.65999985       2.46729343E-07
   1.67999983       2.21479752E-07
   1.69999981       2.07452644E-07
   1.72000003       2.02038166E-07
   1.74000001       1.98497020E-07
   1.75999999       1.92248308E-07
   1.77999997       1.82191073E-07
   1.79999995       1.69461998E-07
   1.81999993       1.55447168E-07
   1.83999991       1.40256830E-07
   1.85999990       1.23497443E-07
   1.87999988       1.05866022E-07
   1.89999986       8.88312570E-08
   1.91999984       7.30537337E-08
   1.93999982       5.91717431E-08
   1.95999980       4.76221445E-08
   1.98000002       3.84190955E-08
   2.00000000       3.10372030E-08
   2.01999998       2.50586627E-08
   2.03999996       2.03238066E-08
   2.05999994       1.66397971E-08
   2.07999992       1.35791485E-08
   2.09999990       1.10408500E-08
   2.11999989       9.11765685E-09
   2.13999987       7.54756968E-09
   2.15999985       6.21157303E-09
   2.17999983       5.19223331E-09
   2.19999981       4.44766401E-09
   2.21999979       3.77566023E-09
   2.23999977       3.19054827E-09
   2.25999975       2.78194601E-09
   2.27999973       2.42674614E-09
   2.29999971       2.11183471E-09
   2.31999969       1.88529348E-09
   2.33999968       1.66646574E-09
   2.36000013       1.46826662E-09
   2.38000011       1.35720202E-09
   2.40000010       1.27476008E-09
   2.42000008       1.15849719E-09
   2.44000006       1.07402442E-09
   2.46000004       1.00139985E-09
   2.48000002       9.05088615E-10
   2.50000000       8.60070959E-10
   2.51999998       8.14475265E-10
   2.53999996       7.58480390E-10
   2.55999994       7.39189043E-10
   2.57999992       7.08423431E-10
   2.59999990       6.67630229E-10
   2.61999989       6.49366949E-10
   2.63999987       5.99790773E-10
   2.65999985       5.71253100E-10
   2.67999983       5.36333866E-10
   2.69999981       5.06883813E-10
   2.71999979       5.13657727E-10
   2.73999977       4.69023820E-10
   2.75999975       4.52455989E-10
   2.77999973       4.43336867E-10
   2.79999971       4.32867103E-10
   2.81999969       4.39458608E-10
   2.83999968       4.04457162E-10
   2.85999966       3.98463512E-10
   2.88000011       3.84206056E-10
   2.90000010       3.84388216E-10
   2.92000008       3.81035703E-10
   2.94000006       3.84196869E-10
   2.96000004       4.00037170E-10
   2.98000002       4.12648943E-10
   3.00000000       4.50653403E-10
   3.01999998       5.25928634E-10
   3.03999996       6.43026188E-10
   3.05999994       1.03239695E-09
   3.07999992       6.15177742E-10
   3.09999990       2.08699298E-08
