  -2.00000000       3.14989030E-08
  -1.98000002       1.48223663E-07
  -1.96000004       2.51524057E-07
  -1.94000006       3.79507725E-07
  -1.91999996       4.57660974E-07
  -1.89999998       5.01681370E-07
  -1.88000000       5.02942555E-07
  -1.86000001       4.50552108E-07
  -1.84000003       3.93057974E-07
  -1.82000005       3.22633582E-07
  -1.79999995       2.81552559E-07
  -1.77999997       2.74061989E-07
  -1.75999999       3.05732442E-07
  -1.74000001       3.71604841E-07
  -1.72000003       4.43470810E-07
  -1.70000005       4.97054657E-07
  -1.68000007       5.16720718E-07
  -1.65999997       5.03186243E-07
  -1.63999999       4.71496236E-07
  -1.62000000       4.57124827E-07
  -1.60000002       4.62694885E-07
  -1.58000004       5.05924959E-07
  -1.55999994       5.58437705E-07
  -1.53999996       6.08242829E-07
  -1.51999998       6.11569362E-07
  -1.50000000       6.00952262E-07
  -1.48000002       5.81203665E-07
  -1.46000004       6.01287866E-07
  -1.44000006       6.59825218E-07
  -1.42000008       7.10344295E-07
  -1.40000010       7.42882321E-07
  -1.38000000       7.23318976E-07
  -1.36000001       7.19199193E-07
  -1.34000003       7.55031181E-07
  -1.31999993       8.11089706E-07
  -1.29999995       8.57398277E-07
  -1.27999997       8.57030727E-07
  -1.25999999       8.53824190E-07
  -1.24000001       8.98838550E-07
  -1.22000003       9.64860646E-07
  -1.20000005       1.00304646E-06
  -1.18000007       1.00452223E-06
  -1.16000009       1.01833530E-06
  -1.14000010       1.09568930E-06
  -1.12000000       1.17465049E-06
  -1.10000002       1.16771719E-06
  -1.08000004       1.15705643E-06
  -1.05999994       1.32374998E-06
  -1.03999996       1.46721061E-06
  -1.01999998       1.19861852E-06
  -1.00000000       1.13523424E-06
 -0.980000019       2.08557094E-06
 -0.960000038       2.55962686E-06
 -0.940000057       8.26725795E-07
 -0.920000076       8.08268396E-07
 -0.899999976       7.46231444E-06
 -0.879999995       1.39330823E-05
 -0.860000014       1.12152193E-05
 -0.840000033       1.77639522E-05
 -0.820000052       7.08650041E-05
 -0.800000072       1.68257291E-04
 -0.779999971       2.75430153E-04
 -0.759999990       4.51832195E-04
 -0.740000010       9.18522943E-04
 -0.720000029       1.90562941E-03
 -0.700000048       3.49091110E-03
 -0.680000067       5.84636116E-03
 -0.660000086       9.73461848E-03
 -0.639999986       1.66171547E-02
 -0.620000005       2.80850828E-02
 -0.600000024       4.54102978E-02
 -0.580000043       7.01771528E-02
 -0.560000062      0.105426423    
 -0.540000081      0.156197220    
 -0.519999981      0.228014141    
 -0.500000000      0.325529397    
 -0.480000019      0.451321393    
 -0.460000038      0.607012749    
 -0.440000057      0.793293953    
 -0.420000076       1.01039159    
 -0.400000095       1.25898480    
 -0.379999995       1.54029155    
 -0.360000014       1.85372674    
 -0.340000033       2.18153000    
 -0.320000052       2.48156619    
 -0.300000072       2.69746304    
 -0.280000091       2.81296515    
 -0.259999990       2.89074087    
 -0.240000010       3.03763819    
 -0.220000029       3.27583075    
 -0.200000048       3.43016481    
 -0.180000067       3.23366642    
 -0.160000086       2.60235691    
 -0.139999986       1.86967897    
 -0.120000005       1.57610333    
 -0.100000024       1.94859242    
  -8.00000429E-02   2.55645728    
  -6.00000620E-02   2.59498549    
  -4.00000811E-02   1.75828588    
  -2.00001001E-02  0.534229457    
   0.00000000       4.86485846E-03
   1.99999809E-02   9.73180431E-06
   3.99999619E-02   5.07000550E-06
   5.99999428E-02   5.34060746E-07
   7.99999237E-02   1.44180433E-06
   9.99999046E-02   8.03844841E-07
  0.119999886       1.53346525E-06
  0.139999866       1.71435317E-06
  0.159999847       2.11832662E-06
  0.180000067       2.79361848E-06
  0.200000048       2.95937616E-06
  0.220000029       3.95462939E-06
  0.240000010       3.98929615E-06
  0.259999990       5.04949821E-06
  0.279999971       5.08589028E-06
  0.299999952       5.91783737E-06
  0.319999933       6.14549162E-06
  0.339999914       6.60725209E-06
  0.359999895       7.11627581E-06
  0.379999876       7.17966441E-06
  0.399999857       7.65725235E-06
  0.419999838       7.48563707E-06
  0.440000057       7.66919675E-06
  0.460000038       7.68352857E-06
  0.480000019       7.47352806E-06
  0.500000000       7.46410888E-06
  0.519999981       7.03285014E-06
  0.539999962       6.85335544E-06
  0.559999943       6.64531581E-06
  0.579999924       6.14137434E-06
  0.599999905       5.89526371E-06
  0.619999886       5.56791656E-06
  0.639999866       5.15924967E-06
  0.659999847       4.89764489E-06
  0.679999828       4.55936788E-06
  0.700000048       4.24561085E-06
  0.720000029       4.01846046E-06
  0.740000010       3.74386673E-06
  0.759999990       3.48087860E-06
  0.779999971       3.30358966E-06
  0.799999952       3.11214899E-06
  0.819999933       2.86194950E-06
  0.839999914       2.73818409E-06
  0.859999895       2.61076548E-06
  0.879999876       2.37577660E-06
  0.899999857       2.28600788E-06
  0.919999838       2.17848310E-06
  0.939999819       2.03015520E-06
  0.960000038       1.88989486E-06
  0.980000019       1.82140457E-06
   1.00000000       1.74752790E-06
   1.01999998       1.59667138E-06
   1.03999996       1.51533300E-06
   1.05999994       1.46063451E-06
   1.07999992       1.40474981E-06
   1.09999990       1.27865087E-06
   1.11999989       1.20857953E-06
   1.13999987       1.17505306E-06
   1.15999985       1.13280396E-06
   1.17999983       1.04525986E-06
   1.19999981       9.55734777E-07
   1.22000003       9.38777418E-07
   1.24000001       9.08814684E-07
   1.25999999       8.68206087E-07
   1.27999997       7.81806193E-07
   1.29999995       7.25519726E-07
   1.31999993       7.18895024E-07
   1.33999991       6.95704500E-07
   1.35999990       6.64173967E-07
   1.37999988       6.06594881E-07
   1.39999986       5.44844625E-07
   1.41999984       5.26803831E-07
   1.43999982       5.21611526E-07
   1.46000004       5.03791398E-07
   1.48000002       4.78728850E-07
   1.50000000       4.36326872E-07
   1.51999998       3.86338741E-07
   1.53999996       3.59103012E-07
   1.55999994       3.53621772E-07
   1.57999992       3.48343264E-07
   1.59999990       3.36559282E-07
   1.61999989       3.20118488E-07
   1.63999987       2.95486132E-07
   1.65999985       2.62036821E-07
   1.67999983       2.29085302E-07
   1.69999981       2.06669142E-07
   1.72000003       1.96383326E-07
   1.74000001       1.92706636E-07
   1.75999999       1.89519810E-07
   1.77999997       1.83506643E-07
   1.79999995       1.74787175E-07
   1.81999993       1.64252015E-07
   1.83999991       1.51389443E-07
   1.85999990       1.35768829E-07
   1.87999988       1.18100481E-07
   1.89999986       9.99785215E-08
   1.91999984       8.24735693E-08
   1.93999982       6.65861961E-08
   1.95999980       5.32955653E-08
   1.98000002       4.25442970E-08
   2.00000000       3.37752155E-08
   2.01999998       2.67756786E-08
   2.03999996       2.13374030E-08
   2.05999994       1.70872756E-08
   2.07999992       1.36032963E-08
   2.09999990       1.08189493E-08
   2.11999989       8.75252582E-09
   2.13999987       7.06280190E-09
   2.15999985       5.68361269E-09
   2.17999983       4.67203920E-09
   2.19999981       3.88718613E-09
   2.21999979       3.20266991E-09
   2.23999977       2.65487476E-09
   2.25999975       2.25052332E-09
   2.27999973       1.90153671E-09
   2.29999971       1.61131586E-09
   2.31999969       1.39471568E-09
   2.33999968       1.19225463E-09
   2.36000013       1.02697228E-09
   2.38000011       9.37349087E-10
   2.40000010       8.37807157E-10
   2.42000008       7.31956662E-10
   2.44000006       6.70747902E-10
   2.46000004       5.93110172E-10
   2.48000002       5.19010501E-10
   2.50000000       4.88022733E-10
   2.51999998       4.40484510E-10
   2.53999996       3.96160937E-10
   2.55999994       3.77154696E-10
   2.57999992       3.39830997E-10
   2.59999990       3.19797522E-10
   2.61999989       2.93861158E-10
   2.63999987       2.59768568E-10
   2.65999985       2.45560738E-10
   2.67999983       2.13149401E-10
   2.69999981       1.98384184E-10
   2.71999979       1.94596700E-10
   2.73999977       1.64897512E-10
   2.75999975       1.53832599E-10
   2.77999973       1.45848042E-10
   2.79999971       1.47771809E-10
   2.81999969       1.36985354E-10
   2.83999968       1.16400396E-10
   2.85999966       1.16907706E-10
   2.88000011       1.10635161E-10
   2.90000010       1.15784278E-10
   2.92000008       1.14976403E-10
   2.94000006       1.21479549E-10
   2.96000004       1.36494427E-10
   2.98000002       1.54023821E-10
   3.00000000       1.87563423E-10
   3.01999998       2.53011972E-10
   3.03999996       3.64207747E-10
   3.05999994       7.27701455E-10
   3.07999992       4.16704643E-10
   3.09999990       2.11024052E-08
