  -2.00000000       2.05211322E-07
  -1.98000002       5.80595156E-07
  -1.96000004       9.51087259E-07
  -1.94000006       9.89748742E-07
  -1.91999996       7.98495080E-07
  -1.89999998       4.40862834E-07
  -1.88000000       1.47405146E-07
  -1.86000001       7.50493143E-08
  -1.84000003       2.57639869E-07
  -1.82000005       5.40960343E-07
  -1.79999995       7.74916600E-07
  -1.77999997       7.86746455E-07
  -1.75999999       6.21654351E-07
  -1.74000001       3.93884051E-07
  -1.72000003       2.74062245E-07
  -1.70000005       3.32549121E-07
  -1.68000007       5.15554461E-07
  -1.65999997       6.81227107E-07
  -1.63999999       7.11874407E-07
  -1.62000000       6.10569373E-07
  -1.60000002       4.72837343E-07
  -1.58000004       4.48168521E-07
  -1.55999994       5.56229054E-07
  -1.53999996       7.05754246E-07
  -1.51999998       7.55478254E-07
  -1.50000000       6.91457501E-07
  -1.48000002       6.10172094E-07
  -1.46000004       6.07927632E-07
  -1.44000006       7.28694033E-07
  -1.42000008       8.25203642E-07
  -1.40000010       8.19377306E-07
  -1.38000000       7.46599426E-07
  -1.36000001       7.25928317E-07
  -1.34000003       8.40635721E-07
  -1.31999993       9.44771216E-07
  -1.29999995       9.20874811E-07
  -1.27999997       8.61889987E-07
  -1.25999999       9.03724072E-07
  -1.24000001       1.03645721E-06
  -1.22000003       1.08658480E-06
  -1.20000005       1.02075433E-06
  -1.18000007       1.03202433E-06
  -1.16000009       1.16934928E-06
  -1.14000010       1.23377436E-06
  -1.12000000       1.17318143E-06
  -1.10000002       1.21251537E-06
  -1.08000004       1.39334509E-06
  -1.05999994       1.38102450E-06
  -1.03999996       1.24101757E-06
  -1.01999998       1.52575001E-06
  -1.00000000       2.00080490E-06
 -0.980000019       1.51279812E-06
 -0.960000038       7.73188958E-07
 -0.940000057       2.09075915E-06
 -0.920000076       5.24210463E-06
 -0.899999976       4.98881718E-06
 -0.879999995       1.34025390E-06
 -0.860000014       5.87980185E-06
 -0.840000033       3.12024822E-05
 -0.820000052       6.56959892E-05
 -0.800000072       9.20080638E-05
 -0.779999971       1.43966841E-04
 -0.759999990       3.28427937E-04
 -0.740000010       7.42173288E-04
 -0.720000029       1.39446440E-03
 -0.700000048       2.34142551E-03
 -0.680000067       3.92193859E-03
 -0.660000086       6.90862257E-03
 -0.639999986       1.21829165E-02
 -0.620000005       2.05717534E-02
 -0.600000024       3.28849889E-02
 -0.580000043       5.08524254E-02
 -0.560000062       7.73735419E-02
 -0.540000081      0.116608813    
 -0.519999981      0.172715276    
 -0.500000000      0.249527425    
 -0.480000019      0.350157619    
 -0.460000038      0.476888865    
 -0.440000057      0.631027877    
 -0.420000076      0.813027322    
 -0.400000095       1.02719903    
 -0.379999995       1.28153586    
 -0.360000014       1.58251882    
 -0.340000033       1.91094470    
 -0.320000052       2.21280313    
 -0.300000072       2.42172956    
 -0.280000091       2.53271222    
 -0.259999990       2.64778996    
 -0.240000010       2.90723705    
 -0.220000029       3.31392670    
 -0.200000048       3.60430288    
 -0.180000067       3.42138290    
 -0.160000086       2.68682623    
 -0.139999986       1.86940241    
 -0.120000005       1.66938567    
 -0.100000024       2.33034086    
  -8.00000429E-02   3.24138045    
  -6.00000620E-02   3.34603453    
  -4.00000811E-02   2.27545738    
  -2.00001001E-02  0.691493690    
   0.00000000       6.29474781E-03
   1.99999809E-02   1.25811157E-05
   3.99999619E-02   6.55207532E-06
   5.99999428E-02   3.00139106E-07
   7.99999237E-02   1.84164162E-06
   9.99999046E-02   2.43454679E-07
  0.119999886       1.79332437E-06
  0.139999866       9.71351255E-07
  0.159999847       2.24874088E-06
  0.180000067       1.90556386E-06
  0.200000048       2.89228046E-06
  0.220000029       2.99141948E-06
  0.240000010       3.63901904E-06
  0.259999990       4.13524367E-06
  0.279999971       4.41432394E-06
  0.299999952       5.16344107E-06
  0.319999933       5.17882927E-06
  0.339999914       5.97706776E-06
  0.359999895       6.01492911E-06
  0.379999876       6.57982582E-06
  0.399999857       6.78860215E-06
  0.419999838       6.85041687E-06
  0.440000057       7.16916475E-06
  0.460000038       6.97080668E-06
  0.480000019       7.23453104E-06
  0.500000000       7.09543656E-06
  0.519999981       6.88736463E-06
  0.539999962       6.85420127E-06
  0.559999943       6.48764080E-06
  0.579999924       6.39662539E-06
  0.599999905       6.10250390E-06
  0.619999886       5.67081406E-06
  0.639999866       5.56174791E-06
  0.659999847       5.20825415E-06
  0.679999828       4.82685618E-06
  0.700000048       4.67433074E-06
  0.720000029       4.34985532E-06
  0.740000010       4.03988815E-06
  0.759999990       3.89497427E-06
  0.779999971       3.62293827E-06
  0.799999952       3.35943218E-06
  0.819999933       3.25878750E-06
  0.839999914       3.04077184E-06
  0.859999895       2.79705318E-06
  0.879999876       2.74171020E-06
  0.899999857       2.56933345E-06
  0.919999838       2.35672724E-06
  0.939999819       2.29835655E-06
  0.960000038       2.18650757E-06
  0.980000019       2.03168065E-06
   1.00000000       1.89609284E-06
   1.01999998       1.87535545E-06
   1.03999996       1.76023048E-06
   1.05999994       1.60905586E-06
   1.07999992       1.55898010E-06
   1.09999990       1.52637790E-06
   1.11999989       1.42505394E-06
   1.13999987       1.29509840E-06
   1.15999985       1.27303076E-06
   1.17999983       1.24935673E-06
   1.19999981       1.16370040E-06
   1.22000003       1.05950176E-06
   1.24000001       1.02024592E-06
   1.25999999       1.02336480E-06
   1.27999997       9.62971285E-07
   1.29999995       8.84729161E-07
   1.31999993       8.09740243E-07
   1.33999991       8.13766292E-07
   1.35999990       8.02525790E-07
   1.37999988       7.47787510E-07
   1.39999986       6.81990457E-07
   1.41999984       6.23858284E-07
   1.43999982       6.23991525E-07
   1.46000004       6.25619862E-07
   1.48000002       5.89629053E-07
   1.50000000       5.41008433E-07
   1.51999998       4.85778287E-07
   1.53999996       4.54963896E-07
   1.55999994       4.61580697E-07
   1.57999992       4.61587518E-07
   1.59999990       4.36387268E-07
   1.61999989       4.00843504E-07
   1.63999987       3.59624067E-07
   1.65999985       3.22432612E-07
   1.67999983       3.07643376E-07
   1.69999981       3.12072558E-07
   1.72000003       3.13912665E-07
   1.74000001       3.01402565E-07
   1.75999999       2.79166017E-07
   1.77999997       2.53329716E-07
   1.79999995       2.25100237E-07
   1.81999993       1.97806685E-07
   1.83999991       1.78834924E-07
   1.85999990       1.71176680E-07
   1.87999988       1.70773987E-07
   1.89999986       1.71702780E-07
   1.91999984       1.69220314E-07
   1.93999982       1.61854416E-07
   1.95999980       1.50901485E-07
   1.98000002       1.38162079E-07
   2.00000000       1.23793470E-07
   2.01999998       1.08365747E-07
   2.03999996       9.30397732E-08
   2.05999994       7.79502471E-08
   2.07999992       6.38197051E-08
   2.09999990       5.17536023E-08
   2.11999989       4.14772146E-08
   2.13999987       3.28503447E-08
   2.15999985       2.61536837E-08
   2.17999983       2.08713260E-08
   2.19999981       1.65976779E-08
   2.21999979       1.33493101E-08
   2.23999977       1.07713669E-08
   2.25999975       8.68229844E-09
   2.27999973       7.13320247E-09
   2.29999971       5.87351945E-09
   2.31999969       4.80616613E-09
   2.33999968       4.02523570E-09
   2.36000013       3.35756845E-09
   2.38000011       2.78507728E-09
   2.40000010       2.37847386E-09
   2.42000008       2.01117833E-09
   2.44000006       1.69550840E-09
   2.46000004       1.47278745E-09
   2.48000002       1.25156696E-09
   2.50000000       1.07770048E-09
   2.51999998       9.49378798E-10
   2.53999996       8.04413536E-10
   2.55999994       7.15598192E-10
   2.57999992       6.25244245E-10
   2.59999990       5.44768008E-10
   2.61999989       4.97492769E-10
   2.63999987       4.29876718E-10
   2.65999985       3.89514476E-10
   2.67999983       3.61150609E-10
   2.69999981       3.16705606E-10
   2.71999979       2.79176460E-10
   2.73999977       2.45650777E-10
   2.75999975       2.39783832E-10
   2.77999973       2.10186618E-10
   2.79999971       1.82911422E-10
   2.81999969       1.62594355E-10
   2.83999968       1.43949491E-10
   2.85999966       1.35354117E-10
   2.88000011       1.15937537E-10
   2.90000010       1.17094473E-10
   2.92000008       1.02079956E-10
   2.94000006       9.61476870E-11
   2.96000004       9.37844802E-11
   2.98000002       1.14292818E-10
   3.00000000       1.35263606E-10
   3.01999998       1.96670499E-10
   3.03999996       3.07792791E-10
   3.05999994       7.85288001E-10
   3.07999992       4.75920081E-10
   3.09999990       5.38517320E-08
