  -2.00000000       2.25978368E-07
  -1.98000002       6.81606025E-07
  -1.96000004       1.00650209E-06
  -1.94000006       1.04507876E-06
  -1.91999996       7.15432066E-07
  -1.89999998       3.38636085E-07
  -1.88000000       7.34169916E-08
  -1.86000001       1.22874397E-07
  -1.84000003       4.13948243E-07
  -1.82000005       7.28419366E-07
  -1.79999995       8.58739838E-07
  -1.77999997       7.25265068E-07
  -1.75999999       4.63516955E-07
  -1.74000001       2.67817143E-07
  -1.72000003       2.85034560E-07
  -1.70000005       4.74792444E-07
  -1.68000007       6.76199647E-07
  -1.65999997       7.29455110E-07
  -1.63999999       6.23002222E-07
  -1.62000000       4.70333248E-07
  -1.60000002       4.24858428E-07
  -1.58000004       5.42978967E-07
  -1.55999994       6.99531711E-07
  -1.53999996       7.58809051E-07
  -1.51999998       6.71560315E-07
  -1.50000000       5.84062661E-07
  -1.48000002       6.07189122E-07
  -1.46000004       7.24121094E-07
  -1.44000006       8.24075585E-07
  -1.42000008       7.85598957E-07
  -1.40000010       7.15364877E-07
  -1.38000000       7.28367354E-07
  -1.36000001       8.35258959E-07
  -1.34000003       9.26739858E-07
  -1.31999993       8.82662050E-07
  -1.29999995       8.29932731E-07
  -1.27999997       9.07195613E-07
  -1.25999999       1.02805154E-06
  -1.24000001       1.03752916E-06
  -1.22000003       9.84788016E-07
  -1.20000005       1.02349622E-06
  -1.18000007       1.15777573E-06
  -1.16000009       1.18990806E-06
  -1.14000010       1.12544512E-06
  -1.12000000       1.18875994E-06
  -1.10000002       1.35612777E-06
  -1.08000004       1.36685117E-06
  -1.05999994       1.25632971E-06
  -1.03999996       1.34524055E-06
  -1.01999998       1.71539659E-06
  -1.00000000       1.82288238E-06
 -0.980000019       1.30565843E-06
 -0.960000038       9.84792450E-07
 -0.940000057       2.61998230E-06
 -0.920000076       4.97049132E-06
 -0.899999976       3.99646524E-06
 -0.879999995       5.63024173E-07
 -0.860000014       7.50046320E-06
 -0.840000033       3.24227149E-05
 -0.820000052       6.11577270E-05
 -0.800000072       8.09641206E-05
 -0.779999971       1.34251211E-04
 -0.759999990       3.22569918E-04
 -0.740000010       7.16362381E-04
 -0.720000029       1.32236059E-03
 -0.700000048       2.19510077E-03
 -0.680000067       3.71388043E-03
 -0.660000086       6.58672489E-03
 -0.639999986       1.16582494E-02
 -0.620000005       1.96250901E-02
 -0.600000024       3.13416347E-02
 -0.580000043       4.84790131E-02
 -0.560000062       7.39343688E-02
 -0.540000081      0.111687548    
 -0.519999981      0.165704012    
 -0.500000000      0.239847675    
 -0.480000019      0.337095678    
 -0.460000038      0.460021675    
 -0.440000057      0.609503746    
 -0.420000076      0.786456943    
 -0.400000095      0.995377362    
 -0.379999995       1.24575865    
 -0.360000014       1.54475605    
 -0.340000033       1.87255526    
 -0.320000052       2.17321491    
 -0.300000072       2.37861204    
 -0.280000091       2.48716497    
 -0.259999990       2.60707450    
 -0.240000010       2.88444090    
 -0.220000029       3.31697893    
 -0.200000048       3.62665224    
 -0.180000067       3.44283223    
 -0.160000086       2.69031453    
 -0.139999986       1.86118197    
 -0.120000005       1.67965317    
 -0.100000024       2.38977146    
  -8.00000429E-02   3.34983516    
  -6.00000620E-02   3.46461964    
  -4.00000811E-02   2.35654974    
  -2.00001001E-02  0.716134310    
   0.00000000       6.48751715E-03
   1.99999809E-02   1.66552363E-05
   3.99999619E-02   3.52727875E-06
   5.99999428E-02   2.43344539E-06
   7.99999237E-02   3.05713002E-07
   9.99999046E-02   1.40348322E-06
  0.119999886       8.84143219E-07
  0.139999866       1.60883087E-06
  0.159999847       1.74863271E-06
  0.180000067       2.12528653E-06
  0.200000048       2.71931094E-06
  0.220000029       2.83341501E-06
  0.240000010       3.73516059E-06
  0.259999990       3.71405031E-06
  0.279999971       4.69479937E-06
  0.299999952       4.69059069E-06
  0.319999933       5.44526392E-06
  0.339999914       5.61941124E-06
  0.359999895       5.99495979E-06
  0.379999876       6.45781984E-06
  0.399999857       6.50829043E-06
  0.419999838       7.01414319E-06
  0.440000057       6.87405372E-06
  0.460000038       7.05474577E-06
  0.480000019       7.07823028E-06
  0.500000000       6.94850632E-06
  0.519999981       7.04659760E-06
  0.539999962       6.68678058E-06
  0.559999943       6.53854659E-06
  0.579999924       6.39686687E-06
  0.599999905       6.03573017E-06
  0.619999886       5.83992824E-06
  0.639999866       5.49588731E-06
  0.659999847       5.20566391E-06
  0.679999828       5.00588158E-06
  0.700000048       4.61833588E-06
  0.720000029       4.37772087E-06
  0.740000010       4.19548542E-06
  0.759999990       3.85419662E-06
  0.779999971       3.65700112E-06
  0.799999952       3.50136406E-06
  0.819999933       3.22338246E-06
  0.839999914       3.06886614E-06
  0.859999895       2.92633240E-06
  0.879999876       2.71793715E-06
  0.899999857       2.58895261E-06
  0.919999838       2.45234742E-06
  0.939999819       2.32183856E-06
  0.960000038       2.18084688E-06
  0.980000019       2.07789253E-06
   1.00000000       1.98655607E-06
   1.01999998       1.84323994E-06
   1.03999996       1.78497521E-06
   1.05999994       1.67896235E-06
   1.07999992       1.59766955E-06
   1.09999990       1.50329765E-06
   1.11999989       1.45696049E-06
   1.13999987       1.36234110E-06
   1.15999985       1.29568366E-06
   1.17999983       1.23031009E-06
   1.19999981       1.19282890E-06
   1.22000003       1.11062229E-06
   1.24000001       1.06005996E-06
   1.25999999       1.00068519E-06
   1.27999997       9.81287940E-07
   1.29999995       9.16233091E-07
   1.31999993       8.62290563E-07
   1.33999991       8.18465139E-07
   1.35999990       7.90297122E-07
   1.37999988       7.70682675E-07
   1.39999986       7.10065194E-07
   1.41999984       6.67872996E-07
   1.43999982       6.34215951E-07
   1.46000004       6.11887458E-07
   1.48000002       6.04180059E-07
   1.50000000       5.62603759E-07
   1.51999998       5.14462442E-07
   1.53999996       4.87332500E-07
   1.55999994       4.63981792E-07
   1.57999992       4.52870580E-07
   1.59999990       4.47204741E-07
   1.61999989       4.18440834E-07
   1.63999987       3.77575844E-07
   1.65999985       3.49254208E-07
   1.67999983       3.30174856E-07
   1.69999981       3.15045156E-07
   1.72000003       3.09381903E-07
   1.74000001       3.06399215E-07
   1.75999999       2.92219539E-07
   1.77999997       2.65749208E-07
   1.79999995       2.37209505E-07
   1.81999993       2.15023107E-07
   1.83999991       1.99348264E-07
   1.85999990       1.86940497E-07
   1.87999988       1.77758523E-07
   1.89999986       1.73145196E-07
   1.91999984       1.70983796E-07
   1.93999982       1.66877896E-07
   1.95999980       1.59109291E-07
   1.98000002       1.46808205E-07
   2.00000000       1.31235254E-07
   2.01999998       1.15218057E-07
   2.03999996       9.99044616E-08
   2.05999994       8.55029327E-08
   2.07999992       7.28611624E-08
   2.09999990       6.16840055E-08
   2.11999989       5.14863885E-08
   2.13999987       4.26825260E-08
   2.15999985       3.53196050E-08
   2.17999983       2.89192279E-08
   2.19999981       2.36558204E-08
   2.21999979       1.94026661E-08
   2.23999977       1.58573954E-08
   2.25999975       1.31264652E-08
   2.27999973       1.09565361E-08
   2.29999971       9.06426312E-09
   2.31999969       7.59579688E-09
   2.33999968       6.42914522E-09
   2.36000013       5.39214584E-09
   2.38000011       4.59979654E-09
   2.40000010       3.98807920E-09
   2.42000008       3.41509510E-09
   2.44000006       2.98640468E-09
   2.46000004       2.60095212E-09
   2.48000002       2.23204522E-09
   2.50000000       1.97735295E-09
   2.51999998       1.73574244E-09
   2.53999996       1.55729452E-09
   2.55999994       1.43063872E-09
   2.57999992       1.28195365E-09
   2.59999990       1.17611587E-09
   2.61999989       1.07031828E-09
   2.63999987       9.72062875E-10
   2.65999985       9.36547950E-10
   2.67999983       8.52181548E-10
   2.69999981       7.95624011E-10
   2.71999979       7.42941542E-10
   2.73999977       6.89352908E-10
   2.75999975       6.84382662E-10
   2.77999973       6.26393604E-10
   2.79999971       5.88671556E-10
   2.81999969       5.61141134E-10
   2.83999968       5.45597567E-10
   2.85999966       5.11264808E-10
   2.88000011       4.80712747E-10
   2.90000010       4.66695627E-10
   2.92000008       4.38460157E-10
   2.94000006       4.36704339E-10
   2.96000004       4.22499286E-10
   2.98000002       4.39570436E-10
   3.00000000       4.53987764E-10
   3.01999998       5.42134837E-10
   3.03999996       6.86312673E-10
   3.05999994       1.26286448E-09
   3.07999992       9.00668262E-10
   3.09999990       6.06196124E-08
