  -2.00000000       2.26984127E-07
  -1.98000002       7.76101388E-07
  -1.96000004       1.04599530E-06
  -1.94000006       1.02191143E-06
  -1.91999996       5.97744531E-07
  -1.89999998       1.96519181E-07
  -1.88000000       4.24171205E-08
  -1.86000001       2.66506049E-07
  -1.84000003       6.49935032E-07
  -1.82000005       9.34850448E-07
  -1.79999995       8.72629357E-07
  -1.77999997       5.78305844E-07
  -1.75999999       2.74985666E-07
  -1.74000001       2.10418321E-07
  -1.72000003       4.15676595E-07
  -1.70000005       6.94673133E-07
  -1.68000007       8.09249059E-07
  -1.65999997       6.82106247E-07
  -1.63999999       4.67052530E-07
  -1.62000000       3.70629436E-07
  -1.60000002       4.90477589E-07
  -1.58000004       7.10962013E-07
  -1.55999994       8.08208483E-07
  -1.53999996       7.08081075E-07
  -1.51999998       5.45073192E-07
  -1.50000000       5.47746424E-07
  -1.48000002       7.08225002E-07
  -1.46000004       8.52430162E-07
  -1.44000006       8.25113034E-07
  -1.42000008       6.81501490E-07
  -1.40000010       6.67602706E-07
  -1.38000000       8.16922466E-07
  -1.36000001       9.48381057E-07
  -1.34000003       9.06710852E-07
  -1.31999993       7.80884363E-07
  -1.29999995       8.38524613E-07
  -1.27999997       1.03327568E-06
  -1.25999999       1.07322421E-06
  -1.24000001       9.49316188E-07
  -1.22000003       9.48261174E-07
  -1.20000005       1.13464239E-06
  -1.18000007       1.22560846E-06
  -1.16000009       1.10139842E-06
  -1.14000010       1.09234588E-06
  -1.12000000       1.31736033E-06
  -1.10000002       1.40651139E-06
  -1.08000004       1.24763187E-06
  -1.05999994       1.26374164E-06
  -1.03999996       1.52492112E-06
  -1.01999998       1.73174021E-06
  -1.00000000       1.63133689E-06
 -0.980000019       1.26205873E-06
 -0.960000038       1.27476721E-06
 -0.940000057       2.90317826E-06
 -0.920000076       4.76219611E-06
 -0.899999976       2.79467076E-06
 -0.879999995       4.05213143E-07
 -0.860000014       9.06432342E-06
 -0.840000033       3.35814620E-05
 -0.820000052       5.48225871E-05
 -0.800000072       7.13872505E-05
 -0.779999971       1.25936422E-04
 -0.759999990       3.17901373E-04
 -0.740000010       6.88724569E-04
 -0.720000029       1.24673604E-03
 -0.700000048       2.05403822E-03
 -0.680000067       3.50777898E-03
 -0.660000086       6.28128089E-03
 -0.639999986       1.11219175E-02
 -0.620000005       1.86956935E-02
 -0.600000024       2.97808517E-02
 -0.580000043       4.61438820E-02
 -0.560000062       7.04848319E-02
 -0.540000081      0.106782861    
 -0.519999981      0.158659890    
 -0.500000000      0.230101347    
 -0.480000019      0.323973715    
 -0.460000038      0.442921519    
 -0.440000057      0.587743640    
 -0.420000076      0.759246171    
 -0.400000095      0.962912440    
 -0.379999995       1.20898068    
 -0.360000014       1.50607991    
 -0.340000033       1.83294654    
 -0.320000052       2.13191533    
 -0.300000072       2.33308077    
 -0.280000091       2.43839550    
 -0.259999990       2.56361556    
 -0.240000010       2.85972190    
 -0.220000029       3.31984830    
 -0.200000048       3.64896441    
 -0.180000067       3.46344447    
 -0.160000086       2.69131494    
 -0.139999986       1.85025930    
 -0.120000005       1.68959987    
 -0.100000024       2.45262241    
  -8.00000429E-02   3.46518660    
  -6.00000620E-02   3.59024763    
  -4.00000811E-02   2.44249177    
  -2.00001001E-02  0.742081523    
   0.00000000       6.73727598E-03
   1.99999809E-02   1.54540976E-05
   3.99999619E-02   5.10511472E-06
   5.99999428E-02   1.67420399E-06
   7.99999237E-02   7.29573344E-07
   9.99999046E-02   1.19987976E-06
  0.119999886       8.32628302E-07
  0.139999866       1.73938258E-06
  0.159999847       1.39489634E-06
  0.180000067       2.48828565E-06
  0.200000048       2.19127469E-06
  0.220000029       3.31032265E-06
  0.240000010       3.15801753E-06
  0.259999990       4.09741142E-06
  0.279999971       4.19293201E-06
  0.299999952       4.78040738E-06
  0.319999933       5.20622552E-06
  0.339999914       5.43176839E-06
  0.359999895       6.12009626E-06
  0.379999876       6.10898951E-06
  0.399999857       6.68255234E-06
  0.419999838       6.64281197E-06
  0.440000057       6.82978589E-06
  0.460000038       7.03977003E-06
  0.480000019       6.89783519E-06
  0.500000000       7.09784081E-06
  0.519999981       6.79976347E-06
  0.539999962       6.68272060E-06
  0.559999943       6.64283743E-06
  0.579999924       6.27438294E-06
  0.599999905       6.12981830E-06
  0.619999886       5.81518816E-06
  0.639999866       5.49983270E-06
  0.659999847       5.34954461E-06
  0.679999828       4.94540564E-06
  0.700000048       4.66567644E-06
  0.720000029       4.52208269E-06
  0.740000010       4.15033810E-06
  0.759999990       3.90611240E-06
  0.779999971       3.78510822E-06
  0.799999952       3.47598257E-06
  0.819999933       3.26689542E-06
  0.839999914       3.17126114E-06
  0.859999895       2.93049789E-06
  0.879999876       2.75022080E-06
  0.899999857       2.65306630E-06
  0.919999838       2.49818663E-06
  0.939999819       2.33697733E-06
  0.960000038       2.20820743E-06
  0.980000019       2.15655200E-06
   1.00000000       1.99746705E-06
   1.01999998       1.86086595E-06
   1.03999996       1.82630436E-06
   1.05999994       1.73493356E-06
   1.07999992       1.61197067E-06
   1.09999990       1.50514927E-06
   1.11999989       1.50747837E-06
   1.13999987       1.41181408E-06
   1.15999985       1.30735305E-06
   1.17999983       1.22667814E-06
   1.19999981       1.23461041E-06
   1.22000003       1.16341005E-06
   1.24000001       1.07529218E-06
   1.25999999       9.94377160E-07
   1.27999997       9.97017082E-07
   1.29999995       9.72723683E-07
   1.31999993       8.95277196E-07
   1.33999991       8.20411685E-07
   1.35999990       7.80122377E-07
   1.37999988       7.95976462E-07
   1.39999986       7.61627064E-07
   1.41999984       6.98962140E-07
   1.43999982       6.35732874E-07
   1.46000004       5.99519296E-07
   1.48000002       6.14335477E-07
   1.50000000       6.04192451E-07
   1.51999998       5.56981547E-07
   1.53999996       5.06280458E-07
   1.55999994       4.58019940E-07
   1.57999992       4.41750217E-07
   1.59999990       4.55514055E-07
   1.61999989       4.50343606E-07
   1.63999987       4.17567549E-07
   1.65999985       3.78517598E-07
   1.67999983       3.38374917E-07
   1.69999981       3.07154380E-07
   1.72000003       3.00524903E-07
   1.74000001       3.09219331E-07
   1.75999999       3.09984671E-07
   1.77999997       2.94591302E-07
   1.79999995       2.69517358E-07
   1.81999993       2.41441512E-07
   1.83999991       2.13224837E-07
   1.85999990       1.88045362E-07
   1.87999988       1.72121631E-07
   1.89999986       1.67922394E-07
   1.91999984       1.69804622E-07
   1.93999982       1.71512355E-07
   1.95999980       1.69277129E-07
   1.98000002       1.61579578E-07
   2.00000000       1.50062803E-07
   2.01999998       1.36778425E-07
   2.03999996       1.21740058E-07
   2.05999994       1.05952083E-07
   2.07999992       9.05631623E-08
   2.09999990       7.54637668E-08
   2.11999989       6.16226359E-08
   2.13999987       4.99344921E-08
   2.15999985       4.00936635E-08
   2.17999983       3.20482982E-08
   2.19999981       2.58055444E-08
   2.21999979       2.07893311E-08
   2.23999977       1.68423036E-08
   2.25999975       1.38825191E-08
   2.27999973       1.14471410E-08
   2.29999971       9.41220435E-09
   2.31999969       7.84227439E-09
   2.33999968       6.55919452E-09
   2.36000013       5.52685187E-09
   2.38000011       4.72365747E-09
   2.40000010       3.95469746E-09
   2.42000008       3.37211703E-09
   2.44000006       2.92074165E-09
   2.46000004       2.47321852E-09
   2.48000002       2.14347651E-09
   2.50000000       1.84593241E-09
   2.51999998       1.59703417E-09
   2.53999996       1.43093526E-09
   2.55999994       1.25260380E-09
   2.57999992       1.11600340E-09
   2.59999990       9.94319849E-10
   2.61999989       8.70915340E-10
   2.63999987       8.01211375E-10
   2.65999985       6.99894143E-10
   2.67999983       6.14111373E-10
   2.69999981       5.50922863E-10
   2.71999979       5.01491737E-10
   2.73999977       4.66776007E-10
   2.75999975       3.94226096E-10
   2.77999973       3.69196340E-10
   2.79999971       3.32215644E-10
   2.81999969       2.94780200E-10
   2.83999968       2.63140926E-10
   2.85999966       2.34178732E-10
   2.88000011       2.07508039E-10
   2.90000010       1.61222799E-10
   2.92000008       1.44642770E-10
   2.94000006       1.30511435E-10
   2.96000004       1.33085529E-10
   2.98000002       1.25900748E-10
   3.00000000       1.53694057E-10
   3.01999998       2.04549447E-10
   3.03999996       3.41185080E-10
   3.05999994       8.74555595E-10
   3.07999992       6.88346713E-10
   3.09999990       6.08937825E-08
