  -2.00000000       2.77275404E-07
  -1.98000002       8.60815248E-07
  -1.96000004       1.16274214E-06
  -1.94000006       9.25070140E-07
  -1.91999996       4.47094862E-07
  -1.89999998       5.25589812E-08
  -1.88000000       1.15621525E-07
  -1.86000001       5.67199947E-07
  -1.84000003       1.00119166E-06
  -1.82000005       1.09224015E-06
  -1.79999995       7.56643431E-07
  -1.77999997       3.22754033E-07
  -1.75999999       1.39735988E-07
  -1.74000001       3.44507242E-07
  -1.72000003       7.14607893E-07
  -1.70000005       9.04849003E-07
  -1.68000007       7.63777507E-07
  -1.65999997       4.71930889E-07
  -1.63999999       3.27091044E-07
  -1.62000000       4.53171879E-07
  -1.60000002       7.13662757E-07
  -1.58000004       8.39518577E-07
  -1.55999994       7.27631345E-07
  -1.53999996       5.35900710E-07
  -1.51999998       5.12913743E-07
  -1.50000000       6.94282903E-07
  -1.48000002       8.47534238E-07
  -1.46000004       8.28462930E-07
  -1.44000006       6.83083044E-07
  -1.42000008       6.46725766E-07
  -1.40000010       7.94697144E-07
  -1.38000000       9.25150516E-07
  -1.36000001       9.00350187E-07
  -1.34000003       7.90826789E-07
  -1.31999993       8.12295355E-07
  -1.29999995       9.87635872E-07
  -1.27999997       1.05972038E-06
  -1.25999999       9.59855015E-07
  -1.24000001       9.29749376E-07
  -1.22000003       1.08091513E-06
  -1.20000005       1.18981154E-06
  -1.18000007       1.11617771E-06
  -1.16000009       1.07939059E-06
  -1.14000010       1.23788413E-06
  -1.12000000       1.35786036E-06
  -1.10000002       1.28533202E-06
  -1.08000004       1.26779923E-06
  -1.05999994       1.40280395E-06
  -1.03999996       1.54916711E-06
  -1.01999998       1.65484857E-06
  -1.00000000       1.60897673E-06
 -0.980000019       1.20405025E-06
 -0.960000038       1.55751843E-06
 -0.940000057       3.30924672E-06
 -0.920000076       4.21296181E-06
 -0.899999976       1.32875357E-06
 -0.879999995       7.64396816E-07
 -0.860000014       1.17208292E-05
 -0.840000033       3.28286806E-05
 -0.820000052       4.72008687E-05
 -0.800000072       5.91666794E-05
 -0.779999971       1.20784462E-04
 -0.759999990       3.09142953E-04
 -0.740000010       6.55414537E-04
 -0.720000029       1.14433444E-03
 -0.700000048       1.88788061E-03
 -0.680000067       3.25752539E-03
 -0.660000086       5.91082638E-03
 -0.639999986       1.04575260E-02
 -0.620000005       1.75249632E-02
 -0.600000024       2.78621204E-02
 -0.580000043       4.32180725E-02
 -0.560000062       6.62461221E-02
 -0.540000081      0.100601837    
 -0.519999981      0.149901301    
 -0.500000000      0.217795610    
 -0.480000019      0.307532489    
 -0.460000038      0.421300024    
 -0.440000057      0.560121417    
 -0.420000076      0.724543631    
 -0.400000095      0.921188533    
 -0.379999995       1.16193867    
 -0.360000014       1.45620859    
 -0.340000033       1.78201210    
 -0.320000052       2.07761526    
 -0.300000072       2.27259445    
 -0.280000091       2.37267709    
 -0.259999990       2.50496936    
 -0.240000010       2.82642031    
 -0.220000029       3.32277942    
 -0.200000048       3.67713594    
 -0.180000067       3.48726749    
 -0.160000086       2.68870091    
 -0.139999986       1.83220243    
 -0.120000005       1.70143795    
 -0.100000024       2.53661871    
  -8.00000429E-02   3.61953115    
  -6.00000620E-02   3.75807834    
  -4.00000811E-02   2.55688238    
  -2.00001001E-02  0.776631594    
   0.00000000       7.05504976E-03
   1.99999809E-02   1.55331381E-05
   3.99999619E-02   6.07742913E-06
   5.99999428E-02   1.04583285E-06
   7.99999237E-02   1.42241549E-06
   9.99999046E-02   4.81972847E-07
  0.119999886       1.55551083E-06
  0.139999866       9.47368562E-07
  0.159999847       2.12153009E-06
  0.180000067       1.66199470E-06
  0.200000048       2.80660424E-06
  0.220000029       2.54486008E-06
  0.240000010       3.52858706E-06
  0.259999990       3.57379076E-06
  0.279999971       4.26406405E-06
  0.299999952       4.66341044E-06
  0.319999933       4.96212988E-06
  0.339999914       5.59641649E-06
  0.359999895       5.57696239E-06
  0.379999876       6.24514905E-06
  0.399999857       6.23382539E-06
  0.419999838       6.65880361E-06
  0.440000057       6.82283780E-06
  0.460000038       6.74947842E-06
  0.480000019       6.99385510E-06
  0.500000000       6.75216279E-06
  0.519999981       6.88037289E-06
  0.539999962       6.75149158E-06
  0.559999943       6.42462783E-06
  0.579999924       6.39627979E-06
  0.599999905       6.06408958E-06
  0.619999886       5.85451698E-06
  0.639999866       5.63649292E-06
  0.659999847       5.22181199E-06
  0.679999828       5.08136327E-06
  0.700000048       4.81174038E-06
  0.720000029       4.41324119E-06
  0.740000010       4.29323882E-06
  0.759999990       4.04688171E-06
  0.779999971       3.70153521E-06
  0.799999952       3.60145145E-06
  0.819999933       3.40271458E-06
  0.839999914       3.10671385E-06
  0.859999895       3.02565809E-06
  0.879999876       2.87458352E-06
  0.899999857       2.63288098E-06
  0.919999838       2.53908070E-06
  0.939999819       2.43843965E-06
  0.960000038       2.27243322E-06
  0.980000019       2.11619567E-06
   1.00000000       2.07815742E-06
   1.01999998       1.97886925E-06
   1.03999996       1.78912160E-06
   1.05999994       1.75434491E-06
   1.07999992       1.70158876E-06
   1.09999990       1.59026229E-06
   1.11999989       1.45051854E-06
   1.13999987       1.44861258E-06
   1.15999985       1.39697772E-06
   1.17999983       1.29390889E-06
   1.19999981       1.18358753E-06
   1.22000003       1.18609557E-06
   1.24000001       1.15238026E-06
   1.25999999       1.07527444E-06
   1.27999997       9.65488312E-07
   1.29999995       9.58864234E-07
   1.31999993       9.48081379E-07
   1.33999991       9.04729973E-07
   1.35999990       8.13866848E-07
   1.37999988       7.55451822E-07
   1.39999986       7.63740957E-07
   1.41999984       7.50651907E-07
   1.43999982       7.11498728E-07
   1.46000004       6.34331684E-07
   1.48000002       5.83979386E-07
   1.50000000       5.89364106E-07
   1.51999998       5.86328554E-07
   1.53999996       5.64887841E-07
   1.55999994       5.18119009E-07
   1.57999992       4.55717270E-07
   1.59999990       4.30072504E-07
   1.61999989       4.36342077E-07
   1.63999987       4.35265974E-07
   1.65999985       4.21277946E-07
   1.67999983       3.92292122E-07
   1.69999981       3.46499093E-07
   1.72000003       3.06783988E-07
   1.74000001       2.93260882E-07
   1.75999999       2.96477481E-07
   1.77999997       2.97286988E-07
   1.79999995       2.90152059E-07
   1.81999993       2.76560826E-07
   1.83999991       2.53788613E-07
   1.85999990       2.22726030E-07
   1.87999988       1.93168304E-07
   1.89999986       1.73889859E-07
   1.91999984       1.65820410E-07
   1.93999982       1.64539600E-07
   1.95999980       1.64124799E-07
   1.98000002       1.61624698E-07
   2.00000000       1.57424836E-07
   2.01999998       1.50849957E-07
   2.03999996       1.41154132E-07
   2.05999994       1.29093735E-07
   2.07999992       1.14548349E-07
   2.09999990       9.83690711E-08
   2.11999989       8.25780049E-08
   2.13999987       6.81015422E-08
   2.15999985       5.52881794E-08
   2.17999983       4.47742217E-08
   2.19999981       3.61816532E-08
   2.21999979       2.92087527E-08
   2.23999977       2.38045192E-08
   2.25999975       1.93362890E-08
   2.27999973       1.56283768E-08
   2.29999971       1.27675346E-08
   2.31999969       1.03597433E-08
   2.33999968       8.43219450E-09
   2.36000013       6.98870428E-09
   2.38000011       5.74660719E-09
   2.40000010       4.73963091E-09
   2.42000008       3.95708755E-09
   2.44000006       3.26033400E-09
   2.46000004       2.74583223E-09
   2.48000002       2.31735964E-09
   2.50000000       1.94122585E-09
   2.51999998       1.68280945E-09
   2.53999996       1.42080681E-09
   2.55999994       1.22791421E-09
   2.57999992       1.06920517E-09
   2.59999990       9.17213694E-10
   2.61999989       8.26486546E-10
   2.63999987       7.09610537E-10
   2.65999985       6.01826811E-10
   2.67999983       5.34544853E-10
   2.69999981       4.69549732E-10
   2.71999979       4.22443441E-10
   2.73999977       3.65417530E-10
   2.75999975       3.24104243E-10
   2.77999973       2.87938451E-10
   2.79999971       2.59986366E-10
   2.81999969       2.33868064E-10
   2.83999968       1.97107969E-10
   2.85999966       1.76123574E-10
   2.88000011       1.45267270E-10
   2.90000010       1.29818975E-10
   2.92000008       1.07849965E-10
   2.94000006       9.54449852E-11
   2.96000004       8.93497082E-11
   2.98000002       8.88195489E-11
   3.00000000       1.02414244E-10
   3.01999998       1.28715399E-10
   3.03999996       2.11475407E-10
   3.05999994       6.19666818E-10
   3.07999992       4.50166598E-10
   3.09999990       5.97887890E-08
