  -2.00000000       3.91893053E-07
  -1.98000002       1.06123935E-06
  -1.96000004       1.19827405E-06
  -1.94000006       7.46256035E-07
  -1.91999996       1.23327482E-07
  -1.89999998       7.38805213E-08
  -1.88000000       6.33172704E-07
  -1.86000001       1.18498474E-06
  -1.84000003       1.20844970E-06
  -1.82000005       6.60341470E-07
  -1.79999995       1.45217044E-07
  -1.77999997       1.68795253E-07
  -1.75999999       6.73234069E-07
  -1.74000001       1.07635219E-06
  -1.72000003       9.56479084E-07
  -1.70000005       4.89772390E-07
  -1.68000007       2.18835481E-07
  -1.65999997       4.27216605E-07
  -1.63999999       8.29779424E-07
  -1.62000000       9.58374130E-07
  -1.60000002       6.99420184E-07
  -1.58000004       4.17333638E-07
  -1.55999994       4.72924029E-07
  -1.53999996       7.75349861E-07
  -1.51999998       9.45797865E-07
  -1.50000000       7.72839144E-07
  -1.48000002       5.55909253E-07
  -1.46000004       6.21612571E-07
  -1.44000006       8.73480701E-07
  -1.42000008       9.75422495E-07
  -1.40000010       7.93028107E-07
  -1.38000000       6.77554851E-07
  -1.36000001       8.50806771E-07
  -1.34000003       1.04925766E-06
  -1.31999993       9.96494578E-07
  -1.29999995       8.37343634E-07
  -1.27999997       9.08626532E-07
  -1.25999999       1.13978751E-06
  -1.24000001       1.14111253E-06
  -1.22000003       9.70260317E-07
  -1.20000005       1.04861874E-06
  -1.18000007       1.29463240E-06
  -1.16000009       1.26352427E-06
  -1.14000010       1.11945724E-06
  -1.12000000       1.28818965E-06
  -1.10000002       1.49266623E-06
  -1.08000004       1.32525929E-06
  -1.05999994       1.29403588E-06
  -1.03999996       1.71441786E-06
  -1.01999998       1.76403898E-06
  -1.00000000       1.23741154E-06
 -0.980000019       1.31102036E-06
 -0.960000038       2.53729945E-06
 -0.940000057       3.29786417E-06
 -0.920000076       2.32352090E-06
 -0.899999976       1.10169566E-07
 -0.879999995       3.35597997E-06
 -0.860000014       1.49643738E-05
 -0.840000033       2.88389474E-05
 -0.820000052       3.11301119E-05
 -0.800000072       4.43893114E-05
 -0.779999971       1.15899355E-04
 -0.759999990       2.96319398E-04
 -0.740000010       5.76616381E-04
 -0.720000029       9.62067104E-04
 -0.700000048       1.59320398E-03
 -0.680000067       2.84397462E-03
 -0.660000086       5.24817267E-03
 -0.639999986       9.25213285E-03
 -0.620000005       1.53911337E-02
 -0.600000024       2.43815705E-02
 -0.580000043       3.79804969E-02
 -0.560000062       5.85278198E-02
 -0.540000081       8.93989354E-02
 -0.519999981      0.133735925    
 -0.500000000      0.195281193    
 -0.480000019      0.277096033    
 -0.460000038      0.381267279    
 -0.440000057      0.508235633    
 -0.420000076      0.658808053    
 -0.400000095      0.841785431    
 -0.379999995       1.07214415    
 -0.360000014       1.36141288    
 -0.340000033       1.68363404    
 -0.320000052       1.97072589    
 -0.300000072       2.14938927    
 -0.280000091       2.23745847    
 -0.259999990       2.38383579    
 -0.240000010       2.75798988    
 -0.220000029       3.32732201    
 -0.200000048       3.72823501    
 -0.180000067       3.52443361    
 -0.160000086       2.66883707    
 -0.139999986       1.78464830    
 -0.120000005       1.72100210    
 -0.100000024       2.70845270    
  -8.00000429E-02   3.93551207    
  -6.00000620E-02   4.09973907    
  -4.00000811E-02   2.78869820    
  -2.00001001E-02  0.846418738    
   0.00000000       7.69445579E-03
   1.99999809E-02   1.59357114E-05
   3.99999619E-02   7.41916756E-06
   5.99999428E-02   5.76178593E-07
   7.99999237E-02   1.80394420E-06
   9.99999046E-02   1.86613022E-07
  0.119999886       1.65894414E-06
  0.139999866       7.60751391E-07
  0.159999847       2.03738455E-06
  0.180000067       1.54157328E-06
  0.200000048       2.57897455E-06
  0.220000029       2.46754826E-06
  0.240000010       3.21037373E-06
  0.259999990       3.49828861E-06
  0.279999971       3.89793786E-06
  0.299999952       4.50922289E-06
  0.319999933       4.58488239E-06
  0.339999914       5.32519516E-06
  0.359999895       5.27649718E-06
  0.379999876       5.92025208E-06
  0.399999857       6.03294939E-06
  0.419999838       6.33044374E-06
  0.440000057       6.60902788E-06
  0.460000038       6.47729030E-06
  0.480000019       6.78775814E-06
  0.500000000       6.62825732E-06
  0.519999981       6.71778616E-06
  0.539999962       6.66964979E-06
  0.559999943       6.34258458E-06
  0.579999924       6.36588948E-06
  0.599999905       6.08894788E-06
  0.619999886       5.86720580E-06
  0.639999866       5.68821406E-06
  0.659999847       5.30316038E-06
  0.679999828       5.17319859E-06
  0.700000048       4.90828370E-06
  0.720000029       4.52443146E-06
  0.740000010       4.41923112E-06
  0.759999990       4.15499653E-06
  0.779999971       3.82296457E-06
  0.799999952       3.73507692E-06
  0.819999933       3.50139271E-06
  0.839999914       3.22298888E-06
  0.859999895       3.15968032E-06
  0.879999876       2.95980385E-06
  0.899999857       2.72689090E-06
  0.919999838       2.68337931E-06
  0.939999819       2.51505753E-06
  0.960000038       2.32967955E-06
  0.980000019       2.26728275E-06
   1.00000000       2.15862656E-06
   1.01999998       2.01553848E-06
   1.03999996       1.90114133E-06
   1.05999994       1.87296178E-06
   1.07999992       1.74200579E-06
   1.09999990       1.62745232E-06
   1.11999989       1.58724652E-06
   1.13999987       1.52583289E-06
   1.15999985       1.42319436E-06
   1.17999983       1.33163201E-06
   1.19999981       1.31987395E-06
   1.22000003       1.25368638E-06
   1.24000001       1.16809053E-06
   1.25999999       1.09758116E-06
   1.27999997       1.08600261E-06
   1.29999995       1.04384571E-06
   1.31999993       9.65855861E-07
   1.33999991       9.08423203E-07
   1.35999990       8.79739446E-07
   1.37999988       8.74832267E-07
   1.39999986       8.08245716E-07
   1.41999984       7.55245537E-07
   1.43999982       7.14232726E-07
   1.46000004       7.03575608E-07
   1.48000002       6.92862443E-07
   1.50000000       6.36565744E-07
   1.51999998       5.92009314E-07
   1.53999996       5.60690069E-07
   1.55999994       5.45892533E-07
   1.57999992       5.45481157E-07
   1.59999990       5.14281055E-07
   1.61999989       4.68175443E-07
   1.63999987       4.38160043E-07
   1.65999985       4.15804720E-07
   1.67999983       4.05582085E-07
   1.69999981       4.05863659E-07
   1.72000003       3.88454680E-07
   1.74000001       3.52560846E-07
   1.75999999       3.22438723E-07
   1.77999997       3.02252005E-07
   1.79999995       2.86293357E-07
   1.81999993       2.78239980E-07
   1.83999991       2.77028391E-07
   1.85999990       2.71347744E-07
   1.87999988       2.53703320E-07
   1.89999986       2.28619314E-07
   1.91999984       2.05930107E-07
   1.93999982       1.89142881E-07
   1.95999980       1.75605621E-07
   1.98000002       1.65067306E-07
   2.00000000       1.57886404E-07
   2.01999998       1.53967690E-07
   2.03999996       1.52104533E-07
   2.05999994       1.48179794E-07
   2.07999992       1.40403543E-07
   2.09999990       1.29536971E-07
   2.11999989       1.16278173E-07
   2.13999987       1.02437070E-07
   2.15999985       8.93092036E-08
   2.17999983       7.68845894E-08
   2.19999981       6.58802293E-08
   2.21999979       5.61131728E-08
   2.23999977       4.70848818E-08
   2.25999975       3.93200885E-08
   2.27999973       3.25493161E-08
   2.29999971       2.66360214E-08
   2.31999969       2.19032206E-08
   2.33999968       1.78426998E-08
   2.36000013       1.45023993E-08
   2.38000011       1.18846302E-08
   2.40000010       9.68342739E-09
   2.42000008       7.95658917E-09
   2.44000006       6.57242039E-09
   2.46000004       5.38933209E-09
   2.48000002       4.50279369E-09
   2.50000000       3.75636366E-09
   2.51999998       3.13384363E-09
   2.53999996       2.67199241E-09
   2.55999994       2.22879781E-09
   2.57999992       1.92238669E-09
   2.59999990       1.64203540E-09
   2.61999989       1.37225509E-09
   2.63999987       1.21589916E-09
   2.65999985       1.05441800E-09
   2.67999983       9.34812672E-10
   2.69999981       8.05710887E-10
   2.71999979       6.99784342E-10
   2.73999977       6.37216613E-10
   2.75999975       5.51662938E-10
   2.77999973       5.17320964E-10
   2.79999971       4.56634563E-10
   2.81999969       4.08791695E-10
   2.83999968       3.65837555E-10
   2.85999966       3.29759053E-10
   2.88000011       3.07238346E-10
   2.90000010       2.71300704E-10
   2.92000008       2.60737182E-10
   2.94000006       2.30295033E-10
   2.96000004       2.13412135E-10
   2.98000002       1.87719354E-10
   3.00000000       1.92136640E-10
   3.01999998       2.18806528E-10
   3.03999996       2.94596902E-10
   3.05999994       6.51997123E-10
   3.07999992       5.88873283E-10
   3.09999990       6.43608828E-08
