  -2.00000000       3.91030511E-07
  -1.98000002       1.06396396E-06
  -1.96000004       1.19417848E-06
  -1.94000006       7.40390817E-07
  -1.91999996       1.18570277E-07
  -1.89999998       7.81344625E-08
  -1.88000000       6.42855980E-07
  -1.86000001       1.19074821E-06
  -1.84000003       1.20062714E-06
  -1.82000005       6.46802221E-07
  -1.79999995       1.37237564E-07
  -1.77999997       1.76543651E-07
  -1.75999999       6.91741320E-07
  -1.74000001       1.08850281E-06
  -1.72000003       9.51282686E-07
  -1.70000005       4.75876703E-07
  -1.68000007       2.15859103E-07
  -1.65999997       4.37593826E-07
  -1.63999999       8.41010547E-07
  -1.62000000       9.60043167E-07
  -1.60000002       6.90399588E-07
  -1.58000004       4.11267962E-07
  -1.55999994       4.79624930E-07
  -1.53999996       7.84836629E-07
  -1.51999998       9.45983913E-07
  -1.50000000       7.65452683E-07
  -1.48000002       5.51086885E-07
  -1.46000004       6.27275540E-07
  -1.44000006       8.82261304E-07
  -1.42000008       9.73575879E-07
  -1.40000010       7.85914608E-07
  -1.38000000       6.76691457E-07
  -1.36000001       8.59369777E-07
  -1.34000003       1.05289030E-06
  -1.31999993       9.89253977E-07
  -1.29999995       8.35034257E-07
  -1.27999997       9.14976226E-07
  -1.25999999       1.14357874E-06
  -1.24000001       1.13668352E-06
  -1.22000003       9.65481263E-07
  -1.20000005       1.05592756E-06
  -1.18000007       1.29854561E-06
  -1.16000009       1.25689644E-06
  -1.14000010       1.11762290E-06
  -1.12000000       1.29946977E-06
  -1.10000002       1.48785909E-06
  -1.08000004       1.31959189E-06
  -1.05999994       1.30224828E-06
  -1.03999996       1.72042837E-06
  -1.01999998       1.75054811E-06
  -1.00000000       1.23707457E-06
 -0.980000019       1.32677485E-06
 -0.960000038       2.53802068E-06
 -0.940000057       3.28169494E-06
 -0.920000076       2.31191302E-06
 -0.899999976       1.03265791E-07
 -0.879999995       3.39961116E-06
 -0.860000014       1.50347560E-05
 -0.840000033       2.87447729E-05
 -0.820000052       3.09133175E-05
 -0.800000072       4.42140008E-05
 -0.779999971       1.15983959E-04
 -0.759999990       2.95988139E-04
 -0.740000010       5.75357291E-04
 -0.720000029       9.58960038E-04
 -0.700000048       1.58882863E-03
 -0.680000067       2.83743138E-03
 -0.660000086       5.23786852E-03
 -0.639999986       9.23188031E-03
 -0.620000005       1.53565258E-02
 -0.600000024       2.43252926E-02
 -0.580000043       3.78961340E-02
 -0.560000062       5.84041625E-02
 -0.540000081       8.92160535E-02
 -0.519999981      0.133475363    
 -0.500000000      0.194911838    
 -0.480000019      0.276603401    
 -0.460000038      0.380607218    
 -0.440000057      0.507380605    
 -0.420000076      0.657714188    
 -0.400000095      0.840463161    
 -0.379999995       1.07065272    
 -0.360000014       1.35983086    
 -0.340000033       1.68199229    
 -0.320000052       1.96889162    
 -0.300000072       2.14725089    
 -0.280000091       2.23507643    
 -0.259999990       2.38171744    
 -0.240000010       2.75680208    
 -0.220000029       3.32739592    
 -0.200000048       3.72906256    
 -0.180000067       3.52494335    
 -0.160000086       2.66833687    
 -0.139999986       1.78369045    
 -0.120000005       1.72130001    
 -0.100000024       2.71145797    
  -8.00000429E-02   3.94103384    
  -6.00000620E-02   4.10568619    
  -4.00000811E-02   2.79271793    
  -2.00001001E-02  0.847628355    
   0.00000000       7.70405633E-03
   1.99999809E-02   1.61084990E-05
   3.99999619E-02   7.29900557E-06
   5.99999428E-02   6.49625633E-07
   7.99999237E-02   1.74987554E-06
   9.99999046E-02   2.09112628E-07
  0.119999886       1.63774962E-06
  0.139999866       7.62975446E-07
  0.159999847       2.05130891E-06
  0.180000067       1.54534746E-06
  0.200000048       2.62805838E-06
  0.220000029       2.46951572E-06
  0.240000010       3.25325368E-06
  0.259999990       3.45649732E-06
  0.279999971       3.88059698E-06
  0.299999952       4.43413091E-06
  0.319999933       4.56332737E-06
  0.339999914       5.33531011E-06
  0.359999895       5.32405329E-06
  0.379999876       5.97725420E-06
  0.399999857       6.00281510E-06
  0.419999838       6.27913232E-06
  0.440000057       6.54585210E-06
  0.460000038       6.50390348E-06
  0.480000019       6.85652412E-06
  0.500000000       6.62954471E-06
  0.519999981       6.66606775E-06
  0.539999962       6.62098319E-06
  0.559999943       6.39069822E-06
  0.579999924       6.41663291E-06
  0.599999905       6.03952776E-06
  0.619999886       5.83104838E-06
  0.639999866       5.72985346E-06
  0.659999847       5.33202319E-06
  0.679999828       5.13254281E-06
  0.700000048       4.89662125E-06
  0.720000029       4.57393526E-06
  0.740000010       4.40536314E-06
  0.759999990       4.12331656E-06
  0.779999971       3.86623014E-06
  0.799999952       3.73131252E-06
  0.819999933       3.47243963E-06
  0.839999914       3.26136342E-06
  0.859999895       3.14814247E-06
  0.879999876       2.94738129E-06
  0.899999857       2.75730304E-06
  0.919999838       2.65817835E-06
  0.939999819       2.53168037E-06
  0.960000038       2.33263540E-06
  0.980000019       2.25091503E-06
   1.00000000       2.18904256E-06
   1.01999998       1.98882026E-06
   1.03999996       1.92111929E-06
   1.05999994       1.86576062E-06
   1.07999992       1.74731110E-06
   1.09999990       1.62846345E-06
   1.11999989       1.58125636E-06
   1.13999987       1.54087354E-06
   1.15999985       1.41099213E-06
   1.17999983       1.34354718E-06
   1.19999981       1.30817648E-06
   1.22000003       1.27055398E-06
   1.24000001       1.15730950E-06
   1.25999999       1.10534484E-06
   1.27999997       1.08035692E-06
   1.29999995       1.05071683E-06
   1.31999993       9.68593213E-07
   1.33999991       9.01327212E-07
   1.35999990       8.89019248E-07
   1.37999988       8.64650417E-07
   1.39999986       8.24544031E-07
   1.41999984       7.45344380E-07
   1.43999982       7.16806142E-07
   1.46000004       7.06870821E-07
   1.48000002       6.85791179E-07
   1.50000000       6.50512050E-07
   1.51999998       5.86337933E-07
   1.53999996       5.57416172E-07
   1.55999994       5.53654957E-07
   1.57999992       5.37868686E-07
   1.59999990       5.18252818E-07
   1.61999989       4.77532353E-07
   1.63999987       4.30541263E-07
   1.65999985       4.14586282E-07
   1.67999983       4.12197323E-07
   1.69999981       4.01350746E-07
   1.72000003       3.85968576E-07
   1.74000001       3.61560751E-07
   1.75999999       3.25471319E-07
   1.77999997       2.95872184E-07
   1.79999995       2.85453723E-07
   1.81999993       2.83444564E-07
   1.83999991       2.76854109E-07
   1.85999990       2.66322132E-07
   1.87999988       2.53832724E-07
   1.89999986       2.35157330E-07
   1.91999984       2.10646277E-07
   1.93999982       1.87337619E-07
   1.95999980       1.71397588E-07
   1.98000002       1.64161321E-07
   2.00000000       1.60650799E-07
   2.01999998       1.56613496E-07
   2.03999996       1.51684304E-07
   2.05999994       1.45267933E-07
   2.07999992       1.37720519E-07
   2.09999990       1.29252072E-07
   2.11999989       1.18668780E-07
   2.13999987       1.06272452E-07
   2.15999985       9.29473671E-08
   2.17999983       7.92805395E-08
   2.19999981       6.68286333E-08
   2.21999979       5.59281723E-08
   2.23999977       4.63040806E-08
   2.25999975       3.84338286E-08
   2.27999973       3.18462448E-08
   2.29999971       2.62390660E-08
   2.31999969       2.17863665E-08
   2.33999968       1.79094783E-08
   2.36000013       1.46776902E-08
   2.38000011       1.20903945E-08
   2.40000010       9.86531568E-09
   2.42000008       8.10494960E-09
   2.44000006       6.67265798E-09
   2.46000004       5.44984058E-09
   2.48000002       4.53006654E-09
   2.50000000       3.75688458E-09
   2.51999998       3.11864801E-09
   2.53999996       2.63175126E-09
   2.55999994       2.18049578E-09
   2.57999992       1.86682758E-09
   2.59999990       1.58617119E-09
   2.61999989       1.31784439E-09
   2.63999987       1.16259891E-09
   2.65999985       1.00343311E-09
   2.67999983       8.82676154E-10
   2.69999981       7.55457974E-10
   2.71999979       6.50631771E-10
   2.73999977       5.91983240E-10
   2.75999975       5.06004461E-10
   2.77999973       4.73540041E-10
   2.79999971       4.14014462E-10
   2.81999969       3.63501673E-10
   2.83999968       3.22760152E-10
   2.85999966       2.88775226E-10
   2.88000011       2.67334516E-10
   2.90000010       2.31654140E-10
   2.92000008       2.20188895E-10
   2.94000006       1.91607799E-10
   2.96000004       1.75092565E-10
   2.98000002       1.52226509E-10
   3.00000000       1.57076532E-10
   3.01999998       1.83506710E-10
   3.03999996       2.58175842E-10
   3.05999994       6.10301698E-10
   3.07999992       5.61886038E-10
   3.09999990       6.41843414E-08
