  -2.00000000       3.84462965E-07
  -1.98000002       1.08948745E-06
  -1.96000004       1.16375463E-06
  -1.94000006       6.85534985E-07
  -1.91999996       8.08314411E-08
  -1.89999998       1.26100502E-07
  -1.88000000       7.53861173E-07
  -1.86000001       1.28262798E-06
  -1.84000003       1.16056765E-06
  -1.82000005       5.39273628E-07
  -1.79999995       8.11679755E-08
  -1.77999997       2.60504748E-07
  -1.75999999       8.47134743E-07
  -1.74000001       1.15771320E-06
  -1.72000003       8.79038566E-07
  -1.70000005       3.66090632E-07
  -1.68000007       2.09071999E-07
  -1.65999997       5.50109007E-07
  -1.63999999       9.45475961E-07
  -1.62000000       9.42962401E-07
  -1.60000002       5.92366177E-07
  -1.58000004       3.73563893E-07
  -1.55999994       5.50797665E-07
  -1.53999996       8.70501935E-07
  -1.51999998       9.35659898E-07
  -1.50000000       6.86264684E-07
  -1.48000002       5.29151237E-07
  -1.46000004       6.93631875E-07
  -1.44000006       9.36285005E-07
  -1.42000008       9.38738481E-07
  -1.40000010       7.26751296E-07
  -1.38000000       6.98336521E-07
  -1.36000001       9.25954339E-07
  -1.34000003       1.05493154E-06
  -1.31999993       9.36133688E-07
  -1.29999995       8.27411668E-07
  -1.27999997       9.73965825E-07
  -1.25999999       1.16125432E-06
  -1.24000001       1.08415168E-06
  -1.22000003       9.58533292E-07
  -1.20000005       1.11503664E-06
  -1.18000007       1.30769467E-06
  -1.16000009       1.20668346E-06
  -1.14000010       1.13095518E-06
  -1.12000000       1.35456776E-06
  -1.10000002       1.46778973E-06
  -1.08000004       1.27866338E-06
  -1.05999994       1.35709388E-06
  -1.03999996       1.76130516E-06
  -1.01999998       1.67019334E-06
  -1.00000000       1.22525080E-06
 -0.980000019       1.43804277E-06
 -0.960000038       2.60088859E-06
 -0.940000057       3.17795320E-06
 -0.920000076       2.09562154E-06
 -0.899999976       7.06945826E-08
 -0.879999995       3.80214624E-06
 -0.860000014       1.54736645E-05
 -0.840000033       2.75197599E-05
 -0.820000052       2.89036998E-05
 -0.800000072       4.24428508E-05
 -0.779999971       1.16532814E-04
 -0.759999990       2.92571960E-04
 -0.740000010       5.64055692E-04
 -0.720000029       9.31032875E-04
 -0.700000048       1.55055732E-03
 -0.680000067       2.77977576E-03
 -0.660000086       5.14540123E-03
 -0.639999986       9.05823801E-03
 -0.620000005       1.50480252E-02
 -0.600000024       2.38330141E-02
 -0.580000043       3.71420681E-02
 -0.560000062       5.73107414E-02
 -0.540000081       8.75849426E-02
 -0.519999981      0.131155342    
 -0.500000000      0.191627830    
 -0.480000019      0.272203982    
 -0.460000038      0.374742031    
 -0.440000057      0.499742687    
 -0.420000076      0.647952139    
 -0.400000095      0.828606308    
 -0.379999995       1.05731332    
 -0.360000014       1.34566104    
 -0.340000033       1.66727984    
 -0.320000052       1.95241666    
 -0.300000072       2.12799072    
 -0.280000091       2.21361208    
 -0.259999990       2.36259031    
 -0.240000010       2.74607730    
 -0.220000029       3.32794857    
 -0.200000048       3.73644257    
 -0.180000067       3.52927709    
 -0.160000086       2.66354632    
 -0.139999986       1.77487564    
 -0.120000005       1.72393250    
 -0.100000024       2.73859692    
  -8.00000429E-02   3.99084759    
  -6.00000620E-02   4.15933132    
  -4.00000811E-02   2.82890892    
  -2.00001001E-02  0.858539283    
   0.00000000       7.78824976E-03
   1.99999809E-02   1.80184197E-05
   3.99999619E-02   5.89108731E-06
   5.99999428E-02   1.62149672E-06
   7.99999237E-02   1.07827498E-06
   9.99999046E-02   7.04027798E-07
  0.119999886       1.28301144E-06
  0.139999866       1.00194779E-06
  0.159999847       1.89901778E-06
  0.180000067       1.58296382E-06
  0.200000048       2.62083654E-06
  0.220000029       2.33087712E-06
  0.240000010       3.34896026E-06
  0.259999990       3.21483276E-06
  0.279999971       4.04896264E-06
  0.299999952       4.21546292E-06
  0.319999933       4.72293914E-06
  0.339999914       5.20064350E-06
  0.359999895       5.31565047E-06
  0.379999876       5.92546621E-06
  0.399999857       5.83962628E-06
  0.419999838       6.36985578E-06
  0.440000057       6.42216582E-06
  0.460000038       6.58069939E-06
  0.480000019       6.77264552E-06
  0.500000000       6.52964172E-06
  0.519999981       6.72733586E-06
  0.539999962       6.55442000E-06
  0.559999943       6.44618558E-06
  0.579999924       6.37053563E-06
  0.599999905       5.97964072E-06
  0.619999886       5.93292634E-06
  0.639999866       5.69827489E-06
  0.659999847       5.30977150E-06
  0.679999828       5.18738989E-06
  0.700000048       4.89170634E-06
  0.720000029       4.59317926E-06
  0.740000010       4.42597275E-06
  0.759999990       4.12904774E-06
  0.779999971       3.89926299E-06
  0.799999952       3.74432443E-06
  0.819999933       3.48330786E-06
  0.839999914       3.28535180E-06
  0.859999895       3.16716591E-06
  0.879999876       2.96305052E-06
  0.899999857       2.76143965E-06
  0.919999838       2.69100997E-06
  0.939999819       2.54677389E-06
  0.960000038       2.32271168E-06
  0.980000019       2.29204329E-06
   1.00000000       2.19856088E-06
   1.01999998       1.99081364E-06
   1.03999996       1.93711867E-06
   1.05999994       1.88538820E-06
   1.07999992       1.76556534E-06
   1.09999990       1.61600792E-06
   1.11999989       1.60952447E-06
   1.13999987       1.55480620E-06
   1.15999985       1.42389922E-06
   1.17999983       1.33309607E-06
   1.19999981       1.33329650E-06
   1.22000003       1.28634508E-06
   1.24000001       1.16845570E-06
   1.25999999       1.09320308E-06
   1.27999997       1.09994062E-06
   1.29999995       1.06761070E-06
   1.31999993       9.84419557E-07
   1.33999991       8.90644174E-07
   1.35999990       8.93473953E-07
   1.37999988       8.83867642E-07
   1.39999986       8.42155714E-07
   1.41999984       7.51456753E-07
   1.43999982       7.04845718E-07
   1.46000004       7.14459077E-07
   1.48000002       7.03394562E-07
   1.50000000       6.68122937E-07
   1.51999998       5.94090466E-07
   1.53999996       5.47007687E-07
   1.55999994       5.52544350E-07
   1.57999992       5.51989956E-07
   1.59999990       5.35003608E-07
   1.61999989       4.92336142E-07
   1.63999987       4.32528651E-07
   1.65999985       4.05112502E-07
   1.67999983       4.09731541E-07
   1.69999981       4.11198357E-07
   1.72000003       4.00803827E-07
   1.74000001       3.76764547E-07
   1.75999999       3.35476727E-07
   1.77999997       2.95132168E-07
   1.79999995       2.78013459E-07
   1.81999993       2.79453275E-07
   1.83999991       2.80981936E-07
   1.85999990       2.76629862E-07
   1.87999988       2.66886502E-07
   1.89999986       2.48072610E-07
   1.91999984       2.20719230E-07
   1.93999982       1.91510537E-07
   1.95999980       1.69764249E-07
   1.98000002       1.59633956E-07
   2.00000000       1.56580441E-07
   2.01999998       1.55565360E-07
   2.03999996       1.54283128E-07
   2.05999994       1.50919007E-07
   2.07999992       1.45879099E-07
   2.09999990       1.38929082E-07
   2.11999989       1.28678920E-07
   2.13999987       1.15886934E-07
   2.15999985       1.01284321E-07
   2.17999983       8.59373799E-08
   2.19999981       7.19103497E-08
   2.21999979       5.93711462E-08
   2.23999977       4.83913922E-08
   2.25999975       3.95806801E-08
   2.27999973       3.22378675E-08
   2.29999971       2.61810449E-08
   2.31999969       2.14310347E-08
   2.33999968       1.74111676E-08
   2.36000013       1.42023850E-08
   2.38000011       1.15894849E-08
   2.40000010       9.30682731E-09
   2.42000008       7.59254259E-09
   2.44000006       6.20653928E-09
   2.46000004       5.06324627E-09
   2.48000002       4.20839896E-09
   2.50000000       3.45618822E-09
   2.51999998       2.89124569E-09
   2.53999996       2.40657205E-09
   2.55999994       1.98971151E-09
   2.57999992       1.68499437E-09
   2.59999990       1.38997880E-09
   2.61999989       1.17001275E-09
   2.63999987       1.01654751E-09
   2.65999985       8.57594995E-10
   2.67999983       7.38718087E-10
   2.69999981       6.10893947E-10
   2.71999979       5.26442723E-10
   2.73999977       4.52412774E-10
   2.75999975       3.69832026E-10
   2.77999973       3.24944877E-10
   2.79999971       2.72040751E-10
   2.81999969       2.12324477E-10
   2.83999968       1.64313133E-10
   2.85999966       1.50690321E-10
   2.88000011       1.21041413E-10
   2.90000010       9.11037981E-11
   2.92000008       6.26154684E-11
   2.94000006       4.25949484E-11
   2.96000004       2.36969350E-11
   2.98000002       1.26366920E-11
   3.00000000       1.05447318E-11
   3.01999998       3.24058697E-11
   3.03999996       1.07349581E-10
   3.05999994       4.44136006E-10
   3.07999992       4.63094285E-10
   3.09999990       6.30371844E-08
