  -2.00000000       5.91964181E-07
  -1.98000002       1.37985785E-06
  -1.96000004       9.58693136E-07
  -1.94000006       1.57052881E-07
  -1.91999996       2.04427579E-07
  -1.89999998       1.07453502E-06
  -1.88000000       1.45780962E-06
  -1.86000001       6.99118743E-07
  -1.84000003       2.83420185E-08
  -1.82000005       5.00157057E-07
  -1.79999995       1.42381668E-06
  -1.77999997       1.36341669E-06
  -1.75999999       4.59607264E-07
  -1.74000001       7.51519735E-08
  -1.72000003       7.62586467E-07
  -1.70000005       1.42887097E-06
  -1.68000007       1.05827269E-06
  -1.65999997       2.87599420E-07
  -1.63999999       3.10763255E-07
  -1.62000000       9.99761710E-07
  -1.60000002       1.22552933E-06
  -1.58000004       6.84794600E-07
  -1.55999994       3.28311785E-07
  -1.53999996       7.06572791E-07
  -1.51999998       1.11652105E-06
  -1.50000000       9.12702831E-07
  -1.48000002       5.25075279E-07
  -1.46000004       6.58992860E-07
  -1.44000006       1.05822551E-06
  -1.42000008       1.01522460E-06
  -1.40000010       7.15781198E-07
  -1.38000000       7.66784581E-07
  -1.36000001       1.07880476E-06
  -1.34000003       1.09011478E-06
  -1.31999993       8.46642024E-07
  -1.29999995       9.07850620E-07
  -1.27999997       1.18603975E-06
  -1.25999999       1.15088710E-06
  -1.24000001       9.75640319E-07
  -1.22000003       1.12882776E-06
  -1.20000005       1.33774131E-06
  -1.18000007       1.21698042E-06
  -1.16000009       1.15434921E-06
  -1.14000010       1.39035888E-06
  -1.12000000       1.44026353E-06
  -1.10000002       1.29502564E-06
  -1.08000004       1.47336618E-06
  -1.05999994       1.71541728E-06
  -1.03999996       1.51053541E-06
  -1.01999998       1.38850578E-06
  -1.00000000       1.75063633E-06
 -0.980000019       2.24784458E-06
 -0.960000038       2.41842554E-06
 -0.940000057       1.68902727E-06
 -0.920000076       5.49005790E-07
 -0.899999976       2.50633070E-06
 -0.879999995       8.90573938E-06
 -0.860000014       1.33647345E-05
 -0.840000033       1.15679113E-05
 -0.820000052       1.12848547E-05
 -0.800000072       4.05887477E-05
 -0.779999971       1.18871074E-04
 -0.759999990       2.46703974E-04
 -0.740000010       4.01652622E-04
 -0.720000029       6.45841588E-04
 -0.700000048       1.14559918E-03
 -0.680000067       2.19910312E-03
 -0.660000086       4.08463459E-03
 -0.639999986       7.07204221E-03
 -0.620000005       1.15509564E-02
 -0.600000024       1.82982385E-02
 -0.580000043       2.87649035E-02
 -0.560000062       4.48361412E-02
 -0.540000081       6.91018254E-02
 -0.519999981      0.104344115    
 -0.500000000      0.154186755    
 -0.480000019      0.221246243    
 -0.460000038      0.306533545    
 -0.440000057      0.408888400    
 -0.420000076      0.530707777    
 -0.400000095      0.685848117    
 -0.379999995      0.897240698    
 -0.360000014       1.17676711    
 -0.340000033       1.48734379    
 -0.320000052       1.74365568    
 -0.300000072       1.87285256    
 -0.280000091       1.92771697    
 -0.259999990       2.10999107    
 -0.240000010       2.60939193    
 -0.220000029       3.33593154    
 -0.200000048       3.81767964    
 -0.180000067       3.55282211    
 -0.160000086       2.55917263    
 -0.139999986       1.63077831    
 -0.120000005       1.75102639    
 -0.100000024       3.10270572    
  -8.00000429E-02   4.65283632    
  -6.00000620E-02   4.86348343    
  -4.00000811E-02   3.30030680    
  -2.00001001E-02  0.999397159    
   0.00000000       9.07669403E-03
   1.99999809E-02   1.89404163E-05
   3.99999619E-02   8.54007976E-06
   5.99999428E-02   7.10689619E-07
   7.99999237E-02   1.86132809E-06
   9.99999046E-02   9.87160220E-08
  0.119999886       1.55697194E-06
  0.139999866       5.97336225E-07
  0.159999847       1.84077726E-06
  0.180000067       1.31200511E-06
  0.200000048       2.30248861E-06
  0.220000029       2.15380146E-06
  0.240000010       2.83372765E-06
  0.259999990       3.05437879E-06
  0.279999971       3.38803829E-06
  0.299999952       3.93737673E-06
  0.319999933       4.00061845E-06
  0.339999914       4.75310071E-06
  0.359999895       4.72193733E-06
  0.379999876       5.39544817E-06
  0.399999857       5.43164651E-06
  0.419999838       5.74429032E-06
  0.440000057       5.99096711E-06
  0.460000038       5.98573433E-06
  0.480000019       6.39336577E-06
  0.500000000       6.24122549E-06
  0.519999981       6.39015025E-06
  0.539999962       6.31743205E-06
  0.559999943       6.17346359E-06
  0.579999924       6.28392763E-06
  0.599999905       5.98669112E-06
  0.619999886       5.86737360E-06
  0.639999866       5.70270504E-06
  0.659999847       5.43591023E-06
  0.679999828       5.33240291E-06
  0.700000048       5.00637589E-06
  0.720000029       4.76888727E-06
  0.740000010       4.64664436E-06
  0.759999990       4.32728257E-06
  0.779999971       4.10520897E-06
  0.799999952       3.96584846E-06
  0.819999933       3.70846737E-06
  0.839999914       3.50281425E-06
  0.859999895       3.37187385E-06
  0.879999876       3.16904561E-06
  0.899999857       2.98599753E-06
  0.919999838       2.87846819E-06
  0.939999819       2.70957298E-06
  0.960000038       2.55914824E-06
  0.980000019       2.46374702E-06
   1.00000000       2.32266439E-06
   1.01999998       2.21910432E-06
   1.03999996       2.09880250E-06
   1.05999994       2.00547674E-06
   1.07999992       1.93204119E-06
   1.09999990       1.79880180E-06
   1.11999989       1.74035017E-06
   1.13999987       1.66177961E-06
   1.15999985       1.58926935E-06
   1.17999983       1.48669290E-06
   1.19999981       1.43906914E-06
   1.22000003       1.39132874E-06
   1.24000001       1.31091429E-06
   1.25999999       1.23340874E-06
   1.27999997       1.19626350E-06
   1.29999995       1.16621493E-06
   1.31999993       1.09349651E-06
   1.33999991       1.02114939E-06
   1.35999990       9.94965376E-07
   1.37999988       9.72218686E-07
   1.39999986       9.30147337E-07
   1.41999984       8.47964770E-07
   1.43999982       8.22478398E-07
   1.46000004       8.02298757E-07
   1.48000002       7.90232718E-07
   1.50000000       7.30474881E-07
   1.51999998       6.71711348E-07
   1.53999996       6.56516022E-07
   1.55999994       6.45054229E-07
   1.57999992       6.36798745E-07
   1.59999990       5.87756915E-07
   1.61999989       5.32167178E-07
   1.63999987       5.15447027E-07
   1.65999985       5.07199957E-07
   1.67999983       5.04397008E-07
   1.69999981       4.87283785E-07
   1.72000003       4.37888787E-07
   1.74000001       3.98891586E-07
   1.75999999       3.85877286E-07
   1.77999997       3.79860751E-07
   1.79999995       3.79439967E-07
   1.81999993       3.73304971E-07
   1.83999991       3.44821387E-07
   1.85999990       3.05381036E-07
   1.87999988       2.79015012E-07
   1.89999986       2.68858656E-07
   1.91999984       2.63350245E-07
   1.93999982       2.62003198E-07
   1.95999980       2.62134336E-07
   1.98000002       2.53380023E-07
   2.00000000       2.32444179E-07
   2.01999998       2.04950254E-07
   2.03999996       1.81583587E-07
   2.05999994       1.66845837E-07
   2.07999992       1.58087715E-07
   2.09999990       1.53080151E-07
   2.11999989       1.49851275E-07
   2.13999987       1.48646947E-07
   2.15999985       1.47878069E-07
   2.17999983       1.44006734E-07
   2.19999981       1.36587232E-07
   2.21999979       1.25194987E-07
   2.23999977       1.11234755E-07
   2.25999975       9.73283818E-08
   2.27999973       8.39321785E-08
   2.29999971       7.21676017E-08
   2.31999969       6.18447658E-08
   2.33999968       5.26918633E-08
   2.36000013       4.49293651E-08
   2.38000011       3.79417671E-08
   2.40000010       3.18738067E-08
   2.42000008       2.67563127E-08
   2.44000006       2.23699672E-08
   2.46000004       1.87987315E-08
   2.48000002       1.57099080E-08
   2.50000000       1.32019782E-08
   2.51999998       1.11074145E-08
   2.53999996       9.32691879E-09
   2.55999994       8.00385003E-09
   2.57999992       6.78820822E-09
   2.59999990       5.78738257E-09
   2.61999989       4.97096675E-09
   2.63999987       4.26621627E-09
   2.65999985       3.71932174E-09
   2.67999983       3.17273718E-09
   2.69999981       2.77006840E-09
   2.71999979       2.40581044E-09
   2.73999977       2.09886175E-09
   2.75999975       1.88121208E-09
   2.77999973       1.66688618E-09
   2.79999971       1.48892199E-09
   2.81999969       1.34271183E-09
   2.83999968       1.21176469E-09
   2.85999966       1.06728437E-09
   2.88000011       9.95345362E-10
   2.90000010       9.00920394E-10
   2.92000008       8.34035063E-10
   2.94000006       7.79021403E-10
   2.96000004       7.51176954E-10
   2.98000002       7.25006943E-10
   3.00000000       7.09217518E-10
   3.01999998       7.65551011E-10
   3.03999996       9.03679520E-10
   3.05999994       1.41713796E-09
   3.07999992       1.32246025E-09
   3.09999990       7.41099910E-08
