  -2.00000000       7.55724216E-07
  -1.98000002       1.44507555E-06
  -1.96000004       8.20202956E-07
  -1.94000006       6.43652465E-09
  -1.91999996       5.94740868E-07
  -1.89999998       1.54555732E-06
  -1.88000000       1.08281188E-06
  -1.86000001       1.17312808E-07
  -1.84000003       3.68351778E-07
  -1.82000005       1.38877147E-06
  -1.79999995       1.26335931E-06
  -1.77999997       2.62206129E-07
  -1.75999999       2.35948590E-07
  -1.74000001       1.29242710E-06
  -1.72000003       1.54964005E-06
  -1.70000005       5.49941603E-07
  -1.68000007       1.10978242E-07
  -1.65999997       9.94779271E-07
  -1.63999999       1.58481441E-06
  -1.62000000       8.62312277E-07
  -1.60000002       1.73802249E-07
  -1.58000004       7.20651883E-07
  -1.55999994       1.40910061E-06
  -1.53999996       9.96164772E-07
  -1.51999998       3.52943800E-07
  -1.50000000       6.69997064E-07
  -1.48000002       1.26098269E-06
  -1.46000004       1.03706350E-06
  -1.44000006       5.41083580E-07
  -1.42000008       7.73425086E-07
  -1.40000010       1.22934341E-06
  -1.38000000       1.02505874E-06
  -1.36000001       7.01871329E-07
  -1.34000003       9.54491838E-07
  -1.31999993       1.24573319E-06
  -1.29999995       1.03128446E-06
  -1.27999997       8.89837168E-07
  -1.25999999       1.18574860E-06
  -1.24000001       1.30428475E-06
  -1.22000003       1.08585004E-06
  -1.20000005       1.13833426E-06
  -1.18000007       1.39352426E-06
  -1.16000009       1.33542949E-06
  -1.14000010       1.22831580E-06
  -1.12000000       1.43606235E-06
  -1.10000002       1.55546093E-06
  -1.08000004       1.46093510E-06
  -1.05999994       1.55995258E-06
  -1.03999996       1.62357719E-06
  -1.01999998       1.53613746E-06
  -1.00000000       1.90097558E-06
 -0.980000019       2.41943030E-06
 -0.960000038       1.88713284E-06
 -0.940000057       9.67706228E-07
 -0.920000076       1.42587328E-06
 -0.899999976       4.67330938E-06
 -0.879999995       8.78232913E-06
 -0.860000014       8.90307001E-06
 -0.840000033       4.81430698E-06
 -0.820000052       1.04074488E-05
 -0.800000072       4.58212489E-05
 -0.779999971       1.16007483E-04
 -0.759999990       2.09254795E-04
 -0.740000010       3.21352738E-04
 -0.720000029       5.28707751E-04
 -0.700000048       9.94474161E-04
 -0.680000067       1.94840587E-03
 -0.660000086       3.58623569E-03
 -0.639999986       6.12507854E-03
 -0.620000005       9.93697904E-03
 -0.600000024       1.57836303E-02
 -0.580000043       2.49216389E-02
 -0.560000062       3.90230864E-02
 -0.540000081       6.03463314E-02
 -0.519999981       9.16970819E-02
 -0.500000000      0.136484936    
 -0.480000019      0.197023392    
 -0.460000038      0.273221970    
 -0.440000057      0.363368928    
 -0.420000076      0.470949650    
 -0.400000095      0.613377929    
 -0.379999995      0.817242384    
 -0.360000014       1.09268904    
 -0.340000033       1.39446163    
 -0.320000052       1.62776685    
 -0.300000072       1.72437418    
 -0.280000091       1.76024938    
 -0.259999990       1.96683705    
 -0.240000010       2.53751802    
 -0.220000029       3.34323978    
 -0.200000048       3.85218906    
 -0.180000067       3.53754902    
 -0.160000086       2.46592927    
 -0.139999986       1.52651715    
 -0.120000005       1.76419723    
 -0.100000024       3.32045126    
  -8.00000429E-02   5.03942823    
  -6.00000620E-02   5.26614189    
  -4.00000811E-02   3.56580973    
  -2.00001001E-02   1.07805216    
   0.00000000       9.78071243E-03
   1.99999809E-02   2.09358113E-05
   3.99999619E-02   8.72088640E-06
   5.99999428E-02   1.02335537E-06
   7.99999237E-02   1.74840773E-06
   9.99999046E-02   1.65835587E-07
  0.119999886       1.47062576E-06
  0.139999866       5.50530274E-07
  0.159999847       1.76545689E-06
  0.180000067       1.15916896E-06
  0.200000048       2.21003211E-06
  0.220000029       1.89588957E-06
  0.240000010       2.70893429E-06
  0.259999990       2.73582077E-06
  0.279999971       3.25145129E-06
  0.299999952       3.63825939E-06
  0.319999933       3.84328450E-06
  0.339999914       4.47841921E-06
  0.359999895       4.44085254E-06
  0.379999876       5.09630900E-06
  0.399999857       5.04377977E-06
  0.419999838       5.51672974E-06
  0.440000057       5.68956057E-06
  0.460000038       5.82176699E-06
  0.480000019       6.13357224E-06
  0.500000000       5.95914071E-06
  0.519999981       6.21297522E-06
  0.539999962       6.12286658E-06
  0.559999943       6.13406246E-06
  0.579999924       6.15557201E-06
  0.599999905       5.85874477E-06
  0.619999886       5.86542819E-06
  0.639999866       5.69047370E-06
  0.659999847       5.47991567E-06
  0.679999828       5.33731099E-06
  0.700000048       5.04427271E-06
  0.720000029       4.90366710E-06
  0.740000010       4.70671603E-06
  0.759999990       4.39893302E-06
  0.779999971       4.25057533E-06
  0.799999952       4.07056950E-06
  0.819999933       3.79662652E-06
  0.839999914       3.63795607E-06
  0.859999895       3.49539982E-06
  0.879999876       3.25733095E-06
  0.899999857       3.11115673E-06
  0.919999838       2.99796648E-06
  0.939999819       2.79557662E-06
  0.960000038       2.67242672E-06
  0.980000019       2.57161855E-06
   1.00000000       2.41596285E-06
   1.01999998       2.30501701E-06
   1.03999996       2.20031325E-06
   1.05999994       2.11058682E-06
   1.07999992       1.99302167E-06
   1.09999990       1.88304625E-06
   1.11999989       1.85087231E-06
   1.13999987       1.73090234E-06
   1.15999985       1.64078779E-06
   1.17999983       1.58152443E-06
   1.19999981       1.53570386E-06
   1.22000003       1.43928582E-06
   1.24000001       1.35284245E-06
   1.25999999       1.33709818E-06
   1.27999997       1.27953774E-06
   1.29999995       1.20104710E-06
   1.31999993       1.12530483E-06
   1.33999991       1.12191810E-06
   1.35999990       1.07900451E-06
   1.37999988       1.00620844E-06
   1.39999986       9.39517918E-07
   1.41999984       9.29018768E-07
   1.43999982       9.17863190E-07
   1.46000004       8.53571862E-07
   1.48000002       7.93404581E-07
   1.50000000       7.54569157E-07
   1.51999998       7.68254779E-07
   1.53999996       7.36426159E-07
   1.55999994       6.81543213E-07
   1.57999992       6.29435306E-07
   1.59999990       6.07034735E-07
   1.61999989       6.21087622E-07
   1.63999987       5.97628969E-07
   1.65999985       5.51570906E-07
   1.67999983       5.06779770E-07
   1.69999981       4.74859121E-07
   1.72000003       4.82060273E-07
   1.74000001       4.86494628E-07
   1.75999999       4.56702338E-07
   1.77999997       4.19425987E-07
   1.79999995       3.82113456E-07
   1.81999993       3.56378195E-07
   1.83999991       3.59968681E-07
   1.85999990       3.68210749E-07
   1.87999988       3.55781793E-07
   1.89999986       3.28538079E-07
   1.91999984       2.99152077E-07
   1.93999982       2.70147638E-07
   1.95999980       2.49067881E-07
   1.98000002       2.47125570E-07
   2.00000000       2.54607613E-07
   2.01999998       2.54656385E-07
   2.03999996       2.42673337E-07
   2.05999994       2.23859999E-07
   2.07999992       2.03729684E-07
   2.09999990       1.82064298E-07
   2.11999989       1.62208636E-07
   2.13999987       1.48667880E-07
   2.15999985       1.43214564E-07
   2.17999983       1.44252198E-07
   2.19999981       1.45650588E-07
   2.21999979       1.44417527E-07
   2.23999977       1.39442903E-07
   2.25999975       1.31435726E-07
   2.27999973       1.22150610E-07
   2.29999971       1.11393419E-07
   2.31999969       1.00165863E-07
   2.33999968       8.83751881E-08
   2.36000013       7.64412533E-08
   2.38000011       6.53302905E-08
   2.40000010       5.49189707E-08
   2.42000008       4.61037111E-08
   2.44000006       3.86019465E-08
   2.46000004       3.23285221E-08
   2.48000002       2.72847007E-08
   2.50000000       2.29379040E-08
   2.51999998       1.95587351E-08
   2.53999996       1.65069078E-08
   2.55999994       1.39696361E-08
   2.57999992       1.18940120E-08
   2.59999990       1.00681650E-08
   2.61999989       8.58938520E-09
   2.63999987       7.19923454E-09
   2.65999985       6.14815043E-09
   2.67999983       5.17287946E-09
   2.69999981       4.38731629E-09
   2.71999979       3.78827858E-09
   2.73999977       3.21081006E-09
   2.75999975       2.76274426E-09
   2.77999973       2.31769914E-09
   2.79999971       2.01970884E-09
   2.81999969       1.74900439E-09
   2.83999968       1.51898027E-09
   2.85999966       1.30897426E-09
   2.88000011       1.12121523E-09
   2.90000010       9.32809163E-10
   2.92000008       7.92642729E-10
   2.94000006       6.86320500E-10
   2.96000004       5.44064016E-10
   2.98000002       4.27023222E-10
   3.00000000       3.20302174E-10
   3.01999998       2.24172764E-10
   3.03999996       1.09604457E-10
   3.05999994       7.00693115E-11
   3.07999992       8.73422654E-11
   3.09999990       6.23544310E-08
