  -2.00000000       1.02472336E-06
  -1.98000002       1.47547007E-06
  -1.96000004       3.10267694E-07
  -1.94000006       3.34823397E-07
  -1.91999996       1.56120223E-06
  -1.89999998       1.18911248E-06
  -1.88000000       2.61214801E-08
  -1.86000001       8.51966377E-07
  -1.84000003       1.69166117E-06
  -1.82000005       6.04941533E-07
  -1.79999995       1.41504387E-07
  -1.77999997       1.40996906E-06
  -1.75999999       1.48188633E-06
  -1.74000001       1.87941936E-07
  -1.72000003       5.76835077E-07
  -1.70000005       1.70336898E-06
  -1.68000007       9.14646648E-07
  -1.65999997       1.08114989E-07
  -1.63999999       1.22015967E-06
  -1.62000000       1.65480969E-06
  -1.60000002       4.15618615E-07
  -1.58000004       4.37892169E-07
  -1.55999994       1.72051705E-06
  -1.53999996       1.31553179E-06
  -1.51999998       2.06721609E-07
  -1.50000000       9.79373226E-07
  -1.48000002       1.81160397E-06
  -1.46000004       8.08795562E-07
  -1.44000006       3.98689707E-07
  -1.42000008       1.47414937E-06
  -1.40000010       1.46261766E-06
  -1.38000000       5.30800378E-07
  -1.36000001       9.42731447E-07
  -1.34000003       1.63785603E-06
  -1.31999993       1.02962645E-06
  -1.29999995       7.38958533E-07
  -1.27999997       1.46039747E-06
  -1.25999999       1.42530337E-06
  -1.24000001       8.83424832E-07
  -1.22000003       1.27396709E-06
  -1.20000005       1.61843241E-06
  -1.18000007       1.16741103E-06
  -1.16000009       1.24043413E-06
  -1.14000010       1.70419150E-06
  -1.12000000       1.46294110E-06
  -1.10000002       1.36149310E-06
  -1.08000004       1.75637797E-06
  -1.05999994       1.63419907E-06
  -1.03999996       1.53911537E-06
  -1.01999998       2.07733228E-06
  -1.00000000       2.08303436E-06
 -0.980000019       1.55799182E-06
 -0.960000038       1.43683769E-06
 -0.940000057       2.03773789E-06
 -0.920000076       3.62674245E-06
 -0.899999976       5.60595890E-06
 -0.879999995       4.12606460E-06
 -0.860000014       9.60620923E-07
 -0.840000033       2.59345006E-06
 -0.820000052       1.94080785E-05
 -0.800000072       5.12465340E-05
 -0.779999971       9.15250566E-05
 -0.759999990       1.29824795E-04
 -0.740000010       2.00315189E-04
 -0.720000029       3.78310098E-04
 -0.700000048       7.86099816E-04
 -0.680000067       1.52977987E-03
 -0.660000086       2.72113318E-03
 -0.639999986       4.52880794E-03
 -0.620000005       7.31533999E-03
 -0.600000024       1.17004644E-02
 -0.580000043       1.85634829E-02
 -0.560000062       2.92003863E-02
 -0.540000081       4.55484837E-02
 -0.519999981       7.05366805E-02
 -0.500000000      0.106985852    
 -0.480000019      0.155907050    
 -0.460000038      0.214482069    
 -0.440000057      0.280559570    
 -0.420000076      0.361462086    
 -0.400000095      0.483425081    
 -0.379999995      0.678120732    
 -0.360000014      0.946921051    
 -0.340000033       1.22226191    
 -0.320000052       1.39293659    
 -0.300000072       1.41135514    
 -0.280000091       1.41316187    
 -0.259999990       1.68839955    
 -0.240000010       2.41800666    
 -0.220000029       3.37148666    
 -0.200000048       3.89408398    
 -0.180000067       3.43729448    
 -0.160000086       2.20078564    
 -0.139999986       1.27486444    
 -0.120000005       1.80002069    
 -0.100000024       3.79548788    
  -8.00000429E-02   5.84544802    
  -6.00000620E-02   6.07990313    
  -4.00000811E-02   4.09094334    
  -2.00001001E-02   1.23170471    
   0.00000000       1.11355642E-02
   1.99999809E-02   2.64033297E-05
   3.99999619E-02   7.61606907E-06
   5.99999428E-02   2.61355899E-06
   7.99999237E-02   7.56765360E-07
   9.99999046E-02   8.99387544E-07
  0.119999886       7.67971414E-07
  0.139999866       8.77631976E-07
  0.159999847       1.24587586E-06
  0.180000067       1.17662569E-06
  0.200000048       1.84432827E-06
  0.220000029       1.64390701E-06
  0.240000010       2.48171182E-06
  0.259999990       2.23635948E-06
  0.279999971       3.08634208E-06
  0.299999952       2.91506149E-06
  0.319999933       3.61149978E-06
  0.339999914       3.65875417E-06
  0.359999895       4.08701726E-06
  0.379999876       4.43841054E-06
  0.399999857       4.55993495E-06
  0.419999838       5.09097936E-06
  0.440000057       4.98411146E-06
  0.460000038       5.45092007E-06
  0.480000019       5.39963048E-06
  0.500000000       5.64207949E-06
  0.519999981       5.81652057E-06
  0.539999962       5.71653254E-06
  0.559999943       5.91476373E-06
  0.579999924       5.69840904E-06
  0.599999905       5.78751906E-06
  0.619999886       5.74668366E-06
  0.639999866       5.53215477E-06
  0.659999847       5.50761615E-06
  0.679999828       5.26432950E-06
  0.700000048       5.16981299E-06
  0.720000029       5.03359161E-06
  0.740000010       4.72908960E-06
  0.759999990       4.62310027E-06
  0.779999971       4.45231672E-06
  0.799999952       4.18959416E-06
  0.819999933       4.04623734E-06
  0.839999914       3.86338570E-06
  0.859999895       3.66714357E-06
  0.879999876       3.50228925E-06
  0.899999857       3.34001015E-06
  0.919999838       3.18193929E-06
  0.939999819       3.02426770E-06
  0.960000038       2.89386185E-06
  0.980000019       2.75325033E-06
   1.00000000       2.61324863E-06
   1.01999998       2.51676215E-06
   1.03999996       2.38604548E-06
   1.05999994       2.26998577E-06
   1.07999992       2.19061394E-06
   1.09999990       2.07347694E-06
   1.11999989       1.98959583E-06
   1.13999987       1.89583352E-06
   1.15999985       1.81881683E-06
   1.17999983       1.74901390E-06
   1.19999981       1.63949483E-06
   1.22000003       1.60510911E-06
   1.24000001       1.52811197E-06
   1.25999999       1.45677484E-06
   1.27999997       1.38204587E-06
   1.29999995       1.35216305E-06
   1.31999993       1.29400826E-06
   1.33999991       1.21422397E-06
   1.35999990       1.17012485E-06
   1.37999988       1.14507827E-06
   1.39999986       1.09637745E-06
   1.41999984       1.02273634E-06
   1.43999982       9.85218890E-07
   1.46000004       9.73366355E-07
   1.48000002       9.31070588E-07
   1.50000000       8.71997145E-07
   1.51999998       8.20953403E-07
   1.53999996       8.23956896E-07
   1.55999994       7.94364155E-07
   1.57999992       7.54944608E-07
   1.59999990       6.91933451E-07
   1.61999989       6.77358230E-07
   1.63999987       6.76859145E-07
   1.65999985       6.49760466E-07
   1.67999983       6.11304984E-07
   1.69999981       5.57484043E-07
   1.72000003       5.48209925E-07
   1.74000001       5.51384630E-07
   1.75999999       5.32312697E-07
   1.77999997       5.03876947E-07
   1.79999995       4.56625088E-07
   1.81999993       4.30345580E-07
   1.83999991       4.35728566E-07
   1.85999990       4.33702468E-07
   1.87999988       4.16599988E-07
   1.89999986       3.89918426E-07
   1.91999984       3.51611732E-07
   1.93999982       3.26714655E-07
   1.95999980       3.28254032E-07
   1.98000002       3.31509938E-07
   2.00000000       3.23752403E-07
   2.01999998       3.08064926E-07
   2.03999996       2.84800478E-07
   2.05999994       2.54518142E-07
   2.07999992       2.33445078E-07
   2.09999990       2.29537051E-07
   2.11999989       2.32256326E-07
   2.13999987       2.31224107E-07
   2.15999985       2.24123951E-07
   2.17999983       2.14257000E-07
   2.19999981       1.99016142E-07
   2.21999979       1.79136848E-07
   2.23999977       1.58945326E-07
   2.25999975       1.44433884E-07
   2.27999973       1.38241461E-07
   2.29999971       1.36529493E-07
   2.31999969       1.35998945E-07
   2.33999968       1.33445951E-07
   2.36000013       1.29860709E-07
   2.38000011       1.24907714E-07
   2.40000010       1.19044152E-07
   2.42000008       1.11354922E-07
   2.44000006       1.01942398E-07
   2.46000004       9.14943570E-08
   2.48000002       8.00707483E-08
   2.50000000       6.97548188E-08
   2.51999998       6.02362036E-08
   2.53999996       5.20006473E-08
   2.55999994       4.48711148E-08
   2.57999992       3.88552905E-08
   2.59999990       3.36888775E-08
   2.61999989       2.91589224E-08
   2.63999987       2.52814729E-08
   2.65999985       2.15815810E-08
   2.67999983       1.85000975E-08
   2.69999981       1.56863589E-08
   2.71999979       1.33804523E-08
   2.73999977       1.12630660E-08
   2.75999975       9.56050794E-09
   2.77999973       8.03889577E-09
   2.79999971       6.72766198E-09
   2.81999969       5.70001202E-09
   2.83999968       4.79123319E-09
   2.85999966       3.98928446E-09
   2.88000011       3.29186722E-09
   2.90000010       2.78198531E-09
   2.92000008       2.26937269E-09
   2.94000006       1.87825377E-09
   2.96000004       1.52646107E-09
   2.98000002       1.21838117E-09
   3.00000000       8.85067575E-10
   3.01999998       6.11541151E-10
   3.03999996       3.56002783E-10
   3.05999994       8.17772031E-11
   3.07999992       2.53359261E-11
   3.09999990       5.96177330E-08
