  -2.00000000       1.14054865E-06
  -1.98000002       1.47736250E-06
  -1.96000004       2.17202455E-07
  -1.94000006       4.67030503E-07
  -1.91999996       1.69822056E-06
  -1.89999998       8.48803893E-07
  -1.88000000       3.28007488E-08
  -1.86000001       1.32099763E-06
  -1.84000003       1.57271268E-06
  -1.82000005       2.21633371E-07
  -1.79999995       5.32304568E-07
  -1.77999997       1.74984370E-06
  -1.75999999       9.18436285E-07
  -1.74000001       8.36556353E-08
  -1.72000003       1.27169801E-06
  -1.70000005       1.48871050E-06
  -1.68000007       2.16426969E-07
  -1.65999997       6.80352855E-07
  -1.63999999       1.82132612E-06
  -1.62000000       8.47267074E-07
  -1.60000002       1.66976690E-07
  -1.58000004       1.52522671E-06
  -1.55999994       1.67541577E-06
  -1.53999996       2.94487165E-07
  -1.51999998       7.34793616E-07
  -1.50000000       1.89209470E-06
  -1.48000002       9.87188173E-07
  -1.46000004       3.08331863E-07
  -1.44000006       1.44778937E-06
  -1.42000008       1.54225143E-06
  -1.40000010       4.87088641E-07
  -1.38000000       9.50219203E-07
  -1.36000001       1.69769123E-06
  -1.34000003       9.25632776E-07
  -1.31999993       7.37750383E-07
  -1.29999995       1.58243154E-06
  -1.27999997       1.30705553E-06
  -1.25999999       7.96919153E-07
  -1.24000001       1.42965564E-06
  -1.22000003       1.56132819E-06
  -1.20000005       9.94879315E-07
  -1.18000007       1.36578171E-06
  -1.16000009       1.73123942E-06
  -1.14000010       1.23905181E-06
  -1.12000000       1.42514079E-06
  -1.10000002       1.87389492E-06
  -1.08000004       1.42967087E-06
  -1.05999994       1.50160633E-06
  -1.03999996       2.07474955E-06
  -1.01999998       1.84495843E-06
  -1.00000000       1.81916880E-06
 -0.980000019       1.85233171E-06
 -0.960000038       1.39461065E-06
 -0.940000057       2.18612877E-06
 -0.920000076       4.45114983E-06
 -0.899999976       4.55501231E-06
 -0.879999995       3.10698306E-06
 -0.860000014       1.68793250E-07
 -0.840000033       4.14532769E-06
 -0.820000052       2.09386162E-05
 -0.800000072       5.15374813E-05
 -0.779999971       8.13933075E-05
 -0.759999990       1.15071532E-04
 -0.740000010       1.79474024E-04
 -0.720000029       3.56605480E-04
 -0.700000048       7.48689810E-04
 -0.680000067       1.43980328E-03
 -0.660000086       2.54674745E-03
 -0.639999986       4.20332327E-03
 -0.620000005       6.82179211E-03
 -0.600000024       1.08796060E-02
 -0.580000043       1.73139051E-02
 -0.560000062       2.71675680E-02
 -0.540000081       4.26121317E-02
 -0.519999981       6.63057715E-02
 -0.500000000      0.101209491    
 -0.480000019      0.147517085    
 -0.460000038      0.202063307    
 -0.440000057      0.262559593    
 -0.420000076      0.337770939    
 -0.400000095      0.456308484    
 -0.379999995      0.650005043    
 -0.360000014      0.917555928    
 -0.340000033       1.18422210    
 -0.320000052       1.33719277    
 -0.300000072       1.33519125    
 -0.280000091       1.33143258    
 -0.259999990       1.62755513    
 -0.240000010       2.39716029    
 -0.220000029       3.38157248    
 -0.200000048       3.89749122    
 -0.180000067       3.39932108    
 -0.160000086       2.12382388    
 -0.139999986       1.20997703    
 -0.120000005       1.81249642    
 -0.100000024       3.91441774    
  -8.00000429E-02   6.03775311    
  -6.00000620E-02   6.26788521    
  -4.00000811E-02   4.20972157    
  -2.00001001E-02   1.26593602    
   0.00000000       1.14596337E-02
   1.99999809E-02   2.48351498E-05
   3.99999619E-02   9.71302870E-06
   5.99999428E-02   1.54502129E-06
   7.99999237E-02   1.45272384E-06
   9.99999046E-02   4.91752076E-07
  0.119999886       9.27714382E-07
  0.139999866       8.49905234E-07
  0.159999847       1.05679396E-06
  0.180000067       1.40753286E-06
  0.200000048       1.39946349E-06
  0.220000029       2.04204457E-06
  0.240000010       1.88551849E-06
  0.259999990       2.69252496E-06
  0.279999971       2.48459787E-06
  0.299999952       3.28571423E-06
  0.319999933       3.15547118E-06
  0.339999914       3.78324376E-06
  0.359999895       3.87900445E-06
  0.379999876       4.23478104E-06
  0.399999857       4.61778882E-06
  0.419999838       4.68116787E-06
  0.440000057       5.18850129E-06
  0.460000038       5.06824153E-06
  0.480000019       5.46652700E-06
  0.500000000       5.46018555E-06
  0.519999981       5.61840898E-06
  0.539999962       5.80515143E-06
  0.559999943       5.64679431E-06
  0.579999924       5.80379083E-06
  0.599999905       5.63352705E-06
  0.619999886       5.65316122E-06
  0.639999866       5.62945434E-06
  0.659999847       5.37051710E-06
  0.679999828       5.33050888E-06
  0.700000048       5.14894782E-06
  0.720000029       4.98863938E-06
  0.740000010       4.85627379E-06
  0.759999990       4.57981287E-06
  0.779999971       4.46455715E-06
  0.799999952       4.30466480E-06
  0.819999933       4.03308559E-06
  0.839999914       3.90542482E-06
  0.859999895       3.75064997E-06
  0.879999876       3.52555639E-06
  0.899999857       3.38336213E-06
  0.919999838       3.25137648E-06
  0.939999819       3.06349466E-06
  0.960000038       2.92921368E-06
  0.980000019       2.82006431E-06
   1.00000000       2.65965991E-06
   1.01999998       2.54194151E-06
   1.03999996       2.44848388E-06
   1.05999994       2.31499484E-06
   1.07999992       2.21978166E-06
   1.09999990       2.12205350E-06
   1.11999989       2.02615797E-06
   1.13999987       1.95007806E-06
   1.15999985       1.83391523E-06
   1.17999983       1.78836342E-06
   1.19999981       1.70621183E-06
   1.22000003       1.60961235E-06
   1.24000001       1.56079363E-06
   1.25999999       1.49975494E-06
   1.27999997       1.43961972E-06
   1.29999995       1.34302638E-06
   1.31999993       1.32727791E-06
   1.33999991       1.27022099E-06
   1.35999990       1.20849643E-06
   1.37999988       1.13328736E-06
   1.39999986       1.12713485E-06
   1.41999984       1.08020868E-06
   1.43999982       1.02231695E-06
   1.46000004       9.55764676E-07
   1.48000002       9.55432029E-07
   1.50000000       9.21369463E-07
   1.51999998       8.75274054E-07
   1.53999996       8.05716638E-07
   1.55999994       7.99831355E-07
   1.57999992       7.87964382E-07
   1.59999990       7.54388452E-07
   1.61999989       6.97095516E-07
   1.63999987       6.55608062E-07
   1.65999985       6.62382092E-07
   1.67999983       6.46634476E-07
   1.69999981       6.16483135E-07
   1.72000003       5.64405298E-07
   1.74000001       5.30141051E-07
   1.75999999       5.38050017E-07
   1.77999997       5.30588636E-07
   1.79999995       5.07876962E-07
   1.81999993       4.69004505E-07
   1.83999991       4.25435076E-07
   1.85999990       4.20217191E-07
   1.87999988       4.26775699E-07
   1.89999986       4.16832933E-07
   1.91999984       3.97167042E-07
   1.93999982       3.64009168E-07
   1.95999980       3.27527516E-07
   1.98000002       3.16495772E-07
   2.00000000       3.23374053E-07
   2.01999998       3.21882055E-07
   2.03999996       3.11137683E-07
   2.05999994       2.93037743E-07
   2.07999992       2.66260656E-07
   2.09999990       2.37903478E-07
   2.11999989       2.24172268E-07
   2.13999987       2.24773743E-07
   2.15999985       2.27365632E-07
   2.17999983       2.24344333E-07
   2.19999981       2.16444278E-07
   2.21999979       2.05329158E-07
   2.23999977       1.88130002E-07
   2.25999975       1.67808778E-07
   2.27999973       1.49350910E-07
   2.29999971       1.38360079E-07
   2.31999969       1.34092147E-07
   2.33999968       1.33436615E-07
   2.36000013       1.32614019E-07
   2.38000011       1.30047994E-07
   2.40000010       1.26210423E-07
   2.42000008       1.21055223E-07
   2.44000006       1.15009698E-07
   2.46000004       1.06669411E-07
   2.48000002       9.70893979E-08
   2.50000000       8.64945733E-08
   2.51999998       7.59032446E-08
   2.53999996       6.58516441E-08
   2.55999994       5.67783474E-08
   2.57999992       4.90175012E-08
   2.59999990       4.24677111E-08
   2.61999989       3.71817066E-08
   2.63999987       3.22529168E-08
   2.65999985       2.79781460E-08
   2.67999983       2.41071074E-08
   2.69999981       2.08175379E-08
   2.71999979       1.78283344E-08
   2.73999977       1.52307109E-08
   2.75999975       1.29309683E-08
   2.77999973       1.09095577E-08
   2.79999971       9.24195831E-09
   2.81999969       7.84263676E-09
   2.83999968       6.62118449E-09
   2.85999966       5.54021895E-09
   2.88000011       4.68514028E-09
   2.90000010       3.85148002E-09
   2.92000008       3.27010907E-09
   2.94000006       2.73769718E-09
   2.96000004       2.29789476E-09
   2.98000002       1.88062277E-09
   3.00000000       1.58465363E-09
   3.01999998       1.32459943E-09
   3.03999996       1.14232457E-09
   3.05999994       1.20334409E-09
   3.07999992       1.09291887E-09
   3.09999990       7.22425284E-08
