  -2.00000000       1.13247245E-06
  -1.98000002       1.48351182E-06
  -1.96000004       1.26758962E-07
  -1.94000006       6.05525997E-07
  -1.91999996       1.80802522E-06
  -1.89999998       6.36911750E-07
  -1.88000000       1.29060979E-07
  -1.86000001       1.56727754E-06
  -1.84000003       1.33403967E-06
  -1.82000005       4.99815656E-08
  -1.79999995       9.51589413E-07
  -1.77999997       1.74812340E-06
  -1.75999999       4.15953139E-07
  -1.74000001       3.74142019E-07
  -1.72000003       1.72427838E-06
  -1.70000005       1.02200011E-06
  -1.68000007       9.21154069E-08
  -1.65999997       1.34463926E-06
  -1.63999999       1.61429159E-06
  -1.62000000       2.37796570E-07
  -1.60000002       7.63780633E-07
  -1.58000004       1.89846196E-06
  -1.55999994       7.90794900E-07
  -1.53999996       2.93348108E-07
  -1.51999998       1.67894132E-06
  -1.50000000       1.45458364E-06
  -1.48000002       2.45318205E-07
  -1.46000004       1.14112913E-06
  -1.44000006       1.84326427E-06
  -1.42000008       6.20550281E-07
  -1.40000010       6.72499823E-07
  -1.38000000       1.83785232E-06
  -1.36000001       1.15618172E-06
  -1.34000003       5.20126719E-07
  -1.31999993       1.57117552E-06
  -1.29999995       1.56667511E-06
  -1.27999997       6.71014220E-07
  -1.25999999       1.30127864E-06
  -1.24000001       1.76774392E-06
  -1.22000003       9.70609449E-07
  -1.20000005       1.17662262E-06
  -1.18000007       1.84529608E-06
  -1.16000009       1.28706176E-06
  -1.14000010       1.21362950E-06
  -1.12000000       1.91973595E-06
  -1.10000002       1.54270049E-06
  -1.08000004       1.31161187E-06
  -1.05999994       1.97392251E-06
  -1.03999996       1.86155330E-06
  -1.01999998       1.68267457E-06
  -1.00000000       2.13689987E-06
 -0.980000019       1.59368960E-06
 -0.960000038       1.39864744E-06
 -0.940000057       2.89233094E-06
 -0.920000076       4.15174145E-06
 -0.899999976       4.15634759E-06
 -0.879999995       2.25541135E-06
 -0.860000014       8.20865012E-08
 -0.840000033       4.89365993E-06
 -0.820000052       2.35291773E-05
 -0.800000072       4.84751581E-05
 -0.779999971       7.64415745E-05
 -0.759999990       1.01015656E-04
 -0.740000010       1.68808954E-04
 -0.720000029       3.39059858E-04
 -0.700000048       7.22909754E-04
 -0.680000067       1.37099519E-03
 -0.660000086       2.41299439E-03
 -0.639999986       3.97161627E-03
 -0.620000005       6.44375291E-03
 -0.600000024       1.02978908E-02
 -0.580000043       1.63412113E-02
 -0.560000062       2.56998260E-02
 -0.540000081       4.03656140E-02
 -0.519999981       6.32689372E-02
 -0.500000000       9.68673527E-02
 -0.480000019      0.141327828    
 -0.460000038      0.192549765    
 -0.440000057      0.248812675    
 -0.420000076      0.319748819    
 -0.400000095      0.435930550    
 -0.379999995      0.629427731    
 -0.360000014      0.895577073    
 -0.340000033       1.15521550    
 -0.320000052       1.29286563    
 -0.300000072       1.27512789    
 -0.280000091       1.26747966    
 -0.259999990       1.58180189    
 -0.240000010       2.38327432    
 -0.220000029       3.39035296    
 -0.200000048       3.89840841    
 -0.180000067       3.36521673    
 -0.160000086       2.06000090    
 -0.139999986       1.15795934    
 -0.120000005       1.82403016    
 -0.100000024       4.00964785    
  -8.00000429E-02   6.18873978    
  -6.00000620E-02   6.41365957    
  -4.00000811E-02   4.30093575    
  -2.00001001E-02   1.29216087    
   0.00000000       1.16773192E-02
   1.99999809E-02   2.70068722E-05
   3.99999619E-02   8.52767607E-06
   5.99999428E-02   2.32695152E-06
   7.99999237E-02   1.04303956E-06
   9.99999046E-02   6.70953398E-07
  0.119999886       9.17040552E-07
  0.139999866       6.94162225E-07
  0.159999847       1.30184071E-06
  0.180000067       1.01382102E-06
  0.200000048       1.80146549E-06
  0.220000029       1.48224058E-06
  0.240000010       2.33583910E-06
  0.259999990       2.07960875E-06
  0.279999971       2.87610919E-06
  0.299999952       2.79579990E-06
  0.319999933       3.39670373E-06
  0.339999914       3.55871362E-06
  0.359999895       3.85984822E-06
  0.379999876       4.24375867E-06
  0.399999857       4.28637941E-06
  0.419999838       4.80234166E-06
  0.440000057       4.78956008E-06
  0.460000038       5.22575556E-06
  0.480000019       5.29348881E-06
  0.500000000       5.41358395E-06
  0.519999981       5.59464115E-06
  0.539999962       5.51747189E-06
  0.559999943       5.74769138E-06
  0.579999924       5.68001906E-06
  0.599999905       5.64426909E-06
  0.619999886       5.63618369E-06
  0.639999866       5.44756676E-06
  0.659999847       5.47873151E-06
  0.679999828       5.32364129E-06
  0.700000048       5.09483698E-06
  0.720000029       5.03033516E-06
  0.740000010       4.81844836E-06
  0.759999990       4.65779112E-06
  0.779999971       4.49661229E-06
  0.799999952       4.24568634E-06
  0.819999933       4.13541375E-06
  0.839999914       3.96474388E-06
  0.859999895       3.69703821E-06
  0.879999876       3.61492607E-06
  0.899999857       3.45825629E-06
  0.919999838       3.20825893E-06
  0.939999819       3.14031035E-06
  0.960000038       3.00899569E-06
  0.980000019       2.78170137E-06
   1.00000000       2.72483317E-06
   1.01999998       2.62201206E-06
   1.03999996       2.42055648E-06
   1.05999994       2.36462188E-06
   1.07999992       2.28633303E-06
   1.09999990       2.13237900E-06
   1.11999989       2.04013008E-06
   1.13999987       1.99626083E-06
   1.15999985       1.90271669E-06
   1.17999983       1.75558591E-06
   1.19999981       1.74400293E-06
   1.22000003       1.69226723E-06
   1.24000001       1.54844565E-06
   1.25999999       1.50433834E-06
   1.27999997       1.48412710E-06
   1.29999995       1.41821431E-06
   1.31999993       1.28917509E-06
   1.33999991       1.28685645E-06
   1.35999990       1.26605664E-06
   1.37999988       1.18763694E-06
   1.39999986       1.08874065E-06
   1.41999984       1.09577957E-06
   1.43999982       1.07960977E-06
   1.46000004       1.01018134E-06
   1.48000002       9.18954925E-07
   1.50000000       9.24896199E-07
   1.51999998       9.18993180E-07
   1.53999996       8.75383876E-07
   1.55999994       7.81369749E-07
   1.57999992       7.68479026E-07
   1.59999990       7.75992760E-07
   1.61999989       7.61429988E-07
   1.63999987       6.92415256E-07
   1.65999985       6.31402315E-07
   1.67999983       6.37719324E-07
   1.69999981       6.41076213E-07
   1.72000003       6.26335463E-07
   1.74000001       5.62334776E-07
   1.75999999       5.12019028E-07
   1.77999997       5.15290651E-07
   1.79999995       5.22206335E-07
   1.81999993       5.16493060E-07
   1.83999991       4.75689149E-07
   1.85999990       4.19700569E-07
   1.87999988       4.01731171E-07
   1.89999986       4.09799782E-07
   1.91999984       4.13042500E-07
   1.93999982       4.06475237E-07
   1.95999980       3.72891634E-07
   1.98000002       3.27245971E-07
   2.00000000       3.05465591E-07
   2.01999998       3.07350120E-07
   2.03999996       3.11701854E-07
   2.05999994       3.11915585E-07
   2.07999992       3.03299771E-07
   2.09999990       2.75949105E-07
   2.11999989       2.41728401E-07
   2.13999987       2.19407227E-07
   2.15999985       2.14472038E-07
   2.17999983       2.15709804E-07
   2.19999981       2.17111676E-07
   2.21999979       2.17131472E-07
   2.23999977       2.11936396E-07
   2.25999975       1.97912499E-07
   2.27999973       1.75845187E-07
   2.29999971       1.54144942E-07
   2.31999969       1.38106941E-07
   2.33999968       1.30165006E-07
   2.36000013       1.26609038E-07
   2.38000011       1.25059742E-07
   2.40000010       1.23567105E-07
   2.42000008       1.22877367E-07
   2.44000006       1.21411944E-07
   2.46000004       1.18033142E-07
   2.48000002       1.12466502E-07
   2.50000000       1.03802549E-07
   2.51999998       9.35737887E-08
   2.53999996       8.23667676E-08
   2.55999994       7.16217130E-08
   2.57999992       6.15710860E-08
   2.59999990       5.31062376E-08
   2.61999989       4.55370213E-08
   2.63999987       3.90441777E-08
   2.65999985       3.33506485E-08
   2.67999983       2.83458199E-08
   2.69999981       2.40302391E-08
   2.71999979       2.01788684E-08
   2.73999977       1.70071282E-08
   2.75999975       1.40716550E-08
   2.77999973       1.17942758E-08
   2.79999971       9.78763470E-09
   2.81999969       8.10846323E-09
   2.83999968       6.69203537E-09
   2.85999966       5.57715296E-09
   2.88000011       4.55462423E-09
   2.90000010       3.74227938E-09
   2.92000008       3.04059045E-09
   2.94000006       2.48999132E-09
   2.96000004       2.00266315E-09
   2.98000002       1.61112090E-09
   3.00000000       1.32433065E-09
   3.01999998       1.11434117E-09
   3.03999996       9.98519156E-10
   3.05999994       1.13281695E-09
   3.07999992       1.12619658E-09
   3.09999990       7.44677919E-08
