  -2.00000000       1.10128462E-06
  -1.98000002       1.39558301E-06
  -1.96000004       2.84564496E-08
  -1.94000006       1.01023545E-06
  -1.91999996       1.80086806E-06
  -1.89999998       3.26564987E-07
  -1.88000000       5.13221607E-07
  -1.86000001       1.73863589E-06
  -1.84000003       6.75492117E-07
  -1.82000005       2.32533779E-07
  -1.79999995       1.71252486E-06
  -1.77999997       1.12121700E-06
  -1.75999999       4.63726302E-08
  -1.74000001       1.44949058E-06
  -1.72000003       1.58140710E-06
  -1.70000005       1.24464876E-07
  -1.68000007       9.67570031E-07
  -1.65999997       1.73898468E-06
  -1.63999999       3.64910619E-07
  -1.62000000       6.69810220E-07
  -1.60000002       1.88145589E-06
  -1.58000004       6.88409841E-07
  -1.55999994       3.94079052E-07
  -1.53999996       1.93502228E-06
  -1.51999998       1.22012432E-06
  -1.50000000       1.94441455E-07
  -1.48000002       1.64778078E-06
  -1.46000004       1.71940712E-06
  -1.44000006       2.87403424E-07
  -1.42000008       1.20152185E-06
  -1.40000010       1.95880966E-06
  -1.38000000       6.15801980E-07
  -1.36000001       8.77488958E-07
  -1.34000003       1.93891810E-06
  -1.31999993       9.75589728E-07
  -1.29999995       7.80552227E-07
  -1.27999997       1.83722500E-06
  -1.25999999       1.25356655E-06
  -1.24000001       8.42836585E-07
  -1.22000003       1.77856191E-06
  -1.20000005       1.46036064E-06
  -1.18000007       9.90418243E-07
  -1.16000009       1.80274890E-06
  -1.14000010       1.63988125E-06
  -1.12000000       1.17866773E-06
  -1.10000002       1.87582839E-06
  -1.08000004       1.75684761E-06
  -1.05999994       1.38996461E-06
  -1.03999996       2.17150750E-06
  -1.01999998       1.98266548E-06
  -1.00000000       1.46593584E-06
 -0.980000019       1.87821206E-06
 -0.960000038       2.05776018E-06
 -0.940000057       2.77924778E-06
 -0.920000076       4.40777103E-06
 -0.899999976       2.86143722E-06
 -0.879999995       8.51062623E-07
 -0.860000014       5.89795548E-07
 -0.840000033       8.02656541E-06
 -0.820000052       2.43999621E-05
 -0.800000072       4.55873742E-05
 -0.779999971       6.10795905E-05
 -0.759999990       8.30356876E-05
 -0.740000010       1.47214741E-04
 -0.720000029       3.16515914E-04
 -0.700000048       6.69790490E-04
 -0.680000067       1.24788017E-03
 -0.660000086       2.17003515E-03
 -0.639999986       3.55468458E-03
 -0.620000005       5.79005573E-03
 -0.600000024       9.21962596E-03
 -0.580000043       1.46239251E-02
 -0.560000062       2.29587406E-02
 -0.540000081       3.64395007E-02
 -0.519999981       5.77688627E-02
 -0.500000000       8.92890990E-02
 -0.480000019      0.129913300    
 -0.460000038      0.174976200    
 -0.440000057      0.222946346    
 -0.420000076      0.286405265    
 -0.400000095      0.399177611    
 -0.379999995      0.592971265    
 -0.360000014      0.856537461    
 -0.340000033       1.10004151    
 -0.320000052       1.20671499    
 -0.300000072       1.15750027    
 -0.280000091       1.14597011    
 -0.259999990       1.49886107    
 -0.240000010       2.36332965    
 -0.220000029       3.40981483    
 -0.200000048       3.89472127    
 -0.180000067       3.28917861    
 -0.160000086       1.92781425    
 -0.139999986       1.05638599    
 -0.120000005       1.85098600    
 -0.100000024       4.19850969    
  -8.00000429E-02   6.47956038    
  -6.00000620E-02   6.68950653    
  -4.00000811E-02   4.47137642    
  -2.00001001E-02   1.34070063    
   0.00000000       1.21257659E-02
   1.99999809E-02   2.60123470E-05
   3.99999619E-02   1.06180696E-05
   5.99999428E-02   1.26237364E-06
   7.99999237E-02   1.87605212E-06
   9.99999046E-02   5.64855362E-08
  0.119999886       1.34568040E-06
  0.139999866       3.30801726E-07
  0.159999847       1.48252855E-06
  0.180000067       8.28783755E-07
  0.200000048       1.78624816E-06
  0.220000029       1.43828038E-06
  0.240000010       2.14564670E-06
  0.259999990       2.12696523E-06
  0.279999971       2.53601866E-06
  0.299999952       2.86788713E-06
  0.319999933       2.98605937E-06
  0.339999914       3.60409422E-06
  0.359999895       3.51538210E-06
  0.379999876       4.21529785E-06
  0.399999857       4.08248661E-06
  0.419999838       4.60154888E-06
  0.440000057       4.67369682E-06
  0.460000038       4.87172292E-06
  0.480000019       5.25563473E-06
  0.500000000       5.13421264E-06
  0.519999981       5.56362284E-06
  0.539999962       5.35066738E-06
  0.559999943       5.54211920E-06
  0.579999924       5.61883371E-06
  0.599999905       5.46794126E-06
  0.619999886       5.67396046E-06
  0.639999866       5.34549417E-06
  0.659999847       5.37747474E-06
  0.679999828       5.34654509E-06
  0.700000048       5.05596290E-06
  0.720000029       5.08875291E-06
  0.740000010       4.79057144E-06
  0.759999990       4.65345647E-06
  0.779999971       4.62629760E-06
  0.799999952       4.24263180E-06
  0.819999933       4.17372667E-06
  0.839999914       4.06878917E-06
  0.859999895       3.74141587E-06
  0.879999876       3.68350993E-06
  0.899999857       3.53299970E-06
  0.919999838       3.27590510E-06
  0.939999819       3.22429764E-06
  0.960000038       3.06501192E-06
  0.980000019       2.85706051E-06
   1.00000000       2.80940321E-06
   1.01999998       2.67584664E-06
   1.03999996       2.48508445E-06
   1.05999994       2.44643707E-06
   1.07999992       2.35375728E-06
   1.09999990       2.15974296E-06
   1.11999989       2.13644375E-06
   1.13999987       2.07450785E-06
   1.15999985       1.89258731E-06
   1.17999983       1.86323109E-06
   1.19999981       1.81967073E-06
   1.22000003       1.69359419E-06
   1.24000001       1.61106550E-06
   1.25999999       1.59004605E-06
   1.27999997       1.53294184E-06
   1.29999995       1.40230156E-06
   1.31999993       1.39048677E-06
   1.33999991       1.35496327E-06
   1.35999990       1.27879923E-06
   1.37999988       1.19196284E-06
   1.39999986       1.18959451E-06
   1.41999984       1.15474722E-06
   1.43999982       1.07769972E-06
   1.46000004       1.01680484E-06
   1.48000002       1.01585988E-06
   1.50000000       9.83196742E-07
   1.51999998       9.21583592E-07
   1.53999996       8.62598881E-07
   1.55999994       8.65144330E-07
   1.57999992       8.37839309E-07
   1.59999990       7.98156350E-07
   1.61999989       7.33628156E-07
   1.63999987       7.27121574E-07
   1.65999985       7.16825639E-07
   1.67999983       6.89152614E-07
   1.69999981       6.42402313E-07
   1.72000003       6.01619377E-07
   1.74000001       6.04030674E-07
   1.75999999       5.90226932E-07
   1.77999997       5.64038260E-07
   1.79999995       5.27088730E-07
   1.81999993       4.91960861E-07
   1.83999991       4.92068011E-07
   1.85999990       4.84786710E-07
   1.87999988       4.62792002E-07
   1.89999986       4.38522534E-07
   1.91999984       4.04841217E-07
   1.93999982       3.89274192E-07
   1.95999980       3.90847276E-07
   1.98000002       3.80530679E-07
   2.00000000       3.61454966E-07
   2.01999998       3.43351303E-07
   2.03999996       3.17699772E-07
   2.05999994       2.99392184E-07
   2.07999992       2.97126235E-07
   2.09999990       2.95363918E-07
   2.11999989       2.82607829E-07
   2.13999987       2.67502202E-07
   2.15999985       2.53033733E-07
   2.17999983       2.34826530E-07
   2.19999981       2.18555570E-07
   2.21999979       2.10921058E-07
   2.23999977       2.10061245E-07
   2.25999975       2.05935820E-07
   2.27999973       1.96820139E-07
   2.29999971       1.85107467E-07
   2.31999969       1.74608147E-07
   2.33999968       1.63777315E-07
   2.36000013       1.51578746E-07
   2.38000011       1.39566339E-07
   2.40000010       1.31661878E-07
   2.42000008       1.27186809E-07
   2.44000006       1.23894580E-07
   2.46000004       1.20369123E-07
   2.48000002       1.14892238E-07
   2.50000000       1.08583137E-07
   2.51999998       1.01587119E-07
   2.53999996       9.48727958E-08
   2.55999994       8.83049935E-08
   2.57999992       8.21599500E-08
   2.59999990       7.51790026E-08
   2.61999989       6.81458943E-08
   2.63999987       6.08320150E-08
   2.65999985       5.39653406E-08
   2.67999983       4.75017501E-08
   2.69999981       4.15889296E-08
   2.71999979       3.62765640E-08
   2.73999977       3.14215640E-08
   2.75999975       2.72754708E-08
   2.77999973       2.33902568E-08
   2.79999971       1.99677359E-08
   2.81999969       1.70126704E-08
   2.83999968       1.43594878E-08
   2.85999966       1.19527179E-08
   2.88000011       1.00508508E-08
   2.90000010       8.29538216E-09
   2.92000008       6.87462087E-09
   2.94000006       5.57192870E-09
   2.96000004       4.58599203E-09
   2.98000002       3.73948250E-09
   3.00000000       3.09079895E-09
   3.01999998       2.57847255E-09
   3.03999996       2.28295249E-09
   3.05999994       2.40367659E-09
   3.07999992       2.14867901E-09
   3.09999990       7.36437258E-08
