  -2.00000000       1.43059378E-06
  -1.98000002       1.25746976E-06
  -1.96000004       7.27701677E-09
  -1.94000006       1.44561523E-06
  -1.91999996       1.41022065E-06
  -1.89999998       1.33209186E-08
  -1.88000000       1.40811187E-06
  -1.86000001       1.52984182E-06
  -1.84000003       1.68515992E-08
  -1.82000005       1.33063236E-06
  -1.79999995       1.55290036E-06
  -1.77999997       4.78472089E-08
  -1.75999999       1.30406420E-06
  -1.74000001       1.56433464E-06
  -1.72000003       6.58732517E-08
  -1.70000005       1.35361734E-06
  -1.68000007       1.73140063E-06
  -1.65999997       1.16859034E-07
  -1.63999999       1.24735652E-06
  -1.62000000       1.77628669E-06
  -1.60000002       1.93654699E-07
  -1.58000004       1.19658307E-06
  -1.55999994       1.75339801E-06
  -1.53999996       2.28875251E-07
  -1.51999998       1.29015461E-06
  -1.50000000       1.87914759E-06
  -1.48000002       2.65187367E-07
  -1.46000004       1.31825641E-06
  -1.44000006       2.04590583E-06
  -1.42000008       3.62257168E-07
  -1.40000010       1.27186127E-06
  -1.38000000       2.13869316E-06
  -1.36000001       4.99560883E-07
  -1.34000003       1.23060909E-06
  -1.31999993       2.14454872E-06
  -1.29999995       6.40743053E-07
  -1.27999997       1.26366558E-06
  -1.25999999       2.12352506E-06
  -1.24000001       7.81991048E-07
  -1.22000003       1.38828750E-06
  -1.20000005       2.10834719E-06
  -1.18000007       9.31789259E-07
  -1.16000009       1.59202091E-06
  -1.14000010       2.09846166E-06
  -1.12000000       1.07968549E-06
  -1.10000002       1.80824020E-06
  -1.08000004       2.11816223E-06
  -1.05999994       1.32974492E-06
  -1.03999996       2.17752859E-06
  -1.01999998       2.02492242E-06
  -1.00000000       1.30912372E-06
 -0.980000019       2.27504552E-06
 -0.960000038       2.67192581E-06
 -0.940000057       2.87277112E-06
 -0.920000076       3.54877079E-06
 -0.899999976       1.17926629E-06
 -0.879999995       1.80058308E-07
 -0.860000014       3.31236834E-06
 -0.840000033       1.13767746E-05
 -0.820000052       2.49747391E-05
 -0.800000072       3.45304652E-05
 -0.779999971       4.21820951E-05
 -0.759999990       5.87525865E-05
 -0.740000010       1.28932064E-04
 -0.720000029       2.83840753E-04
 -0.700000048       5.91952878E-04
 -0.680000067       1.05964148E-03
 -0.660000086       1.82569679E-03
 -0.639999986       2.98415520E-03
 -0.620000005       4.86601936E-03
 -0.600000024       7.68694887E-03
 -0.580000043       1.20696248E-02
 -0.560000062       1.90508850E-02
 -0.540000081       3.08859088E-02
 -0.519999981       5.03526069E-02
 -0.500000000       7.86706507E-02
 -0.480000019      0.113279559    
 -0.460000038      0.148015231    
 -0.440000057      0.183341444    
 -0.420000076      0.236866757    
 -0.400000095      0.347572058    
 -0.379999995      0.544362187    
 -0.360000014      0.801736057    
 -0.340000033       1.01374841    
 -0.320000052       1.06420541    
 -0.300000072      0.966002524    
 -0.280000091      0.957762539    
 -0.259999990       1.38512778    
 -0.240000010       2.35244107    
 -0.220000029       3.44750690    
 -0.200000048       3.87236118    
 -0.180000067       3.13675189    
 -0.160000086       1.69340646    
 -0.139999986      0.893148720    
 -0.120000005       1.91141307    
 -0.100000024       4.51553106    
  -8.00000429E-02   6.94182920    
  -6.00000620E-02   7.11253405    
  -4.00000811E-02   4.72596312    
  -2.00001001E-02   1.41218114    
   0.00000000       1.27233677E-02
   1.99999809E-02   3.10652176E-05
   3.99999619E-02   7.71683608E-06
   5.99999428E-02   3.58949978E-06
   7.99999237E-02   1.75881311E-07
   9.99999046E-02   1.39866177E-06
  0.119999886       1.78414084E-07
  0.139999866       1.20084519E-06
  0.159999847       6.29770796E-07
  0.180000067       1.34403035E-06
  0.200000048       1.18613718E-06
  0.220000029       1.61893240E-06
  0.240000010       1.79880931E-06
  0.259999990       1.98569660E-06
  0.279999971       2.44329658E-06
  0.299999952       2.44924399E-06
  0.319999933       3.07814162E-06
  0.339999914       2.99647672E-06
  0.359999895       3.62757510E-06
  0.379999876       3.57348381E-06
  0.399999857       4.04065759E-06
  0.419999838       4.15669638E-06
  0.440000057       4.39658379E-06
  0.460000038       4.72650299E-06
  0.480000019       4.75861088E-06
  0.500000000       5.11455983E-06
  0.519999981       5.04361560E-06
  0.539999962       5.24580128E-06
  0.559999943       5.30867510E-06
  0.579999924       5.32957438E-06
  0.599999905       5.47715490E-06
  0.619999886       5.31355317E-06
  0.639999866       5.34773062E-06
  0.659999847       5.27825568E-06
  0.679999828       5.19158129E-06
  0.700000048       5.16136879E-06
  0.720000029       4.94032838E-06
  0.740000010       4.83537406E-06
  0.759999990       4.75419029E-06
  0.779999971       4.54771271E-06
  0.799999952       4.39909900E-06
  0.819999933       4.24034442E-06
  0.839999914       4.08076676E-06
  0.859999895       3.93393429E-06
  0.879999876       3.74298202E-06
  0.899999857       3.59179012E-06
  0.919999838       3.47465743E-06
  0.939999819       3.28839133E-06
  0.960000038       3.14171029E-06
  0.980000019       3.04587320E-06
   1.00000000       2.88438605E-06
   1.01999998       2.74592776E-06
   1.03999996       2.66394318E-06
   1.05999994       2.53185385E-06
   1.07999992       2.40754071E-06
   1.09999990       2.32487832E-06
   1.11999989       2.23079974E-06
   1.13999987       2.12321402E-06
   1.15999985       2.02084402E-06
   1.17999983       1.97913710E-06
   1.19999981       1.87858609E-06
   1.22000003       1.76107619E-06
   1.24000001       1.75224477E-06
   1.25999999       1.66526979E-06
   1.27999997       1.56360886E-06
   1.29999995       1.52110204E-06
   1.31999993       1.48756658E-06
   1.33999991       1.41097166E-06
   1.35999990       1.31336287E-06
   1.37999988       1.31988747E-06
   1.39999986       1.26609643E-06
   1.41999984       1.19098831E-06
   1.43999982       1.12104090E-06
   1.46000004       1.13636145E-06
   1.48000002       1.08453014E-06
   1.50000000       1.01256001E-06
   1.51999998       9.57025804E-07
   1.53999996       9.74951149E-07
   1.55999994       9.34230343E-07
   1.57999992       8.71574912E-07
   1.59999990       8.11070379E-07
   1.61999989       8.29563874E-07
   1.63999987       8.10033043E-07
   1.65999985       7.60407943E-07
   1.67999983       6.94003461E-07
   1.69999981       6.86850058E-07
   1.72000003       7.00826206E-07
   1.74000001       6.67941890E-07
   1.75999999       6.17881255E-07
   1.77999997       5.65806090E-07
   1.79999995       5.74742103E-07
   1.81999993       5.82272889E-07
   1.83999991       5.54684902E-07
   1.85999990       5.10714244E-07
   1.87999988       4.64957736E-07
   1.89999986       4.64047929E-07
   1.91999984       4.78710433E-07
   1.93999982       4.63837409E-07
   1.95999980       4.34443990E-07
   1.98000002       3.91466131E-07
   2.00000000       3.63584377E-07
   2.01999998       3.71859471E-07
   2.03999996       3.81322252E-07
   2.05999994       3.69198460E-07
   2.07999992       3.45890896E-07
   2.09999990       3.12297033E-07
   2.11999989       2.82425788E-07
   2.13999987       2.77815616E-07
   2.15999985       2.88200823E-07
   2.17999983       2.89897599E-07
   2.19999981       2.78991990E-07
   2.21999979       2.60972513E-07
   2.23999977       2.35507642E-07
   2.25999975       2.10403215E-07
   2.27999973       1.97152445E-07
   2.29999971       1.98949721E-07
   2.31999969       2.04423969E-07
   2.33999968       2.04390318E-07
   2.36000013       1.97258458E-07
   2.38000011       1.87230853E-07
   2.40000010       1.72704759E-07
   2.42000008       1.55088770E-07
   2.44000006       1.37234281E-07
   2.46000004       1.25139294E-07
   2.48000002       1.19920102E-07
   2.50000000       1.19668059E-07
   2.51999998       1.20095748E-07
   2.53999996       1.19707323E-07
   2.55999994       1.16811684E-07
   2.57999992       1.12429333E-07
   2.59999990       1.06613903E-07
   2.61999989       9.99657317E-08
   2.63999987       9.22145915E-08
   2.65999985       8.37540313E-08
   2.67999983       7.45684616E-08
   2.69999981       6.56253292E-08
   2.71999979       5.74685117E-08
   2.73999977       5.02260562E-08
   2.75999975       4.41078818E-08
   2.77999973       3.88502990E-08
   2.79999971       3.43476962E-08
   2.81999969       3.01827399E-08
   2.83999968       2.66060809E-08
   2.85999966       2.31745467E-08
   2.88000011       2.00492565E-08
   2.90000010       1.71633534E-08
   2.92000008       1.46692631E-08
   2.94000006       1.22830812E-08
   2.96000004       1.03225188E-08
   2.98000002       8.55217941E-09
   3.00000000       7.07107306E-09
   3.01999998       5.74066128E-09
   3.03999996       4.72921435E-09
   3.05999994       4.34426184E-09
   3.07999992       3.53446805E-09
   3.09999990       8.43675565E-08
