  -2.00000000       1.38850078E-06
  -1.98000002       1.08324832E-06
  -1.96000004       1.31524828E-07
  -1.94000006       1.95070629E-06
  -1.91999996       8.58885926E-07
  -1.89999998       2.61518437E-07
  -1.88000000       1.97407007E-06
  -1.86000001       5.00168653E-07
  -1.84000003       5.75185879E-07
  -1.82000005       2.01631110E-06
  -1.79999995       2.85626953E-07
  -1.77999997       8.98681549E-07
  -1.75999999       1.90774722E-06
  -1.74000001       1.45946160E-07
  -1.72000003       1.23833524E-06
  -1.70000005       1.68637791E-06
  -1.68000007       7.99144928E-08
  -1.65999997       1.62625156E-06
  -1.63999999       1.46611683E-06
  -1.62000000       1.27192166E-07
  -1.60000002       1.90216758E-06
  -1.58000004       1.19988147E-06
  -1.55999994       3.01747036E-07
  -1.53999996       2.07584549E-06
  -1.51999998       8.85662473E-07
  -1.50000000       5.91911657E-07
  -1.48000002       2.18671630E-06
  -1.46000004       6.13595034E-07
  -1.44000006       9.86347573E-07
  -1.42000008       2.22833114E-06
  -1.40000010       4.30746013E-07
  -1.38000000       1.40906104E-06
  -1.36000001       2.13543217E-06
  -1.34000003       3.78862808E-07
  -1.31999993       1.81338442E-06
  -1.29999995       1.93691289E-06
  -1.27999997       4.62223568E-07
  -1.25999999       2.17422144E-06
  -1.24000001       1.68561985E-06
  -1.22000003       7.01102181E-07
  -1.20000005       2.44034982E-06
  -1.18000007       1.42696172E-06
  -1.16000009       1.08636789E-06
  -1.14000010       2.54775523E-06
  -1.12000000       1.22709787E-06
  -1.10000002       1.59514093E-06
  -1.08000004       2.57508327E-06
  -1.05999994       1.23108964E-06
  -1.03999996       2.10008193E-06
  -1.01999998       2.22039171E-06
  -1.00000000       1.32668981E-06
 -0.980000019       2.82289307E-06
 -0.960000038       2.83171948E-06
 -0.940000057       2.46587251E-06
 -0.920000076       2.43314435E-06
 -0.899999976       5.32115735E-07
 -0.879999995       1.11444353E-06
 -0.860000014       6.65352263E-06
 -0.840000033       1.25412980E-05
 -0.820000052       2.19956019E-05
 -0.800000072       2.23128991E-05
 -0.779999971       2.79251981E-05
 -0.759999990       4.60735391E-05
 -0.740000010       1.18267752E-04
 -0.720000029       2.57553445E-04
 -0.700000048       5.11877937E-04
 -0.680000067       8.98892991E-04
 -0.660000086       1.53550995E-03
 -0.639999986       2.53369310E-03
 -0.620000005       4.07377072E-03
 -0.600000024       6.33517420E-03
 -0.580000043       9.77755338E-03
 -0.560000062       1.57214310E-02
 -0.540000081       2.64358129E-02
 -0.519999981       4.45988327E-02
 -0.500000000       6.99544027E-02
 -0.480000019       9.82065573E-02
 -0.460000038      0.122491024    
 -0.440000057      0.146316215    
 -0.420000076      0.193611875    
 -0.400000095      0.306815326    
 -0.379999995      0.508961856    
 -0.360000014      0.756381929    
 -0.340000033      0.928846955    
 -0.320000052      0.917573392    
 -0.300000072      0.775701523    
 -0.280000091      0.786867917    
 -0.259999990       1.30325174    
 -0.240000010       2.37127209    
 -0.220000029       3.49099684    
 -0.200000048       3.82631922    
 -0.180000067       2.94830561    
 -0.160000086       1.43927741    
 -0.139999986      0.739953756    
 -0.120000005       1.99740577    
 -0.100000024       4.84438229    
  -8.00000429E-02   7.38482380    
  -6.00000620E-02   7.49636936    
  -4.00000811E-02   4.94751310    
  -2.00001001E-02   1.47262859    
   0.00000000       1.32840294E-02
   1.99999809E-02   2.85982005E-05
   3.99999619E-02   1.13326914E-05
   5.99999428E-02   1.57361478E-06
   7.99999237E-02   1.68789427E-06
   9.99999046E-02   2.57417867E-07
  0.119999886       9.73462534E-07
  0.139999866       5.28638907E-07
  0.159999847       9.80340928E-07
  0.180000067       1.00343129E-06
  0.200000048       1.19168783E-06
  0.220000029       1.54591055E-06
  0.240000010       1.51902464E-06
  0.259999990       2.10292910E-06
  0.279999971       1.93685491E-06
  0.299999952       2.62222034E-06
  0.319999933       2.44613739E-06
  0.339999914       3.08447466E-06
  0.359999895       3.06069205E-06
  0.379999876       3.50112487E-06
  0.399999857       3.73095850E-06
  0.419999838       3.86930651E-06
  0.440000057       4.29648844E-06
  0.460000038       4.20221431E-06
  0.480000019       4.66503525E-06
  0.500000000       4.61220043E-06
  0.519999981       4.90444836E-06
  0.539999962       5.05592880E-06
  0.559999943       4.99479665E-06
  0.579999924       5.25639962E-06
  0.599999905       5.06037077E-06
  0.619999886       5.25991345E-06
  0.639999866       5.24505322E-06
  0.659999847       5.09891061E-06
  0.679999828       5.20022786E-06
  0.700000048       4.93535117E-06
  0.720000029       4.97975452E-06
  0.740000010       4.90959019E-06
  0.759999990       4.61229456E-06
  0.779999971       4.64789400E-06
  0.799999952       4.42842793E-06
  0.819999933       4.27400164E-06
  0.839999914       4.22261792E-06
  0.859999895       3.91667618E-06
  0.879999876       3.86843885E-06
  0.899999857       3.76419075E-06
  0.919999838       3.45283092E-06
  0.939999819       3.44377509E-06
  0.960000038       3.31566162E-06
  0.980000019       3.04069977E-06
   1.00000000       3.04120476E-06
   1.01999998       2.91376091E-06
   1.03999996       2.67078030E-06
   1.05999994       2.67810651E-06
   1.07999992       2.56733711E-06
   1.09999990       2.34473441E-06
   1.11999989       2.35635343E-06
   1.13999987       2.26932934E-06
   1.15999985       2.06712207E-06
   1.17999983       2.06757340E-06
   1.19999981       2.01025205E-06
   1.22000003       1.84589794E-06
   1.24000001       1.79890708E-06
   1.25999999       1.78235655E-06
   1.27999997       1.67359849E-06
   1.29999995       1.55432224E-06
   1.31999993       1.57717500E-06
   1.33999991       1.51782149E-06
   1.35999990       1.37977088E-06
   1.37999988       1.36708127E-06
   1.39999986       1.35712810E-06
   1.41999984       1.27998351E-06
   1.43999982       1.17184993E-06
   1.46000004       1.19416495E-06
   1.48000002       1.16632771E-06
   1.50000000       1.08289476E-06
   1.51999998       1.00767807E-06
   1.53999996       1.03375453E-06
   1.55999994       1.00468606E-06
   1.57999992       9.29336750E-07
   1.59999990       8.64252115E-07
   1.61999989       8.88903628E-07
   1.63999987       8.67941992E-07
   1.65999985       8.11193843E-07
   1.67999983       7.40161283E-07
   1.69999981       7.51977325E-07
   1.72000003       7.50720346E-07
   1.74000001       7.14721239E-07
   1.75999999       6.48981484E-07
   1.77999997       6.23102835E-07
   1.79999995       6.40555129E-07
   1.81999993       6.25272548E-07
   1.83999991       5.88767534E-07
   1.85999990       5.32726801E-07
   1.87999988       5.19503203E-07
   1.89999986       5.33617992E-07
   1.91999984       5.20765695E-07
   1.93999982       4.92490017E-07
   1.95999980       4.46905062E-07
   1.98000002       4.23667728E-07
   2.00000000       4.34154799E-07
   2.01999998       4.31892204E-07
   2.03999996       4.14622178E-07
   2.05999994       3.86068024E-07
   2.07999992       3.50190362E-07
   2.09999990       3.38175226E-07
   2.11999989       3.46192934E-07
   2.13999987       3.43178499E-07
   2.15999985       3.29717324E-07
   2.17999983       3.10282928E-07
   2.19999981       2.83092874E-07
   2.21999979       2.62464511E-07
   2.23999977       2.61186187E-07
   2.25999975       2.64180528E-07
   2.27999973       2.58837872E-07
   2.29999971       2.48531364E-07
   2.31999969       2.35433930E-07
   2.33999968       2.16619981E-07
   2.36000013       1.97953312E-07
   2.38000011       1.87716424E-07
   2.40000010       1.86736386E-07
   2.42000008       1.86067325E-07
   2.44000006       1.81715336E-07
   2.46000004       1.74126114E-07
   2.48000002       1.65883776E-07
   2.50000000       1.56480453E-07
   2.51999998       1.45290429E-07
   2.53999996       1.33122185E-07
   2.55999994       1.23398479E-07
   2.57999992       1.17223131E-07
   2.59999990       1.14096053E-07
   2.61999989       1.11218014E-07
   2.63999987       1.07087438E-07
   2.65999985       1.01390285E-07
   2.67999983       9.55463832E-08
   2.69999981       8.98856882E-08
   2.71999979       8.50212487E-08
   2.73999977       8.02024971E-08
   2.75999975       7.54270459E-08
   2.77999973       7.04297420E-08
   2.79999971       6.51157279E-08
   2.81999969       5.99150667E-08
   2.83999968       5.47973187E-08
   2.85999966       4.97282215E-08
   2.88000011       4.50689441E-08
   2.90000010       4.05108871E-08
   2.92000008       3.62876698E-08
   2.94000006       3.19375530E-08
   2.96000004       2.77927104E-08
   2.98000002       2.36143123E-08
   3.00000000       1.97786072E-08
   3.01999998       1.61531002E-08
   3.03999996       1.29287994E-08
   3.05999994       1.05832676E-08
   3.07999992       7.81304976E-09
   3.09999990       8.96275409E-08
