  -2.00000000       1.66411951E-06
  -1.98000002       8.07169613E-07
  -1.96000004       5.50740992E-07
  -1.94000006       2.00178056E-06
  -1.91999996       1.49043217E-07
  -1.89999998       1.41771579E-06
  -1.88000000       1.49412529E-06
  -1.86000001       8.93201104E-08
  -1.84000003       1.96876135E-06
  -1.82000005       6.02764203E-07
  -1.79999995       8.09962330E-07
  -1.77999997       2.04757225E-06
  -1.75999999       8.27872171E-08
  -1.74000001       1.63202196E-06
  -1.72000003       1.26730413E-06
  -1.70000005       2.84298380E-07
  -1.68000007       2.16012836E-06
  -1.65999997       4.25134516E-07
  -1.63999999       1.14062129E-06
  -1.62000000       2.01046078E-06
  -1.60000002       1.09584953E-07
  -1.58000004       1.92590960E-06
  -1.55999994       1.10510177E-06
  -1.53999996       5.86379713E-07
  -1.51999998       2.24798760E-06
  -1.50000000       3.32676734E-07
  -1.48000002       1.62219385E-06
  -1.46000004       1.88935473E-06
  -1.44000006       2.63076828E-07
  -1.42000008       2.35567268E-06
  -1.40000010       1.02316994E-06
  -1.38000000       9.53976610E-07
  -1.36000001       2.31301283E-06
  -1.34000003       4.35488573E-07
  -1.31999993       2.02573187E-06
  -1.29999995       1.61166065E-06
  -1.27999997       7.42165412E-07
  -1.25999999       2.73386172E-06
  -1.24000001       8.02623049E-07
  -1.22000003       1.74438833E-06
  -1.20000005       2.55719920E-06
  -1.18000007       5.61218940E-07
  -1.16000009       2.71062959E-06
  -1.14000010       1.75128275E-06
  -1.12000000       1.18818389E-06
  -1.10000002       3.01006980E-06
  -1.08000004       1.10124927E-06
  -1.05999994       2.21652567E-06
  -1.03999996       2.36277970E-06
  -1.01999998       1.27418923E-06
  -1.00000000       3.17764352E-06
 -0.980000019       2.03485661E-06
 -0.960000038       2.60757042E-06
 -0.940000057       2.22876793E-06
 -0.920000076       7.41379267E-07
 -0.899999976       2.04190587E-06
 -0.879999995       4.03039257E-06
 -0.860000014       7.91707134E-06
 -0.840000033       1.24006374E-05
 -0.820000052       1.14101540E-05
 -0.800000072       1.07741280E-05
 -0.779999971       1.66625541E-05
 -0.759999990       4.07315165E-05
 -0.740000010       1.08922730E-04
 -0.720000029       2.13288513E-04
 -0.700000048       4.11912450E-04
 -0.680000067       7.07756844E-04
 -0.660000086       1.24697690E-03
 -0.639999986       2.01478018E-03
 -0.620000005       3.11851734E-03
 -0.600000024       4.54018638E-03
 -0.580000043       6.97281957E-03
 -0.560000062       1.20014139E-02
 -0.540000081       2.21653208E-02
 -0.519999981       3.90439518E-02
 -0.500000000       5.99610135E-02
 -0.480000019       7.80363977E-02
 -0.460000038       8.74560326E-02
 -0.440000057       9.87087637E-02
 -0.420000076      0.145087972    
 -0.400000095      0.270488471    
 -0.379999995      0.480927438    
 -0.360000014      0.704225957    
 -0.340000033      0.804340005    
 -0.320000052      0.701184690    
 -0.300000072      0.515637636    
 -0.280000091      0.589810669    
 -0.259999990       1.25674915    
 -0.240000010       2.45297408    
 -0.220000029       3.55633330    
 -0.200000048       3.71068764    
 -0.180000067       2.62002778    
 -0.160000086       1.05851567    
 -0.139999986      0.559293509    
 -0.120000005       2.17475557    
 -0.100000024       5.32632160    
  -8.00000429E-02   7.96245050    
  -6.00000620E-02   7.95295715    
  -4.00000811E-02   5.19136238    
  -2.00001001E-02   1.53567719    
   0.00000000       1.38237551E-02
   1.99999809E-02   2.95738719E-05
   3.99999619E-02   1.19699553E-05
   5.99999428E-02   1.42361648E-06
   7.99999237E-02   1.91897061E-06
   9.99999046E-02   4.05696454E-09
  0.119999886       1.16297178E-06
  0.139999866       2.10280845E-07
  0.159999847       1.13888291E-06
  0.180000067       6.23213737E-07
  0.200000048       1.29640750E-06
  0.220000029       1.12535952E-06
  0.240000010       1.54090935E-06
  0.259999990       1.69026407E-06
  0.279999971       1.85315480E-06
  0.299999952       2.27765145E-06
  0.319999933       2.22840890E-06
  0.339999914       2.81626649E-06
  0.359999895       2.66358393E-06
  0.379999876       3.25249312E-06
  0.399999857       3.18000139E-06
  0.419999838       3.60755143E-06
  0.440000057       3.77417723E-06
  0.460000038       3.92218408E-06
  0.480000019       4.30498812E-06
  0.500000000       4.19313392E-06
  0.519999981       4.60990486E-06
  0.539999962       4.50638072E-06
  0.559999943       4.75709612E-06
  0.579999924       4.89397053E-06
  0.599999905       4.81627148E-06
  0.619999886       5.06431570E-06
  0.639999866       4.83421809E-06
  0.659999847       4.99756516E-06
  0.679999828       4.98953341E-06
  0.700000048       4.83563417E-06
  0.720000029       4.94554524E-06
  0.740000010       4.66552956E-06
  0.759999990       4.69614770E-06
  0.779999971       4.65943140E-06
  0.799999952       4.36604842E-06
  0.819999933       4.40263693E-06
  0.839999914       4.19665594E-06
  0.859999895       4.05322044E-06
  0.879999876       4.02821252E-06
  0.899999857       3.72895556E-06
  0.919999838       3.68328574E-06
  0.939999819       3.61320872E-06
  0.960000038       3.31016690E-06
  0.980000019       3.29955924E-06
   1.00000000       3.20120625E-06
   1.01999998       2.93924904E-06
   1.03999996       2.93142148E-06
   1.05999994       2.82862356E-06
   1.07999992       2.60280626E-06
   1.09999990       2.59830222E-06
   1.11999989       2.50499306E-06
   1.13999987       2.29889679E-06
   1.15999985       2.30207411E-06
   1.17999983       2.22866811E-06
   1.19999981       2.03374702E-06
   1.22000003       2.03587661E-06
   1.24000001       1.98645103E-06
   1.25999999       1.81450309E-06
   1.27999997       1.79380970E-06
   1.29999995       1.76522906E-06
   1.31999993       1.64836229E-06
   1.33999991       1.56536919E-06
   1.35999990       1.56820204E-06
   1.37999988       1.50756955E-06
   1.39999986       1.37633049E-06
   1.41999984       1.38615633E-06
   1.43999982       1.35820414E-06
   1.46000004       1.26339637E-06
   1.48000002       1.19813649E-06
   1.50000000       1.20944833E-06
   1.51999998       1.17106265E-06
   1.53999996       1.07158871E-06
   1.55999994       1.04992910E-06
   1.57999992       1.04978722E-06
   1.59999990       1.00924240E-06
   1.61999989       9.21290166E-07
   1.63999987       9.13362385E-07
   1.65999985       9.10976610E-07
   1.67999983       8.76005629E-07
   1.69999981       8.01974011E-07
   1.72000003       7.84395695E-07
   1.74000001       7.90337936E-07
   1.75999999       7.63849641E-07
   1.77999997       7.07848642E-07
   1.79999995       6.67301151E-07
   1.81999993       6.80780317E-07
   1.83999991       6.64669017E-07
   1.85999990       6.33192030E-07
   1.87999988       5.79294237E-07
   1.89999986       5.70327870E-07
   1.91999984       5.75852710E-07
   1.93999982       5.57681631E-07
   1.95999980       5.26747044E-07
   1.98000002       4.83244094E-07
   2.00000000       4.77716071E-07
   2.01999998       4.83121937E-07
   2.03999996       4.67164284E-07
   2.05999994       4.44781790E-07
   2.07999992       4.09562602E-07
   2.09999990       3.91638594E-07
   2.11999989       3.97916125E-07
   2.13999987       3.90711307E-07
   2.15999985       3.74835111E-07
   2.17999983       3.53889902E-07
   2.19999981       3.26387180E-07
   2.21999979       3.15480179E-07
   2.23999977       3.20121700E-07
   2.25999975       3.13467751E-07
   2.27999973       2.99737280E-07
   2.29999971       2.84703248E-07
   2.31999969       2.65844761E-07
   2.33999968       2.48733443E-07
   2.36000013       2.46536331E-07
   2.38000011       2.47511679E-07
   2.40000010       2.39473792E-07
   2.42000008       2.26214667E-07
   2.44000006       2.14742101E-07
   2.46000004       2.02649588E-07
   2.48000002       1.90266206E-07
   2.50000000       1.82638729E-07
   2.51999998       1.81436974E-07
   2.53999996       1.79821114E-07
   2.55999994       1.72251234E-07
   2.57999992       1.60250806E-07
   2.59999990       1.48922283E-07
   2.61999989       1.40910657E-07
   2.63999987       1.34290516E-07
   2.65999985       1.29022553E-07
   2.67999983       1.24684306E-07
   2.69999981       1.22277314E-07
   2.71999979       1.20462104E-07
   2.73999977       1.16837342E-07
   2.75999975       1.08991806E-07
   2.77999973       9.84455824E-08
   2.79999971       8.63843042E-08
   2.81999969       7.54281331E-08
   2.83999968       6.77451979E-08
   2.85999966       6.40398241E-08
   2.88000011       6.37237889E-08
   2.90000010       6.61752182E-08
   2.92000008       7.02106391E-08
   2.94000006       7.46586934E-08
   2.96000004       7.74142066E-08
   2.98000002       7.79178819E-08
   3.00000000       7.56095986E-08
   3.01999998       6.94657132E-08
   3.03999996       5.99125727E-08
   3.05999994       4.85743961E-08
   3.07999992       3.44159403E-08
   3.09999990       1.21973315E-07
