  -2.00000000       1.67708708E-06
  -1.98000002       8.10126039E-07
  -1.96000004       5.57276337E-07
  -1.94000006       1.99745909E-06
  -1.91999996       1.41772915E-07
  -1.89999998       1.43326804E-06
  -1.88000000       1.48109143E-06
  -1.86000001       9.75642536E-08
  -1.84000003       1.97654435E-06
  -1.82000005       5.81360666E-07
  -1.79999995       8.39722190E-07
  -1.77999997       2.03005629E-06
  -1.75999999       7.32244843E-08
  -1.74000001       1.66646555E-06
  -1.72000003       1.22984738E-06
  -1.70000005       3.10515446E-07
  -1.68000007       2.16609033E-06
  -1.65999997       3.91095057E-07
  -1.63999999       1.19311915E-06
  -1.62000000       1.96853148E-06
  -1.60000002       1.10299737E-07
  -1.58000004       1.96943893E-06
  -1.55999994       1.04505739E-06
  -1.53999996       6.38336303E-07
  -1.51999998       2.23769393E-06
  -1.50000000       2.99454598E-07
  -1.48000002       1.69379928E-06
  -1.46000004       1.81539315E-06
  -1.44000006       2.92048867E-07
  -1.42000008       2.39209999E-06
  -1.40000010       9.39628933E-07
  -1.38000000       1.03871878E-06
  -1.36000001       2.27743021E-06
  -1.34000003       4.14035355E-07
  -1.31999993       2.10426538E-06
  -1.29999995       1.52061318E-06
  -1.27999997       8.12607595E-07
  -1.25999999       2.73083083E-06
  -1.24000001       7.29045723E-07
  -1.22000003       1.86364684E-06
  -1.20000005       2.45486535E-06
  -1.18000007       5.79332550E-07
  -1.16000009       2.78898051E-06
  -1.14000010       1.61649291E-06
  -1.12000000       1.30164221E-06
  -1.10000002       2.98048690E-06
  -1.08000004       1.03593368E-06
  -1.05999994       2.33878086E-06
  -1.03999996       2.25430358E-06
  -1.01999998       1.32636387E-06
  -1.00000000       3.22029746E-06
 -0.980000019       1.93617166E-06
 -0.960000038       2.71757472E-06
 -0.940000057       2.13877456E-06
 -0.920000076       7.56793781E-07
 -0.899999976       2.13498038E-06
 -0.879999995       3.93747951E-06
 -0.860000014       8.09384346E-06
 -0.840000033       1.21680960E-05
 -0.820000052       1.14585746E-05
 -0.800000072       1.04571445E-05
 -0.779999971       1.68052775E-05
 -0.759999990       4.04709426E-05
 -0.740000010       1.09018998E-04
 -0.720000029       2.12404804E-04
 -0.700000048       4.10705165E-04
 -0.680000067       7.05677667E-04
 -0.660000086       1.24326267E-03
 -0.639999986       2.00921670E-03
 -0.620000005       3.10394540E-03
 -0.600000024       4.51767631E-03
 -0.580000043       6.93370262E-03
 -0.560000062       1.19626606E-02
 -0.540000081       2.21179947E-02
 -0.519999981       3.89913246E-02
 -0.500000000       5.98266907E-02
 -0.480000019       7.77568221E-02
 -0.460000038       8.69610608E-02
 -0.440000057       9.80838090E-02
 -0.420000076      0.144533828    
 -0.400000095      0.270162970    
 -0.379999995      0.480727702    
 -0.360000014      0.703535378    
 -0.340000033      0.802522600    
 -0.320000052      0.698027492    
 -0.300000072      0.512117505    
 -0.280000091      0.587504983    
 -0.259999990       1.25676930    
 -0.240000010       2.45461726    
 -0.220000029       3.55721760    
 -0.200000048       3.70857573    
 -0.180000067       2.61485457    
 -0.160000086       1.05305922    
 -0.139999986      0.557160497    
 -0.120000005       2.17780900    
 -0.100000024       5.33324146    
  -8.00000429E-02   7.97008562    
  -6.00000620E-02   7.95855427    
  -4.00000811E-02   5.19413424    
  -2.00001001E-02   1.53635573    
   0.00000000       1.38280429E-02
   1.99999809E-02   2.96776452E-05
   3.99999619E-02   1.18722073E-05
   5.99999428E-02   1.46300317E-06
   7.99999237E-02   1.89114621E-06
   9.99999046E-02   7.36782235E-09
  0.119999886       1.16646754E-06
  0.139999866       1.91976284E-07
  0.159999847       1.16210992E-06
  0.180000067       5.88267142E-07
  0.200000048       1.33200251E-06
  0.220000029       1.07686060E-06
  0.240000010       1.58129103E-06
  0.259999990       1.63421078E-06
  0.279999971       1.89180014E-06
  0.299999952       2.22727886E-06
  0.319999933       2.26154134E-06
  0.339999914       2.78730226E-06
  0.359999895       2.68315330E-06
  0.379999876       3.24720759E-06
  0.399999857       3.16969272E-06
  0.419999838       3.61387447E-06
  0.440000057       3.73506555E-06
  0.460000038       3.93886421E-06
  0.480000019       4.27346868E-06
  0.500000000       4.21750929E-06
  0.519999981       4.60107640E-06
  0.539999962       4.49975551E-06
  0.559999943       4.75448269E-06
  0.579999924       4.86127010E-06
  0.599999905       4.83609801E-06
  0.619999886       5.05347361E-06
  0.639999866       4.84237989E-06
  0.659999847       4.99037742E-06
  0.679999828       4.96484245E-06
  0.700000048       4.85313649E-06
  0.720000029       4.94080086E-06
  0.740000010       4.66816937E-06
  0.759999990       4.69095448E-06
  0.779999971       4.64512141E-06
  0.799999952       4.38716552E-06
  0.819999933       4.39952964E-06
  0.839999914       4.18427771E-06
  0.859999895       4.06285426E-06
  0.879999876       4.02958358E-06
  0.899999857       3.73060220E-06
  0.919999838       3.68182009E-06
  0.939999819       3.61248931E-06
  0.960000038       3.32088848E-06
  0.980000019       3.29572072E-06
   1.00000000       3.19807441E-06
   1.01999998       2.95202017E-06
   1.03999996       2.92854020E-06
   1.05999994       2.82501264E-06
   1.07999992       2.61451623E-06
   1.09999990       2.59628405E-06
   1.11999989       2.50280004E-06
   1.13999987       2.30810042E-06
   1.15999985       2.30007754E-06
   1.17999983       2.22978611E-06
   1.19999981       2.03868740E-06
   1.22000003       2.03465970E-06
   1.24000001       1.99161900E-06
   1.25999999       1.81302971E-06
   1.27999997       1.79616927E-06
   1.29999995       1.77121206E-06
   1.31999993       1.64326241E-06
   1.33999991       1.57157501E-06
   1.35999990       1.56926603E-06
   1.37999988       1.50864889E-06
   1.39999986       1.37765460E-06
   1.41999984       1.38624966E-06
   1.43999982       1.36503081E-06
   1.46000004       1.25895428E-06
   1.48000002       1.20224513E-06
   1.50000000       1.20957657E-06
   1.51999998       1.17655782E-06
   1.53999996       1.06772382E-06
   1.55999994       1.05269669E-06
   1.57999992       1.05201661E-06
   1.59999990       1.01291982E-06
   1.61999989       9.18102103E-07
   1.63999987       9.15344231E-07
   1.65999985       9.13369036E-07
   1.67999983       8.80400194E-07
   1.69999981       7.98121448E-07
   1.72000003       7.86196210E-07
   1.74000001       7.91241519E-07
   1.75999999       7.70310294E-07
   1.77999997       7.04426384E-07
   1.79999995       6.67693087E-07
   1.81999993       6.80617177E-07
   1.83999991       6.69972053E-07
   1.85999990       6.35371350E-07
   1.87999988       5.75924616E-07
   1.89999986       5.71107762E-07
   1.91999984       5.76006926E-07
   1.93999982       5.63892570E-07
   1.95999980       5.27593613E-07
   1.98000002       4.80175117E-07
   2.00000000       4.78043034E-07
   2.01999998       4.83049291E-07
   2.03999996       4.72514216E-07
   2.05999994       4.47870718E-07
   2.07999992       4.06398101E-07
   2.09999990       3.90891046E-07
   2.11999989       3.97605021E-07
   2.13999987       3.92513471E-07
   2.15999985       3.80643030E-07
   2.17999983       3.55032398E-07
   2.19999981       3.23522045E-07
   2.21999979       3.14692045E-07
   2.23999977       3.19649473E-07
   2.25999975       3.14323813E-07
   2.27999973       3.04661256E-07
   2.29999971       2.88297997E-07
   2.31999969       2.64402757E-07
   2.33999968       2.46588314E-07
   2.36000013       2.45999644E-07
   2.38000011       2.46933183E-07
   2.40000010       2.40103020E-07
   2.42000008       2.30134560E-07
   2.44000006       2.18988845E-07
   2.46000004       2.03438034E-07
   2.48000002       1.88328499E-07
   2.50000000       1.81089391E-07
   2.51999998       1.80834405E-07
   2.53999996       1.79199361E-07
   2.55999994       1.72083290E-07
   2.57999992       1.62073292E-07
   2.59999990       1.52546193E-07
   2.61999989       1.44254642E-07
   2.63999987       1.35440686E-07
   2.65999985       1.28141039E-07
   2.67999983       1.23163915E-07
   2.69999981       1.21286092E-07
   2.71999979       1.20003463E-07
   2.73999977       1.16458416E-07
   2.75999975       1.08500551E-07
   2.77999973       9.82525634E-08
   2.79999971       8.69732162E-08
   2.81999969       7.69546418E-08
   2.83999968       6.98716462E-08
   2.85999966       6.60943158E-08
   2.88000011       6.52700294E-08
   2.90000010       6.69864662E-08
   2.92000008       7.04382401E-08
   2.94000006       7.45205924E-08
   2.96000004       7.72531976E-08
   2.98000002       7.78972549E-08
   3.00000000       7.57229088E-08
   3.01999998       6.95394604E-08
   3.03999996       5.97430727E-08
   3.05999994       4.77608424E-08
   3.07999992       3.32249215E-08
   3.09999990       1.07986175E-07
