  -2.00000000       1.80300594E-06
  -1.98000002       7.05651530E-07
  -1.96000004       7.59675459E-07
  -1.94000006       2.03335185E-06
  -1.91999996       1.93345091E-08
  -1.89999998       1.71818283E-06
  -1.88000000       9.69263283E-07
  -1.86000001       5.55975248E-07
  -1.84000003       2.12490295E-06
  -1.82000005       1.14658015E-07
  -1.79999995       1.60706657E-06
  -1.77999997       1.23520783E-06
  -1.75999999       3.50206108E-07
  -1.74000001       2.19180288E-06
  -1.72000003       2.26012176E-07
  -1.70000005       1.51020276E-06
  -1.68000007       1.61142384E-06
  -1.65999997       2.03790179E-07
  -1.63999999       2.16576700E-06
  -1.62000000       4.33565731E-07
  -1.60000002       1.33044205E-06
  -1.58000004       1.85183842E-06
  -1.55999994       1.67971635E-07
  -1.53999996       2.34676190E-06
  -1.51999998       7.93851655E-07
  -1.50000000       1.05648064E-06
  -1.48000002       2.04451840E-06
  -1.46000004       2.65499153E-07
  -1.44000006       2.27296300E-06
  -1.42000008       9.54180678E-07
  -1.40000010       1.07072651E-06
  -1.38000000       2.51743290E-06
  -1.36000001       2.99909686E-07
  -1.34000003       2.26491466E-06
  -1.31999993       1.50866822E-06
  -1.29999995       8.91148488E-07
  -1.27999997       2.52353402E-06
  -1.25999999       5.93827622E-07
  -1.24000001       2.26259203E-06
  -1.22000003       1.61687558E-06
  -1.20000005       1.08523420E-06
  -1.18000007       2.93648736E-06
  -1.16000009       6.96532936E-07
  -1.14000010       2.53554458E-06
  -1.12000000       2.26570660E-06
  -1.10000002       9.86704890E-07
  -1.08000004       3.34985612E-06
  -1.05999994       1.13956287E-06
  -1.03999996       2.23594930E-06
  -1.01999998       2.87872194E-06
  -1.00000000       1.40911322E-06
 -0.980000019       3.59429714E-06
 -0.960000038       1.57819420E-06
 -0.940000057       1.81601649E-06
 -0.920000076       1.80740199E-06
 -0.899999976       1.62915592E-06
 -0.879999995       5.95178517E-06
 -0.860000014       7.20239586E-06
 -0.840000033       1.06438483E-05
 -0.820000052       7.42288557E-06
 -0.800000072       8.18702938E-06
 -0.779999971       1.36742510E-05
 -0.759999990       4.33393070E-05
 -0.740000010       9.88229658E-05
 -0.720000029       1.98977898E-04
 -0.700000048       3.68070090E-04
 -0.680000067       6.56347140E-04
 -0.660000086       1.15138176E-03
 -0.639999986       1.83287007E-03
 -0.620000005       2.71991384E-03
 -0.600000024       3.80823668E-03
 -0.580000043       5.94688440E-03
 -0.560000062       1.08553981E-02
 -0.540000081       2.11461522E-02
 -0.519999981       3.74907181E-02
 -0.500000000       5.62368892E-02
 -0.480000019       6.93613961E-02
 -0.460000038       7.28416741E-02
 -0.440000057       8.06693286E-02
 -0.420000076      0.130268931    
 -0.400000095      0.263584197    
 -0.379999995      0.476674318    
 -0.360000014      0.684426725    
 -0.340000033      0.748018920    
 -0.320000052      0.606388271    
 -0.300000072      0.412442833    
 -0.280000091      0.528369725    
 -0.259999990       1.26641178    
 -0.240000010       2.50800490    
 -0.220000029       3.58181047    
 -0.200000048       3.64052176    
 -0.180000067       2.45927882    
 -0.160000086      0.894986510    
 -0.139999986      0.502357364    
 -0.120000005       2.27315617    
 -0.100000024       5.53447628    
  -8.00000429E-02   8.18298912    
  -6.00000620E-02   8.10861778    
  -4.00000811E-02   5.26516914    
  -2.00001001E-02   1.55303597    
   0.00000000       1.39686083E-02
   1.99999809E-02   2.99603507E-05
   3.99999619E-02   1.20905352E-05
   5.99999428E-02   1.49768493E-06
   7.99999237E-02   1.89738660E-06
   9.99999046E-02   4.52341595E-08
  0.119999886       1.11075781E-06
  0.139999866       2.39499968E-07
  0.159999847       1.06994605E-06
  0.180000067       6.38283552E-07
  0.200000048       1.21351707E-06
  0.220000029       1.11630288E-06
  0.240000010       1.43385944E-06
  0.259999990       1.63979200E-06
  0.279999971       1.70818248E-06
  0.299999952       2.18076298E-06
  0.319999933       2.05518973E-06
  0.339999914       2.70970168E-06
  0.359999895       2.50275002E-06
  0.379999876       3.17244462E-06
  0.399999857       3.03592014E-06
  0.419999838       3.50290611E-06
  0.440000057       3.58727448E-06
  0.460000038       3.72759837E-06
  0.480000019       4.10936582E-06
  0.500000000       3.99769669E-06
  0.519999981       4.52304357E-06
  0.539999962       4.34779622E-06
  0.559999943       4.66586698E-06
  0.579999924       4.67649534E-06
  0.599999905       4.64656159E-06
  0.619999886       4.96535404E-06
  0.639999866       4.72807460E-06
  0.659999847       4.98198824E-06
  0.679999828       4.82153564E-06
  0.700000048       4.74391800E-06
  0.720000029       4.91286846E-06
  0.740000010       4.62408525E-06
  0.759999990       4.72542797E-06
  0.779999971       4.54593282E-06
  0.799999952       4.36885921E-06
  0.819999933       4.47912953E-06
  0.839999914       4.16236344E-06
  0.859999895       4.08422693E-06
  0.879999876       4.04828643E-06
  0.899999857       3.77786819E-06
  0.919999838       3.76746971E-06
  0.939999819       3.58876741E-06
  0.960000038       3.39525377E-06
  0.980000019       3.40746419E-06
   1.00000000       3.17464992E-06
   1.01999998       3.03181741E-06
   1.03999996       3.04197556E-06
   1.05999994       2.81157008E-06
   1.07999992       2.69633847E-06
   1.09999990       2.70197279E-06
   1.11999989       2.49340633E-06
   1.13999987       2.39604333E-06
   1.15999985       2.39437759E-06
   1.17999983       2.21729806E-06
   1.19999981       2.13003841E-06
   1.22000003       2.12145983E-06
   1.24000001       1.98219504E-06
   1.25999999       1.89598745E-06
   1.27999997       1.87165381E-06
   1.29999995       1.78724906E-06
   1.31999993       1.69065379E-06
   1.33999991       1.64647770E-06
   1.35999990       1.62056790E-06
   1.37999988       1.50657399E-06
   1.39999986       1.46322179E-06
   1.41999984       1.44812873E-06
   1.43999982       1.36147105E-06
   1.46000004       1.31059028E-06
   1.48000002       1.27307749E-06
   1.50000000       1.24946826E-06
   1.51999998       1.16715250E-06
   1.53999996       1.13965655E-06
   1.55999994       1.11207032E-06
   1.57999992       1.07123742E-06
   1.59999990       1.01502815E-06
   1.61999989       9.90144372E-07
   1.63999987       9.66625066E-07
   1.65999985       9.25318886E-07
   1.67999983       8.83419034E-07
   1.69999981       8.63899459E-07
   1.72000003       8.38247445E-07
   1.74000001       8.05715615E-07
   1.75999999       7.66342907E-07
   1.77999997       7.55878830E-07
   1.79999995       7.25585267E-07
   1.81999993       7.04759657E-07
   1.83999991       6.64561981E-07
   1.85999990       6.57730197E-07
   1.87999988       6.34543085E-07
   1.89999986       6.12711347E-07
   1.91999984       5.83931126E-07
   1.93999982       5.61630600E-07
   1.95999980       5.60166143E-07
   1.98000002       5.33407047E-07
   2.00000000       5.13162263E-07
   2.01999998       4.87199998E-07
   2.03999996       4.72985818E-07
   2.05999994       4.73210775E-07
   2.07999992       4.51623578E-07
   2.09999990       4.29307306E-07
   2.11999989       4.09809388E-07
   2.13999987       3.91952540E-07
   2.15999985       3.94390781E-07
   2.17999983       3.87001990E-07
   2.19999981       3.62411271E-07
   2.21999979       3.43559151E-07
   2.23999977       3.25813176E-07
   2.25999975       3.16212095E-07
   2.27999973       3.20577840E-07
   2.29999971       3.16670906E-07
   2.31999969       2.94802760E-07
   2.33999968       2.74329579E-07
   2.36000013       2.58981999E-07
   2.38000011       2.48013748E-07
   2.40000010       2.48022729E-07
   2.42000008       2.54201666E-07
   2.44000006       2.47713245E-07
   2.46000004       2.28265819E-07
   2.48000002       2.07333684E-07
   2.50000000       1.92862615E-07
   2.51999998       1.83470021E-07
   2.53999996       1.81246861E-07
   2.55999994       1.86395297E-07
   2.57999992       1.91329576E-07
   2.59999990       1.86570773E-07
   2.61999989       1.70138193E-07
   2.63999987       1.50095445E-07
   2.65999985       1.32968907E-07
   2.67999983       1.22320643E-07
   2.69999981       1.18139276E-07
   2.71999979       1.20033960E-07
   2.73999977       1.25942009E-07
   2.75999975       1.33126647E-07
   2.77999973       1.35276650E-07
   2.79999971       1.28963705E-07
   2.81999969       1.14321274E-07
   2.83999968       9.43121634E-08
   2.85999966       7.42974748E-08
   2.88000011       5.91530380E-08
   2.90000010       5.23260724E-08
   2.92000008       5.41330962E-08
   2.94000006       6.33329975E-08
   2.96000004       7.68716006E-08
   2.98000002       9.03119641E-08
   3.00000000       9.87929170E-08
   3.01999998       9.95270142E-08
   3.03999996       9.03151971E-08
   3.05999994       7.05651573E-08
   3.07999992       4.58249687E-08
   3.09999990       6.67211619E-09
