  -2.00000000       1.79685480E-06
  -1.98000002       6.83411258E-07
  -1.96000004       7.77367688E-07
  -1.94000006       2.03971285E-06
  -1.91999996       1.62321800E-08
  -1.89999998       1.74132833E-06
  -1.88000000       9.25068434E-07
  -1.86000001       6.05559990E-07
  -1.84000003       2.12146028E-06
  -1.82000005       9.09210769E-08
  -1.79999995       1.66006294E-06
  -1.77999997       1.15833859E-06
  -1.75999999       4.16122532E-07
  -1.74000001       2.17915340E-06
  -1.72000003       1.74393918E-07
  -1.70000005       1.61939602E-06
  -1.68000007       1.50657945E-06
  -1.65999997       2.64890758E-07
  -1.63999999       2.18571677E-06
  -1.62000000       3.46629378E-07
  -1.60000002       1.47033563E-06
  -1.58000004       1.72204557E-06
  -1.55999994       2.25651561E-07
  -1.53999996       2.40513486E-06
  -1.51999998       6.45961450E-07
  -1.50000000       1.23037148E-06
  -1.48000002       1.92163907E-06
  -1.46000004       2.99944787E-07
  -1.44000006       2.36360074E-06
  -1.42000008       7.70219799E-07
  -1.40000010       1.29698549E-06
  -1.38000000       2.38226289E-06
  -1.36000001       2.86295830E-07
  -1.34000003       2.43604404E-06
  -1.31999993       1.26292366E-06
  -1.29999995       1.10207804E-06
  -1.27999997       2.43221416E-06
  -1.25999999       5.48378921E-07
  -1.24000001       2.44400098E-06
  -1.22000003       1.35661094E-06
  -1.20000005       1.34996208E-06
  -1.18000007       2.81664552E-06
  -1.16000009       6.07111190E-07
  -1.14000010       2.83281815E-06
  -1.12000000       1.91811705E-06
  -1.10000002       1.24278108E-06
  -1.08000004       3.30096691E-06
  -1.05999994       9.48527997E-07
  -1.03999996       2.58571731E-06
  -1.01999998       2.54187398E-06
  -1.00000000       1.60041918E-06
 -0.980000019       3.58167244E-06
 -0.960000038       1.39577708E-06
 -0.940000057       2.04077651E-06
 -0.920000076       1.63130892E-06
 -0.899999976       1.75006392E-06
 -0.879999995       6.12968142E-06
 -0.860000014       6.92718822E-06
 -0.840000033       1.07719388E-05
 -0.820000052       6.93662059E-06
 -0.800000072       7.95330016E-06
 -0.779999971       1.40371849E-05
 -0.759999990       4.24314130E-05
 -0.740000010       9.96815215E-05
 -0.720000029       1.95428947E-04
 -0.700000048       3.67790955E-04
 -0.680000067       6.49285794E-04
 -0.660000086       1.14823086E-03
 -0.639999986       1.81501661E-03
 -0.620000005       2.69055250E-03
 -0.600000024       3.74912005E-03
 -0.580000043       5.86787844E-03
 -0.560000062       1.07835950E-02
 -0.540000081       2.10742857E-02
 -0.519999981       3.74017544E-02
 -0.500000000       5.59220873E-02
 -0.480000019       6.86788186E-02
 -0.460000038       7.16501325E-02
 -0.440000057       7.93171078E-02
 -0.420000076      0.129238024    
 -0.400000095      0.263282180    
 -0.379999995      0.476513505    
 -0.360000014      0.682855844    
 -0.340000033      0.743378878    
 -0.320000052      0.598697305    
 -0.300000072      0.404464751    
 -0.280000091      0.524095654    
 -0.259999990       1.26809824    
 -0.240000010       2.51288056    
 -0.220000029       3.58378720    
 -0.200000048       3.63421226    
 -0.180000067       2.44587541    
 -0.160000086      0.881910086    
 -0.139999986      0.498407573    
 -0.120000005       2.28177166    
 -0.100000024       5.55116129    
  -8.00000429E-02   8.19998741    
  -6.00000620E-02   8.11992836    
  -4.00000811E-02   5.27025890    
  -2.00001001E-02   1.55415511    
   0.00000000       1.39750838E-02
   1.99999809E-02   3.01053187E-05
   3.99999619E-02   1.19770411E-05
   5.99999428E-02   1.52833786E-06
   7.99999237E-02   1.89081220E-06
   9.99999046E-02   1.19815349E-08
  0.119999886       1.15403441E-06
  0.139999866       1.63539823E-07
  0.159999847       1.14179807E-06
  0.180000067       5.29121223E-07
  0.200000048       1.29995510E-06
  0.220000029       9.89036039E-07
  0.240000010       1.52762129E-06
  0.259999990       1.52267432E-06
  0.279999971       1.80619429E-06
  0.299999952       2.10364533E-06
  0.319999933       2.13848807E-06
  0.339999914       2.67065661E-06
  0.359999895       2.52329028E-06
  0.379999876       3.14243016E-06
  0.399999857       2.97436372E-06
  0.419999838       3.49651691E-06
  0.440000057       3.51918789E-06
  0.460000038       3.78653408E-06
  0.480000019       4.08987580E-06
  0.500000000       4.03929607E-06
  0.519999981       4.48185347E-06
  0.539999962       4.28899693E-06
  0.559999943       4.64642608E-06
  0.579999924       4.65145695E-06
  0.599999905       4.70831219E-06
  0.619999886       4.95252971E-06
  0.639999866       4.69603447E-06
  0.659999847       4.94210690E-06
  0.679999828       4.80146446E-06
  0.700000048       4.80186600E-06
  0.720000029       4.90666025E-06
  0.740000010       4.58557679E-06
  0.759999990       4.70748455E-06
  0.779999971       4.55858390E-06
  0.799999952       4.40933582E-06
  0.819999933       4.45001024E-06
  0.839999914       4.12749478E-06
  0.859999895       4.12509735E-06
  0.879999876       4.06493336E-06
  0.899999857       3.74859769E-06
  0.919999838       3.76813659E-06
  0.939999819       3.61547745E-06
  0.960000038       3.39886060E-06
  0.980000019       3.39057783E-06
   1.00000000       3.18793855E-06
   1.01999998       3.05463209E-06
   1.03999996       3.02615331E-06
   1.05999994       2.81394614E-06
   1.07999992       2.72370471E-06
   1.09999990       2.69021143E-06
   1.11999989       2.49391928E-06
   1.13999987       2.41916928E-06
   1.15999985       2.38554890E-06
   1.17999983       2.22384347E-06
   1.19999981       2.14046531E-06
   1.22000003       2.11819793E-06
   1.24000001       1.99884539E-06
   1.25999999       1.88571664E-06
   1.27999997       1.88258377E-06
   1.29999995       1.80609823E-06
   1.31999993       1.66479288E-06
   1.33999991       1.67298788E-06
   1.35999990       1.62649019E-06
   1.37999988       1.49482332E-06
   1.39999986       1.47647711E-06
   1.41999984       1.45104912E-06
   1.43999982       1.37605264E-06
   1.46000004       1.28848774E-06
   1.48000002       1.29608873E-06
   1.50000000       1.25519102E-06
   1.51999998       1.16311196E-06
   1.53999996       1.13583474E-06
   1.55999994       1.12587679E-06
   1.57999992       1.08292761E-06
   1.59999990       1.00011107E-06
   1.61999989       9.96021527E-07
   1.63999987       9.76428510E-07
   1.65999985       9.37647087E-07
   1.67999983       8.68100301E-07
   1.69999981       8.67433300E-07
   1.72000003       8.49620619E-07
   1.74000001       8.16405873E-07
   1.75999999       7.57548378E-07
   1.77999997       7.48912157E-07
   1.79999995       7.40864095E-07
   1.81999993       7.11772429E-07
   1.83999991       6.69304654E-07
   1.85999990       6.39766654E-07
   1.87999988       6.45320938E-07
   1.89999986       6.20854394E-07
   1.91999984       5.94608196E-07
   1.93999982       5.55724228E-07
   1.95999980       5.47886543E-07
   1.98000002       5.45499802E-07
   2.00000000       5.20058393E-07
   2.01999998       4.97385201E-07
   2.03999996       4.67804284E-07
   2.05999994       4.60322440E-07
   2.07999992       4.60046948E-07
   2.09999990       4.37043383E-07
   2.11999989       4.18284657E-07
   2.13999987       3.95920722E-07
   2.15999985       3.81328221E-07
   2.17999983       3.83793065E-07
   2.19999981       3.71550698E-07
   2.21999979       3.49600811E-07
   2.23999977       3.34257834E-07
   2.25999975       3.18762972E-07
   2.27999973       3.09352430E-07
   2.29999971       3.11175427E-07
   2.31999969       3.01185594E-07
   2.33999968       2.80474154E-07
   2.36000013       2.65053757E-07
   2.38000011       2.55481410E-07
   2.40000010       2.46730110E-07
   2.42000008       2.44375315E-07
   2.44000006       2.43202976E-07
   2.46000004       2.32381325E-07
   2.48000002       2.12519097E-07
   2.50000000       1.97056650E-07
   2.51999998       1.89722044E-07
   2.53999996       1.86404080E-07
   2.55999994       1.84691999E-07
   2.57999992       1.84373675E-07
   2.59999990       1.81822259E-07
   2.61999989       1.70905977E-07
   2.63999987       1.53527168E-07
   2.65999985       1.35544695E-07
   2.67999983       1.24583948E-07
   2.69999981       1.21876070E-07
   2.71999979       1.24893603E-07
   2.73999977       1.29439385E-07
   2.75999975       1.33450953E-07
   2.77999973       1.33123777E-07
   2.79999971       1.26627000E-07
   2.81999969       1.13265585E-07
   2.83999968       9.45109946E-08
   2.85999966       7.47104565E-08
   2.88000011       5.85723043E-08
   2.90000010       5.09094491E-08
   2.92000008       5.28264366E-08
   2.94000006       6.36910826E-08
   2.96000004       7.98494284E-08
   2.98000002       9.61502877E-08
   3.00000000       1.07244013E-07
   3.01999998       1.09644859E-07
   3.03999996       1.00913532E-07
   3.05999994       8.07900733E-08
   3.07999992       5.44690479E-08
   3.09999990       3.06792671E-08
