  -2.00000000       1.68280292E-06
  -1.98000002       5.70587758E-07
  -1.96000004       8.62702507E-07
  -1.94000006       2.05636502E-06
  -1.91999996       7.90723220E-09
  -1.89999998       1.84147234E-06
  -1.88000000       7.57734824E-07
  -1.86000001       7.93432662E-07
  -1.84000003       2.03567060E-06
  -1.82000005       3.04749328E-08
  -1.79999995       1.88241665E-06
  -1.77999997       8.78971889E-07
  -1.75999999       7.08435664E-07
  -1.74000001       2.05931133E-06
  -1.72000003       5.77768304E-08
  -1.70000005       1.98254565E-06
  -1.68000007       1.04088656E-06
  -1.65999997       6.19221623E-07
  -1.63999999       2.13971589E-06
  -1.62000000       1.33739036E-07
  -1.60000002       1.96003066E-06
  -1.58000004       1.14377417E-06
  -1.55999994       6.50201457E-07
  -1.53999996       2.37221684E-06
  -1.51999998       2.30030963E-07
  -1.50000000       1.92344896E-06
  -1.48000002       1.29871728E-06
  -1.46000004       7.07079266E-07
  -1.44000006       2.39780502E-06
  -1.42000008       2.99649571E-07
  -1.40000010       2.12204804E-06
  -1.38000000       1.52724715E-06
  -1.36000001       7.18889510E-07
  -1.34000003       2.65097970E-06
  -1.31999993       5.03232172E-07
  -1.29999995       2.09108862E-06
  -1.27999997       1.67567282E-06
  -1.25999999       8.99922384E-07
  -1.24000001       2.70930286E-06
  -1.22000003       6.29485839E-07
  -1.20000005       2.42637157E-06
  -1.18000007       1.82730071E-06
  -1.16000009       1.08847098E-06
  -1.14000010       3.17417835E-06
  -1.12000000       8.07537731E-07
  -1.10000002       2.61947866E-06
  -1.08000004       2.24436872E-06
  -1.05999994       1.17315426E-06
  -1.03999996       3.27221755E-06
  -1.01999998       1.29443174E-06
  -1.00000000       2.97204019E-06
 -0.980000019       2.56505882E-06
 -0.960000038       1.63239224E-06
 -0.940000057       2.38738335E-06
 -0.920000076       9.06310902E-07
 -0.899999976       3.04055106E-06
 -0.879999995       5.42781800E-06
 -0.860000014       7.49738047E-06
 -0.840000033       9.42259157E-06
 -0.820000052       6.74471585E-06
 -0.800000072       5.84273539E-06
 -0.779999971       1.62683064E-05
 -0.759999990       3.90197929E-05
 -0.740000010       1.01545418E-04
 -0.720000029       1.84780976E-04
 -0.700000048       3.60959035E-04
 -0.680000067       6.32454583E-04
 -0.660000086       1.12299854E-03
 -0.639999986       1.76221028E-03
 -0.620000005       2.55163014E-03
 -0.600000024       3.53780994E-03
 -0.580000043       5.54079097E-03
 -0.560000062       1.05382185E-02
 -0.540000081       2.08080076E-02
 -0.519999981       3.70811746E-02
 -0.500000000       5.46771549E-02
 -0.480000019       6.59318715E-02
 -0.460000038       6.69712499E-02
 -0.440000057       7.40104616E-02
 -0.420000076      0.125521794    
 -0.400000095      0.262324870    
 -0.379999995      0.476292431    
 -0.360000014      0.676464081    
 -0.340000033      0.724912286    
 -0.320000052      0.568019927    
 -0.300000072      0.373313278    
 -0.280000091      0.508321881    
 -0.259999990       1.27591896    
 -0.240000010       2.53322077    
 -0.220000029       3.59110093    
 -0.200000048       3.60850215    
 -0.180000067       2.39171338    
 -0.160000086      0.830301642    
 -0.139999986      0.483767569    
 -0.120000005       2.31683946    
 -0.100000024       5.61753607    
  -8.00000429E-02   8.26601315    
  -6.00000620E-02   8.16321087    
  -4.00000811E-02   5.28902674    
  -2.00001001E-02   1.55823684    
   0.00000000       1.39788073E-02
   1.99999809E-02   3.31352057E-05
   3.99999619E-02   9.24025335E-06
   5.99999428E-02   3.28343503E-06
   7.99999237E-02   5.56523389E-07
   9.99999046E-02   1.00539785E-06
  0.119999886       3.36382925E-07
  0.139999866       7.77457160E-07
  0.159999847       6.32245019E-07
  0.180000067       8.78858145E-07
  0.200000048       1.03843797E-06
  0.220000029       1.11165718E-06
  0.240000010       1.49393873E-06
  0.259999990       1.42774024E-06
  0.279999971       1.96386577E-06
  0.299999952       1.80697441E-06
  0.319999933       2.41034195E-06
  0.339999914       2.24400696E-06
  0.359999895       2.81731900E-06
  0.379999876       2.75307320E-06
  0.399999857       3.19586343E-06
  0.419999838       3.32015657E-06
  0.440000057       3.53519295E-06
  0.460000038       3.83811903E-06
  0.480000019       3.81561676E-06
  0.500000000       4.21461937E-06
  0.519999981       4.12311238E-06
  0.539999962       4.48785568E-06
  0.559999943       4.50607558E-06
  0.579999924       4.63054903E-06
  0.599999905       4.77082540E-06
  0.619999886       4.64977848E-06
  0.639999866       4.88171190E-06
  0.659999847       4.77107687E-06
  0.679999828       4.85943883E-06
  0.700000048       4.83871372E-06
  0.720000029       4.66624260E-06
  0.740000010       4.76548257E-06
  0.759999990       4.60714909E-06
  0.779999971       4.56406860E-06
  0.799999952       4.48001947E-06
  0.819999933       4.27061877E-06
  0.839999914       4.29185366E-06
  0.859999895       4.12276040E-06
  0.879999876       3.94437939E-06
  0.899999857       3.89515844E-06
  0.919999838       3.72343902E-06
  0.939999819       3.60671038E-06
  0.960000038       3.48777485E-06
  0.980000019       3.32319996E-06
   1.00000000       3.24931557E-06
   1.01999998       3.10641735E-06
   1.03999996       2.95661221E-06
   1.05999994       2.89878608E-06
   1.07999992       2.76035939E-06
   1.09999990       2.63001584E-06
   1.11999989       2.57382044E-06
   1.13999987       2.45271781E-06
   1.15999985       2.34176105E-06
   1.17999983       2.28312706E-06
   1.19999981       2.17651677E-06
   1.22000003       2.09454402E-06
   1.24000001       2.02518231E-06
   1.25999999       1.93357550E-06
   1.27999997       1.87991441E-06
   1.29999995       1.79536403E-06
   1.31999993       1.72660430E-06
   1.33999991       1.68371434E-06
   1.35999990       1.59985893E-06
   1.37999988       1.54959650E-06
   1.39999986       1.49254970E-06
   1.41999984       1.44742387E-06
   1.43999982       1.38603934E-06
   1.46000004       1.32330683E-06
   1.48000002       1.31075069E-06
   1.50000000       1.24267069E-06
   1.51999998       1.19527022E-06
   1.53999996       1.14994555E-06
   1.55999994       1.14074282E-06
   1.57999992       1.07577364E-06
   1.59999990       1.02951492E-06
   1.61999989       1.00700720E-06
   1.63999987       9.91176421E-07
   1.65999985       9.34764159E-07
   1.67999983       8.89454384E-07
   1.69999981       8.76466231E-07
   1.72000003       8.68751613E-07
   1.74000001       8.14974953E-07
   1.75999999       7.72453006E-07
   1.77999997       7.55184999E-07
   1.79999995       7.62981642E-07
   1.81999993       7.16447801E-07
   1.83999991       6.75847446E-07
   1.85999990       6.44619888E-07
   1.87999988       6.59627631E-07
   1.89999986       6.40701842E-07
   1.91999984       5.96840721E-07
   1.93999982       5.59371529E-07
   1.95999980       5.49000902E-07
   1.98000002       5.65600260E-07
   2.00000000       5.39511689E-07
   2.01999998       4.99458963E-07
   2.03999996       4.67030304E-07
   2.05999994       4.59163601E-07
   2.07999992       4.77493018E-07
   2.09999990       4.60884451E-07
   2.11999989       4.24908848E-07
   2.13999987       3.93107030E-07
   2.15999985       3.75580669E-07
   2.17999983       3.89276636E-07
   2.19999981       3.95635936E-07
   2.21999979       3.70654959E-07
   2.23999977       3.38357466E-07
   2.25999975       3.12273727E-07
   2.27999973       3.00970697E-07
   2.29999971       3.14788394E-07
   2.31999969       3.23396421E-07
   2.33999968       3.05717833E-07
   2.36000013       2.77032143E-07
   2.38000011       2.52234599E-07
   2.40000010       2.35335335E-07
   2.42000008       2.35536575E-07
   2.44000006       2.49336040E-07
   2.46000004       2.54137206E-07
   2.48000002       2.39051730E-07
   2.50000000       2.14136676E-07
   2.51999998       1.92034889E-07
   2.53999996       1.76347754E-07
   2.55999994       1.70856325E-07
   2.57999992       1.76360786E-07
   2.59999990       1.87054837E-07
   2.61999989       1.89528521E-07
   2.63999987       1.78710067E-07
   2.65999985       1.58098544E-07
   2.67999983       1.37108458E-07
   2.69999981       1.22020140E-07
   2.71999979       1.14532675E-07
   2.73999977       1.15140573E-07
   2.75999975       1.21428144E-07
   2.77999973       1.29741366E-07
   2.79999971       1.33536489E-07
   2.81999969       1.28802824E-07
   2.83999968       1.13886720E-07
   2.85999966       9.26946839E-08
   2.88000011       7.14382935E-08
   2.90000010       5.70368499E-08
   2.92000008       5.27369579E-08
   2.94000006       6.02419163E-08
   2.96000004       7.62642571E-08
   2.98000002       9.55422124E-08
   3.00000000       1.11888419E-07
   3.01999998       1.19428947E-07
   3.03999996       1.14847623E-07
   3.05999994       9.90583970E-08
   3.07999992       7.18328153E-08
   3.09999990       1.65882994E-07
