  -2.00000000       1.98187058E-06
  -1.98000002       5.58600959E-07
  -1.96000004       8.73455349E-07
  -1.94000006       1.89978005E-06
  -1.91999996       3.84127432E-08
  -1.89999998       2.06781647E-06
  -1.88000000       5.50156017E-07
  -1.86000001       1.02221850E-06
  -1.84000003       1.82349436E-06
  -1.82000005       7.95417208E-08
  -1.79999995       2.09395716E-06
  -1.77999997       4.88363412E-07
  -1.75999999       1.20386983E-06
  -1.74000001       1.78093228E-06
  -1.72000003       1.22953182E-07
  -1.70000005       2.19620983E-06
  -1.68000007       4.28118597E-07
  -1.65999997       1.35047060E-06
  -1.63999999       1.75798175E-06
  -1.62000000       2.04321736E-07
  -1.60000002       2.33546848E-06
  -1.58000004       4.57875387E-07
  -1.55999994       1.45598176E-06
  -1.53999996       1.67663109E-06
  -1.51999998       3.69812597E-07
  -1.50000000       2.49885488E-06
  -1.48000002       4.24659930E-07
  -1.46000004       1.71284910E-06
  -1.44000006       1.74238107E-06
  -1.42000008       4.99704413E-07
  -1.40000010       2.50811263E-06
  -1.38000000       4.69284458E-07
  -1.36000001       1.99675651E-06
  -1.34000003       1.66786174E-06
  -1.31999993       7.51395987E-07
  -1.29999995       2.81863981E-06
  -1.27999997       5.19047546E-07
  -1.25999999       2.25100848E-06
  -1.24000001       1.79078961E-06
  -1.22000003       1.00964382E-06
  -1.20000005       2.77894264E-06
  -1.18000007       6.94787900E-07
  -1.16000009       2.63383140E-06
  -1.14000010       1.66714915E-06
  -1.12000000       1.50696405E-06
  -1.10000002       3.03292654E-06
  -1.08000004       7.94584423E-07
  -1.05999994       3.10027235E-06
  -1.03999996       1.80836810E-06
  -1.01999998       1.95624989E-06
  -1.00000000       3.54722488E-06
 -0.980000019       1.21131222E-06
 -0.960000038       3.15239231E-06
 -0.940000057       1.23112102E-06
 -0.920000076       1.44160606E-06
 -0.899999976       4.13986527E-06
 -0.879999995       3.98288785E-06
 -0.860000014       9.38799622E-06
 -0.840000033       6.15637055E-06
 -0.820000052       7.04349941E-06
 -0.800000072       4.63584411E-06
 -0.779999971       1.50354963E-05
 -0.759999990       4.21224941E-05
 -0.740000010       9.21189057E-05
 -0.720000029       1.85211320E-04
 -0.700000048       3.35155346E-04
 -0.680000067       6.30838796E-04
 -0.660000086       1.07277092E-03
 -0.639999986       1.70291797E-03
 -0.620000005       2.35352502E-03
 -0.600000024       3.23757669E-03
 -0.580000043       5.15097333E-03
 -0.560000062       1.01935761E-02
 -0.540000081       2.06279438E-02
 -0.519999981       3.65702957E-02
 -0.500000000       5.31145781E-02
 -0.480000019       6.19293228E-02
 -0.460000038       6.07051849E-02
 -0.440000057       6.69461489E-02
 -0.420000076      0.121211119    
 -0.400000095      0.262010783    
 -0.379999995      0.476562440    
 -0.360000014      0.667772651    
 -0.340000033      0.698705137    
 -0.320000052      0.525842667    
 -0.300000072      0.331518799    
 -0.280000091      0.489911318    
 -0.259999990       1.28993535    
 -0.240000010       2.56345081    
 -0.220000029       3.60019207    
 -0.200000048       3.57068610    
 -0.180000067       2.31503558    
 -0.160000086      0.759721458    
 -0.139999986      0.466604322    
 -0.120000005       2.36756468    
 -0.100000024       5.70925331    
  -8.00000429E-02   8.35329819    
  -6.00000620E-02   8.21826172    
  -4.00000811E-02   5.31124496    
  -2.00001001E-02   1.56268764    
   0.00000000       1.40338000E-02
   1.99999809E-02   3.11167751E-05
   3.99999619E-02   1.09997800E-05
   5.99999428E-02   2.20888819E-06
   7.99999237E-02   1.24280268E-06
   9.99999046E-02   5.39914197E-07
  0.119999886       5.94041978E-07
  0.139999866       6.33892967E-07
  0.159999847       6.24526365E-07
  0.180000067       9.51317986E-07
  0.200000048       8.37795824E-07
  0.220000029       1.33332003E-06
  0.240000010       1.15492981E-06
  0.259999990       1.73252738E-06
  0.279999971       1.54884378E-06
  0.299999952       2.12045234E-06
  0.319999933       2.00453087E-06
  0.339999914       2.49025356E-06
  0.359999895       2.51809161E-06
  0.379999876       2.86329828E-06
  0.399999857       3.06444144E-06
  0.419999838       3.24381790E-06
  0.440000057       3.55816769E-06
  0.460000038       3.59670821E-06
  0.480000019       3.92491620E-06
  0.500000000       3.94561675E-06
  0.519999981       4.21950563E-06
  0.539999962       4.33189143E-06
  0.559999943       4.46217155E-06
  0.579999924       4.61083573E-06
  0.599999905       4.58751720E-06
  0.619999886       4.72189731E-06
  0.639999866       4.72430429E-06
  0.659999847       4.79812752E-06
  0.679999828       4.81345933E-06
  0.700000048       4.73004411E-06
  0.720000029       4.72629108E-06
  0.740000010       4.67017253E-06
  0.759999990       4.63071729E-06
  0.779999971       4.55977442E-06
  0.799999952       4.40909798E-06
  0.819999933       4.33964442E-06
  0.839999914       4.26391307E-06
  0.859999895       4.11464498E-06
  0.879999876       3.99140708E-06
  0.899999857       3.87294722E-06
  0.919999838       3.75788750E-06
  0.939999819       3.63795880E-06
  0.960000038       3.47736477E-06
  0.980000019       3.36929884E-06
   1.00000000       3.28018564E-06
   1.01999998       3.10664177E-06
   1.03999996       2.99839076E-06
   1.05999994       2.93415201E-06
   1.07999992       2.76651826E-06
   1.09999990       2.66431107E-06
   1.11999989       2.61519949E-06
   1.13999987       2.46039872E-06
   1.15999985       2.36818096E-06
   1.17999983       2.33069113E-06
   1.19999981       2.18691616E-06
   1.22000003       2.10775170E-06
   1.24000001       2.07614562E-06
   1.25999999       1.95498069E-06
   1.27999997       1.87763089E-06
   1.29999995       1.84110809E-06
   1.31999993       1.76425146E-06
   1.33999991       1.67358189E-06
   1.35999990       1.62618710E-06
   1.37999988       1.60465288E-06
   1.39999986       1.49334790E-06
   1.41999984       1.44238868E-06
   1.43999982       1.44327805E-06
   1.46000004       1.35350706E-06
   1.48000002       1.28962006E-06
   1.50000000       1.26452585E-06
   1.51999998       1.25561291E-06
   1.53999996       1.15648515E-06
   1.55999994       1.11701627E-06
   1.57999992       1.11842644E-06
   1.59999990       1.07983919E-06
   1.61999989       1.00078262E-06
   1.63999987       9.70503379E-07
   1.65999985       9.83071800E-07
   1.67999983       9.36570132E-07
   1.69999981       8.67556423E-07
   1.72000003       8.43462942E-07
   1.74000001       8.58828059E-07
   1.75999999       8.23569565E-07
   1.77999997       7.55159817E-07
   1.79999995       7.30684178E-07
   1.81999993       7.39799930E-07
   1.83999991       7.33587683E-07
   1.85999990       6.65014682E-07
   1.87999988       6.32091144E-07
   1.89999986       6.27260420E-07
   1.91999984       6.45350269E-07
   1.93999982       6.04769127E-07
   1.95999980       5.51716312E-07
   1.98000002       5.32632384E-07
   2.00000000       5.38829795E-07
   2.01999998       5.49643801E-07
   2.03999996       5.07144591E-07
   2.05999994       4.62086462E-07
   2.07999992       4.46376902E-07
   2.09999990       4.51480105E-07
   2.11999989       4.65419134E-07
   2.13999987       4.37585243E-07
   2.15999985       3.92091238E-07
   2.17999983       3.71893719E-07
   2.19999981       3.68231099E-07
   2.21999979       3.81294143E-07
   2.23999977       3.81585210E-07
   2.25999975       3.47986941E-07
   2.27999973       3.12528641E-07
   2.29999971       2.98981178E-07
   2.31999969       2.97586041E-07
   2.33999968       3.07300411E-07
   2.36000013       3.10735800E-07
   2.38000011       2.88268552E-07
   2.40000010       2.56143721E-07
   2.42000008       2.37091427E-07
   2.44000006       2.32667688E-07
   2.46000004       2.34834062E-07
   2.48000002       2.41528625E-07
   2.50000000       2.40531222E-07
   2.51999998       2.23063978E-07
   2.53999996       1.96868825E-07
   2.55999994       1.78673133E-07
   2.57999992       1.73563080E-07
   2.59999990       1.75517357E-07
   2.61999989       1.79074107E-07
   2.63999987       1.80606193E-07
   2.65999985       1.75304677E-07
   2.67999983       1.60282028E-07
   2.69999981       1.39251156E-07
   2.71999979       1.21285737E-07
   2.73999977       1.15130348E-07
   2.75999975       1.20348403E-07
   2.77999973       1.30996767E-07
   2.79999971       1.38978464E-07
   2.81999969       1.38169341E-07
   2.83999968       1.26873545E-07
   2.85999966       1.06471717E-07
   2.88000011       8.20217707E-08
   2.90000010       6.00385732E-08
   2.92000008       4.78285997E-08
   2.94000006       5.04004625E-08
   2.96000004       6.76055620E-08
   2.98000002       9.41847631E-08
   3.00000000       1.21990439E-07
   3.01999998       1.40390128E-07
   3.03999996       1.41723234E-07
   3.05999994       1.22904595E-07
   3.07999992       8.76690791E-08
   3.09999990       7.72715651E-08
