  -2.00000000       1.93738606E-06
  -1.98000002       5.35936238E-07
  -1.96000004       8.95889855E-07
  -1.94000006       1.90221022E-06
  -1.91999996       4.14587582E-08
  -1.89999998       2.08152233E-06
  -1.88000000       5.25161227E-07
  -1.86000001       1.05183176E-06
  -1.84000003       1.80384529E-06
  -1.82000005       9.17397003E-08
  -1.79999995       2.10367307E-06
  -1.77999997       4.47846077E-07
  -1.75999999       1.26110376E-06
  -1.74000001       1.74258707E-06
  -1.72000003       1.42428675E-07
  -1.70000005       2.20483753E-06
  -1.68000007       3.79096292E-07
  -1.65999997       1.43239322E-06
  -1.63999999       1.69345378E-06
  -1.62000000       2.40842297E-07
  -1.60000002       2.34754407E-06
  -1.58000004       4.02508363E-07
  -1.55999994       1.53892233E-06
  -1.53999996       1.58026046E-06
  -1.51999998       4.35204470E-07
  -1.50000000       2.50807625E-06
  -1.48000002       3.60660238E-07
  -1.46000004       1.82171482E-06
  -1.44000006       1.63771711E-06
  -1.42000008       5.72278509E-07
  -1.40000010       2.48373863E-06
  -1.38000000       4.17387525E-07
  -1.36000001       2.11603833E-06
  -1.34000003       1.51849395E-06
  -1.31999993       8.77316324E-07
  -1.29999995       2.79362189E-06
  -1.27999997       4.57128237E-07
  -1.25999999       2.39445171E-06
  -1.24000001       1.64133849E-06
  -1.22000003       1.13244164E-06
  -1.20000005       2.70835699E-06
  -1.18000007       6.83200312E-07
  -1.16000009       2.73867181E-06
  -1.14000010       1.47480387E-06
  -1.12000000       1.70561771E-06
  -1.10000002       2.91343918E-06
  -1.08000004       8.02819386E-07
  -1.05999994       3.22903134E-06
  -1.03999996       1.60171305E-06
  -1.01999998       2.19660228E-06
  -1.00000000       3.39737812E-06
 -0.980000019       1.24610824E-06
 -0.960000038       3.21277230E-06
 -0.940000057       1.08923746E-06
 -0.920000076       1.62797664E-06
 -0.899999976       4.05310766E-06
 -0.879999995       4.05101673E-06
 -0.860000014       9.31690465E-06
 -0.840000033       6.05892546E-06
 -0.820000052       6.82493283E-06
 -0.800000072       4.79174696E-06
 -0.779999971       1.46413167E-05
 -0.759999990       4.26931474E-05
 -0.740000010       9.09669106E-05
 -0.720000029       1.85138793E-04
 -0.700000048       3.33158969E-04
 -0.680000067       6.29687391E-04
 -0.660000086       1.06961757E-03
 -0.639999986       1.69365376E-03
 -0.620000005       2.33594584E-03
 -0.600000024       3.20153753E-03
 -0.580000043       5.11607621E-03
 -0.560000062       1.01564089E-02
 -0.540000081       2.06196439E-02
 -0.519999981       3.65156047E-02
 -0.500000000       5.29509224E-02
 -0.480000019       6.14998937E-02
 -0.460000038       6.00402728E-02
 -0.440000057       6.62317723E-02
 -0.420000076      0.120793089    
 -0.400000095      0.262068659    
 -0.379999995      0.476605922    
 -0.360000014      0.666878581    
 -0.340000033      0.695858598    
 -0.320000052      0.521387696    
 -0.300000072      0.327179790    
 -0.280000091      0.488168925    
 -0.259999990       1.29168785    
 -0.240000010       2.56674719    
 -0.220000029       3.60114408    
 -0.200000048       3.56645417    
 -0.180000067       2.30681086    
 -0.160000086      0.752265930    
 -0.139999986      0.464988291    
 -0.120000005       2.37314034    
 -0.100000024       5.71894407    
  -8.00000429E-02   8.36233139    
  -6.00000620E-02   8.22373867    
  -4.00000811E-02   5.31336689    
  -2.00001001E-02   1.56307459    
   0.00000000       1.40406471E-02
   1.99999809E-02   3.06718393E-05
   3.99999619E-02   1.14298346E-05
   5.99999428E-02   1.92473999E-06
   7.99999237E-02   1.47443257E-06
   9.99999046E-02   3.56546337E-07
  0.119999886       7.59450813E-07
  0.139999866       4.95766699E-07
  0.159999847       7.49633614E-07
  0.180000067       8.39760673E-07
  0.200000048       9.22500476E-07
  0.220000029       1.24345797E-06
  0.240000010       1.19453773E-06
  0.259999990       1.67347889E-06
  0.279999971       1.55074213E-06
  0.299999952       2.11593169E-06
  0.319999933       1.99014198E-06
  0.339999914       2.54936526E-06
  0.359999895       2.48849301E-06
  0.379999876       2.93501876E-06
  0.399999857       2.99301360E-06
  0.419999838       3.25961037E-06
  0.440000057       3.47850028E-06
  0.460000038       3.58460011E-06
  0.480000019       3.94099925E-06
  0.500000000       3.94899143E-06
  0.519999981       4.28958901E-06
  0.539999962       4.26935094E-06
  0.559999943       4.45528167E-06
  0.579999924       4.54353676E-06
  0.599999905       4.59252988E-06
  0.619999886       4.78466791E-06
  0.639999866       4.70565828E-06
  0.659999847       4.80576773E-06
  0.679999828       4.73570617E-06
  0.700000048       4.73599175E-06
  0.720000029       4.78646871E-06
  0.740000010       4.65053972E-06
  0.759999990       4.62419575E-06
  0.779999971       4.51207916E-06
  0.799999952       4.43610907E-06
  0.819999933       4.39484529E-06
  0.839999914       4.20384322E-06
  0.859999895       4.10643679E-06
  0.879999876       4.02487194E-06
  0.899999857       3.87502678E-06
  0.919999838       3.75223021E-06
  0.939999819       3.61572802E-06
  0.960000038       3.50659593E-06
  0.980000019       3.38895325E-06
   1.00000000       3.23337122E-06
   1.01999998       3.13261398E-06
   1.03999996       3.03190518E-06
   1.05999994       2.88694582E-06
   1.07999992       2.78551806E-06
   1.09999990       2.69901784E-06
   1.11999989       2.57261013E-06
   1.13999987       2.47723847E-06
   1.15999985       2.39835276E-06
   1.17999983       2.29258376E-06
   1.19999981       2.20691277E-06
   1.22000003       2.12801206E-06
   1.24000001       2.04643607E-06
   1.25999999       1.97725922E-06
   1.27999997       1.88175795E-06
   1.29999995       1.83270856E-06
   1.31999993       1.77543438E-06
   1.33999991       1.66676762E-06
   1.35999990       1.64514415E-06
   1.37999988       1.58873104E-06
   1.39999986       1.49856214E-06
   1.41999984       1.46191383E-06
   1.43999982       1.42218778E-06
   1.46000004       1.36959261E-06
   1.48000002       1.28447959E-06
   1.50000000       1.27874932E-06
   1.51999998       1.24149562E-06
   1.53999996       1.16496210E-06
   1.55999994       1.12477437E-06
   1.57999992       1.11436907E-06
   1.59999990       1.08082952E-06
   1.61999989       1.00015154E-06
   1.63999987       9.83832706E-07
   1.65999985       9.73307579E-07
   1.67999983       9.41931944E-07
   1.69999981       8.65151833E-07
   1.72000003       8.55290239E-07
   1.74000001       8.52087283E-07
   1.75999999       8.25506163E-07
   1.77999997       7.56154918E-07
   1.79999995       7.35889842E-07
   1.81999993       7.42770965E-07
   1.83999991       7.26613564E-07
   1.85999990       6.73107195E-07
   1.87999988       6.27430154E-07
   1.89999986       6.39578388E-07
   1.91999984       6.36323023E-07
   1.93999982       6.09868493E-07
   1.95999980       5.51216658E-07
   1.98000002       5.33572631E-07
   2.00000000       5.47285879E-07
   2.01999998       5.41498082E-07
   2.03999996       5.13629857E-07
   2.05999994       4.60400429E-07
   2.07999992       4.46279444E-07
   2.09999990       4.60341170E-07
   2.11999989       4.59467827E-07
   2.13999987       4.40392967E-07
   2.15999985       3.94968453E-07
   2.17999983       3.66700505E-07
   2.19999981       3.75389817E-07
   2.21999979       3.84007819E-07
   2.23999977       3.77319566E-07
   2.25999975       3.52959773E-07
   2.27999973       3.12420326E-07
   2.29999971       2.94025597E-07
   2.31999969       3.03433097E-07
   2.33999968       3.12162399E-07
   2.36000013       3.07952007E-07
   2.38000011       2.90475612E-07
   2.40000010       2.59603496E-07
   2.42000008       2.32329199E-07
   2.44000006       2.29831528E-07
   2.46000004       2.40821549E-07
   2.48000002       2.46410451E-07
   2.50000000       2.39908161E-07
   2.51999998       2.24289394E-07
   2.53999996       2.00501091E-07
   2.55999994       1.77297579E-07
   2.57999992       1.67625672E-07
   2.59999990       1.73650236E-07
   2.61999989       1.84205149E-07
   2.63999987       1.86673574E-07
   2.65999985       1.77877823E-07
   2.67999983       1.61328217E-07
   2.69999981       1.41517077E-07
   2.71999979       1.23110880E-07
   2.73999977       1.13166600E-07
   2.75999975       1.14669859E-07
   2.77999973       1.25865014E-07
   2.79999971       1.38615022E-07
   2.81999969       1.42976120E-07
   2.83999968       1.34107665E-07
   2.85999966       1.12662484E-07
   2.88000011       8.57147171E-08
   2.90000010       6.14633748E-08
   2.92000008       4.80762168E-08
   2.94000006       5.00650970E-08
   2.96000004       6.68095481E-08
   2.98000002       9.29271806E-08
   3.00000000       1.20296903E-07
   3.01999998       1.38656247E-07
   3.03999996       1.40608748E-07
   3.05999994       1.23590709E-07
   3.07999992       8.94602152E-08
   3.09999990       1.19623650E-07
