  -2.00000000       1.96207384E-06
  -1.98000002       4.18472951E-07
  -1.96000004       1.21571600E-06
  -1.94000006       1.60906052E-06
  -1.91999996       1.63752048E-07
  -1.89999998       2.30796331E-06
  -1.88000000       1.41355315E-07
  -1.86000001       1.63307618E-06
  -1.84000003       1.16082629E-06
  -1.82000005       5.90632055E-07
  -1.79999995       2.14060015E-06
  -1.77999997       4.35265122E-08
  -1.75999999       2.07800963E-06
  -1.74000001       6.75512638E-07
  -1.72000003       1.11575343E-06
  -1.70000005       1.83158738E-06
  -1.68000007       1.67961133E-07
  -1.65999997       2.36602932E-06
  -1.63999999       3.18039838E-07
  -1.62000000       1.66894154E-06
  -1.60000002       1.41937062E-06
  -1.58000004       5.62940272E-07
  -1.55999994       2.37346353E-06
  -1.53999996       1.78441809E-07
  -1.51999998       2.20457105E-06
  -1.50000000       9.54104166E-07
  -1.48000002       1.15259900E-06
  -1.46000004       2.16286298E-06
  -1.44000006       2.95313413E-07
  -1.42000008       2.59463559E-06
  -1.40000010       6.02172292E-07
  -1.38000000       1.83468342E-06
  -1.36000001       1.76350352E-06
  -1.34000003       7.43383282E-07
  -1.31999993       2.72979173E-06
  -1.29999995       4.34182624E-07
  -1.27999997       2.54985480E-06
  -1.25999999       1.36477274E-06
  -1.24000001       1.41786745E-06
  -1.22000003       2.62989761E-06
  -1.20000005       6.23683832E-07
  -1.18000007       2.98977602E-06
  -1.16000009       1.01518754E-06
  -1.14000010       2.31878903E-06
  -1.12000000       2.19298386E-06
  -1.10000002       1.22945437E-06
  -1.08000004       3.26067561E-06
  -1.05999994       8.73891963E-07
  -1.03999996       3.24169969E-06
  -1.01999998       1.97149961E-06
  -1.00000000       2.26753900E-06
 -0.980000019       3.04015634E-06
 -0.960000038       9.37446657E-07
 -0.940000057       2.73826163E-06
 -0.920000076       1.56665760E-06
 -0.899999976       3.95917687E-06
 -0.879999995       5.82559960E-06
 -0.860000014       6.16210400E-06
 -0.840000033       5.71943383E-06
 -0.820000052       3.74256115E-06
 -0.800000072       3.40699944E-06
 -0.779999971       1.76427784E-05
 -0.759999990       3.67923130E-05
 -0.740000010       8.90006340E-05
 -0.720000029       1.60486452E-04
 -0.700000048       3.20315186E-04
 -0.680000067       5.95190737E-04
 -0.660000086       1.01962150E-03
 -0.639999986       1.51628722E-03
 -0.620000005       1.94322120E-03
 -0.600000024       2.57140375E-03
 -0.580000043       4.39812709E-03
 -0.560000062       9.77361854E-03
 -0.540000081       2.04700511E-02
 -0.519999981       3.58474702E-02
 -0.500000000       4.93438132E-02
 -0.480000019       5.30394353E-02
 -0.460000038       4.68378067E-02
 -0.440000057       5.32364696E-02
 -0.420000076      0.114999369    
 -0.400000095      0.265631318    
 -0.379999995      0.479678869    
 -0.360000014      0.647966981    
 -0.340000033      0.638200819    
 -0.320000052      0.432219267    
 -0.300000072      0.246084929    
 -0.280000091      0.462726116    
 -0.259999990       1.33672190    
 -0.240000010       2.63741875    
 -0.220000029       3.61701179    
 -0.200000048       3.47513247    
 -0.180000067       2.13790870    
 -0.160000086      0.606931090    
 -0.139999986      0.441369593    
 -0.120000005       2.49183297    
 -0.100000024       5.91060734    
  -8.00000429E-02   8.53169346    
  -6.00000620E-02   8.31831741    
  -4.00000811E-02   5.34504271    
  -2.00001001E-02   1.56764233    
   0.00000000       1.40621588E-02
   1.99999809E-02   3.11935873E-05
   3.99999619E-02   1.10273340E-05
   5.99999428E-02   2.21326286E-06
   7.99999237E-02   1.24196595E-06
   9.99999046E-02   5.29085128E-07
  0.119999886       5.75216006E-07
  0.139999866       6.11971473E-07
  0.159999847       5.84956524E-07
  0.180000067       9.16775662E-07
  0.200000048       7.76685283E-07
  0.220000029       1.28273882E-06
  0.240000010       1.07611129E-06
  0.259999990       1.66260884E-06
  0.279999971       1.45950992E-06
  0.299999952       2.02354431E-06
  0.319999933       1.91050231E-06
  0.339999914       2.35712241E-06
  0.359999895       2.41519274E-06
  0.379999876       2.69293105E-06
  0.399999857       2.94970368E-06
  0.419999838       3.05769481E-06
  0.440000057       3.43338388E-06
  0.460000038       3.43268971E-06
  0.480000019       3.77433162E-06
  0.500000000       3.80693291E-06
  0.519999981       4.01958641E-06
  0.539999962       4.20547076E-06
  0.559999943       4.26265933E-06
  0.579999924       4.50366997E-06
  0.599999905       4.44929901E-06
  0.619999886       4.58477098E-06
  0.639999866       4.62227899E-06
  0.659999847       4.62725620E-06
  0.679999828       4.76629111E-06
  0.700000048       4.63359083E-06
  0.720000029       4.65813537E-06
  0.740000010       4.61841591E-06
  0.759999990       4.53262783E-06
  0.779999971       4.57687293E-06
  0.799999952       4.38035613E-06
  0.819999933       4.31024728E-06
  0.839999914       4.27731584E-06
  0.859999895       4.09929544E-06
  0.879999876       4.04973980E-06
  0.899999857       3.88685476E-06
  0.919999838       3.75148875E-06
  0.939999819       3.72999443E-06
  0.960000038       3.50758137E-06
  0.980000019       3.39206304E-06
   1.00000000       3.36473795E-06
   1.01999998       3.14816361E-06
   1.03999996       3.05239587E-06
   1.05999994       3.00137185E-06
   1.07999992       2.81376015E-06
   1.09999990       2.73544470E-06
   1.11999989       2.67409359E-06
   1.13999987       2.50732228E-06
   1.15999985       2.44181979E-06
   1.17999983       2.38948655E-06
   1.19999981       2.23254733E-06
   1.22000003       2.17499360E-06
   1.24000001       2.14202510E-06
   1.25999999       1.98881480E-06
   1.27999997       1.93564802E-06
   1.29999995       1.92792277E-06
   1.31999993       1.77660206E-06
   1.33999991       1.72388172E-06
   1.35999990       1.72681052E-06
   1.37999988       1.60576360E-06
   1.39999986       1.53936912E-06
   1.41999984       1.52675307E-06
   1.43999982       1.47765149E-06
   1.46000004       1.37213817E-06
   1.48000002       1.34677123E-06
   1.50000000       1.35055257E-06
   1.51999998       1.24450276E-06
   1.53999996       1.19788285E-06
   1.55999994       1.19203389E-06
   1.57999992       1.16711988E-06
   1.59999990       1.06918071E-06
   1.61999989       1.04755156E-06
   1.63999987       1.05483036E-06
   1.65999985       1.00532475E-06
   1.67999983       9.29860050E-07
   1.69999981       9.16378667E-07
   1.72000003       9.25757092E-07
   1.74000001       8.75377850E-07
   1.75999999       8.10288498E-07
   1.77999997       7.99668896E-07
   1.79999995       8.09376616E-07
   1.81999993       7.73882789E-07
   1.83999991       7.06986839E-07
   1.85999990       6.94396533E-07
   1.87999988       6.99582074E-07
   1.89999986       6.90608204E-07
   1.91999984       6.26787880E-07
   1.93999982       5.99656460E-07
   1.95999980       5.97906023E-07
   1.98000002       6.06227729E-07
   2.00000000       5.74138994E-07
   2.01999998       5.21898869E-07
   2.03999996       5.10144389E-07
   2.05999994       5.12041765E-07
   2.07999992       5.16714579E-07
   2.09999990       4.83617214E-07
   2.11999989       4.39448144E-07
   2.13999987       4.30343562E-07
   2.15999985       4.31533294E-07
   2.17999983       4.35780947E-07
   2.19999981       4.16867266E-07
   2.21999979       3.74946495E-07
   2.23999977       3.58226288E-07
   2.25999975       3.58739186E-07
   2.27999973       3.60178745E-07
   2.29999971       3.57173064E-07
   2.31999969       3.32604714E-07
   2.33999968       3.00219568E-07
   2.36000013       2.91142953E-07
   2.38000011       2.94338520E-07
   2.40000010       2.93465462E-07
   2.42000008       2.88429618E-07
   2.44000006       2.71452393E-07
   2.46000004       2.44946506E-07
   2.48000002       2.29838392E-07
   2.50000000       2.33100636E-07
   2.51999998       2.37614671E-07
   2.53999996       2.33387794E-07
   2.55999994       2.21526150E-07
   2.57999992       2.03078287E-07
   2.59999990       1.81711897E-07
   2.61999989       1.70207059E-07
   2.63999987       1.75535362E-07
   2.65999985       1.89177726E-07
   2.67999983       1.94609456E-07
   2.69999981       1.82567973E-07
   2.71999979       1.57922244E-07
   2.73999977       1.29808910E-07
   2.75999975       1.09212820E-07
   2.77999973       1.04745020E-07
   2.79999971       1.19782328E-07
   2.81999969       1.48186430E-07
   2.83999968       1.73614652E-07
   2.85999966       1.80507968E-07
   2.88000011       1.58744328E-07
   2.90000010       1.14804969E-07
   2.92000008       6.57676864E-08
   2.94000006       3.23433014E-08
   2.96000004       2.97468006E-08
   2.98000002       6.07749158E-08
   3.00000000       1.13988236E-07
   3.01999998       1.68622478E-07
   3.03999996       2.01887190E-07
   3.05999994       1.98977574E-07
   3.07999992       1.55584416E-07
   3.09999990       2.19670767E-07
