  -2.00000000       2.00568297E-06
  -1.98000002       4.27054687E-07
  -1.96000004       1.21763946E-06
  -1.94000006       1.58914895E-06
  -1.91999996       1.71367077E-07
  -1.89999998       2.31685021E-06
  -1.88000000       1.34721958E-07
  -1.86000001       1.64798996E-06
  -1.84000003       1.13292992E-06
  -1.82000005       6.15358601E-07
  -1.79999995       2.13731641E-06
  -1.77999997       4.27074660E-08
  -1.75999999       2.08839560E-06
  -1.74000001       6.40848043E-07
  -1.72000003       1.16136096E-06
  -1.70000005       1.80281268E-06
  -1.68000007       1.84595564E-07
  -1.65999997       2.36988217E-06
  -1.63999999       2.91519939E-07
  -1.62000000       1.71526597E-06
  -1.60000002       1.35924222E-06
  -1.58000004       6.13580596E-07
  -1.55999994       2.36212259E-06
  -1.53999996       1.68197545E-07
  -1.51999998       2.24156724E-06
  -1.50000000       8.92750279E-07
  -1.48000002       1.22358006E-06
  -1.46000004       2.09696236E-06
  -1.44000006       3.24666871E-07
  -1.42000008       2.62183880E-06
  -1.40000010       5.46042713E-07
  -1.38000000       1.91603885E-06
  -1.36000001       1.68557710E-06
  -1.34000003       8.09907988E-07
  -1.31999993       2.68730992E-06
  -1.29999995       4.20802451E-07
  -1.27999997       2.61981222E-06
  -1.25999999       1.25309930E-06
  -1.24000001       1.53717451E-06
  -1.22000003       2.55730811E-06
  -1.20000005       6.50690424E-07
  -1.18000007       3.02502576E-06
  -1.16000009       9.45498073E-07
  -1.14000010       2.41999737E-06
  -1.12000000       2.07323546E-06
  -1.10000002       1.33452215E-06
  -1.08000004       3.19345509E-06
  -1.05999994       8.62073648E-07
  -1.03999996       3.33461458E-06
  -1.01999998       1.81638086E-06
  -1.00000000       2.43684235E-06
 -0.980000019       2.90251819E-06
 -0.960000038       9.94813945E-07
 -0.940000057       2.78430866E-06
 -0.920000076       1.46139075E-06
 -0.899999976       4.16806370E-06
 -0.879999995       5.60216859E-06
 -0.860000014       6.35187189E-06
 -0.840000033       5.44937029E-06
 -0.820000052       3.84144596E-06
 -0.800000072       3.32683385E-06
 -0.779999971       1.76075464E-05
 -0.759999990       3.69610825E-05
 -0.740000010       8.82213862E-05
 -0.720000029       1.60813535E-04
 -0.700000048       3.18558537E-04
 -0.680000067       5.96258906E-04
 -0.660000086       1.01590063E-03
 -0.639999986       1.51267485E-03
 -0.620000005       1.92848046E-03
 -0.600000024       2.55250651E-03
 -0.580000043       4.37925290E-03
 -0.560000062       9.76419542E-03
 -0.540000081       2.04790551E-02
 -0.519999981       3.58214155E-02
 -0.500000000       4.92353365E-02
 -0.480000019       5.27511761E-02
 -0.460000038       4.64322045E-02
 -0.440000057       5.28527871E-02
 -0.420000076      0.114898175    
 -0.400000095      0.265832216    
 -0.379999995      0.479827076    
 -0.360000014      0.647343636    
 -0.340000033      0.636292577    
 -0.320000052      0.429378033    
 -0.300000072      0.243637115    
 -0.280000091      0.462243587    
 -0.259999990       1.33846760    
 -0.240000010       2.63986444    
 -0.220000029       3.61739135    
 -0.200000048       3.47198725    
 -0.180000067       2.13232732    
 -0.160000086      0.602373600    
 -0.139999986      0.440915257    
 -0.120000005       2.49585772    
 -0.100000024       5.91674185    
  -8.00000429E-02   8.53674221    
  -6.00000620E-02   8.32089996    
  -4.00000811E-02   5.34570551    
  -2.00001001E-02   1.56768298    
   0.00000000       1.40647143E-02
   1.99999809E-02   3.08762937E-05
   3.99999619E-02   1.12918369E-05
   5.99999428E-02   2.01794091E-06
   7.99999237E-02   1.38353039E-06
   9.99999046E-02   4.04771214E-07
  0.119999886       6.74459727E-07
  0.139999866       5.18734510E-07
  0.159999847       6.59953457E-07
  0.180000067       8.43067653E-07
  0.200000048       8.32079877E-07
  0.220000029       1.22783342E-06
  0.240000010       1.11251495E-06
  0.259999990       1.63108825E-06
  0.279999971       1.47617368E-06
  0.299999952       2.01942498E-06
  0.319999933       1.90439914E-06
  0.339999914       2.37575296E-06
  0.359999895       2.38248663E-06
  0.379999876       2.72050806E-06
  0.399999857       2.89952959E-06
  0.419999838       3.08438393E-06
  0.440000057       3.39645521E-06
  0.460000038       3.45263379E-06
  0.480000019       3.77175229E-06
  0.500000000       3.79817448E-06
  0.519999981       4.03417971E-06
  0.539999962       4.16144485E-06
  0.559999943       4.28234716E-06
  0.579999924       4.47550156E-06
  0.599999905       4.46698914E-06
  0.619999886       4.59008288E-06
  0.639999866       4.59652483E-06
  0.659999847       4.63997276E-06
  0.679999828       4.73442333E-06
  0.700000048       4.65587073E-06
  0.720000029       4.66161237E-06
  0.740000010       4.59749026E-06
  0.759999990       4.54440124E-06
  0.779999971       4.55622967E-06
  0.799999952       4.39875157E-06
  0.819999933       4.31537228E-06
  0.839999914       4.25063126E-06
  0.859999895       4.11766678E-06
  0.879999876       4.04900675E-06
  0.899999857       3.88294347E-06
  0.919999838       3.75875197E-06
  0.939999819       3.71786564E-06
  0.960000038       3.52161851E-06
  0.980000019       3.39595817E-06
   1.00000000       3.34745982E-06
   1.01999998       3.16633441E-06
   1.03999996       3.05634239E-06
   1.05999994       2.98531631E-06
   1.07999992       2.82999213E-06
   1.09999990       2.73947649E-06
   1.11999989       2.66057987E-06
   1.13999987       2.52136215E-06
   1.15999985       2.44578246E-06
   1.17999983       2.37759150E-06
   1.19999981       2.24546670E-06
   1.22000003       2.17847719E-06
   1.24000001       2.13171074E-06
   1.25999999       2.00051909E-06
   1.27999997       1.93785127E-06
   1.29999995       1.92140374E-06
   1.31999993       1.78461210E-06
   1.33999991       1.72496050E-06
   1.35999990       1.72690420E-06
   1.37999988       1.60574109E-06
   1.39999986       1.54306429E-06
   1.41999984       1.53112410E-06
   1.43999982       1.47118521E-06
   1.46000004       1.37944994E-06
   1.48000002       1.34812046E-06
   1.50000000       1.34983054E-06
   1.51999998       1.24541623E-06
   1.53999996       1.19986214E-06
   1.55999994       1.19649201E-06
   1.57999992       1.16254375E-06
   1.59999990       1.07388723E-06
   1.61999989       1.04736273E-06
   1.63999987       1.05935749E-06
   1.65999985       1.00128750E-06
   1.67999983       9.34029003E-07
   1.69999981       9.16189151E-07
   1.72000003       9.30147053E-07
   1.74000001       8.71941666E-07
   1.75999999       8.13634472E-07
   1.77999997       7.99050213E-07
   1.79999995       8.14375198E-07
   1.81999993       7.71136456E-07
   1.83999991       7.09216238E-07
   1.85999990       6.93430366E-07
   1.87999988       7.04043146E-07
   1.89999986       6.90710920E-07
   1.91999984       6.26306814E-07
   1.93999982       6.00202384E-07
   1.95999980       5.98309498E-07
   1.98000002       6.11163955E-07
   2.00000000       5.72428064E-07
   2.01999998       5.22597929E-07
   2.03999996       5.09034180E-07
   2.05999994       5.13869225E-07
   2.07999992       5.21386028E-07
   2.09999990       4.82270934E-07
   2.11999989       4.39629872E-07
   2.13999987       4.29016609E-07
   2.15999985       4.32083908E-07
   2.17999983       4.41126247E-07
   2.19999981       4.17460001E-07
   2.21999979       3.74042969E-07
   2.23999977       3.57762133E-07
   2.25999975       3.56741310E-07
   2.27999973       3.63205601E-07
   2.29999971       3.62065606E-07
   2.31999969       3.32762312E-07
   2.33999968       2.99349580E-07
   2.36000013       2.90092402E-07
   2.38000011       2.92081296E-07
   2.40000010       2.95163289E-07
   2.42000008       2.93977081E-07
   2.44000006       2.73997387E-07
   2.46000004       2.44125715E-07
   2.48000002       2.28719870E-07
   2.50000000       2.31113887E-07
   2.51999998       2.35477685E-07
   2.53999996       2.35061506E-07
   2.55999994       2.26873212E-07
   2.57999992       2.07107604E-07
   2.59999990       1.82008620E-07
   2.61999989       1.68641407E-07
   2.63999987       1.73652808E-07
   2.65999985       1.86814049E-07
   2.67999983       1.92837788E-07
   2.69999981       1.83676406E-07
   2.71999979       1.62191043E-07
   2.73999977       1.34445330E-07
   2.75999975       1.11237235E-07
   2.77999973       1.03680811E-07
   2.79999971       1.17385135E-07
   2.81999969       1.46218113E-07
   2.83999968       1.72713669E-07
   2.85999966       1.80514846E-07
   2.88000011       1.59253872E-07
   2.90000010       1.15826388E-07
   2.92000008       6.70184050E-08
   2.94000006       3.33404202E-08
   2.96000004       2.99912521E-08
   2.98000002       6.01652985E-08
   3.00000000       1.13047577E-07
   3.01999998       1.67901788E-07
   3.03999996       2.01482109E-07
   3.05999994       1.98117164E-07
   3.07999992       1.54077824E-07
   3.09999990       1.87171182E-07
