  -2.00000000       2.05479887E-06
  -1.98000002       4.36965934E-07
  -1.96000004       1.21793653E-06
  -1.94000006       1.56852798E-06
  -1.91999996       1.79446843E-07
  -1.89999998       2.32570437E-06
  -1.88000000       1.28202061E-07
  -1.86000001       1.66279278E-06
  -1.84000003       1.10527606E-06
  -1.82000005       6.40326391E-07
  -1.79999995       2.13291969E-06
  -1.77999997       4.25092566E-08
  -1.75999999       2.09851260E-06
  -1.74000001       6.07274217E-07
  -1.72000003       1.20674520E-06
  -1.70000005       1.77257596E-06
  -1.68000007       2.02816636E-07
  -1.65999997       2.37232393E-06
  -1.63999999       2.66790948E-07
  -1.62000000       1.76018477E-06
  -1.60000002       1.29908517E-06
  -1.58000004       6.66454923E-07
  -1.55999994       2.34737718E-06
  -1.53999996       1.60916841E-07
  -1.51999998       2.27611463E-06
  -1.50000000       8.33399326E-07
  -1.48000002       1.29439627E-06
  -1.46000004       2.02817387E-06
  -1.44000006       3.59793404E-07
  -1.42000008       2.64298615E-06
  -1.40000010       4.93877565E-07
  -1.38000000       1.99603255E-06
  -1.36000001       1.60663717E-06
  -1.34000003       8.79804816E-07
  -1.31999993       2.63844277E-06
  -1.29999995       4.16464616E-07
  -1.27999997       2.68158192E-06
  -1.25999999       1.14531508E-06
  -1.24000001       1.65950780E-06
  -1.22000003       2.47663911E-06
  -1.20000005       6.87911495E-07
  -1.18000007       3.05054436E-06
  -1.16000009       8.83210078E-07
  -1.14000010       2.51635402E-06
  -1.12000000       1.95368557E-06
  -1.10000002       1.44551086E-06
  -1.08000004       3.11370582E-06
  -1.05999994       8.67138397E-07
  -1.03999996       3.41212808E-06
  -1.01999998       1.67067674E-06
  -1.00000000       2.60729053E-06
 -0.980000019       2.75514117E-06
 -0.960000038       1.06827656E-06
 -0.940000057       2.81514872E-06
 -0.920000076       1.36671201E-06
 -0.899999976       4.37379276E-06
 -0.879999995       5.37443293E-06
 -0.860000014       6.54726682E-06
 -0.840000033       5.17744229E-06
 -0.820000052       3.93133951E-06
 -0.800000072       3.27417888E-06
 -0.779999971       1.75248788E-05
 -0.759999990       3.71917813E-05
 -0.740000010       8.73706231E-05
 -0.720000029       1.61205389E-04
 -0.700000048       3.16783757E-04
 -0.680000067       5.97317528E-04
 -0.660000086       1.01229036E-03
 -0.639999986       1.50885410E-03
 -0.620000005       1.91405311E-03
 -0.600000024       2.53323931E-03
 -0.580000043       4.36120294E-03
 -0.560000062       9.75447986E-03
 -0.540000081       2.04893649E-02
 -0.519999981       3.57947275E-02
 -0.500000000       4.91275527E-02
 -0.480000019       5.24624586E-02
 -0.460000038       4.60277312E-02
 -0.440000057       5.24733178E-02
 -0.420000076      0.114800483    
 -0.400000095      0.266041309    
 -0.379999995      0.479974359    
 -0.360000014      0.646723568    
 -0.340000033      0.634379923    
 -0.320000052      0.426544547    
 -0.300000072      0.241203040    
 -0.280000091      0.461781591    
 -0.259999990       1.34023428    
 -0.240000010       2.64231133    
 -0.220000029       3.61776757    
 -0.200000048       3.46882629    
 -0.180000067       2.12674809    
 -0.160000086      0.597828031    
 -0.139999986      0.440481186    
 -0.120000005       2.49989271    
 -0.100000024       5.92286205    
  -8.00000429E-02   8.54176140    
  -6.00000620E-02   8.32344818    
  -4.00000811E-02   5.34634590    
  -2.00001001E-02   1.56771708    
   0.00000000       1.40669234E-02
   1.99999809E-02   3.06057809E-05
   3.99999619E-02   1.15263374E-05
   5.99999428E-02   1.84634860E-06
   7.99999237E-02   1.51324980E-06
   9.99999046E-02   2.91016050E-07
  0.119999886       7.69726341E-07
  0.139999866       4.29153147E-07
  0.159999847       7.35916274E-07
  0.180000067       7.68081065E-07
  0.200000048       8.91610284E-07
  0.220000029       1.16755837E-06
  0.240000010       1.15453236E-06
  0.259999990       1.59147294E-06
  0.279999971       1.49892480E-06
  0.299999952       2.00758745E-06
  0.319999933       1.90495950E-06
  0.339999914       2.39076144E-06
  0.359999895       2.35608013E-06
  0.379999876       2.74853437E-06
  0.399999857       2.85077635E-06
  0.419999838       3.11157783E-06
  0.440000057       3.35402683E-06
  0.460000038       3.47345167E-06
  0.480000019       3.76486037E-06
  0.500000000       3.79491803E-06
  0.519999981       4.05054379E-06
  0.539999962       4.11976407E-06
  0.559999943       4.30133696E-06
  0.579999924       4.44136367E-06
  0.599999905       4.48553737E-06
  0.619999886       4.59563216E-06
  0.639999866       4.57596980E-06
  0.659999847       4.65355515E-06
  0.679999828       4.69744873E-06
  0.700000048       4.67750033E-06
  0.720000029       4.66539086E-06
  0.740000010       4.58130899E-06
  0.759999990       4.55627742E-06
  0.779999971       4.52998347E-06
  0.799999952       4.41854081E-06
  0.819999933       4.32318438E-06
  0.839999914       4.22480935E-06
  0.859999895       4.13387124E-06
  0.879999876       4.04565026E-06
  0.899999857       3.88359240E-06
  0.919999838       3.76677144E-06
  0.939999819       3.70074667E-06
  0.960000038       3.53796645E-06
  0.980000019       3.40250426E-06
   1.00000000       3.32710260E-06
   1.01999998       3.18433467E-06
   1.03999996       3.06244374E-06
   1.05999994       2.96840608E-06
   1.07999992       2.84515454E-06
   1.09999990       2.74478498E-06
   1.11999989       2.64718528E-06
   1.13999987       2.53428630E-06
   1.15999985       2.45076399E-06
   1.17999983       2.36554160E-06
   1.19999981       2.25757481E-06
   1.22000003       2.18340256E-06
   1.24000001       2.12003647E-06
   1.25999999       2.01236753E-06
   1.27999997       1.94193012E-06
   1.29999995       1.91185745E-06
   1.31999993       1.79439610E-06
   1.33999991       1.72726664E-06
   1.35999990       1.72368323E-06
   1.37999988       1.60841648E-06
   1.39999986       1.54627037E-06
   1.41999984       1.53479277E-06
   1.43999982       1.46486968E-06
   1.46000004       1.38672704E-06
   1.48000002       1.35105358E-06
   1.50000000       1.34601567E-06
   1.51999998       1.24861663E-06
   1.53999996       1.20150582E-06
   1.55999994       1.20085770E-06
   1.57999992       1.15685248E-06
   1.59999990       1.07969572E-06
   1.61999989       1.04795868E-06
   1.63999987       1.06214429E-06
   1.65999985       9.97621896E-07
   1.67999983       9.38503717E-07
   1.69999981       9.17173054E-07
   1.72000003       9.32493322E-07
   1.74000001       8.69023552E-07
   1.75999999       8.17284786E-07
   1.77999997       7.99450504E-07
   1.79999995       8.17928878E-07
   1.81999993       7.67996028E-07
   1.83999991       7.12353938E-07
   1.85999990       6.92804349E-07
   1.87999988       7.08588118E-07
   1.89999986       6.88866521E-07
   1.91999984       6.27277700E-07
   1.93999982       6.00451074E-07
   1.95999980       5.99979899E-07
   1.98000002       6.14440637E-07
   2.00000000       5.70300813E-07
   2.01999998       5.24262305E-07
   2.03999996       5.07868208E-07
   2.05999994       5.16851799E-07
   2.07999992       5.24212851E-07
   2.09999990       4.80650328E-07
   2.11999989       4.40653707E-07
   2.13999987       4.27560082E-07
   2.15999985       4.33903324E-07
   2.17999983       4.45422813E-07
   2.19999981       4.16822559E-07
   2.21999979       3.74049819E-07
   2.23999977       3.57172155E-07
   2.25999975       3.55343786E-07
   2.27999973       3.67114922E-07
   2.29999971       3.65525381E-07
   2.31999969       3.32236652E-07
   2.33999968       2.99210626E-07
   2.36000013       2.88812146E-07
   2.38000011       2.90215439E-07
   2.40000010       2.98077964E-07
   2.42000008       2.98941558E-07
   2.44000006       2.75264938E-07
   2.46000004       2.43495606E-07
   2.48000002       2.27899747E-07
   2.50000000       2.28730045E-07
   2.51999998       2.33861840E-07
   2.53999996       2.37997995E-07
   2.55999994       2.32250841E-07
   2.57999992       2.10089482E-07
   2.59999990       1.81902621E-07
   2.61999989       1.67361179E-07
   2.63999987       1.71594138E-07
   2.65999985       1.83964346E-07
   2.67999983       1.91450255E-07
   2.69999981       1.86082147E-07
   2.71999979       1.67439225E-07
   2.73999977       1.39001330E-07
   2.75999975       1.12698160E-07
   2.77999973       1.02377847E-07
   2.79999971       1.15060786E-07
   2.81999969       1.44015189E-07
   2.83999968       1.71069274E-07
   2.85999966       1.79704813E-07
   2.88000011       1.59523012E-07
   2.90000010       1.17326692E-07
   2.92000008       6.90337174E-08
   2.94000006       3.48121318E-08
   2.96000004       3.01413934E-08
   2.98000002       5.90424136E-08
   3.00000000       1.11522297E-07
   3.01999998       1.66779273E-07
   3.03999996       2.00877722E-07
   3.05999994       1.97056465E-07
   3.07999992       1.52274509E-07
   3.09999990       1.50504292E-07
