  -2.00000000       2.17236993E-06
  -1.98000002       4.12192037E-07
  -1.96000004       1.49588573E-06
  -1.94000006       1.28588533E-06
  -1.91999996       4.25009574E-07
  -1.89999998       2.21714458E-06
  -1.88000000       1.00490780E-08
  -1.86000001       2.16125341E-06
  -1.84000003       4.60901902E-07
  -1.82000005       1.34374886E-06
  -1.79999995       1.59761373E-06
  -1.77999997       3.84746357E-07
  -1.75999999       2.19394587E-06
  -1.74000001       6.63938877E-08
  -1.72000003       2.20577158E-06
  -1.70000005       6.53995357E-07
  -1.68000007       1.27796943E-06
  -1.65999997       1.73860724E-06
  -1.63999999       3.45083691E-07
  -1.62000000       2.36176766E-06
  -1.60000002       1.47710693E-07
  -1.58000004       2.24984319E-06
  -1.55999994       8.69019061E-07
  -1.53999996       1.25913459E-06
  -1.51999998       1.96142059E-06
  -1.50000000       3.85747512E-07
  -1.48000002       2.50304606E-06
  -1.46000004       2.84009076E-07
  -1.44000006       2.33543824E-06
  -1.42000008       1.08000211E-06
  -1.40000010       1.33968547E-06
  -1.38000000       2.27599708E-06
  -1.36000001       4.60583976E-07
  -1.34000003       2.73180603E-06
  -1.31999993       5.19219157E-07
  -1.29999995       2.43683303E-06
  -1.27999997       1.27365172E-06
  -1.25999999       1.56606393E-06
  -1.24000001       2.58542559E-06
  -1.22000003       6.16271109E-07
  -1.20000005       3.18845355E-06
  -1.18000007       7.85027282E-07
  -1.16000009       2.61528680E-06
  -1.14000010       1.72293448E-06
  -1.12000000       1.72572629E-06
  -1.10000002       2.68340932E-06
  -1.08000004       1.04573064E-06
  -1.05999994       3.46449724E-06
  -1.03999996       1.02081799E-06
  -1.01999998       3.46200886E-06
  -1.00000000       1.92718835E-06
 -0.980000019       2.04983758E-06
 -0.960000038       2.70595069E-06
 -0.940000057       8.21243646E-07
 -0.920000076       4.06688605E-06
 -0.899999976       2.78464563E-06
 -0.879999995       6.51212940E-06
 -0.860000014       4.10863231E-06
 -0.840000033       4.53902840E-06
 -0.820000052       1.14290560E-06
 -0.800000072       5.29484942E-06
 -0.779999971       1.57306858E-05
 -0.759999990       3.60304803E-05
 -0.740000010       7.94334046E-05
 -0.720000029       1.44919919E-04
 -0.700000048       3.16471152E-04
 -0.680000067       5.72290970E-04
 -0.660000086       9.85988998E-04
 -0.639999986       1.31335203E-03
 -0.620000005       1.56534766E-03
 -0.600000024       1.97311817E-03
 -0.580000043       3.93209932E-03
 -0.560000062       9.75217018E-03
 -0.540000081       2.08114274E-02
 -0.519999981       3.53580900E-02
 -0.500000000       4.56420146E-02
 -0.480000019       4.44339141E-02
 -0.460000038       3.45499218E-02
 -0.440000057       4.32515889E-02
 -0.420000076      0.114103891    
 -0.400000095      0.274490833    
 -0.379999995      0.485207677    
 -0.360000014      0.628373802    
 -0.340000033      0.578738451    
 -0.320000052      0.346636593    
 -0.300000072      0.177658856    
 -0.280000091      0.457111180    
 -0.259999990       1.39991093    
 -0.240000010       2.71441507    
 -0.220000029       3.62614489    
 -0.200000048       3.37173080    
 -0.180000067       1.96544254    
 -0.160000086      0.472199738    
 -0.139999986      0.436170757    
 -0.120000005       2.62147617    
 -0.100000024       6.09391069    
  -8.00000429E-02   8.67488861    
  -6.00000620E-02   8.38186455    
  -4.00000811E-02   5.35542011    
  -2.00001001E-02   1.56576610    
   0.00000000       1.40263774E-02
   1.99999809E-02   3.14826175E-05
   3.99999619E-02   1.07460110E-05
   5.99999428E-02   2.41104112E-06
   7.99999237E-02   1.10873202E-06
   9.99999046E-02   6.35905394E-07
  0.119999886       4.78041841E-07
  0.139999866       6.70100576E-07
  0.159999847       4.96078485E-07
  0.180000067       9.42133624E-07
  0.200000048       6.82366249E-07
  0.220000029       1.28327122E-06
  0.240000010       9.68855034E-07
  0.259999990       1.63853167E-06
  0.279999971       1.34159211E-06
  0.299999952       1.96893029E-06
  0.319999933       1.79109452E-06
  0.339999914       2.26224415E-06
  0.359999895       2.30974047E-06
  0.379999876       2.54666611E-06
  0.399999857       2.86486147E-06
  0.419999838       2.86439786E-06
  0.440000057       3.36077210E-06
  0.460000038       3.22059350E-06
  0.480000019       3.68858173E-06
  0.500000000       3.62192122E-06
  0.519999981       3.88152284E-06
  0.539999962       4.07942889E-06
  0.559999943       4.06381605E-06
  0.579999924       4.43803401E-06
  0.599999905       4.24555401E-06
  0.619999886       4.52049017E-06
  0.639999866       4.47673665E-06
  0.659999847       4.49871277E-06
  0.679999828       4.71733438E-06
  0.700000048       4.47983348E-06
  0.720000029       4.65787843E-06
  0.740000010       4.51347978E-06
  0.759999990       4.46169952E-06
  0.779999971       4.58961858E-06
  0.799999952       4.29179772E-06
  0.819999933       4.34731646E-06
  0.839999914       4.24376231E-06
  0.859999895       4.06680056E-06
  0.879999876       4.13555472E-06
  0.899999857       3.84761870E-06
  0.919999838       3.78417394E-06
  0.939999819       3.79418316E-06
  0.960000038       3.49556217E-06
  0.980000019       3.47845253E-06
   1.00000000       3.39447729E-06
   1.01999998       3.16758178E-06
   1.03999996       3.16307501E-06
   1.05999994       3.01246041E-06
   1.07999992       2.85246597E-06
   1.09999990       2.85157785E-06
   1.11999989       2.67757423E-06
   1.13999987       2.55664099E-06
   1.15999985       2.55802502E-06
   1.17999983       2.38765097E-06
   1.19999981       2.28614863E-06
   1.22000003       2.28529848E-06
   1.24000001       2.14358647E-06
   1.25999999       2.04068897E-06
   1.27999997       2.03388640E-06
   1.29999995       1.93954133E-06
   1.31999993       1.81940300E-06
   1.33999991       1.80885627E-06
   1.35999990       1.76511958E-06
   1.37999988       1.62211427E-06
   1.39999986       1.61032767E-06
   1.41999984       1.59993806E-06
   1.43999982       1.46619846E-06
   1.46000004       1.43282057E-06
   1.48000002       1.42842271E-06
   1.50000000       1.35665653E-06
   1.51999998       1.27188491E-06
   1.53999996       1.26406826E-06
   1.55999994       1.25358531E-06
   1.57999992       1.14969907E-06
   1.59999990       1.12421856E-06
   1.61999989       1.11638906E-06
   1.63999987       1.08224185E-06
   1.65999985       9.97542770E-07
   1.67999983       9.90035687E-07
   1.69999981       9.82335109E-07
   1.72000003       9.38140204E-07
   1.74000001       8.72411704E-07
   1.75999999       8.69896667E-07
   1.77999997       8.59734882E-07
   1.79999995       8.21607728E-07
   1.81999993       7.64582694E-07
   1.83999991       7.63060712E-07
   1.85999990       7.50437778E-07
   1.87999988       7.26737142E-07
   1.89999986       6.70938505E-07
   1.91999984       6.64783954E-07
   1.93999982       6.54808673E-07
   1.95999980       6.41535848E-07
   1.98000002       5.98700410E-07
   2.00000000       5.73628029E-07
   2.01999998       5.73668387E-07
   2.03999996       5.58326406E-07
   2.05999994       5.40131225E-07
   2.07999992       5.02277203E-07
   2.09999990       4.93477387E-07
   2.11999989       4.90156197E-07
   2.13999987       4.72913143E-07
   2.15999985       4.55132437E-07
   2.17999983       4.25648352E-07
   2.19999981       4.19943717E-07
   2.21999979       4.18654309E-07
   2.23999977       4.00649725E-07
   2.25999975       3.83398543E-07
   2.27999973       3.63081995E-07
   2.29999971       3.51351531E-07
   2.31999969       3.55586337E-07
   2.33999968       3.45731593E-07
   2.36000013       3.21974824E-07
   2.38000011       3.05180947E-07
   2.40000010       2.92269505E-07
   2.42000008       2.90516738E-07
   2.44000006       2.97482302E-07
   2.46000004       2.89368330E-07
   2.48000002       2.61881070E-07
   2.50000000       2.37445960E-07
   2.51999998       2.27274029E-07
   2.53999996       2.29601255E-07
   2.55999994       2.42946527E-07
   2.57999992       2.51271160E-07
   2.59999990       2.35428104E-07
   2.61999989       1.97081647E-07
   2.63999987       1.62718223E-07
   2.65999985       1.53736437E-07
   2.67999983       1.70478813E-07
   2.69999981       2.00486028E-07
   2.71999979       2.23102219E-07
   2.73999977       2.18421604E-07
   2.75999975       1.78756764E-07
   2.77999973       1.21412683E-07
   2.79999971       7.93024952E-08
   2.81999969       7.92105439E-08
   2.83999968       1.24235399E-07
   2.85999966       1.87170812E-07
   2.88000011       2.32730955E-07
   2.90000010       2.31565110E-07
   2.92000008       1.80160285E-07
   2.94000006       1.01577648E-07
   2.96000004       3.54011114E-08
   2.98000002       1.60190066E-08
   3.00000000       5.46180843E-08
   3.01999998       1.30228855E-07
   3.03999996       2.00101368E-07
   3.05999994       2.20455121E-07
   3.07999992       1.77718519E-07
   3.09999990       9.80266357E-09
