  -2.00000000       2.15782416E-06
  -1.98000002       3.31998677E-07
  -1.96000004       1.65740937E-06
  -1.94000006       1.18999708E-06
  -1.91999996       6.50398988E-07
  -1.89999998       1.95381449E-06
  -1.88000000       5.65577238E-08
  -1.86000001       2.43797012E-06
  -1.84000003       1.88907222E-07
  -1.82000005       1.74096522E-06
  -1.79999995       9.86267992E-07
  -1.77999997       9.60385591E-07
  -1.75999999       1.93509845E-06
  -1.74000001       1.74512763E-07
  -1.72000003       2.39373344E-06
  -1.70000005       1.62309803E-07
  -1.68000007       2.04322419E-06
  -1.65999997       7.77693231E-07
  -1.63999999       1.26136626E-06
  -1.62000000       1.92791686E-06
  -1.60000002       3.45130388E-07
  -1.58000004       2.41370026E-06
  -1.55999994       1.86057690E-07
  -1.53999996       2.34309414E-06
  -1.51999998       6.59110299E-07
  -1.50000000       1.65631150E-06
  -1.48000002       1.82208100E-06
  -1.46000004       6.15995702E-07
  -1.44000006       2.48686410E-06
  -1.42000008       3.12502181E-07
  -1.40000010       2.60675392E-06
  -1.38000000       5.81943482E-07
  -1.36000001       2.16662056E-06
  -1.34000003       1.70219926E-06
  -1.31999993       1.05401386E-06
  -1.29999995       2.66811639E-06
  -1.27999997       5.13221153E-07
  -1.25999999       2.84860607E-06
  -1.24000001       6.90156980E-07
  -1.22000003       2.62831213E-06
  -1.20000005       1.44744740E-06
  -1.18000007       1.79199287E-06
  -1.16000009       2.78606876E-06
  -1.14000010       8.21718061E-07
  -1.12000000       3.40973247E-06
  -1.10000002       8.43859993E-07
  -1.08000004       3.03531669E-06
  -1.05999994       1.61190678E-06
  -1.03999996       2.46852051E-06
  -1.01999998       2.53708458E-06
  -1.00000000       1.72295609E-06
 -0.980000019       3.01276759E-06
 -0.960000038       7.68663597E-07
 -0.940000057       3.39839949E-06
 -0.920000076       1.89744662E-06
 -0.899999976       5.08057929E-06
 -0.879999995       4.35670563E-06
 -0.860000014       4.92485606E-06
 -0.840000033       1.87196690E-06
 -0.820000052       2.67336191E-06
 -0.800000072       3.76722369E-06
 -0.779999971       1.67418420E-05
 -0.759999990       3.47132191E-05
 -0.740000010       6.87743450E-05
 -0.720000029       1.50539636E-04
 -0.700000048       2.97924038E-04
 -0.680000067       5.97993552E-04
 -0.660000086       9.22746607E-04
 -0.639999986       1.22144038E-03
 -0.620000005       1.28397299E-03
 -0.600000024       1.66020985E-03
 -0.580000043       3.78099480E-03
 -0.560000062       9.91492532E-03
 -0.540000081       2.13364176E-02
 -0.519999981       3.49798948E-02
 -0.500000000       4.33183871E-02
 -0.480000019       3.87736969E-02
 -0.460000038       2.75131892E-02
 -0.440000057       3.85946445E-02
 -0.420000076      0.116344467    
 -0.400000095      0.282677829    
 -0.379999995      0.489728570    
 -0.360000014      0.615173280    
 -0.340000033      0.540147603    
 -0.320000052      0.294813752    
 -0.300000072      0.141561121    
 -0.280000091      0.464663386    
 -0.259999990       1.44886339    
 -0.240000010       2.76628923    
 -0.220000029       3.62718654    
 -0.200000048       3.30025482    
 -0.180000067       1.85453677    
 -0.160000086      0.393219203    
 -0.139999986      0.443066686    
 -0.120000005       2.70882320    
 -0.100000024       6.20568466    
  -8.00000429E-02   8.75098228    
  -6.00000620E-02   8.40609932    
  -4.00000811E-02   5.35056973    
  -2.00001001E-02   1.56131017    
   0.00000000       1.39636043E-02
   1.99999809E-02   3.32254531E-05
   3.99999619E-02   9.09019673E-06
   5.99999428E-02   3.37222696E-06
   7.99999237E-02   4.41558257E-07
   9.99999046E-02   1.04359003E-06
  0.119999886       2.05761708E-07
  0.139999866       7.62935656E-07
  0.159999847       4.72972744E-07
  0.180000067       8.00815371E-07
  0.200000048       8.41449264E-07
  0.220000029       9.62043714E-07
  0.240000010       1.25306110E-06
  0.259999990       1.21306402E-06
  0.279999971       1.67738733E-06
  0.299999952       1.54767338E-06
  0.319999933       2.07734547E-06
  0.339999914       1.95193093E-06
  0.359999895       2.42280544E-06
  0.379999876       2.40664781E-06
  0.399999857       2.72115813E-06
  0.419999838       2.89790682E-06
  0.440000057       3.03128741E-06
  0.460000038       3.37849497E-06
  0.480000019       3.37882125E-06
  0.500000000       3.73901480E-06
  0.519999981       3.72343698E-06
  0.539999962       3.94152949E-06
  0.559999943       4.07054404E-06
  0.579999924       4.12317240E-06
  0.599999905       4.38472716E-06
  0.619999886       4.31444641E-06
  0.639999866       4.48314904E-06
  0.659999847       4.45921933E-06
  0.679999828       4.46171725E-06
  0.700000048       4.61131049E-06
  0.720000029       4.48068204E-06
  0.740000010       4.55829104E-06
  0.759999990       4.45545993E-06
  0.779999971       4.37334393E-06
  0.799999952       4.45557316E-06
  0.819999933       4.25897360E-06
  0.839999914       4.22084850E-06
  0.859999895       4.14174974E-06
  0.879999876       3.98339535E-06
  0.899999857       4.00117096E-06
  0.919999838       3.79224412E-06
  0.939999819       3.66696077E-06
  0.960000038       3.67265397E-06
  0.980000019       3.45118269E-06
   1.00000000       3.35790037E-06
   1.01999998       3.30318699E-06
   1.03999996       3.11236818E-06
   1.05999994       3.05618187E-06
   1.07999992       2.94868846E-06
   1.09999990       2.79029769E-06
   1.11999989       2.76199762E-06
   1.13999987       2.63064521E-06
   1.15999985       2.49784807E-06
   1.17999983       2.48114270E-06
   1.19999981       2.35324023E-06
   1.22000003       2.23438383E-06
   1.24000001       2.21937694E-06
   1.25999999       2.11545398E-06
   1.27999997       2.00026352E-06
   1.29999995       1.97746749E-06
   1.31999993       1.91301342E-06
   1.33999991       1.79326264E-06
   1.35999990       1.75708021E-06
   1.37999988       1.73980754E-06
   1.39999986       1.60883974E-06
   1.41999984       1.56255419E-06
   1.43999982       1.57671548E-06
   1.46000004       1.45796594E-06
   1.48000002       1.39921769E-06
   1.50000000       1.39963379E-06
   1.51999998       1.34951472E-06
   1.53999996       1.25695533E-06
   1.55999994       1.23063774E-06
   1.57999992       1.24392909E-06
   1.59999990       1.14591830E-06
   1.61999989       1.10002884E-06
   1.63999987       1.09520727E-06
   1.65999985       1.08219115E-06
   1.67999983       9.91304432E-07
   1.69999981       9.64044375E-07
   1.72000003       9.73001193E-07
   1.74000001       9.40525808E-07
   1.75999999       8.65349762E-07
   1.77999997       8.46140267E-07
   1.79999995       8.56285169E-07
   1.81999993       8.25810446E-07
   1.83999991       7.58818715E-07
   1.85999990       7.41780582E-07
   1.87999988       7.47615900E-07
   1.89999986       7.34524633E-07
   1.91999984       6.68494977E-07
   1.93999982       6.47668116E-07
   1.95999980       6.45955254E-07
   1.98000002       6.52623385E-07
   2.00000000       6.01275644E-07
   2.01999998       5.63684580E-07
   2.03999996       5.57788837E-07
   2.05999994       5.63266838E-07
   2.07999992       5.52378083E-07
   2.09999990       5.00649605E-07
   2.11999989       4.80806762E-07
   2.13999987       4.79308028E-07
   2.15999985       4.83057363E-07
   2.17999983       4.67789562E-07
   2.19999981       4.24118980E-07
   2.21999979       4.07162389E-07
   2.23999977       4.08730102E-07
   2.25999975       4.08710235E-07
   2.27999973       3.99759756E-07
   2.29999971       3.65781574E-07
   2.31999969       3.41215099E-07
   2.33999968       3.43969617E-07
   2.36000013       3.45426315E-07
   2.38000011       3.38427867E-07
   2.40000010       3.19622245E-07
   2.42000008       2.89376629E-07
   2.44000006       2.77280321E-07
   2.46000004       2.87887360E-07
   2.48000002       2.92710013E-07
   2.50000000       2.79467372E-07
   2.51999998       2.54589310E-07
   2.53999996       2.26670181E-07
   2.55999994       2.14327741E-07
   2.57999992       2.30858461E-07
   2.59999990       2.53951924E-07
   2.61999989       2.51275480E-07
   2.63999987       2.17345544E-07
   2.65999985       1.73433847E-07
   2.67999983       1.45485970E-07
   2.69999981       1.51782018E-07
   2.71999979       1.91801135E-07
   2.73999977       2.36681643E-07
   2.75999975       2.47677804E-07
   2.77999973       2.04298587E-07
   2.79999971       1.28785047E-07
   2.81999969       6.92730069E-08
   2.83999968       6.69243292E-08
   2.85999966       1.26068869E-07
   2.88000011       2.12673598E-07
   2.90000010       2.72866970E-07
   2.92000008       2.65901207E-07
   2.94000006       1.90232697E-07
   2.96000004       8.66108465E-08
   2.98000002       1.70111818E-08
   3.00000000       2.35022739E-08
   3.01999998       1.01508206E-07
   3.03999996       2.00168415E-07
   3.05999994       2.50798678E-07
   3.07999992       2.16851518E-07
   3.09999990       3.61674211E-08
