  -2.00000000       1.83876068E-06
  -1.98000002       2.16273634E-07
  -1.96000004       1.81173414E-06
  -1.94000006       1.18241280E-06
  -1.91999996       7.66424193E-07
  -1.89999998       1.78474647E-06
  -1.88000000       1.33919656E-07
  -1.86000001       2.49464051E-06
  -1.84000003       8.74100792E-08
  -1.82000005       1.96249221E-06
  -1.79999995       6.94118626E-07
  -1.77999997       1.28323938E-06
  -1.75999999       1.64386199E-06
  -1.74000001       4.20963005E-07
  -1.72000003       2.32310072E-06
  -1.70000005       7.79079272E-08
  -1.68000007       2.29338684E-06
  -1.65999997       3.79440422E-07
  -1.63999999       1.81260611E-06
  -1.62000000       1.37222378E-06
  -1.60000002       8.05830553E-07
  -1.58000004       2.16363242E-06
  -1.55999994       2.60470841E-07
  -1.53999996       2.50032667E-06
  -1.51999998       2.32347162E-07
  -1.50000000       2.36568485E-06
  -1.48000002       1.02591855E-06
  -1.46000004       1.35715527E-06
  -1.44000006       1.97562554E-06
  -1.42000008       6.29276485E-07
  -1.40000010       2.54169663E-06
  -1.38000000       3.09418056E-07
  -1.36000001       2.87336434E-06
  -1.34000003       7.09972028E-07
  -1.31999993       2.14798547E-06
  -1.29999995       1.79265953E-06
  -1.27999997       1.13088265E-06
  -1.25999999       2.52668701E-06
  -1.24000001       7.12903216E-07
  -1.22000003       3.02008152E-06
  -1.20000005       5.88647140E-07
  -1.18000007       3.09077541E-06
  -1.16000009       1.39796339E-06
  -1.14000010       2.05185233E-06
  -1.12000000       2.65543167E-06
  -1.10000002       1.11084478E-06
  -1.08000004       3.24930511E-06
  -1.05999994       1.01519277E-06
  -1.03999996       3.40754514E-06
  -1.01999998       1.27606950E-06
  -1.00000000       3.12134716E-06
 -0.980000019       1.60844183E-06
 -0.960000038       1.85628062E-06
 -0.940000057       3.11572217E-06
 -0.920000076       1.64591711E-06
 -0.899999976       6.16618763E-06
 -0.879999995       2.68818167E-06
 -0.860000014       5.65779283E-06
 -0.840000033       9.84538360E-07
 -0.820000052       1.65374217E-06
 -0.800000072       6.31194689E-06
 -0.779999971       1.28968177E-05
 -0.759999990       3.71332862E-05
 -0.740000010       6.30050927E-05
 -0.720000029       1.48830208E-04
 -0.700000048       3.05052352E-04
 -0.680000067       5.88513503E-04
 -0.660000086       9.22728912E-04
 -0.639999986       1.12715515E-03
 -0.620000005       1.17103243E-03
 -0.600000024       1.48124783E-03
 -0.580000043       3.75628076E-03
 -0.560000062       1.01054013E-02
 -0.540000081       2.16282252E-02
 -0.519999981       3.48739624E-02
 -0.500000000       4.18828353E-02
 -0.480000019       3.58277969E-02
 -0.460000038       2.38027684E-02
 -0.440000057       3.68384644E-02
 -0.420000076      0.118384950    
 -0.400000095      0.288047045    
 -0.379999995      0.492345661    
 -0.360000014      0.607717574    
 -0.340000033      0.518925965    
 -0.320000052      0.267525226    
 -0.300000072      0.124780767    
 -0.280000091      0.472150713    
 -0.259999990       1.47884679    
 -0.240000010       2.79462433    
 -0.220000029       3.62668681    
 -0.200000048       3.25889945    
 -0.180000067       1.79430521    
 -0.160000086      0.352553397    
 -0.139999986      0.450015128    
 -0.120000005       2.75840259    
 -0.100000024       6.26412630    
  -8.00000429E-02   8.78802681    
  -6.00000620E-02   8.41336155    
  -4.00000811E-02   5.34451675    
  -2.00001001E-02   1.55767405    
   0.00000000       1.39364544E-02
   1.99999809E-02   3.15764410E-05
   3.99999619E-02   1.03924385E-05
   5.99999428E-02   2.56632211E-06
   7.99999237E-02   9.62603281E-07
   9.99999046E-02   7.18842500E-07
  0.119999886       3.85675889E-07
  0.139999866       7.02853981E-07
  0.159999847       4.28565556E-07
  0.180000067       9.35217372E-07
  0.200000048       6.23502103E-07
  0.220000029       1.24402902E-06
  0.240000010       9.04766921E-07
  0.259999990       1.57787144E-06
  0.279999971       1.25763972E-06
  0.299999952       1.89990430E-06
  0.319999933       1.67897997E-06
  0.339999914       2.18984997E-06
  0.359999895       2.17200341E-06
  0.379999876       2.46332866E-06
  0.399999857       2.71714998E-06
  0.419999838       2.75008620E-06
  0.440000057       3.22961409E-06
  0.460000038       3.06080779E-06
  0.480000019       3.59131445E-06
  0.500000000       3.42439080E-06
  0.519999981       3.80119786E-06
  0.539999962       3.87990440E-06
  0.559999943       3.95595771E-06
  0.579999924       4.29859938E-06
  0.599999905       4.08603637E-06
  0.619999886       4.45908518E-06
  0.639999866       4.28439535E-06
  0.659999847       4.44814259E-06
  0.679999828       4.57924671E-06
  0.700000048       4.38545794E-06
  0.720000029       4.63300603E-06
  0.740000010       4.36887012E-06
  0.759999990       4.46778859E-06
  0.779999971       4.50305606E-06
  0.799999952       4.24720974E-06
  0.819999933       4.38936604E-06
  0.839999914       4.14202395E-06
  0.859999895       4.10829216E-06
  0.879999876       4.14534907E-06
  0.899999857       3.81447353E-06
  0.919999838       3.86791635E-06
  0.939999819       3.76014941E-06
  0.960000038       3.53689438E-06
  0.980000019       3.56983446E-06
   1.00000000       3.35234290E-06
   1.01999998       3.25019710E-06
   1.03999996       3.24498501E-06
   1.05999994       2.98722944E-06
   1.07999992       2.95009340E-06
   1.09999990       2.91932020E-06
   1.11999989       2.67089627E-06
   1.13999987       2.65729068E-06
   1.15999985       2.61451646E-06
   1.17999983       2.39301835E-06
   1.19999981       2.38479333E-06
   1.22000003       2.34013328E-06
   1.24000001       2.14645320E-06
   1.25999999       2.13535941E-06
   1.27999997       2.09727591E-06
   1.29999995       1.93204642E-06
   1.31999993       1.90844548E-06
   1.33999991       1.87812600E-06
   1.35999990       1.75318576E-06
   1.37999988       1.70337353E-06
   1.39999986       1.67736505E-06
   1.41999984       1.60347179E-06
   1.43999982       1.51546510E-06
   1.46000004       1.50268602E-06
   1.48000002       1.46566640E-06
   1.50000000       1.35877917E-06
   1.51999998       1.34958248E-06
   1.53999996       1.31696152E-06
   1.55999994       1.25116935E-06
   1.57999992       1.19981019E-06
   1.59999990       1.18154912E-06
   1.61999989       1.15309740E-06
   1.63999987       1.07847325E-06
   1.65999985       1.06507275E-06
   1.67999983       1.03296338E-06
   1.69999981       1.00338457E-06
   1.72000003       9.46332420E-07
   1.74000001       9.38653102E-07
   1.75999999       9.04234184E-07
   1.77999997       8.76976003E-07
   1.79999995       8.33663591E-07
   1.81999993       8.25087795E-07
   1.83999991       7.91049786E-07
   1.85999990       7.70618328E-07
   1.87999988       7.34664582E-07
   1.89999986       7.27979398E-07
   1.91999984       6.92767003E-07
   1.93999982       6.75045158E-07
   1.95999980       6.48365415E-07
   1.98000002       6.40130338E-07
   2.00000000       6.14962346E-07
   2.01999998       5.85820885E-07
   2.03999996       5.73594889E-07
   2.05999994       5.58076351E-07
   2.07999992       5.52144968E-07
   2.09999990       5.15764782E-07
   2.11999989       4.95876975E-07
   2.13999987       4.89318779E-07
   2.15999985       4.82671680E-07
   2.17999983       4.73389434E-07
   2.19999981       4.35449408E-07
   2.21999979       4.15353355E-07
   2.23999977       4.15772746E-07
   2.25999975       4.15273661E-07
   2.27999973       4.09109589E-07
   2.29999971       3.75641065E-07
   2.31999969       3.43085276E-07
   2.33999968       3.43555541E-07
   2.36000013       3.52547886E-07
   2.38000011       3.54442875E-07
   2.40000010       3.37685918E-07
   2.42000008       2.95593168E-07
   2.44000006       2.68551474E-07
   2.46000004       2.77640652E-07
   2.48000002       2.98513413E-07
   2.50000000       3.06004665E-07
   2.51999998       2.86734718E-07
   2.53999996       2.41317736E-07
   2.55999994       2.00647150E-07
   2.57999992       2.02985234E-07
   2.59999990       2.39972678E-07
   2.61999989       2.70756942E-07
   2.63999987       2.65538631E-07
   2.65999985       2.20987118E-07
   2.67999983       1.60250920E-07
   2.69999981       1.24655998E-07
   2.71999979       1.45224249E-07
   2.73999977       2.08620037E-07
   2.75999975       2.63390490E-07
   2.77999973       2.60177046E-07
   2.79999971       1.93428917E-07
   2.81999969       1.06561970E-07
   2.83999968       5.59805287E-08
   2.85999966       7.91753791E-08
   2.88000011       1.63603460E-07
   2.90000010       2.54740712E-07
   2.92000008       2.88099528E-07
   2.94000006       2.35084912E-07
   2.96000004       1.24976594E-07
   2.98000002       3.01496534E-08
   3.00000000       1.49788573E-08
   3.01999998       9.20071699E-08
   3.03999996       2.10332942E-07
   3.05999994       2.90064378E-07
   3.07999992       2.71149418E-07
   3.09999990       3.38013223E-07
