  -2.00000000       1.87758428E-06
  -1.98000002       2.09139159E-07
  -1.96000004       1.80784400E-06
  -1.94000006       1.12721784E-06
  -1.91999996       8.49147852E-07
  -1.89999998       1.75656510E-06
  -1.88000000       1.70831143E-07
  -1.86000001       2.45529327E-06
  -1.84000003       5.07075377E-08
  -1.82000005       2.08358392E-06
  -1.79999995       5.82784708E-07
  -1.77999997       1.41101634E-06
  -1.75999999       1.48899676E-06
  -1.74000001       5.71102134E-07
  -1.72000003       2.23738516E-06
  -1.70000005       8.77715607E-08
  -1.68000007       2.37617587E-06
  -1.65999997       2.57414939E-07
  -1.63999999       2.00882914E-06
  -1.62000000       1.09049790E-06
  -1.60000002       1.08420045E-06
  -1.58000004       1.97526015E-06
  -1.55999994       3.89051934E-07
  -1.53999996       2.47056960E-06
  -1.51999998       1.71987878E-07
  -1.50000000       2.55160421E-06
  -1.48000002       6.88004945E-07
  -1.46000004       1.75646198E-06
  -1.44000006       1.63720733E-06
  -1.42000008       9.15158807E-07
  -1.40000010       2.36032724E-06
  -1.38000000       4.08066114E-07
  -1.36000001       2.92331924E-06
  -1.34000003       4.33896247E-07
  -1.31999993       2.59337071E-06
  -1.29999995       1.28742374E-06
  -1.27999997       1.60921434E-06
  -1.25999999       2.17287561E-06
  -1.24000001       9.97180337E-07
  -1.22000003       2.86604427E-06
  -1.20000005       5.71274370E-07
  -1.18000007       3.34827882E-06
  -1.16000009       8.83767370E-07
  -1.14000010       2.70802434E-06
  -1.12000000       1.98764269E-06
  -1.10000002       1.66143150E-06
  -1.08000004       2.90272192E-06
  -1.05999994       1.19083018E-06
  -1.03999996       3.42937301E-06
  -1.01999998       1.09988775E-06
  -1.00000000       3.46081447E-06
 -0.980000019       1.07744142E-06
 -0.960000038       2.53171697E-06
 -0.940000057       2.43114641E-06
 -0.920000076       2.37578115E-06
 -0.899999976       5.53328209E-06
 -0.879999995       3.08038739E-06
 -0.860000014       4.90390221E-06
 -0.840000033       1.37304517E-06
 -0.820000052       9.52368453E-07
 -0.800000072       6.95282642E-06
 -0.779999971       1.26483383E-05
 -0.759999990       3.54656840E-05
 -0.740000010       6.44547326E-05
 -0.720000029       1.43453086E-04
 -0.700000048       3.14191799E-04
 -0.680000067       5.79928514E-04
 -0.660000086       9.25112749E-04
 -0.639999986       1.08492456E-03
 -0.620000005       1.11342559E-03
 -0.600000024       1.42040756E-03
 -0.580000043       3.73385660E-03
 -0.560000062       1.02437045E-02
 -0.540000081       2.17326414E-02
 -0.519999981       3.48710679E-02
 -0.500000000       4.11806330E-02
 -0.480000019       3.45231481E-02
 -0.460000038       2.21983921E-02
 -0.440000057       3.61568034E-02
 -0.420000076      0.119625024    
 -0.400000095      0.290514678    
 -0.379999995      0.493744403    
 -0.360000014      0.604084969    
 -0.340000033      0.509446442    
 -0.320000052      0.255354375    
 -0.300000072      0.117859952    
 -0.280000091      0.476487458    
 -0.259999990       1.49288917    
 -0.240000010       2.80776858    
 -0.220000029       3.62582421    
 -0.200000048       3.23996639    
 -0.180000067       1.76692080    
 -0.160000086      0.334826440    
 -0.139999986      0.453965694    
 -0.120000005       2.78109264    
 -0.100000024       6.29019594    
  -8.00000429E-02   8.80348682    
  -6.00000620E-02   8.41545677    
  -4.00000811E-02   5.34087133    
  -2.00001001E-02   1.55578637    
   0.00000000       1.39272884E-02
   1.99999809E-02   3.01568762E-05
   3.99999619E-02   1.15709063E-05
   5.99999428E-02   1.71220370E-06
   7.99999237E-02   1.59842375E-06
   9.99999046E-02   1.79589534E-07
  0.119999886       8.25126733E-07
  0.139999866       3.04795265E-07
  0.159999847       7.52839014E-07
  0.180000067       6.27328575E-07
  0.200000048       8.54754660E-07
  0.220000029       1.01377248E-06
  0.240000010       1.05033678E-06
  0.259999990       1.43186810E-06
  0.279999971       1.32750552E-06
  0.299999952       1.84970531E-06
  0.319999933       1.68339216E-06
  0.339999914       2.22520566E-06
  0.359999895       2.10552162E-06
  0.379999876       2.53503822E-06
  0.399999857       2.57778174E-06
  0.419999838       2.80990912E-06
  0.440000057       3.07928599E-06
  0.460000038       3.11567101E-06
  0.480000019       3.52848360E-06
  0.500000000       3.45836224E-06
  0.519999981       3.81176801E-06
  0.539999962       3.80599477E-06
  0.559999943       3.96300857E-06
  0.579999924       4.17198498E-06
  0.599999905       4.13477710E-06
  0.619999886       4.43089766E-06
  0.639999866       4.30489808E-06
  0.659999847       4.43771705E-06
  0.679999828       4.47582170E-06
  0.700000048       4.40974600E-06
  0.720000029       4.60429965E-06
  0.740000010       4.41038810E-06
  0.759999990       4.45360638E-06
  0.779999971       4.42193004E-06
  0.799999952       4.28148587E-06
  0.819999933       4.39006499E-06
  0.839999914       4.15619343E-06
  0.859999895       4.08953611E-06
  0.879999876       4.09931818E-06
  0.899999857       3.87526006E-06
  0.919999838       3.87473256E-06
  0.939999819       3.71547253E-06
  0.960000038       3.55994985E-06
  0.980000019       3.59038677E-06
   1.00000000       3.35181448E-06
   1.01999998       3.24252596E-06
   1.03999996       3.25434189E-06
   1.05999994       3.01711430E-06
   1.07999992       2.93947505E-06
   1.09999990       2.91612196E-06
   1.11999989       2.70735245E-06
   1.13999987       2.65342373E-06
   1.15999985       2.60687443E-06
   1.17999983       2.42612350E-06
   1.19999981       2.38443636E-06
   1.22000003       2.33608762E-06
   1.24000001       2.17278739E-06
   1.25999999       2.13375165E-06
   1.27999997       2.10494045E-06
   1.29999995       1.94709560E-06
   1.31999993       1.90353694E-06
   1.33999991       1.90286505E-06
   1.35999990       1.74952754E-06
   1.37999988       1.70198746E-06
   1.39999986       1.71354941E-06
   1.41999984       1.58423870E-06
   1.43999982       1.52472694E-06
   1.46000004       1.52681912E-06
   1.48000002       1.45984825E-06
   1.50000000       1.36672088E-06
   1.51999998       1.34826257E-06
   1.53999996       1.34858271E-06
   1.55999994       1.23573534E-06
   1.57999992       1.20189497E-06
   1.59999990       1.20632274E-06
   1.61999989       1.15527166E-06
   1.63999987       1.07604853E-06
   1.65999985       1.06081382E-06
   1.67999983       1.06970924E-06
   1.69999981       9.92044306E-07
   1.72000003       9.45899842E-07
   1.74000001       9.37976438E-07
   1.75999999       9.40451628E-07
   1.77999997       8.63258947E-07
   1.79999995       8.31414980E-07
   1.81999993       8.25086090E-07
   1.83999991       8.27020131E-07
   1.85999990       7.60236844E-07
   1.87999988       7.28692271E-07
   1.89999986       7.24177653E-07
   1.91999984       7.26710311E-07
   1.93999982       6.78284323E-07
   1.95999980       6.35981394E-07
   1.98000002       6.33069533E-07
   2.00000000       6.32867966E-07
   2.01999998       6.12998292E-07
   2.03999996       5.60150966E-07
   2.05999994       5.49632603E-07
   2.07999992       5.48047183E-07
   2.09999990       5.44755949E-07
   2.11999989       5.11332360E-07
   2.13999987       4.74400110E-07
   2.15999985       4.74078774E-07
   2.17999983       4.71367173E-07
   2.19999981       4.63161257E-07
   2.21999979       4.32563553E-07
   2.23999977       4.01767949E-07
   2.25999975       4.04968290E-07
   2.27999973       4.04189308E-07
   2.29999971       3.92630085E-07
   2.31999969       3.70305656E-07
   2.33999968       3.40276756E-07
   2.36000013       3.37663153E-07
   2.38000011       3.47407223E-07
   2.40000010       3.38222975E-07
   2.42000008       3.15732478E-07
   2.44000006       2.89847463E-07
   2.46000004       2.72070281E-07
   2.48000002       2.82650802E-07
   2.50000000       3.00772655E-07
   2.51999998       2.89380694E-07
   2.53999996       2.53672710E-07
   2.55999994       2.18672540E-07
   2.57999992       2.05991128E-07
   2.59999990       2.24713574E-07
   2.61999989       2.60426248E-07
   2.63999987       2.72335939E-07
   2.65999985       2.34126333E-07
   2.67999983       1.69902648E-07
   2.69999981       1.28001190E-07
   2.71999979       1.39633968E-07
   2.73999977       1.96535012E-07
   2.75999975       2.58765226E-07
   2.77999973       2.74640996E-07
   2.79999971       2.20140990E-07
   2.81999969       1.24793857E-07
   2.83999968       5.32334461E-08
   2.85999966       6.27577634E-08
   2.88000011       1.52099489E-07
   2.90000010       2.62284885E-07
   2.92000008       3.15617115E-07
   2.94000006       2.71418003E-07
   2.96000004       1.55350165E-07
   2.98000002       4.35775327E-08
   3.00000000       9.95702987E-09
   3.01999998       7.50685487E-08
   3.03999996       1.90947247E-07
   3.05999994       2.75051718E-07
   3.07999992       2.60947445E-07
   3.09999990       3.25199920E-07
