  -2.00000000       2.26483212E-06
  -1.98000002       2.02768561E-07
  -1.96000004       1.76659341E-06
  -1.94000006       9.67850610E-07
  -1.91999996       1.08222662E-06
  -1.89999998       1.67103190E-06
  -1.88000000       2.92691709E-07
  -1.86000001       2.32785169E-06
  -1.84000003       1.93655865E-08
  -1.82000005       2.31890635E-06
  -1.79999995       2.93436045E-07
  -1.77999997       1.77957861E-06
  -1.75999999       1.10842257E-06
  -1.74000001       9.91722459E-07
  -1.72000003       1.82229633E-06
  -1.70000005       3.15416628E-07
  -1.68000007       2.48182187E-06
  -1.65999997       8.31388860E-08
  -1.63999999       2.35135326E-06
  -1.62000000       4.71995605E-07
  -1.60000002       1.83871907E-06
  -1.58000004       1.24542078E-06
  -1.55999994       1.03532307E-06
  -1.53999996       2.14457737E-06
  -1.51999998       3.56229606E-07
  -1.50000000       2.56315639E-06
  -1.48000002       2.28090485E-07
  -1.46000004       2.58867385E-06
  -1.44000006       6.48444029E-07
  -1.42000008       1.98752491E-06
  -1.40000010       1.55738553E-06
  -1.38000000       1.11882196E-06
  -1.36000001       2.35011225E-06
  -1.34000003       5.78005881E-07
  -1.31999993       2.92511436E-06
  -1.29999995       3.97655867E-07
  -1.27999997       2.92181380E-06
  -1.25999999       9.52436835E-07
  -1.24000001       2.22233120E-06
  -1.22000003       1.82883821E-06
  -1.20000005       1.46375965E-06
  -1.18000007       2.70526471E-06
  -1.16000009       8.78916694E-07
  -1.14000010       3.34386232E-06
  -1.12000000       7.04069578E-07
  -1.10000002       3.34952551E-06
  -1.08000004       1.26986299E-06
  -1.05999994       2.76377341E-06
  -1.03999996       2.26405996E-06
  -1.01999998       2.01874104E-06
  -1.00000000       2.85549754E-06
 -0.980000019       1.10040719E-06
 -0.960000038       3.14176918E-06
 -0.940000057       1.09286782E-06
 -0.920000076       4.59907005E-06
 -0.899999976       2.65761673E-06
 -0.879999995       5.56495661E-06
 -0.860000014       1.82791655E-06
 -0.840000033       2.41717680E-06
 -0.820000052       1.06798996E-06
 -0.800000072       4.96446819E-06
 -0.779999971       1.67339549E-05
 -0.759999990       2.67470605E-05
 -0.740000010       6.97036521E-05
 -0.720000029       1.35651149E-04
 -0.700000048       3.25813278E-04
 -0.680000067       5.83489367E-04
 -0.660000086       8.95001809E-04
 -0.639999986       1.00946880E-03
 -0.620000005       9.24329041E-04
 -0.600000024       1.29664433E-03
 -0.580000043       3.72262090E-03
 -0.560000062       1.06268330E-02
 -0.540000081       2.21424848E-02
 -0.519999981       3.47307734E-02
 -0.500000000       3.94077599E-02
 -0.480000019       3.08847427E-02
 -0.460000038       1.82608813E-02
 -0.440000057       3.47415991E-02
 -0.420000076      0.123701386    
 -0.400000095      0.297670096    
 -0.379999995      0.497566253    
 -0.360000014      0.594130993    
 -0.340000033      0.483828872    
 -0.320000052      0.223722443    
 -0.300000072      0.101186119    
 -0.280000091      0.491108835    
 -0.259999990       1.53217077    
 -0.240000010       2.84369707    
 -0.220000029       3.62181592    
 -0.200000048       3.18815756    
 -0.180000067       1.69333005    
 -0.160000086      0.289167553    
 -0.139999986      0.467243195    
 -0.120000005       2.84261441    
 -0.100000024       6.35910320    
  -8.00000429E-02   8.84077835    
  -6.00000620E-02   8.41752815    
  -4.00000811E-02   5.32813644    
  -2.00001001E-02   1.55008960    
   0.00000000       1.38547122E-02
   1.99999809E-02   3.24208449E-05
   3.99999619E-02   9.55341784E-06
   5.99999428E-02   2.99538942E-06
   7.99999237E-02   7.24303732E-07
   9.99999046E-02   8.04923161E-07
  0.119999886       3.99591329E-07
  0.139999866       5.79855680E-07
  0.159999847       6.09653398E-07
  0.180000067       6.49151673E-07
  0.200000048       9.28439363E-07
  0.220000029       8.23512664E-07
  0.240000010       1.29055968E-06
  0.259999990       1.06973005E-06
  0.279999971       1.66554616E-06
  0.299999952       1.39467329E-06
  0.319999933       2.02921797E-06
  0.339999914       1.81339919E-06
  0.359999895       2.35899529E-06
  0.379999876       2.31408990E-06
  0.399999857       2.63216270E-06
  0.419999838       2.83126155E-06
  0.440000057       2.85961460E-06
  0.460000038       3.29455111E-06
  0.480000019       3.13478358E-06
  0.500000000       3.66661538E-06
  0.519999981       3.53596624E-06
  0.539999962       3.89321440E-06
  0.559999943       3.96337327E-06
  0.579999924       3.96154564E-06
  0.599999905       4.28475369E-06
  0.619999886       4.07838252E-06
  0.639999866       4.46605918E-06
  0.659999847       4.33936157E-06
  0.679999828       4.40831855E-06
  0.700000048       4.52480299E-06
  0.720000029       4.29245210E-06
  0.740000010       4.57498390E-06
  0.759999990       4.37589688E-06
  0.779999971       4.36973778E-06
  0.799999952       4.40535905E-06
  0.819999933       4.13375346E-06
  0.839999914       4.31267563E-06
  0.859999895       4.11434212E-06
  0.879999876       3.95398456E-06
  0.899999857       4.02816477E-06
  0.919999838       3.76065782E-06
  0.939999819       3.76690059E-06
  0.960000038       3.66866516E-06
  0.980000019       3.41241093E-06
   1.00000000       3.49424568E-06
   1.01999998       3.30849821E-06
   1.03999996       3.10408404E-06
   1.05999994       3.17122931E-06
   1.07999992       2.96289068E-06
   1.09999990       2.82237897E-06
   1.11999989       2.84652947E-06
   1.13999987       2.65148992E-06
   1.15999985       2.55194482E-06
   1.17999983       2.54942279E-06
   1.19999981       2.37739073E-06
   1.22000003       2.29262400E-06
   1.24000001       2.28701174E-06
   1.25999999       2.13574094E-06
   1.27999997       2.04987828E-06
   1.29999995       2.05839547E-06
   1.31999993       1.92535867E-06
   1.33999991       1.82878625E-06
   1.35999990       1.85288673E-06
   1.37999988       1.74282582E-06
   1.39999986       1.63796506E-06
   1.41999984       1.66234292E-06
   1.43999982       1.57755562E-06
   1.46000004       1.48491085E-06
   1.48000002       1.47346736E-06
   1.50000000       1.43857551E-06
   1.51999998       1.35808932E-06
   1.53999996       1.29815874E-06
   1.55999994       1.31187949E-06
   1.57999992       1.23792438E-06
   1.59999990       1.17301181E-06
   1.61999989       1.16413889E-06
   1.63999987       1.13716249E-06
   1.65999985       1.07831806E-06
   1.67999983       1.02792433E-06
   1.69999981       1.03420871E-06
   1.72000003       9.86313580E-07
   1.74000001       9.44421799E-07
   1.75999999       9.07777007E-07
   1.77999997       9.10354970E-07
   1.79999995       8.62224852E-07
   1.81999993       8.30339900E-07
   1.83999991       8.00243527E-07
   1.85999990       8.00377734E-07
   1.87999988       7.56632119E-07
   1.89999986       7.32703370E-07
   1.91999984       7.06423009E-07
   1.93999982       7.02331704E-07
   1.95999980       6.67496465E-07
   1.98000002       6.43102680E-07
   2.00000000       6.26673796E-07
   2.01999998       6.13183715E-07
   2.03999996       5.95068627E-07
   2.05999994       5.59717876E-07
   2.07999992       5.55144254E-07
   2.09999990       5.39736220E-07
   2.11999989       5.26898305E-07
   2.13999987       4.97863141E-07
   2.15999985       4.75332996E-07
   2.17999983       4.79511641E-07
   2.19999981       4.66714340E-07
   2.21999979       4.49389546E-07
   2.23999977       4.18398656E-07
   2.25999975       3.99804179E-07
   2.27999973       4.11152115E-07
   2.29999971       4.07187798E-07
   2.31999969       3.85934669E-07
   2.33999968       3.55366979E-07
   2.36000013       3.29707916E-07
   2.38000011       3.38667633E-07
   2.40000010       3.57383584E-07
   2.42000008       3.44971482E-07
   2.44000006       3.10700017E-07
   2.46000004       2.73256688E-07
   2.48000002       2.57984624E-07
   2.50000000       2.84128760E-07
   2.51999998       3.15356232E-07
   2.53999996       3.04864074E-07
   2.55999994       2.54566004E-07
   2.57999992       2.03452927E-07
   2.59999990       1.86591450E-07
   2.61999989       2.19353439E-07
   2.63999987       2.76308668E-07
   2.65999985       2.96270514E-07
   2.67999983       2.47374231E-07
   2.69999981       1.63185931E-07
   2.71999979       1.10659442E-07
   2.73999977       1.31449639E-07
   2.75999975       2.10072699E-07
   2.77999973       2.85370731E-07
   2.79999971       2.91603214E-07
   2.81999969       2.12656303E-07
   2.83999968       9.91623423E-08
   2.85999966       4.07710914E-08
   2.88000011       8.83413378E-08
   2.90000010       2.10974207E-07
   2.92000008       3.16219428E-07
   2.94000006       3.20588583E-07
   2.96000004       2.17043706E-07
   2.98000002       7.88407135E-08
   3.00000000       7.50755547E-09
   3.01999998       5.41715082E-08
   3.03999996       1.79475578E-07
   3.05999994       2.82582477E-07
   3.07999992       2.77570365E-07
   3.09999990       1.59485808E-07
