  -2.00000000       2.28150975E-06
  -1.98000002       1.23429430E-07
  -1.96000004       1.94481618E-06
  -1.94000006       7.32713659E-07
  -1.91999996       1.36607377E-06
  -1.89999998       1.42179283E-06
  -1.88000000       6.66242784E-07
  -1.86000001       2.03116383E-06
  -1.84000003       1.33378848E-07
  -1.82000005       2.44436569E-06
  -1.79999995       3.09990966E-08
  -1.77999997       2.32526577E-06
  -1.75999999       4.12344633E-07
  -1.74000001       1.80843927E-06
  -1.72000003       9.81117523E-07
  -1.70000005       1.20719153E-06
  -1.68000007       1.79957237E-06
  -1.65999997       4.74040860E-07
  -1.63999999       2.39178553E-06
  -1.62000000       1.58275796E-07
  -1.60000002       2.50828384E-06
  -1.58000004       1.97450063E-07
  -1.55999994       2.43914383E-06
  -1.53999996       7.24955896E-07
  -1.51999998       1.72422415E-06
  -1.50000000       1.47515436E-06
  -1.48000002       1.07754579E-06
  -1.46000004       2.12655777E-06
  -1.44000006       5.41007523E-07
  -1.42000008       2.84929388E-06
  -1.40000010       2.56980968E-07
  -1.38000000       2.80433687E-06
  -1.36000001       5.92229298E-07
  -1.34000003       2.42254782E-06
  -1.31999993       1.07009384E-06
  -1.29999995       1.99606848E-06
  -1.27999997       1.99895203E-06
  -1.25999999       1.17775164E-06
  -1.24000001       2.89318382E-06
  -1.22000003       6.55970553E-07
  -1.20000005       3.10805558E-06
  -1.18000007       7.03247508E-07
  -1.16000009       3.15246461E-06
  -1.14000010       8.97962877E-07
  -1.12000000       3.02962121E-06
  -1.10000002       1.65368465E-06
  -1.08000004       2.27366286E-06
  -1.05999994       2.82574365E-06
  -1.03999996       1.48964943E-06
  -1.01999998       3.32491300E-06
  -1.00000000       1.03653929E-06
 -0.980000019       3.05831099E-06
 -0.960000038       9.64620995E-07
 -0.940000057       3.72813452E-06
 -0.920000076       2.00427530E-06
 -0.899999976       5.17223316E-06
 -0.879999995       2.15113755E-06
 -0.860000014       3.37819324E-06
 -0.840000033       1.26627242E-07
 -0.820000052       1.83137934E-06
 -0.800000072       6.64366144E-06
 -0.779999971       1.10143856E-05
 -0.759999990       3.06809816E-05
 -0.740000010       5.44631257E-05
 -0.720000029       1.55549133E-04
 -0.700000048       3.27132875E-04
 -0.680000067       6.08601025E-04
 -0.660000086       8.38555454E-04
 -0.639999986       8.31475481E-04
 -0.620000005       6.56813616E-04
 -0.600000024       1.05608569E-03
 -0.580000043       3.99943208E-03
 -0.560000062       1.14045832E-02
 -0.540000081       2.31817290E-02
 -0.519999981       3.43045369E-02
 -0.500000000       3.60862501E-02
 -0.480000019       2.43965369E-02
 -0.460000038       1.18818721E-02
 -0.440000057       3.45997661E-02
 -0.420000076      0.133237347    
 -0.400000095      0.313431263    
 -0.379999995      0.503898561    
 -0.360000014      0.575658202    
 -0.340000033      0.436283559    
 -0.320000052      0.169927999    
 -0.300000072       7.93470740E-02
 -0.280000091      0.527311802    
 -0.259999990       1.61238587    
 -0.240000010       2.90813351    
 -0.220000029       3.61108398    
 -0.200000048       3.08700848    
 -0.180000067       1.56064343    
 -0.160000086      0.213048533    
 -0.139999986      0.500480175    
 -0.120000005       2.95957875    
 -0.100000024       6.47749805    
  -8.00000429E-02   8.89604187    
  -6.00000620E-02   8.40516567    
  -4.00000811E-02   5.29556751    
  -2.00001001E-02   1.53651428    
   0.00000000       1.37321586E-02
   1.99999809E-02   2.99767507E-05
   3.99999619E-02   1.11530053E-05
   5.99999428E-02   1.73981232E-06
   7.99999237E-02   1.55290138E-06
   9.99999046E-02   9.81570309E-08
  0.119999886       8.95671178E-07
  0.139999866       1.27850882E-07
  0.159999847       8.94706318E-07
  0.180000067       3.69517295E-07
  0.200000048       1.04160824E-06
  0.220000029       6.96197901E-07
  0.240000010       1.24950793E-06
  0.259999990       1.08637005E-06
  0.279999971       1.49737684E-06
  0.299999952       1.51664847E-06
  0.319999933       1.77482286E-06
  0.339999914       1.95283724E-06
  0.359999895       2.07452467E-06
  0.379999876       2.36292931E-06
  0.399999857       2.40694521E-06
  0.419999838       2.74680201E-06
  0.440000057       2.79178175E-06
  0.460000038       3.11204121E-06
  0.480000019       3.20242043E-06
  0.500000000       3.42417457E-06
  0.519999981       3.55130396E-06
  0.539999962       3.66439758E-06
  0.559999943       3.83319002E-06
  0.579999924       3.91233834E-06
  0.599999905       4.09626500E-06
  0.619999886       4.15372187E-06
  0.639999866       4.24788732E-06
  0.659999847       4.27471559E-06
  0.679999828       4.30879163E-06
  0.700000048       4.37560402E-06
  0.720000029       4.39058340E-06
  0.740000010       4.40557278E-06
  0.759999990       4.34785943E-06
  0.779999971       4.31714307E-06
  0.799999952       4.30070759E-06
  0.819999933       4.26022507E-06
  0.839999914       4.18396803E-06
  0.859999895       4.08313417E-06
  0.879999876       4.01998932E-06
  0.899999857       3.95168854E-06
  0.919999838       3.85148314E-06
  0.939999819       3.72797672E-06
  0.960000038       3.63268100E-06
  0.980000019       3.56368037E-06
   1.00000000       3.42960720E-06
   1.01999998       3.31138585E-06
   1.03999996       3.23491236E-06
   1.05999994       3.12310294E-06
   1.07999992       3.01107866E-06
   1.09999990       2.90835237E-06
   1.11999989       2.81928624E-06
   1.13999987       2.72642933E-06
   1.15999985       2.60806132E-06
   1.17999983       2.53639359E-06
   1.19999981       2.45923798E-06
   1.22000003       2.33938181E-06
   1.24000001       2.27992496E-06
   1.25999999       2.21264690E-06
   1.27999997       2.10170492E-06
   1.29999995       2.04922503E-06
   1.31999993       1.98850444E-06
   1.33999991       1.89869377E-06
   1.35999990       1.83645056E-06
   1.37999988       1.78799030E-06
   1.39999986       1.72431771E-06
   1.41999984       1.64320352E-06
   1.43999982       1.61046273E-06
   1.46000004       1.57150453E-06
   1.48000002       1.46829552E-06
   1.50000000       1.45406887E-06
   1.51999998       1.42621411E-06
   1.53999996       1.33508979E-06
   1.55999994       1.30220474E-06
   1.57999992       1.28252327E-06
   1.59999990       1.24016867E-06
   1.61999989       1.15589660E-06
   1.63999987       1.15482317E-06
   1.65999985       1.13718329E-06
   1.67999983       1.06341406E-06
   1.69999981       1.02239210E-06
   1.72000003       1.02264346E-06
   1.74000001       1.00173440E-06
   1.75999999       9.20350203E-07
   1.77999997       9.04595822E-07
   1.79999995       9.05988486E-07
   1.81999993       8.82793131E-07
   1.83999991       8.03586204E-07
   1.85999990       7.96521590E-07
   1.87999988       8.01346346E-07
   1.89999986       7.81864287E-07
   1.91999984       7.08432424E-07
   1.93999982       6.95042786E-07
   1.95999980       7.07528216E-07
   1.98000002       6.96309712E-07
   2.00000000       6.35052402E-07
   2.01999998       5.97923076E-07
   2.03999996       6.18693548E-07
   2.05999994       6.18195372E-07
   2.07999992       5.82602240E-07
   2.09999990       5.21864536E-07
   2.11999989       5.23936706E-07
   2.13999987       5.43382725E-07
   2.15999985       5.32226522E-07
   2.17999983       4.84900852E-07
   2.19999981       4.39133174E-07
   2.21999979       4.55518688E-07
   2.23999977       4.72928775E-07
   2.25999975       4.57320880E-07
   2.27999973       4.11101581E-07
   2.29999971       3.69175780E-07
   2.31999969       3.84636337E-07
   2.33999968       4.09860633E-07
   2.36000013       3.97840267E-07
   2.38000011       3.56714850E-07
   2.40000010       3.11004982E-07
   2.42000008       3.10904710E-07
   2.44000006       3.48449021E-07
   2.46000004       3.56289462E-07
   2.48000002       3.17123380E-07
   2.50000000       2.65250577E-07
   2.51999998       2.42397732E-07
   2.53999996       2.71713958E-07
   2.55999994       3.18710875E-07
   2.57999992       3.13068256E-07
   2.59999990       2.46939550E-07
   2.61999989       1.83316132E-07
   2.63999987       1.80183051E-07
   2.65999985       2.40028044E-07
   2.67999983       3.05706635E-07
   2.69999981       3.03375089E-07
   2.71999979       2.13142897E-07
   2.73999977       1.11526390E-07
   2.75999975       9.79989565E-08
   2.77999973       1.94264061E-07
   2.79999971       3.17600438E-07
   2.81999969       3.52276572E-07
   2.83999968       2.58401087E-07
   2.85999966       1.06326915E-07
   2.88000011       2.50374299E-08
   2.90000010       9.06828888E-08
   2.92000008       2.54533234E-07
   2.94000006       3.79398898E-07
   2.96000004       3.54614940E-07
   2.98000002       1.97989380E-07
   3.00000000       4.14825365E-08
   3.01999998       1.57657887E-08
   3.03999996       1.34403905E-07
   3.05999994       2.80936661E-07
   3.07999992       3.13760296E-07
   3.09999990       2.86781273E-07
