  -2.00000000       2.08264964E-06
  -1.98000002       9.51541708E-08
  -1.96000004       2.03235140E-06
  -1.94000006       7.06557103E-07
  -1.91999996       1.38908990E-06
  -1.89999998       1.37166705E-06
  -1.88000000       7.39353482E-07
  -1.86000001       1.96887117E-06
  -1.84000003       1.72243134E-07
  -1.82000005       2.44513512E-06
  -1.79999995       2.63838480E-08
  -1.77999997       2.35738230E-06
  -1.75999999       3.13207835E-07
  -1.74000001       1.95134589E-06
  -1.72000003       8.68887298E-07
  -1.70000005       1.34732386E-06
  -1.68000007       1.62077617E-06
  -1.65999997       6.29013186E-07
  -1.63999999       2.29470106E-06
  -1.62000000       2.12559286E-07
  -1.60000002       2.52793325E-06
  -1.58000004       1.52220025E-07
  -1.55999994       2.53085295E-06
  -1.53999996       5.18404818E-07
  -1.51999998       1.99923102E-06
  -1.50000000       1.22639824E-06
  -1.48000002       1.32773243E-06
  -1.46000004       1.90702849E-06
  -1.44000006       7.54847235E-07
  -1.42000008       2.65445169E-06
  -1.40000010       3.15352310E-07
  -1.38000000       2.90079583E-06
  -1.36000001       4.27274585E-07
  -1.34000003       2.66417783E-06
  -1.31999993       8.12731173E-07
  -1.29999995       2.32110938E-06
  -1.27999997       1.57138766E-06
  -1.25999999       1.60976924E-06
  -1.24000001       2.51912502E-06
  -1.22000003       9.04588831E-07
  -1.20000005       3.02670469E-06
  -1.18000007       7.17410899E-07
  -1.16000009       3.23592621E-06
  -1.14000010       7.33437901E-07
  -1.12000000       3.31698607E-06
  -1.10000002       1.19373919E-06
  -1.08000004       2.83688769E-06
  -1.05999994       2.20439006E-06
  -1.03999996       2.04167054E-06
  -1.01999998       2.89399031E-06
  -1.00000000       1.31123409E-06
 -0.980000019       2.94629581E-06
 -0.960000038       9.82521556E-07
 -0.940000057       3.90070454E-06
 -0.920000076       1.74940237E-06
 -0.899999976       5.44148861E-06
 -0.879999995       1.72648356E-06
 -0.860000014       3.34432821E-06
 -0.840000033       2.70981502E-07
 -0.820000052       1.25046950E-06
 -0.800000072       7.48274942E-06
 -0.779999971       1.00393472E-05
 -0.759999990       2.98653813E-05
 -0.740000010       5.60642002E-05
 -0.720000029       1.52694163E-04
 -0.700000048       3.37760808E-04
 -0.680000067       6.01272564E-04
 -0.660000086       8.40249762E-04
 -0.639999986       7.94581487E-04
 -0.620000005       6.17049402E-04
 -0.600000024       1.04158418E-03
 -0.580000043       4.03751107E-03
 -0.560000062       1.15992390E-02
 -0.540000081       2.33024508E-02
 -0.519999981       3.42950411E-02
 -0.500000000       3.54824141E-02
 -0.480000019       2.34309640E-02
 -0.460000038       1.10071581E-02
 -0.440000057       3.47826965E-02
 -0.420000076      0.135186389    
 -0.400000095      0.315968424    
 -0.379999995      0.505116582    
 -0.360000014      0.572380543    
 -0.340000033      0.428942263    
 -0.320000052      0.161813676    
 -0.300000072       7.69200251E-02
 -0.280000091      0.534408152    
 -0.259999990       1.62566471    
 -0.240000010       2.91862011    
 -0.220000029       3.60844088    
 -0.200000048       3.07067490    
 -0.180000067       1.53961408    
 -0.160000086      0.202011153    
 -0.139999986      0.506903946    
 -0.120000005       2.97836137    
 -0.100000024       6.49561548    
  -8.00000429E-02   8.90290165    
  -6.00000620E-02   8.40153980    
  -4.00000811E-02   5.28914118    
  -2.00001001E-02   1.53406096    
   0.00000000       1.37001090E-02
   1.99999809E-02   3.11111035E-05
   3.99999619E-02   1.01769574E-05
   5.99999428E-02   2.40662121E-06
   7.99999237E-02   1.09497910E-06
   9.99999046E-02   4.61466470E-07
  0.119999886       6.31611329E-07
  0.139999866       3.39222311E-07
  0.159999847       7.47891420E-07
  0.180000067       4.74049529E-07
  0.200000048       9.84359758E-07
  0.220000029       7.05658181E-07
  0.240000010       1.26679242E-06
  0.259999990       1.00742523E-06
  0.279999971       1.57569195E-06
  0.299999952       1.37286963E-06
  0.319999933       1.89930972E-06
  0.339999914       1.79570986E-06
  0.359999895       2.21603796E-06
  0.379999876       2.24920086E-06
  0.399999857       2.50104313E-06
  0.419999838       2.69840166E-06
  0.440000057       2.76378137E-06
  0.460000038       3.12764382E-06
  0.480000019       3.07062260E-06
  0.500000000       3.51416384E-06
  0.519999981       3.43483816E-06
  0.539999962       3.77077777E-06
  0.559999943       3.78516643E-06
  0.579999924       3.88525541E-06
  0.599999905       4.10432540E-06
  0.619999886       4.02431760E-06
  0.639999866       4.34784897E-06
  0.659999847       4.20897459E-06
  0.679999828       4.35291440E-06
  0.700000048       4.36002892E-06
  0.720000029       4.28144358E-06
  0.740000010       4.48796982E-06
  0.759999990       4.29101055E-06
  0.779999971       4.36446862E-06
  0.799999952       4.28894282E-06
  0.819999933       4.16460625E-06
  0.839999914       4.27894656E-06
  0.859999895       4.05268156E-06
  0.879999876       4.01228135E-06
  0.899999857       3.97160193E-06
  0.919999838       3.78951336E-06
  0.939999819       3.81153154E-06
  0.960000038       3.62007677E-06
  0.980000019       3.49633819E-06
   1.00000000       3.51468589E-06
   1.01999998       3.29558679E-06
   1.03999996       3.20493996E-06
   1.05999994       3.17224635E-06
   1.07999992       2.99129147E-06
   1.09999990       2.91803144E-06
   1.11999989       2.84130010E-06
   1.13999987       2.70263035E-06
   1.15999985       2.63901029E-06
   1.17999983       2.54624410E-06
   1.19999981       2.43535305E-06
   1.22000003       2.37408995E-06
   1.24000001       2.28727822E-06
   1.25999999       2.19364392E-06
   1.27999997       2.12798955E-06
   1.29999995       2.06081177E-06
   1.31999993       1.97669237E-06
   1.33999991       1.90665185E-06
   1.35999990       1.86103023E-06
   1.37999988       1.78240589E-06
   1.39999986       1.71017871E-06
   1.41999984       1.68416818E-06
   1.43999982       1.60572290E-06
   1.46000004       1.54682448E-06
   1.48000002       1.51306995E-06
   1.50000000       1.44899207E-06
   1.51999998       1.41360510E-06
   1.53999996       1.35123139E-06
   1.55999994       1.31694514E-06
   1.57999992       1.28105694E-06
   1.59999990       1.22334427E-06
   1.61999989       1.19228832E-06
   1.63999987       1.14955083E-06
   1.65999985       1.13171302E-06
   1.67999983       1.06663731E-06
   1.69999981       1.04383525E-06
   1.72000003       1.02028173E-06
   1.74000001       9.90875719E-07
   1.75999999       9.36276990E-07
   1.77999997       9.14131249E-07
   1.79999995       9.06915943E-07
   1.81999993       8.72106170E-07
   1.83999991       8.20263949E-07
   1.85999990       8.02697343E-07
   1.87999988       8.03299145E-07
   1.89999986       7.74533589E-07
   1.91999984       7.18368938E-07
   1.93999982       7.04052979E-07
   1.95999980       7.07402364E-07
   1.98000002       6.96670156E-07
   2.00000000       6.34325431E-07
   2.01999998       6.12074416E-07
   2.03999996       6.14501005E-07
   2.05999994       6.26397139E-07
   2.07999992       5.77083483E-07
   2.09999990       5.31269166E-07
   2.11999989       5.25737050E-07
   2.13999987       5.44442344E-07
   2.15999985       5.40871838E-07
   2.17999983       4.80958590E-07
   2.19999981       4.46450230E-07
   2.21999979       4.52606884E-07
   2.23999977       4.76879222E-07
   2.25999975       4.69877534E-07
   2.27999973       4.08382164E-07
   2.29999971       3.70875256E-07
   2.31999969       3.81079730E-07
   2.33999968       4.10297815E-07
   2.36000013       4.16392766E-07
   2.38000011       3.62930848E-07
   2.40000010       3.05149115E-07
   2.42000008       3.05498389E-07
   2.44000006       3.42316724E-07
   2.46000004       3.68843985E-07
   2.48000002       3.43020133E-07
   2.50000000       2.70250354E-07
   2.51999998       2.28503339E-07
   2.53999996       2.58402764E-07
   2.55999994       3.14673116E-07
   2.57999992       3.30497329E-07
   2.59999990       2.79513529E-07
   2.61999989       1.96512914E-07
   2.63999987       1.60215350E-07
   2.65999985       2.14004530E-07
   2.67999983       3.01015092E-07
   2.69999981       3.22861212E-07
   2.71999979       2.44907824E-07
   2.73999977       1.33753915E-07
   2.75999975       8.98416417E-08
   2.77999973       1.59742896E-07
   2.79999971       2.88917079E-07
   2.81999969       3.55562236E-07
   2.83999968       2.87021891E-07
   2.85999966       1.31584059E-07
   2.88000011       2.85558563E-08
   2.90000010       7.84901744E-08
   2.92000008       2.44853055E-07
   2.94000006       3.83852580E-07
   2.96000004       3.70455894E-07
   2.98000002       2.13765105E-07
   3.00000000       4.76267203E-08
   3.01999998       1.22133041E-08
   3.03999996       1.29920906E-07
   3.05999994       2.86069167E-07
   3.07999992       3.28741010E-07
   3.09999990       4.46591713E-07
