  -2.00000000       2.43849945E-06
  -1.98000002       9.94137963E-08
  -1.96000004       2.23535221E-06
  -1.94000006       3.71972476E-07
  -1.91999996       1.75759305E-06
  -1.89999998       1.02838032E-06
  -1.88000000       1.23990139E-06
  -1.86000001       1.43682905E-06
  -1.84000003       7.20464755E-07
  -1.82000005       2.10690155E-06
  -1.79999995       2.29886751E-07
  -1.77999997       2.38558823E-06
  -1.75999999       7.92058756E-08
  -1.74000001       2.50480502E-06
  -1.72000003       1.16030158E-07
  -1.70000005       2.41021417E-06
  -1.68000007       4.54223709E-07
  -1.65999997       1.92948369E-06
  -1.63999999       9.08895686E-07
  -1.62000000       1.54797658E-06
  -1.60000002       1.61988260E-06
  -1.58000004       8.73812610E-07
  -1.55999994       2.12445775E-06
  -1.53999996       4.94158996E-07
  -1.51999998       2.52066184E-06
  -1.50000000       2.31888350E-07
  -1.48000002       2.91655851E-06
  -1.46000004       2.59289465E-07
  -1.44000006       2.61933133E-06
  -1.42000008       5.84205907E-07
  -1.40000010       2.38740404E-06
  -1.38000000       9.76575166E-07
  -1.36000001       2.06525442E-06
  -1.34000003       1.82451743E-06
  -1.31999993       1.28489296E-06
  -1.29999995       2.39982637E-06
  -1.27999997       9.35691901E-07
  -1.25999999       2.73868841E-06
  -1.24000001       6.82673942E-07
  -1.22000003       3.34635251E-06
  -1.20000005       4.95484130E-07
  -1.18000007       3.48988260E-06
  -1.16000009       8.48521893E-07
  -1.14000010       2.92735081E-06
  -1.12000000       1.35912092E-06
  -1.10000002       2.69798488E-06
  -1.08000004       1.77163474E-06
  -1.05999994       2.49259892E-06
  -1.03999996       2.52322548E-06
  -1.01999998       1.70574174E-06
  -1.00000000       3.13254418E-06
 -0.980000019       9.07462379E-07
 -0.960000038       3.60785771E-06
 -0.940000057       1.32932132E-06
 -0.920000076       4.53486882E-06
 -0.899999976       1.82575377E-06
 -0.879999995       3.44804516E-06
 -0.860000014       5.24053860E-07
 -0.840000033       3.36682035E-07
 -0.820000052       3.32335321E-06
 -0.800000072       3.45262674E-06
 -0.779999971       1.21340399E-05
 -0.759999990       2.18281057E-05
 -0.740000010       5.78352992E-05
 -0.720000029       1.77653055E-04
 -0.700000048       3.57295765E-04
 -0.680000067       6.43274689E-04
 -0.660000086       7.34132074E-04
 -0.639999986       5.99000079E-04
 -0.620000005       3.04014771E-04
 -0.600000024       1.00225059E-03
 -0.580000043       4.75669326E-03
 -0.560000062       1.30137932E-02
 -0.540000081       2.48491224E-02
 -0.519999981       3.35426703E-02
 -0.500000000       3.12003139E-02
 -0.480000019       1.58942789E-02
 -0.460000038       5.75219467E-03
 -0.440000057       3.92289944E-02
 -0.420000076      0.152501300    
 -0.400000095      0.338821650    
 -0.379999995      0.512768745    
 -0.360000014      0.547172010    
 -0.340000033      0.371101379    
 -0.320000052      0.104884781    
 -0.300000072       6.84805736E-02
 -0.280000091      0.600338280    
 -0.259999990       1.73732877    
 -0.240000010       2.99732924    
 -0.220000029       3.58343983    
 -0.200000048       2.93699002    
 -0.180000067       1.37945700    
 -0.160000086      0.125321254    
 -0.139999986      0.567043424    
 -0.120000005       3.12810159    
 -0.100000024       6.62724829    
  -8.00000429E-02   8.94062710    
  -6.00000620E-02   8.35554600    
  -4.00000811E-02   5.22872543    
  -2.00001001E-02   1.51157904    
   0.00000000       1.34836799E-02
   1.99999809E-02   3.04247624E-05
   3.99999619E-02   1.00718589E-05
   5.99999428E-02   2.26834186E-06
   7.99999237E-02   1.10942153E-06
   9.99999046E-02   3.95553599E-07
  0.119999886       6.34051617E-07
  0.139999866       2.90714212E-07
  0.159999847       7.31548994E-07
  0.180000067       4.33729724E-07
  0.200000048       9.49560444E-07
  0.220000029       6.74770831E-07
  0.240000010       1.21265793E-06
  0.259999990       9.84017220E-07
  0.279999971       1.49158313E-06
  0.299999952       1.34496895E-06
  0.319999933       1.76957838E-06
  0.339999914       1.73851117E-06
  0.359999895       2.05298284E-06
  0.379999876       2.15478735E-06
  0.399999857       2.36147253E-06
  0.419999838       2.58559703E-06
  0.440000057       2.69856992E-06
  0.460000038       2.98602458E-06
  0.480000019       3.02349076E-06
  0.500000000       3.30462331E-06
  0.519999981       3.32494415E-06
  0.539999962       3.56793407E-06
  0.559999943       3.65144865E-06
  0.579999924       3.81864766E-06
  0.599999905       3.95516599E-06
  0.619999886       3.98229622E-06
  0.639999866       4.12848567E-06
  0.659999847       4.09660925E-06
  0.679999828       4.24845575E-06
  0.700000048       4.26031647E-06
  0.720000029       4.29088186E-06
  0.740000010       4.31376566E-06
  0.759999990       4.22506901E-06
  0.779999971       4.29743068E-06
  0.799999952       4.23771780E-06
  0.819999933       4.20638526E-06
  0.839999914       4.15337308E-06
  0.859999895       4.02933574E-06
  0.879999876       4.04188540E-06
  0.899999857       3.94182462E-06
  0.919999838       3.82850612E-06
  0.939999819       3.75899322E-06
  0.960000038       3.64629045E-06
  0.980000019       3.59058799E-06
   1.00000000       3.46295246E-06
   1.01999998       3.33326534E-06
   1.03999996       3.28941292E-06
   1.05999994       3.16896580E-06
   1.07999992       3.03863476E-06
   1.09999990       2.97277916E-06
   1.11999989       2.87638704E-06
   1.13999987       2.75992761E-06
   1.15999985       2.67344831E-06
   1.17999983       2.59867966E-06
   1.19999981       2.49561890E-06
   1.22000003       2.40368945E-06
   1.24000001       2.34520803E-06
   1.25999999       2.24850055E-06
   1.27999997       2.16409853E-06
   1.29999995       2.11548581E-06
   1.31999993       2.02534352E-06
   1.33999991       1.94830500E-06
   1.35999990       1.91047866E-06
   1.37999988       1.82611257E-06
   1.39999986       1.75979119E-06
   1.41999984       1.71962540E-06
   1.43999982       1.65263327E-06
   1.46000004       1.59614990E-06
   1.48000002       1.53945200E-06
   1.50000000       1.50789629E-06
   1.51999998       1.44578371E-06
   1.53999996       1.37743655E-06
   1.55999994       1.37841084E-06
   1.57999992       1.31095521E-06
   1.59999990       1.25080635E-06
   1.61999989       1.23264203E-06
   1.63999987       1.20492996E-06
   1.65999985       1.14654449E-06
   1.67999983       1.09100461E-06
   1.69999981       1.10456097E-06
   1.72000003       1.05341292E-06
   1.74000001       9.98143491E-07
   1.75999999       9.68640165E-07
   1.77999997       9.81911512E-07
   1.79999995       9.24252504E-07
   1.81999993       8.70302529E-07
   1.83999991       8.61535966E-07
   1.85999990       8.72473436E-07
   1.87999988       8.14442046E-07
   1.89999986       7.62752791E-07
   1.91999984       7.59614807E-07
   1.93999982       7.77710113E-07
   1.95999980       7.23456367E-07
   1.98000002       6.71461862E-07
   2.00000000       6.62008063E-07
   2.01999998       6.93249035E-07
   2.03999996       6.51493338E-07
   2.05999994       5.96287236E-07
   2.07999992       5.68704593E-07
   2.09999990       6.04647198E-07
   2.11999989       5.98710528E-07
   2.13999987       5.39260100E-07
   2.15999985       4.95332131E-07
   2.17999983       5.02506850E-07
   2.19999981       5.40944313E-07
   2.21999979       5.08930384E-07
   2.23999977       4.47015310E-07
   2.25999975       4.17139802E-07
   2.27999973       4.42166055E-07
   2.29999971       4.78917229E-07
   2.31999969       4.39093014E-07
   2.33999968       3.71088419E-07
   2.36000013       3.47581079E-07
   2.38000011       3.81039342E-07
   2.40000010       4.24095731E-07
   2.42000008       3.92709779E-07
   2.44000006       3.10960132E-07
   2.46000004       2.78738298E-07
   2.48000002       3.18805377E-07
   2.50000000       3.74790972E-07
   2.51999998       3.67587631E-07
   2.53999996       2.78157700E-07
   2.55999994       2.06470688E-07
   2.57999992       2.41506882E-07
   2.59999990       3.33467398E-07
   2.61999989       3.66383091E-07
   2.63999987       2.87367953E-07
   2.65999985       1.64557335E-07
   2.67999983       1.34030913E-07
   2.69999981       2.44337400E-07
   2.71999979       3.80031025E-07
   2.73999977       3.78040113E-07
   2.75999975       2.22562264E-07
   2.77999973       7.29348102E-08
   2.79999971       8.88394283E-08
   2.81999969       2.63976631E-07
   2.83999968       4.20418701E-07
   2.85999966       3.90930779E-07
   2.88000011       1.95532749E-07
   2.90000010       3.03623757E-08
   2.92000008       6.76048728E-08
   2.94000006       2.67446808E-07
   2.96000004       4.16493890E-07
   2.98000002       3.53899139E-07
   3.00000000       1.44521792E-07
   3.01999998       9.75293091E-09
   3.03999996       8.71799486E-08
   3.05999994       2.82510882E-07
   3.07999992       3.69136615E-07
   3.09999990       2.09974132E-07
