  -2.00000000       2.18843525E-06
  -1.98000002       5.67606762E-08
  -1.96000004       2.49545337E-06
  -1.94000006       2.76463169E-07
  -1.91999996       1.91585514E-06
  -1.89999998       6.66515461E-07
  -1.88000000       1.64473761E-06
  -1.86000001       1.16808553E-06
  -1.84000003       1.15467560E-06
  -1.82000005       1.58129353E-06
  -1.79999995       6.64127072E-07
  -1.77999997       2.10898315E-06
  -1.75999999       3.50527500E-07
  -1.74000001       2.41745215E-06
  -1.72000003       1.19373041E-07
  -1.70000005       2.49848836E-06
  -1.68000007       7.03090492E-08
  -1.65999997       2.68431427E-06
  -1.63999999       2.47735187E-07
  -1.62000000       2.29176590E-06
  -1.60000002       5.48492721E-07
  -1.58000004       2.10471444E-06
  -1.55999994       9.69782150E-07
  -1.53999996       1.65273877E-06
  -1.51999998       1.63509173E-06
  -1.50000000       1.11571546E-06
  -1.48000002       1.95030520E-06
  -1.46000004       8.49839807E-07
  -1.44000006       2.57120996E-06
  -1.42000008       4.40750199E-07
  -1.40000010       2.91180936E-06
  -1.38000000       3.58481032E-07
  -1.36000001       2.88637807E-06
  -1.34000003       4.01008322E-07
  -1.31999993       3.06583092E-06
  -1.29999995       5.70982820E-07
  -1.27999997       2.89650620E-06
  -1.25999999       1.10202780E-06
  -1.24000001       2.35917059E-06
  -1.22000003       1.54957047E-06
  -1.20000005       2.12144209E-06
  -1.18000007       2.01653597E-06
  -1.16000009       1.76366075E-06
  -1.14000010       2.76126002E-06
  -1.12000000       1.23356847E-06
  -1.10000002       3.33095909E-06
  -1.08000004       1.02812180E-06
  -1.05999994       3.48802382E-06
  -1.03999996       9.74381692E-07
  -1.01999998       3.45265767E-06
  -1.00000000       7.63003754E-07
 -0.980000019       3.46583192E-06
 -0.960000038       1.09858922E-06
 -0.940000057       4.02970272E-06
 -0.920000076       1.88255285E-06
 -0.899999976       3.89650859E-06
 -0.879999995       8.36305560E-07
 -0.860000014       1.34773404E-06
 -0.840000033       6.28697819E-07
 -0.820000052       1.27893145E-06
 -0.800000072       6.46106037E-06
 -0.779999971       6.20761375E-06
 -0.759999990       2.09568825E-05
 -0.740000010       6.96880088E-05
 -0.720000029       1.80806514E-04
 -0.700000048       4.17286617E-04
 -0.680000067       6.14628661E-04
 -0.660000086       7.17930263E-04
 -0.639999986       4.16279712E-04
 -0.620000005       1.68098806E-04
 -0.600000024       1.16970227E-03
 -0.580000043       5.36692096E-03
 -0.560000062       1.44150471E-02
 -0.540000081       2.56959572E-02
 -0.519999981       3.32255624E-02
 -0.500000000       2.79586688E-02
 -0.480000019       1.15262344E-02
 -0.460000038       3.93781392E-03
 -0.440000057       4.47722301E-02
 -0.420000076      0.167604238    
 -0.400000095      0.354981601    
 -0.379999995      0.518291175    
 -0.360000014      0.528153539    
 -0.340000033      0.334045887    
 -0.320000052       7.25822225E-02
 -0.300000072       7.35263750E-02
 -0.280000091      0.656586409    
 -0.259999990       1.81720686    
 -0.240000010       3.04963207    
 -0.220000029       3.55869865    
 -0.200000048       2.84396362    
 -0.180000067       1.27454567    
 -0.160000086       8.41554552E-02
 -0.139999986      0.617849290    
 -0.120000005       3.23000622    
 -0.100000024       6.70726538    
  -8.00000429E-02   8.94820595    
  -6.00000620E-02   8.30842018    
  -4.00000811E-02   5.17716742    
  -2.00001001E-02   1.49350488    
   0.00000000       1.33318305E-02
   1.99999809E-02   2.89744203E-05
   3.99999619E-02   1.10002402E-05
   5.99999428E-02   1.69812859E-06
   7.99999237E-02   1.48614618E-06
   9.99999046E-02   1.76297476E-07
  0.119999886       7.55958581E-07
  0.139999866       2.51372313E-07
  0.159999847       6.90773732E-07
  0.180000067       5.16115563E-07
  0.200000048       7.86439273E-07
  0.220000029       8.42195618E-07
  0.240000010       9.57859243E-07
  0.259999990       1.19880372E-06
  0.279999971       1.17955688E-06
  0.299999952       1.56686110E-06
  0.319999933       1.44630280E-06
  0.339999914       1.93177630E-06
  0.359999895       1.76852063E-06
  0.379999876       2.28630142E-06
  0.399999857       2.15999762E-06
  0.419999838       2.60796014E-06
  0.440000057       2.60170827E-06
  0.460000038       2.85967599E-06
  0.480000019       3.03471234E-06
  0.500000000       3.05427056E-06
  0.519999981       3.42560202E-06
  0.539999962       3.29779527E-06
  0.559999943       3.74236970E-06
  0.579999924       3.63228605E-06
  0.599999905       3.89074467E-06
  0.619999886       3.95094685E-06
  0.639999866       3.90577725E-06
  0.659999847       4.20568040E-06
  0.679999828       4.01888883E-06
  0.700000048       4.31247918E-06
  0.720000029       4.19597382E-06
  0.740000010       4.17724232E-06
  0.759999990       4.31996614E-06
  0.779999971       4.10580697E-06
  0.799999952       4.31860099E-06
  0.819999933       4.14125861E-06
  0.839999914       4.05306173E-06
  0.859999895       4.14807255E-06
  0.879999876       3.90872083E-06
  0.899999857       3.99421515E-06
  0.919999838       3.84653868E-06
  0.939999819       3.67005805E-06
  0.960000038       3.76978460E-06
  0.980000019       3.53853829E-06
   1.00000000       3.45267608E-06
   1.01999998       3.43931629E-06
   1.03999996       3.22885262E-06
   1.05999994       3.21839138E-06
   1.07999992       3.10482733E-06
   1.09999990       2.92962090E-06
   1.11999989       2.95460973E-06
   1.13999987       2.79851429E-06
   1.15999985       2.65241192E-06
   1.17999983       2.67917949E-06
   1.19999981       2.52317341E-06
   1.22000003       2.39782275E-06
   1.24000001       2.41858243E-06
   1.25999999       2.27518126E-06
   1.27999997       2.16700164E-06
   1.29999995       2.17791194E-06
   1.31999993       2.05560877E-06
   1.33999991       1.95735311E-06
   1.35999990       1.95951134E-06
   1.37999988       1.85948034E-06
   1.39999986       1.77413040E-06
   1.41999984       1.76007063E-06
   1.43999982       1.68401743E-06
   1.46000004       1.61584990E-06
   1.48000002       1.57418958E-06
   1.50000000       1.53169788E-06
   1.51999998       1.47493870E-06
   1.53999996       1.40874795E-06
   1.55999994       1.39495626E-06
   1.57999992       1.33762194E-06
   1.59999990       1.28484908E-06
   1.61999989       1.25760857E-06
   1.63999987       1.21085975E-06
   1.65999985       1.18398464E-06
   1.67999983       1.12786552E-06
   1.69999981       1.10592293E-06
   1.72000003       1.06943833E-06
   1.74000001       1.04240280E-06
   1.75999999       9.97536972E-07
   1.77999997       9.66829020E-07
   1.79999995       9.54026291E-07
   1.81999993       9.19646141E-07
   1.83999991       8.78410503E-07
   1.85999990       8.48805712E-07
   1.87999988       8.51275843E-07
   1.89999986       8.16386887E-07
   1.91999984       7.72198348E-07
   1.93999982       7.45119962E-07
   1.95999980       7.57616021E-07
   1.98000002       7.31593900E-07
   2.00000000       6.79880088E-07
   2.01999998       6.53080235E-07
   2.03999996       6.66780409E-07
   2.05999994       6.65835785E-07
   2.07999992       6.04521290E-07
   2.09999990       5.69123472E-07
   2.11999989       5.73479667E-07
   2.13999987       6.03552564E-07
   2.15999985       5.59797172E-07
   2.17999983       4.99175485E-07
   2.19999981       4.82854318E-07
   2.21999979       5.18523166E-07
   2.23999977       5.35067386E-07
   2.25999975       4.68152024E-07
   2.27999973       4.08355362E-07
   2.29999971       4.13716066E-07
   2.31999969       4.68954596E-07
   2.33999968       4.79274206E-07
   2.36000013       3.94635805E-07
   2.38000011       3.26512122E-07
   2.40000010       3.48155481E-07
   2.42000008       4.21332487E-07
   2.44000006       4.41287540E-07
   2.46000004       3.48424436E-07
   2.48000002       2.52294143E-07
   2.50000000       2.75406876E-07
   2.51999998       3.74797594E-07
   2.53999996       4.19060314E-07
   2.55999994       3.33014839E-07
   2.57999992       1.99263923E-07
   2.59999990       1.86674640E-07
   2.61999989       3.17302977E-07
   2.63999987       4.19622495E-07
   2.65999985       3.53254620E-07
   2.67999983       1.83636686E-07
   2.69999981       1.03204016E-07
   2.71999979       2.17135607E-07
   2.73999977       4.01119138E-07
   2.75999975       4.27995190E-07
   2.77999973       2.46888817E-07
   2.79999971       6.27143919E-08
   2.81999969       9.71717355E-08
   2.83999968       3.15983613E-07
   2.85999966       4.64389473E-07
   2.88000011       3.65500654E-07
   2.90000010       1.25871480E-07
   2.92000008       1.68141909E-08
   2.94000006       1.59397615E-07
   2.96000004       3.83556795E-07
   2.98000002       4.23098413E-07
   3.00000000       2.28986153E-07
   3.01999998       2.83847257E-08
   3.03999996       5.48132846E-08
   3.05999994       2.69225666E-07
   3.07999992       4.00811558E-07
   3.09999990       3.50337331E-07
