  -2.00000000       2.43134627E-06
  -1.98000002       5.51765282E-08
  -1.96000004       2.47171420E-06
  -1.94000006       2.23077649E-07
  -1.91999996       2.05359152E-06
  -1.89999998       5.41101087E-07
  -1.88000000       1.76843946E-06
  -1.86000001       1.00767579E-06
  -1.84000003       1.38173266E-06
  -1.82000005       1.37013637E-06
  -1.79999995       8.84855638E-07
  -1.77999997       1.87512558E-06
  -1.75999999       5.74812532E-07
  -1.74000001       2.27872260E-06
  -1.72000003       2.47215326E-07
  -1.70000005       2.39416158E-06
  -1.68000007       1.20165993E-07
  -1.65999997       2.75527805E-06
  -1.63999999       9.88258932E-08
  -1.62000000       2.53589587E-06
  -1.60000002       2.89215507E-07
  -1.58000004       2.43080831E-06
  -1.55999994       4.94672236E-07
  -1.53999996       2.26220618E-06
  -1.51999998       1.07524477E-06
  -1.50000000       1.66831262E-06
  -1.48000002       1.38894768E-06
  -1.46000004       1.47228593E-06
  -1.44000006       1.91343747E-06
  -1.42000008       1.02654428E-06
  -1.40000010       2.57041006E-06
  -1.38000000       6.24079860E-07
  -1.36000001       2.66550933E-06
  -1.34000003       5.74562932E-07
  -1.31999993       3.00805914E-06
  -1.29999995       3.74543362E-07
  -1.27999997       3.41289888E-06
  -1.25999999       5.12043812E-07
  -1.24000001       3.02534704E-06
  -1.22000003       8.65678487E-07
  -1.20000005       2.89074796E-06
  -1.18000007       1.03235311E-06
  -1.16000009       2.92438676E-06
  -1.14000010       1.55950988E-06
  -1.12000000       2.44101557E-06
  -1.10000002       2.36782716E-06
  -1.08000004       1.87678631E-06
  -1.05999994       2.69425254E-06
  -1.03999996       1.68141059E-06
  -1.01999998       2.71264526E-06
  -1.00000000       1.29856812E-06
 -0.980000019       3.25000656E-06
 -0.960000038       1.00967679E-06
 -0.940000057       4.50468815E-06
 -0.920000076       1.27711553E-06
 -0.899999976       4.07920970E-06
 -0.879999995       6.09260042E-07
 -0.860000014       8.18184390E-07
 -0.840000033       1.14955321E-06
 -0.820000052       1.25205247E-06
 -0.800000072       4.99140970E-06
 -0.779999971       7.92617084E-06
 -0.759999990       1.65986548E-05
 -0.740000010       7.86711607E-05
 -0.720000029       1.87632133E-04
 -0.700000048       4.33596986E-04
 -0.680000067       6.22925814E-04
 -0.660000086       6.80980040E-04
 -0.639999986       3.66346503E-04
 -0.620000005       1.13948990E-04
 -0.600000024       1.27302238E-03
 -0.580000043       5.76325459E-03
 -0.560000062       1.49718681E-02
 -0.540000081       2.62505114E-02
 -0.519999981       3.28537561E-02
 -0.500000000       2.67236196E-02
 -0.480000019       9.67647135E-03
 -0.460000038       3.61947180E-03
 -0.440000057       4.81596887E-02
 -0.420000076      0.174532026    
 -0.400000095      0.362985611    
 -0.379999995      0.519809425    
 -0.360000014      0.520238936    
 -0.340000033      0.317720801    
 -0.320000052       6.04463331E-02
 -0.300000072       7.87880123E-02
 -0.280000091      0.683407307    
 -0.259999990       1.85442328    
 -0.240000010       3.07065988    
 -0.220000029       3.54727721    
 -0.200000048       2.80131245    
 -0.180000067       1.23026681    
 -0.160000086       6.86885267E-02
 -0.139999986      0.642292440    
 -0.120000005       3.27553821    
 -0.100000024       6.73901796    
  -8.00000429E-02   8.94790554    
  -6.00000620E-02   8.28303337    
  -4.00000811E-02   5.15227270    
  -2.00001001E-02   1.48478484    
   0.00000000       1.32372184E-02
   1.99999809E-02   2.96261114E-05
   3.99999619E-02   1.01426522E-05
   5.99999428E-02   2.08317397E-06
   7.99999237E-02   1.20361346E-06
   9.99999046E-02   2.95351867E-07
  0.119999886       6.87447596E-07
  0.139999866       2.15773227E-07
  0.159999847       7.53044787E-07
  0.180000067       3.70850501E-07
  0.200000048       9.41689905E-07
  0.220000029       6.18189063E-07
  0.240000010       1.17443290E-06
  0.259999990       9.32442219E-07
  0.279999971       1.41862552E-06
  0.299999952       1.30102069E-06
  0.319999933       1.65952565E-06
  0.339999914       1.70596775E-06
  0.359999895       1.90545450E-06
  0.379999876       2.12911687E-06
  0.399999857       2.19297749E-06
  0.419999838       2.53950452E-06
  0.440000057       2.54251836E-06
  0.460000038       2.88774368E-06
  0.480000019       2.91741776E-06
  0.500000000       3.13723149E-06
  0.519999981       3.27251837E-06
  0.539999962       3.35828304E-06
  0.559999943       3.60474542E-06
  0.579999924       3.63281379E-06
  0.599999905       3.85396606E-06
  0.619999886       3.88885201E-06
  0.639999866       3.95400912E-06
  0.659999847       4.07232574E-06
  0.679999828       4.05650508E-06
  0.700000048       4.21652794E-06
  0.720000029       4.19280377E-06
  0.740000010       4.19939988E-06
  0.759999990       4.22777839E-06
  0.779999971       4.14653778E-06
  0.799999952       4.23309893E-06
  0.819999933       4.15791828E-06
  0.839999914       4.08082315E-06
  0.859999895       4.07207108E-06
  0.879999876       3.94634708E-06
  0.899999857       3.96072255E-06
  0.919999838       3.85366866E-06
  0.939999819       3.70496036E-06
  0.960000038       3.71006536E-06
  0.980000019       3.57364706E-06
   1.00000000       3.47920718E-06
   1.01999998       3.40826591E-06
   1.03999996       3.25723386E-06
   1.05999994       3.22755795E-06
   1.07999992       3.10742712E-06
   1.09999990       2.95324503E-06
   1.11999989       2.95142377E-06
   1.13999987       2.81762686E-06
   1.15999985       2.67685482E-06
   1.17999983       2.67294536E-06
   1.19999981       2.54423117E-06
   1.22000003       2.42380816E-06
   1.24000001       2.41524685E-06
   1.25999999       2.29358693E-06
   1.27999997       2.19010894E-06
   1.29999995       2.18270793E-06
   1.31999993       2.06934419E-06
   1.33999991       1.97381746E-06
   1.35999990       1.97653844E-06
   1.37999988       1.86887701E-06
   1.39999986       1.77858669E-06
   1.41999984       1.79187987E-06
   1.43999982       1.69129908E-06
   1.46000004       1.60614809E-06
   1.48000002       1.61735329E-06
   1.50000000       1.53899782E-06
   1.51999998       1.46178741E-06
   1.53999996       1.44265437E-06
   1.55999994       1.41353473E-06
   1.57999992       1.33274807E-06
   1.59999990       1.28398733E-06
   1.61999989       1.30123010E-06
   1.63999987       1.21709218E-06
   1.65999985       1.15960574E-06
   1.67999983       1.16388571E-06
   1.69999981       1.13339252E-06
   1.72000003       1.06138782E-06
   1.74000001       1.02418915E-06
   1.75999999       1.04867195E-06
   1.77999997       9.83628979E-07
   1.79999995       9.30104648E-07
   1.81999993       9.17379964E-07
   1.83999991       9.31641523E-07
   1.85999990       8.59641659E-07
   1.87999988       8.18424780E-07
   1.89999986       8.20162768E-07
   1.91999984       8.27808037E-07
   1.93999982       7.55910321E-07
   1.95999980       7.22251286E-07
   1.98000002       7.26673647E-07
   2.00000000       7.38445578E-07
   2.01999998       6.71631369E-07
   2.03999996       6.35749757E-07
   2.05999994       6.40173653E-07
   2.07999992       6.58794420E-07
   2.09999990       6.06595563E-07
   2.11999989       5.56258215E-07
   2.13999987       5.58734655E-07
   2.15999985       5.81086169E-07
   2.17999983       5.61348259E-07
   2.19999981       4.91863943E-07
   2.21999979       4.79083212E-07
   2.23999977       5.04062086E-07
   2.25999975       5.16394209E-07
   2.27999973       4.63095859E-07
   2.29999971       4.02112988E-07
   2.31999969       4.21871931E-07
   2.33999968       4.61512798E-07
   2.36000013       4.51487352E-07
   2.38000011       3.76691361E-07
   2.40000010       3.23870097E-07
   2.42000008       3.72949046E-07
   2.44000006       4.33311186E-07
   2.46000004       4.03032374E-07
   2.48000002       3.02292733E-07
   2.50000000       2.45636642E-07
   2.51999998       3.17733850E-07
   2.53999996       4.25142844E-07
   2.55999994       3.99915905E-07
   2.57999992       2.52488746E-07
   2.59999990       1.60581280E-07
   2.61999989       2.40564930E-07
   2.63999987       4.06344640E-07
   2.65999985       4.46677745E-07
   2.67999983       2.82169736E-07
   2.69999981       1.01404851E-07
   2.71999979       1.33102489E-07
   2.73999977       3.44486693E-07
   2.75999975       4.78129891E-07
   2.77999973       3.63516847E-07
   2.79999971       1.27637946E-07
   2.81999969       4.64115324E-08
   2.83999968       2.16975891E-07
   2.85999966       4.31040803E-07
   2.88000011       4.19570114E-07
   2.90000010       1.89842751E-07
   2.92000008       2.24979715E-08
   2.94000006       1.26180936E-07
   2.96000004       3.75430290E-07
   2.98000002       4.61961548E-07
   3.00000000       2.76305144E-07
   3.01999998       4.14802450E-08
   3.03999996       3.87207741E-08
   3.05999994       2.55251308E-07
   3.07999992       4.02833365E-07
   3.09999990       1.79554007E-07
