  -2.00000000       2.11318525E-06
  -1.98000002       2.98846601E-08
  -1.96000004       2.57086867E-06
  -1.94000006       2.22692975E-07
  -1.91999996       2.07191806E-06
  -1.89999998       4.80964900E-07
  -1.88000000       1.83413431E-06
  -1.86000001       9.46617661E-07
  -1.84000003       1.47043977E-06
  -1.82000005       1.27844601E-06
  -1.79999995       9.88191573E-07
  -1.77999997       1.77453830E-06
  -1.75999999       6.76505238E-07
  -1.74000001       2.18968762E-06
  -1.72000003       3.28541631E-07
  -1.70000005       2.33997753E-06
  -1.68000007       1.71041080E-07
  -1.65999997       2.72228249E-06
  -1.63999999       8.45046415E-08
  -1.62000000       2.60765387E-06
  -1.60000002       2.14956628E-07
  -1.58000004       2.52462860E-06
  -1.55999994       3.54405302E-07
  -1.53999996       2.46580316E-06
  -1.51999998       8.35839728E-07
  -1.50000000       1.92088351E-06
  -1.48000002       1.16499803E-06
  -1.46000004       1.72549994E-06
  -1.44000006       1.60505613E-06
  -1.42000008       1.34710183E-06
  -1.40000010       2.30062687E-06
  -1.38000000       8.48506943E-07
  -1.36000001       2.49492041E-06
  -1.34000003       7.54382427E-07
  -1.31999993       2.82859992E-06
  -1.29999995       4.94827248E-07
  -1.27999997       3.40043425E-06
  -1.25999999       4.27306077E-07
  -1.24000001       3.19326227E-06
  -1.22000003       6.93018876E-07
  -1.20000005       3.08152767E-06
  -1.18000007       7.90232605E-07
  -1.16000009       3.26247914E-06
  -1.14000010       1.11142572E-06
  -1.12000000       2.97164411E-06
  -1.10000002       1.84573537E-06
  -1.08000004       2.36881328E-06
  -1.05999994       2.24386099E-06
  -1.03999996       2.10489588E-06
  -1.01999998       2.26215548E-06
  -1.00000000       1.74811544E-06
 -0.980000019       2.82656811E-06
 -0.960000038       1.40154293E-06
 -0.940000057       4.18541913E-06
 -0.920000076       1.51531663E-06
 -0.899999976       3.70348994E-06
 -0.879999995       8.18889305E-07
 -0.860000014       5.19478135E-07
 -0.840000033       1.20972345E-06
 -0.820000052       1.60600246E-06
 -0.800000072       4.05109449E-06
 -0.779999971       8.46224611E-06
 -0.759999990       1.63246823E-05
 -0.740000010       7.94157677E-05
 -0.720000029       1.96562440E-04
 -0.700000048       4.33025387E-04
 -0.680000067       6.34738943E-04
 -0.660000086       6.58199831E-04
 -0.639999986       3.48825037E-04
 -0.620000005       9.95896335E-05
 -0.600000024       1.31276902E-03
 -0.580000043       5.96247008E-03
 -0.560000062       1.51911648E-02
 -0.540000081       2.65093222E-02
 -0.519999981       3.26734036E-02
 -0.500000000       2.62135975E-02
 -0.480000019       8.94645322E-03
 -0.460000038       3.56092467E-03
 -0.440000057       4.97518592E-02
 -0.420000076      0.177534297    
 -0.400000095      0.366424710    
 -0.379999995      0.520386040    
 -0.360000014      0.516879201    
 -0.340000033      0.310978085    
 -0.320000052       5.56721501E-02
 -0.300000072       8.15706253E-02
 -0.280000091      0.695092916    
 -0.259999990       1.87031066    
 -0.240000010       3.07925367    
 -0.220000029       3.54223657    
 -0.200000048       2.78321528    
 -0.180000067       1.21193457    
 -0.160000086       6.27139881E-02
 -0.139999986      0.652935386    
 -0.120000005       3.29474211    
 -0.100000024       6.75176239    
  -8.00000429E-02   8.94706917    
  -6.00000620E-02   8.27155495    
  -4.00000811E-02   5.14139795    
  -2.00001001E-02   1.48099291    
   0.00000000       1.31887877E-02
   1.99999809E-02   3.06573529E-05
   3.99999619E-02   9.07367030E-06
   5.99999428E-02   2.75467937E-06
   7.99999237E-02   6.81109270E-07
   9.99999046E-02   7.04464753E-07
  0.119999886       3.45381238E-07
  0.139999866       4.96046937E-07
  0.159999847       5.09042536E-07
  0.180000067       5.60825356E-07
  0.200000048       7.71552891E-07
  0.220000029       7.28664247E-07
  0.240000010       1.07529672E-06
  0.259999990       9.68545919E-07
  0.279999971       1.39835254E-06
  0.299999952       1.27114822E-06
  0.319999933       1.72099544E-06
  0.339999914       1.61998912E-06
  0.359999895       2.02401543E-06
  0.379999876       1.99442661E-06
  0.399999857       2.31065496E-06
  0.419999838       2.38509801E-06
  0.440000057       2.60677143E-06
  0.460000038       2.79478763E-06
  0.480000019       2.91911101E-06
  0.500000000       3.17598642E-06
  0.519999981       3.20245204E-06
  0.539999962       3.46744901E-06
  0.559999943       3.45666035E-06
  0.579999924       3.69402574E-06
  0.599999905       3.75090826E-06
  0.619999886       3.89132447E-06
  0.639999866       4.01572515E-06
  0.659999847       3.98862630E-06
  0.679999828       4.14292481E-06
  0.700000048       4.07710013E-06
  0.720000029       4.21676623E-06
  0.740000010       4.22080257E-06
  0.759999990       4.18137870E-06
  0.779999971       4.23107940E-06
  0.799999952       4.10567918E-06
  0.819999933       4.18452464E-06
  0.839999914       4.12004783E-06
  0.859999895       4.01940133E-06
  0.879999876       4.00989620E-06
  0.899999857       3.87364844E-06
  0.919999838       3.87414548E-06
  0.939999819       3.77964921E-06
  0.960000038       3.62153946E-06
  0.980000019       3.60743547E-06
   1.00000000       3.49334141E-06
   1.01999998       3.38412951E-06
   1.03999996       3.30494686E-06
   1.05999994       3.18050570E-06
   1.07999992       3.12217071E-06
   1.09999990       3.01215050E-06
   1.11999989       2.88325191E-06
   1.13999987       2.84222256E-06
   1.15999985       2.73432465E-06
   1.17999983       2.61021842E-06
   1.19999981       2.56775206E-06
   1.22000003       2.47449998E-06
   1.24000001       2.36163487E-06
   1.25999999       2.31530453E-06
   1.27999997       2.23513462E-06
   1.29999995       2.13548242E-06
   1.31999993       2.08881147E-06
   1.33999991       2.01626767E-06
   1.35999990       1.93349479E-06
   1.37999988       1.88677097E-06
   1.39999986       1.81563155E-06
   1.41999984       1.75705543E-06
   1.43999982       1.70676310E-06
   1.46000004       1.63070558E-06
   1.48000002       1.60382308E-06
   1.50000000       1.54306235E-06
   1.51999998       1.47168862E-06
   1.53999996       1.45984052E-06
   1.55999994       1.39647534E-06
   1.57999992       1.34109371E-06
   1.59999990       1.31065542E-06
   1.61999989       1.28021986E-06
   1.63999987       1.22914753E-06
   1.65999985       1.16620981E-06
   1.67999983       1.17519369E-06
   1.69999981       1.12361056E-06
   1.72000003       1.06725781E-06
   1.74000001       1.04118203E-06
   1.75999999       1.04163041E-06
   1.77999997       9.89547175E-07
   1.79999995       9.28018096E-07
   1.81999993       9.36099241E-07
   1.83999991       9.22353308E-07
   1.85999990       8.69439759E-07
   1.87999988       8.13075644E-07
   1.89999986       8.36926176E-07
   1.91999984       8.22601805E-07
   1.93999982       7.65955861E-07
   1.95999980       7.13736142E-07
   1.98000002       7.41040253E-07
   2.00000000       7.38487074E-07
   2.01999998       6.81391839E-07
   2.03999996       6.26231156E-07
   2.05999994       6.46124704E-07
   2.07999992       6.68383677E-07
   2.09999990       6.14821033E-07
   2.11999989       5.53896257E-07
   2.13999987       5.46969375E-07
   2.15999985       5.97088388E-07
   2.17999983       5.71597582E-07
   2.19999981       5.01638169E-07
   2.21999979       4.60848582E-07
   2.23999977       4.99405360E-07
   2.25999975       5.38524603E-07
   2.27999973       4.79550749E-07
   2.29999971       4.04608528E-07
   2.31999969       3.93731199E-07
   2.33999968       4.57978132E-07
   2.36000013       4.84006250E-07
   2.38000011       3.99997361E-07
   2.40000010       3.20813228E-07
   2.42000008       3.37706240E-07
   2.44000006       4.19408622E-07
   2.46000004       4.43438864E-07
   2.48000002       3.40158749E-07
   2.50000000       2.42236126E-07
   2.51999998       2.81137801E-07
   2.53999996       3.94095991E-07
   2.55999994       4.23361030E-07
   2.57999992       3.04194145E-07
   2.59999990       1.69847254E-07
   2.61999989       2.04790297E-07
   2.63999987       3.75665962E-07
   2.65999985       4.53172021E-07
   2.67999983       3.18354637E-07
   2.69999981       1.24239918E-07
   2.71999979       1.09215499E-07
   2.73999977       3.05527180E-07
   2.75999975       4.82200051E-07
   2.77999973       4.08290703E-07
   2.79999971       1.59937400E-07
   2.81999969       3.73824562E-08
   2.83999968       1.92614650E-07
   2.85999966       4.29928548E-07
   2.88000011       4.49704146E-07
   2.90000010       2.24378311E-07
   2.92000008       2.94585814E-08
   2.94000006       1.00894219E-07
   2.96000004       3.42765475E-07
   2.98000002       4.46962872E-07
   3.00000000       2.78217357E-07
   3.01999998       4.43435084E-08
   3.03999996       3.81431633E-08
   3.05999994       2.64740805E-07
   3.07999992       4.29653255E-07
   3.09999990       4.34220169E-07
