  -2.00000000       1.96137057E-06
  -1.98000002       2.26783960E-08
  -1.96000004       2.60887555E-06
  -1.94000006       1.96099805E-07
  -1.91999996       2.15866635E-06
  -1.89999998       4.05187251E-07
  -1.88000000       1.91520962E-06
  -1.86000001       8.22953325E-07
  -1.84000003       1.63538243E-06
  -1.82000005       1.12821635E-06
  -1.79999995       1.17194281E-06
  -1.77999997       1.59097044E-06
  -1.75999999       8.60946216E-07
  -1.74000001       1.99736837E-06
  -1.72000003       5.12264194E-07
  -1.70000005       2.23132929E-06
  -1.68000007       2.90896736E-07
  -1.65999997       2.58944533E-06
  -1.63999999       1.37783644E-07
  -1.62000000       2.66567804E-06
  -1.60000002       1.38974485E-07
  -1.58000004       2.64150844E-06
  -1.55999994       2.03748499E-07
  -1.53999996       2.69673478E-06
  -1.51999998       4.69310919E-07
  -1.50000000       2.36193273E-06
  -1.48000002       7.97295229E-07
  -1.46000004       2.12737746E-06
  -1.44000006       1.11005056E-06
  -1.42000008       1.90832816E-06
  -1.40000010       1.70921237E-06
  -1.38000000       1.39015629E-06
  -1.36000001       2.09283053E-06
  -1.34000003       1.16943670E-06
  -1.31999993       2.38690700E-06
  -1.29999995       9.21456206E-07
  -1.27999997       3.04298692E-06
  -1.25999999       5.98550116E-07
  -1.24000001       3.21932271E-06
  -1.22000003       6.13988334E-07
  -1.20000005       3.21348148E-06
  -1.18000007       6.52171252E-07
  -1.16000009       3.49786001E-06
  -1.14000010       6.55270640E-07
  -1.12000000       3.62503488E-06
  -1.10000002       1.05073161E-06
  -1.08000004       3.20793879E-06
  -1.05999994       1.45346166E-06
  -1.03999996       2.85522310E-06
  -1.01999998       1.50542337E-06
  -1.00000000       2.56157909E-06
 -0.980000019       1.91292247E-06
 -0.960000038       2.41837006E-06
 -0.940000057       3.08811104E-06
 -0.920000076       2.48007609E-06
 -0.899999976       2.57186548E-06
 -0.879999995       1.41384521E-06
 -0.860000014       1.06963611E-07
 -0.840000033       1.03344337E-06
 -0.820000052       2.47511070E-06
 -0.800000072       2.61954028E-06
 -0.779999971       8.26863470E-06
 -0.759999990       1.84959699E-05
 -0.740000010       7.74012151E-05
 -0.720000029       2.17243796E-04
 -0.700000048       4.28234984E-04
 -0.680000067       6.57485914E-04
 -0.660000086       6.18993072E-04
 -0.639999986       3.15154670E-04
 -0.620000005       8.75416299E-05
 -0.600000024       1.39030372E-03
 -0.580000043       6.32661814E-03
 -0.560000062       1.56032192E-02
 -0.540000081       2.69318335E-02
 -0.519999981       3.23958807E-02
 -0.500000000       2.52777338E-02
 -0.480000019       7.76897557E-03
 -0.460000038       3.59927863E-03
 -0.440000057       5.26727661E-02
 -0.420000076      0.183085844    
 -0.400000095      0.372288346    
 -0.379999995      0.521581709    
 -0.360000014      0.510702431    
 -0.340000033      0.299562335    
 -0.320000052       4.77554761E-02
 -0.300000072       8.71238112E-02
 -0.280000091      0.716393471    
 -0.259999990       1.89794016    
 -0.240000010       3.09445429    
 -0.220000029       3.53253841    
 -0.200000048       2.75180340    
 -0.180000067       1.18004954    
 -0.160000086       5.30612841E-02
 -0.139999986      0.672225237    
 -0.120000005       3.32803845    
 -0.100000024       6.77358770    
  -8.00000429E-02   8.94421291    
  -6.00000620E-02   8.25065136    
  -4.00000811E-02   5.12167358    
  -2.00001001E-02   1.47420013    
   0.00000000       1.31182820E-02
   1.99999809E-02   3.12023512E-05
   3.99999619E-02   8.44375518E-06
   5.99999428E-02   3.23221047E-06
   7.99999237E-02   2.96818882E-07
   9.99999046E-02   1.08182383E-06
  0.119999886       9.99637173E-09
  0.139999866       8.39910456E-07
  0.159999847       1.91292841E-07
  0.180000067       8.84011968E-07
  0.200000048       4.71614555E-07
  0.220000029       1.01654587E-06
  0.240000010       8.06463959E-07
  0.259999990       1.18959406E-06
  0.279999971       1.18329365E-06
  0.299999952       1.39148085E-06
  0.319999933       1.59422143E-06
  0.339999914       1.62942433E-06
  0.359999895       2.02226806E-06
  0.379999876       1.91630147E-06
  0.399999857       2.42665533E-06
  0.419999838       2.25457393E-06
  0.440000057       2.74244894E-06
  0.460000038       2.64228674E-06
  0.480000019       2.95468772E-06
  0.500000000       3.08195058E-06
  0.519999981       3.14029467E-06
  0.539999962       3.52312099E-06
  0.559999943       3.36817129E-06
  0.579999924       3.80447705E-06
  0.599999905       3.63511572E-06
  0.619999886       3.87362206E-06
  0.639999866       3.96609266E-06
  0.659999847       3.91141839E-06
  0.679999828       4.24790187E-06
  0.700000048       3.99884220E-06
  0.720000029       4.23911479E-06
  0.740000010       4.15166187E-06
  0.759999990       4.10932762E-06
  0.779999971       4.32942124E-06
  0.799999952       4.04703405E-06
  0.819999933       4.20178594E-06
  0.839999914       4.07606422E-06
  0.859999895       3.96393852E-06
  0.879999876       4.12287227E-06
  0.899999857       3.81480640E-06
  0.919999838       3.84833402E-06
  0.939999819       3.80926986E-06
  0.960000038       3.59305682E-06
  0.980000019       3.67686744E-06
   1.00000000       3.44725004E-06
   1.01999998       3.34960509E-06
   1.03999996       3.41201076E-06
   1.05999994       3.13235364E-06
   1.07999992       3.09688903E-06
   1.09999990       3.09041161E-06
   1.11999989       2.85418082E-06
   1.13999987       2.84368593E-06
   1.15999985       2.77399909E-06
   1.17999983       2.59302487E-06
   1.19999981       2.59112039E-06
   1.22000003       2.49129630E-06
   1.24000001       2.34862864E-06
   1.25999999       2.34854201E-06
   1.27999997       2.24507176E-06
   1.29999995       2.12389887E-06
   1.31999993       2.11851989E-06
   1.33999991       2.03326317E-06
   1.35999990       1.91961544E-06
   1.37999988       1.90411731E-06
   1.39999986       1.85095689E-06
   1.41999984       1.73517071E-06
   1.43999982       1.71031024E-06
   1.46000004       1.68940642E-06
   1.48000002       1.56961505E-06
   1.50000000       1.53945075E-06
   1.51999998       1.53676513E-06
   1.53999996       1.42951535E-06
   1.55999994       1.39364477E-06
   1.57999992       1.37898689E-06
   1.59999990       1.31980732E-06
   1.61999989       1.26236296E-06
   1.63999987       1.23535438E-06
   1.65999985       1.21971880E-06
   1.67999983       1.14267698E-06
   1.69999981       1.12298119E-06
   1.72000003       1.09976338E-06
   1.74000001       1.05779668E-06
   1.75999999       1.01650949E-06
   1.77999997       9.94167067E-07
   1.79999995       9.72771659E-07
   1.81999993       9.24959068E-07
   1.83999991       9.09426035E-07
   1.85999990       8.79614731E-07
   1.87999988       8.54986752E-07
   1.89999986       8.16226930E-07
   1.91999984       8.14803002E-07
   1.93999982       7.78590675E-07
   1.95999980       7.50786739E-07
   1.98000002       7.22784307E-07
   2.00000000       7.28546070E-07
   2.01999998       6.94654204E-07
   2.03999996       6.56912562E-07
   2.05999994       6.38978520E-07
   2.07999992       6.49851700E-07
   2.09999990       6.30347188E-07
   2.11999989       5.75031663E-07
   2.13999987       5.56593818E-07
   2.15999985       5.70350778E-07
   2.17999983       5.82335588E-07
   2.19999981       5.21404445E-07
   2.21999979       4.74815749E-07
   2.23999977       4.84745044E-07
   2.25999975       5.25140194E-07
   2.27999973       5.09139738E-07
   2.29999971       4.20677992E-07
   2.31999969       3.88438593E-07
   2.33999968       4.36646701E-07
   2.36000013       4.88742842E-07
   2.38000011       4.44749844E-07
   2.40000010       3.30725413E-07
   2.42000008       3.09045788E-07
   2.44000006       3.98984895E-07
   2.46000004       4.65942065E-07
   2.48000002       4.00589187E-07
   2.50000000       2.57654023E-07
   2.51999998       2.26943811E-07
   2.53999996       3.59263822E-07
   2.55999994       4.65279982E-07
   2.57999992       3.87038625E-07
   2.59999990       2.07310649E-07
   2.61999989       1.46907723E-07
   2.63999987       2.95784019E-07
   2.65999985       4.67864879E-07
   2.67999983       4.19809879E-07
   2.69999981       1.96250994E-07
   2.71999979       8.16619377E-08
   2.73999977       2.21620411E-07
   2.75999975       4.37069502E-07
   2.77999973       4.45564837E-07
   2.79999971       2.24052371E-07
   2.81999969       4.48140227E-08
   2.83999968       1.42235280E-07
   2.85999966       3.98747090E-07
   2.88000011       4.82860287E-07
   2.90000010       2.78899989E-07
   2.92000008       4.22179838E-08
   2.94000006       7.37871488E-08
   2.96000004       3.29450074E-07
   2.98000002       4.76643237E-07
   3.00000000       3.23686180E-07
   3.01999998       6.48191190E-08
   3.03999996       2.99763521E-08
   3.05999994       2.56672934E-07
   3.07999992       4.37714675E-07
   3.09999990       5.55373788E-07
