  -2.00000000       2.45105480E-06
  -1.98000002       4.12602361E-08
  -1.96000004       2.47038838E-06
  -1.94000006       1.51610550E-07
  -1.91999996       2.28833756E-06
  -1.89999998       3.54059353E-07
  -1.88000000       1.96575547E-06
  -1.86000001       7.19762681E-07
  -1.84000003       1.76503852E-06
  -1.82000005       9.91523052E-07
  -1.79999995       1.34752918E-06
  -1.77999997       1.44575995E-06
  -1.75999999       1.00946636E-06
  -1.74000001       1.79358210E-06
  -1.72000003       7.16277555E-07
  -1.70000005       2.12096506E-06
  -1.68000007       4.17429419E-07
  -1.65999997       2.42642909E-06
  -1.63999999       2.58011141E-07
  -1.62000000       2.62137928E-06
  -1.60000002       1.41785378E-07
  -1.58000004       2.70839109E-06
  -1.55999994       1.58586431E-07
  -1.53999996       2.75540310E-06
  -1.51999998       2.61637240E-07
  -1.50000000       2.68575627E-06
  -1.48000002       5.14632063E-07
  -1.46000004       2.43557838E-06
  -1.44000006       7.75092531E-07
  -1.42000008       2.30350042E-06
  -1.40000010       1.17902459E-06
  -1.38000000       1.94896052E-06
  -1.36000001       1.65010499E-06
  -1.34000003       1.60721152E-06
  -1.31999993       1.95851180E-06
  -1.29999995       1.39502799E-06
  -1.27999997       2.49183222E-06
  -1.25999999       1.05115203E-06
  -1.24000001       2.92389109E-06
  -1.22000003       8.23552682E-07
  -1.20000005       3.11617214E-06
  -1.18000007       7.89595333E-07
  -1.16000009       3.35521054E-06
  -1.14000010       6.73587351E-07
  -1.12000000       3.73221883E-06
  -1.10000002       7.30035651E-07
  -1.08000004       3.67679013E-06
  -1.05999994       9.54408506E-07
  -1.03999996       3.37154188E-06
  -1.01999998       1.02546755E-06
  -1.00000000       3.08379185E-06
 -0.980000019       1.24789483E-06
 -0.960000038       3.24810662E-06
 -0.940000057       2.02979777E-06
 -0.920000076       3.44179398E-06
 -0.899999976       1.51349957E-06
 -0.879999995       1.86666045E-06
 -0.860000014       1.02175548E-08
 -0.840000033       6.77835033E-07
 -0.820000052       3.15784632E-06
 -0.800000072       1.97753070E-06
 -0.779999971       6.97457472E-06
 -0.759999990       2.18920668E-05
 -0.740000010       7.55481742E-05
 -0.720000029       2.34117135E-04
 -0.700000048       4.28966916E-04
 -0.680000067       6.68954919E-04
 -0.660000086       5.95037069E-04
 -0.639999986       2.79580447E-04
 -0.620000005       8.59393476E-05
 -0.600000024       1.48177485E-03
 -0.580000043       6.62636291E-03
 -0.560000062       1.60214603E-02
 -0.540000081       2.72239968E-02
 -0.519999981       3.22290212E-02
 -0.500000000       2.44165342E-02
 -0.480000019       6.86017796E-03
 -0.460000038       3.80553119E-03
 -0.440000057       5.52649498E-02
 -0.420000076      0.188203245    
 -0.400000095      0.377087355    
 -0.379999995      0.522849023    
 -0.360000014      0.505074322    
 -0.340000033      0.290184498    
 -0.320000052       4.14492376E-02
 -0.300000072       9.25082266E-02
 -0.280000091      0.735600710    
 -0.259999990       1.92129755    
 -0.240000010       3.10777617    
 -0.220000029       3.52320695    
 -0.200000048       2.72525072    
 -0.180000067       1.15288007    
 -0.160000086       4.55847643E-02
 -0.139999986      0.689496756    
 -0.120000005       3.35612130    
 -0.100000024       6.79195929    
  -8.00000429E-02   8.94020748    
  -6.00000620E-02   8.23205090    
  -4.00000811E-02   5.10400772    
  -2.00001001E-02   1.46824598    
   0.00000000       1.30749242E-02
   1.99999809E-02   2.96820472E-05
   3.99999619E-02   9.51755555E-06
   5.99999428E-02   2.45023239E-06
   7.99999237E-02   7.97772202E-07
   9.99999046E-02   6.72882095E-07
  0.119999886       2.78860711E-07
  0.139999866       6.12393819E-07
  0.159999847       3.20172916E-07
  0.180000067       7.77594096E-07
  0.200000048       4.97957160E-07
  0.220000029       1.00821615E-06
  0.240000010       7.53909262E-07
  0.259999990       1.26559507E-06
  0.279999971       1.07269489E-06
  0.299999952       1.52506379E-06
  0.319999933       1.44159173E-06
  0.339999914       1.77327070E-06
  0.359999895       1.84178543E-06
  0.379999876       2.02210481E-06
  0.399999857       2.25709846E-06
  0.419999838       2.31018657E-06
  0.440000057       2.65609287E-06
  0.460000038       2.65844437E-06
  0.480000019       2.98158056E-06
  0.500000000       3.02309923E-06
  0.519999981       3.20562731E-06
  0.539999962       3.36282346E-06
  0.559999943       3.41817258E-06
  0.579999924       3.67202642E-06
  0.599999905       3.68876545E-06
  0.619999886       3.87829732E-06
  0.639999866       3.92254924E-06
  0.659999847       3.94720382E-06
  0.679999828       4.08752794E-06
  0.700000048       4.05614583E-06
  0.720000029       4.19640583E-06
  0.740000010       4.17385127E-06
  0.759999990       4.13666385E-06
  0.779999971       4.19268417E-06
  0.799999952       4.10259918E-06
  0.819999933       4.17032243E-06
  0.839999914       4.09925633E-06
  0.859999895       3.98377279E-06
  0.879999876       4.00862609E-06
  0.899999857       3.88398757E-06
  0.919999838       3.86238389E-06
  0.939999819       3.77294077E-06
  0.960000038       3.61439152E-06
  0.980000019       3.63405115E-06
   1.00000000       3.49993002E-06
   1.01999998       3.36742278E-06
   1.03999996       3.33772437E-06
   1.05999994       3.19395144E-06
   1.07999992       3.12496468E-06
   1.09999990       3.03690672E-06
   1.11999989       2.89035870E-06
   1.13999987       2.86878139E-06
   1.15999985       2.75214029E-06
   1.17999983       2.61192781E-06
   1.19999981       2.60766660E-06
   1.22000003       2.48904257E-06
   1.24000001       2.35805578E-06
   1.25999999       2.36382948E-06
   1.27999997       2.24690825E-06
   1.29999995       2.12986811E-06
   1.31999993       2.13966246E-06
   1.33999991       2.02901902E-06
   1.35999990       1.92469406E-06
   1.37999988       1.93486358E-06
   1.39999986       1.83557222E-06
   1.41999984       1.74267552E-06
   1.43999982       1.74597119E-06
   1.46000004       1.66747100E-06
   1.48000002       1.58292914E-06
   1.50000000       1.56384476E-06
   1.51999998       1.52742541E-06
   1.53999996       1.44294677E-06
   1.55999994       1.39432768E-06
   1.57999992       1.40324585E-06
   1.59999990       1.31454306E-06
   1.61999989       1.25541703E-06
   1.63999987       1.27244414E-06
   1.65999985       1.21118433E-06
   1.67999983       1.14573504E-06
   1.69999981       1.12272221E-06
   1.72000003       1.13255123E-06
   1.74000001       1.05012680E-06
   1.75999999       1.00471345E-06
   1.77999997       1.01908051E-06
   1.79999995       9.89011255E-07
   1.81999993       9.19980039E-07
   1.83999991       8.90980289E-07
   1.85999990       9.17122634E-07
   1.87999988       8.65383754E-07
   1.89999986       8.07941944E-07
   1.91999984       7.94390417E-07
   1.93999982       8.19431307E-07
   1.95999980       7.64403239E-07
   1.98000002       7.11013570E-07
   2.00000000       7.04963895E-07
   2.01999998       7.30340275E-07
   2.03999996       6.83262783E-07
   2.05999994       6.25463372E-07
   2.07999992       6.23025471E-07
   2.09999990       6.46637034E-07
   2.11999989       6.21970230E-07
   2.13999987       5.50062055E-07
   2.15999985       5.43342537E-07
   2.17999983       5.68043106E-07
   2.19999981       5.70993564E-07
   2.21999979       4.99931787E-07
   2.23999977       4.59688749E-07
   2.25999975       4.93380185E-07
   2.27999973       5.18450918E-07
   2.29999971       4.78162235E-07
   2.31999969       3.95850265E-07
   2.33999968       3.98307833E-07
   2.36000013       4.63535372E-07
   2.38000011       4.67605275E-07
   2.40000010       3.85676486E-07
   2.42000008       3.06572190E-07
   2.44000006       3.49995389E-07
   2.46000004       4.51224281E-07
   2.48000002       4.33961020E-07
   2.50000000       3.03279876E-07
   2.51999998       2.20238377E-07
   2.53999996       3.02702887E-07
   2.55999994       4.52857904E-07
   2.57999992       4.42843657E-07
   2.59999990       2.55093681E-07
   2.61999989       1.33489067E-07
   2.63999987       2.42131762E-07
   2.65999985       4.47591532E-07
   2.67999983       4.77426966E-07
   2.69999981       2.69215377E-07
   2.71999979       7.78615785E-08
   2.73999977       1.58713675E-07
   2.75999975       4.13499237E-07
   2.77999973       5.02551757E-07
   2.79999971       3.02895614E-07
   2.81999969       6.79988119E-08
   2.83999968       9.49391676E-08
   2.85999966       3.37862218E-07
   2.88000011       4.67736385E-07
   2.90000010       3.05880178E-07
   2.92000008       5.97686380E-08
   2.94000006       5.87682827E-08
   2.96000004       3.14441451E-07
   2.98000002       4.96402322E-07
   3.00000000       3.64042819E-07
   3.01999998       8.54636397E-08
   3.03999996       1.85876807E-08
   3.05999994       2.31272338E-07
   3.07999992       4.14176895E-07
   3.09999990       2.04217343E-07
