  -2.00000000       2.49967434E-06
  -1.98000002       1.19316281E-08
  -1.96000004       2.64373193E-06
  -1.94000006       1.42763827E-08
  -1.91999996       2.58534146E-06
  -1.89999998       9.82512027E-09
  -1.88000000       2.70317878E-06
  -1.86000001       2.42502338E-08
  -1.84000003       2.62113417E-06
  -1.82000005       3.91068085E-08
  -1.79999995       2.64623691E-06
  -1.77999997       3.71352797E-08
  -1.75999999       2.77327899E-06
  -1.74000001       6.65307454E-08
  -1.72000003       2.62465528E-06
  -1.70000005       7.81183331E-08
  -1.68000007       2.86540740E-06
  -1.65999997       8.42018153E-08
  -1.63999999       2.71689692E-06
  -1.62000000       1.37746113E-07
  -1.60000002       2.84921384E-06
  -1.58000004       1.29575312E-07
  -1.55999994       2.92568188E-06
  -1.53999996       1.89738003E-07
  -1.51999998       2.84299199E-06
  -1.50000000       2.19790465E-07
  -1.48000002       3.05808112E-06
  -1.46000004       2.31575143E-07
  -1.44000006       3.01783871E-06
  -1.42000008       3.18272072E-07
  -1.40000010       3.05720687E-06
  -1.38000000       3.34177372E-07
  -1.36000001       3.26937879E-06
  -1.34000003       3.61988896E-07
  -1.31999993       3.19813057E-06
  -1.29999995       4.84266877E-07
  -1.27999997       3.26638951E-06
  -1.25999999       5.01710076E-07
  -1.24000001       3.47711398E-06
  -1.22000003       5.45032208E-07
  -1.20000005       3.46653496E-06
  -1.18000007       6.85094733E-07
  -1.16000009       3.43242755E-06
  -1.14000010       7.52641199E-07
  -1.12000000       3.70201246E-06
  -1.10000002       7.58249143E-07
  -1.08000004       3.65763231E-06
  -1.05999994       7.97453538E-07
  -1.03999996       3.35005825E-06
  -1.01999998       8.12238454E-07
  -1.00000000       3.34511014E-06
 -0.980000019       8.50776246E-07
 -0.960000038       3.51878043E-06
 -0.940000057       8.07729066E-07
 -0.920000076       2.14985607E-06
 -0.899999976       4.26439442E-07
 -0.879999995       5.15088523E-08
 -0.860000014       1.38442306E-06
 -0.840000033       1.16993431E-06
 -0.820000052       1.16044339E-06
 -0.800000072       3.03680451E-07
 -0.779999971       1.19060624E-05
 -0.759999990       5.50430050E-05
 -0.740000010       1.96145644E-04
 -0.720000029       3.82788159E-04
 -0.700000048       6.42449420E-04
 -0.680000067       6.49813795E-04
 -0.660000086       4.27899242E-04
 -0.639999986       9.76224110E-05
 -0.620000005       8.32537073E-04
 -0.600000024       4.42672148E-03
 -0.580000043       1.22124152E-02
 -0.560000062       2.29462199E-02
 -0.540000081       3.12012769E-02
 -0.519999981       2.92258691E-02
 -0.500000000       1.51484217E-02
 -0.480000019       2.06489721E-03
 -0.460000038       2.17826888E-02
 -0.440000057      0.109889798    
 -0.420000076      0.269796968    
 -0.400000095      0.447217911    
 -0.379999995      0.529606700    
 -0.360000014      0.430293977    
 -0.340000033      0.182189196    
 -0.320000052       1.02534909E-02
 -0.300000072      0.235715702    
 -0.280000091       1.04628980    
 -0.259999990       2.25337052    
 -0.240000010       3.25098324    
 -0.220000029       3.36225176    
 -0.200000048       2.35182428    
 -0.180000067      0.828317225    
 -0.160000086       1.07950978E-02
 -0.139999986      0.969253004    
 -0.120000005       3.72902393    
 -0.100000024       6.96599150    
  -8.00000429E-02   8.78830051    
  -6.00000620E-02   7.88791275    
  -4.00000811E-02   4.81365108    
  -2.00001001E-02   1.37300110    
   0.00000000       1.21868439E-02
   1.99999809E-02   2.82906240E-05
   3.99999619E-02   8.42774170E-06
   5.99999428E-02   2.52255495E-06
   7.99999237E-02   6.49928893E-07
   9.99999046E-02   6.29247893E-07
  0.119999886       3.24761260E-07
  0.139999866       4.29243499E-07
  0.159999847       4.67010153E-07
  0.180000067       4.77477272E-07
  0.200000048       7.02043678E-07
  0.220000029       6.15188469E-07
  0.240000010       9.72536554E-07
  0.259999990       8.10809240E-07
  0.279999971       1.25190581E-06
  0.299999952       1.06187827E-06
  0.319999933       1.51986717E-06
  0.339999914       1.37386940E-06
  0.359999895       1.77176264E-06
  0.379999876       1.74829574E-06
  0.399999857       2.01653688E-06
  0.419999838       2.16270996E-06
  0.440000057       2.25853296E-06
  0.460000038       2.55966643E-06
  0.480000019       2.50021458E-06
  0.500000000       2.87552302E-06
  0.519999981       2.78059110E-06
  0.539999962       3.11177473E-06
  0.559999943       3.14784393E-06
  0.579999924       3.29106228E-06
  0.599999905       3.51852600E-06
  0.619999886       3.42273188E-06
  0.639999866       3.73612556E-06
  0.659999847       3.59552018E-06
  0.679999828       3.81854579E-06
  0.700000048       3.88496937E-06
  0.720000029       3.83588485E-06
  0.740000010       4.05971105E-06
  0.759999990       3.84066971E-06
  0.779999971       4.02558226E-06
  0.799999952       3.99276541E-06
  0.819999933       3.92739184E-06
  0.839999914       4.07024027E-06
  0.859999895       3.81845848E-06
  0.879999876       3.92287347E-06
  0.899999857       3.88423723E-06
  0.919999838       3.73126022E-06
  0.939999819       3.82025473E-06
  0.960000038       3.58966508E-06
  0.980000019       3.59492310E-06
   1.00000000       3.60190074E-06
   1.01999998       3.35272148E-06
   1.03999996       3.39486542E-06
   1.05999994       3.28995611E-06
   1.07999992       3.14151930E-06
   1.09999990       3.16544219E-06
   1.11999989       2.96910935E-06
   1.13999987       2.91805986E-06
   1.15999985       2.91315314E-06
   1.17999983       2.68890881E-06
   1.19999981       2.68137660E-06
   1.22000003       2.65379890E-06
   1.24000001       2.44551052E-06
   1.25999999       2.44878629E-06
   1.27999997       2.40372128E-06
   1.29999995       2.22443600E-06
   1.31999993       2.22917356E-06
   1.33999991       2.17829620E-06
   1.35999990       2.02197248E-06
   1.37999988       2.02481306E-06
   1.39999986       1.97859708E-06
   1.41999984       1.83554471E-06
   1.43999982       1.83813256E-06
   1.46000004       1.80149198E-06
   1.48000002       1.66668258E-06
   1.50000000       1.66930613E-06
   1.51999998       1.63807522E-06
   1.53999996       1.52247753E-06
   1.55999994       1.51428583E-06
   1.57999992       1.48617994E-06
   1.59999990       1.40208977E-06
   1.61999989       1.36618007E-06
   1.63999987       1.35216374E-06
   1.65999985       1.29916396E-06
   1.67999983       1.22615347E-06
   1.69999981       1.23742689E-06
   1.72000003       1.19252888E-06
   1.74000001       1.12117880E-06
   1.75999999       1.12117755E-06
   1.77999997       1.09339669E-06
   1.79999995       1.04031290E-06
   1.81999993       9.97780035E-07
   1.83999991       1.01591002E-06
   1.85999990       9.58280225E-07
   1.87999988       9.09513176E-07
   1.89999986       9.10308586E-07
   1.91999984       9.04388060E-07
   1.93999982       8.37235120E-07
   1.95999980       8.05457489E-07
   1.98000002       8.33037802E-07
   2.00000000       8.02125328E-07
   2.01999998       7.26759538E-07
   2.03999996       7.21081165E-07
   2.05999994       7.63620790E-07
   2.07999992       7.14677924E-07
   2.09999990       6.24502604E-07
   2.11999989       6.45335490E-07
   2.13999987       7.04974639E-07
   2.15999985       6.46601450E-07
   2.17999983       5.28295573E-07
   2.19999981       5.69769952E-07
   2.21999979       6.58710803E-07
   2.23999977       6.03885155E-07
   2.25999975       4.43279276E-07
   2.27999973       4.75160505E-07
   2.29999971       6.24712982E-07
   2.31999969       5.92103959E-07
   2.33999968       3.88560579E-07
   2.36000013       3.56415114E-07
   2.38000011       5.73204034E-07
   2.40000010       6.23670644E-07
   2.42000008       3.82670748E-07
   2.44000006       2.44073703E-07
   2.46000004       4.56308811E-07
   2.48000002       6.58596377E-07
   2.50000000       4.57928280E-07
   2.51999998       1.80495590E-07
   2.53999996       3.01889287E-07
   2.55999994       6.05843354E-07
   2.57999992       5.55953022E-07
   2.59999990       2.10587800E-07
   2.61999989       1.59319683E-07
   2.63999987       4.96984740E-07
   2.65999985       6.17961632E-07
   2.67999983       2.95270212E-07
   2.69999981       8.17519705E-08
   2.71999979       3.38022858E-07
   2.73999977       6.09220251E-07
   2.75999975       4.11380768E-07
   2.77999973       7.33255376E-08
   2.79999971       1.85639067E-07
   2.81999969       5.56433349E-07
   2.83999968       5.28228838E-07
   2.85999966       1.41121561E-07
   2.88000011       6.85734705E-08
   2.90000010       4.31312344E-07
   2.92000008       5.82504867E-07
   2.94000006       2.48429160E-07
   2.96000004       1.10842127E-08
   2.98000002       2.90694345E-07
   3.00000000       6.06745743E-07
   3.01999998       4.10797213E-07
   3.03999996       3.82690324E-08
   3.05999994       1.18525946E-07
   3.07999992       4.73055081E-07
   3.09999990       5.59376758E-07
