  -2.00000000       2.50696098E-06
  -1.98000002       3.54895704E-08
  -1.96000004       2.80048948E-06
  -1.94000006       1.06944796E-07
  -1.91999996       2.43237105E-06
  -1.89999998       2.21522939E-07
  -1.88000000       2.51718257E-06
  -1.86000001       2.99882572E-07
  -1.84000003       2.35107314E-06
  -1.82000005       5.53820428E-07
  -1.79999995       2.12236091E-06
  -1.77999997       6.48270543E-07
  -1.75999999       2.13465069E-06
  -1.74000001       8.98987764E-07
  -1.72000003       1.73812930E-06
  -1.70000005       1.18502157E-06
  -1.68000007       1.77816605E-06
  -1.65999997       1.25379188E-06
  -1.63999999       1.39790109E-06
  -1.62000000       1.74495642E-06
  -1.60000002       1.33572098E-06
  -1.58000004       1.79424683E-06
  -1.55999994       1.14511352E-06
  -1.53999996       2.13653584E-06
  -1.51999998       8.44147053E-07
  -1.50000000       2.50440348E-06
  -1.48000002       8.60072191E-07
  -1.46000004       2.48004403E-06
  -1.44000006       6.20258618E-07
  -1.42000008       2.94235406E-06
  -1.40000010       4.83469989E-07
  -1.38000000       3.13455985E-06
  -1.36000001       5.27229474E-07
  -1.34000003       3.02765238E-06
  -1.31999993       4.47922986E-07
  -1.29999995       3.47840205E-06
  -1.27999997       3.76179543E-07
  -1.25999999       3.56775081E-06
  -1.24000001       5.29436079E-07
  -1.22000003       3.32246623E-06
  -1.20000005       7.17589899E-07
  -1.18000007       3.50025653E-06
  -1.16000009       7.40494556E-07
  -1.14000010       3.65801679E-06
  -1.12000000       9.04817739E-07
  -1.10000002       3.21009543E-06
  -1.08000004       1.23335735E-06
  -1.05999994       2.78638254E-06
  -1.03999996       1.38535893E-06
  -1.01999998       2.78268635E-06
  -1.00000000       1.37374582E-06
 -0.980000019       2.51834695E-06
 -0.960000038       1.43848683E-06
 -0.940000057       1.12998487E-06
 -0.920000076       9.39934182E-07
 -0.899999976       6.74324028E-08
 -0.879999995       6.22243817E-07
 -0.860000014       2.47516755E-06
 -0.840000033       1.30666001E-06
 -0.820000052       1.78109030E-06
 -0.800000072       6.92569256E-06
 -0.779999971       3.08801646E-05
 -0.759999990       1.26950792E-04
 -0.740000010       3.00132495E-04
 -0.720000029       5.49695978E-04
 -0.700000048       7.57096685E-04
 -0.680000067       7.09249754E-04
 -0.660000086       4.58177296E-04
 -0.639999986       5.27009543E-04
 -0.620000005       2.24449066E-03
 -0.600000024       7.58068310E-03
 -0.580000043       1.67297050E-02
 -0.560000062       2.76172962E-02
 -0.540000081       3.33037488E-02
 -0.519999981       2.79805139E-02
 -0.500000000       1.33152623E-02
 -0.480000019       8.31682887E-03
 -0.460000038       4.59337234E-02
 -0.440000057      0.155311018    
 -0.420000076      0.324245334    
 -0.400000095      0.485353529    
 -0.379999995      0.527608097    
 -0.360000014      0.390965819    
 -0.340000033      0.146447107    
 -0.320000052       4.03964967E-02
 -0.300000072      0.369564712    
 -0.280000091       1.25419712    
 -0.259999990       2.43541312    
 -0.240000010       3.29987884    
 -0.220000029       3.24056649    
 -0.200000048       2.14431119    
 -0.180000067      0.685178101    
 -0.160000086       4.43222523E-02
 -0.139999986       1.15611255    
 -0.120000005       3.91879511    
 -0.100000024       7.00318289    
  -8.00000429E-02   8.62416649    
  -6.00000620E-02   7.63147497    
  -4.00000811E-02   4.61465406    
  -2.00001001E-02   1.31016517    
   0.00000000       1.16292592E-02
   1.99999809E-02   2.59365497E-05
   3.99999619E-02   8.96858910E-06
   5.99999428E-02   1.89337868E-06
   7.99999237E-02   9.61666274E-07
   9.99999046E-02   4.04399003E-07
  0.119999886       4.10176881E-07
  0.139999866       3.90282764E-07
  0.159999847       3.87791488E-07
  0.180000067       5.65009032E-07
  0.200000048       4.88281387E-07
  0.220000029       7.96094525E-07
  0.240000010       6.50987374E-07
  0.259999990       1.05206686E-06
  0.279999971       8.60237947E-07
  0.299999952       1.31519641E-06
  0.319999933       1.11428994E-06
  0.339999914       1.57321801E-06
  0.359999895       1.42202202E-06
  0.379999876       1.81956841E-06
  0.399999857       1.78983714E-06
  0.419999838       2.05180982E-06
  0.440000057       2.19397725E-06
  0.460000038       2.26617726E-06
  0.480000019       2.56955877E-06
  0.500000000       2.47977846E-06
  0.519999981       2.87106013E-06
  0.539999962       2.74612194E-06
  0.559999943       3.10831228E-06
  0.579999924       3.09688858E-06
  0.599999905       3.27431394E-06
  0.619999886       3.43614420E-06
  0.639999866       3.35976415E-06
  0.659999847       3.66564973E-06
  0.679999828       3.49554648E-06
  0.700000048       3.79315838E-06
  0.720000029       3.75241007E-06
  0.740000010       3.77984588E-06
  0.759999990       3.93725486E-06
  0.779999971       3.71965712E-06
  0.799999952       3.98359498E-06
  0.819999933       3.84541909E-06
  0.839999914       3.87027740E-06
  0.859999895       3.94294057E-06
  0.879999876       3.69503277E-06
  0.899999857       3.88917897E-06
  0.919999838       3.74443107E-06
  0.939999819       3.66540735E-06
  0.960000038       3.73229113E-06
  0.980000019       3.47511968E-06
   1.00000000       3.57919021E-06
   1.01999998       3.48817366E-06
   1.03999996       3.27822227E-06
   1.05999994       3.36986409E-06
   1.07999992       3.19362675E-06
   1.09999990       3.11333451E-06
   1.11999989       3.11477220E-06
   1.13999987       2.90119715E-06
   1.15999985       2.91604351E-06
   1.17999983       2.85327656E-06
   1.19999981       2.64764890E-06
   1.22000003       2.69025918E-06
   1.24000001       2.59654735E-06
   1.25999999       2.42481860E-06
   1.27999997       2.45839988E-06
   1.29999995       2.36057599E-06
   1.31999993       2.21717801E-06
   1.33999991       2.23588381E-06
   1.35999990       2.14667239E-06
   1.37999988       2.02421302E-06
   1.39999986       2.03280365E-06
   1.41999984       1.95433586E-06
   1.43999982       1.84581313E-06
   1.46000004       1.84736609E-06
   1.48000002       1.78162384E-06
   1.50000000       1.68347970E-06
   1.51999998       1.68118231E-06
   1.53999996       1.62053436E-06
   1.55999994       1.54210102E-06
   1.57999992       1.53060341E-06
   1.59999990       1.46980653E-06
   1.61999989       1.42241038E-06
   1.63999987       1.39137171E-06
   1.65999985       1.33340075E-06
   1.67999983       1.31183197E-06
   1.69999981       1.26748523E-06
   1.72000003       1.22442646E-06
   1.74000001       1.18624246E-06
   1.75999999       1.16872297E-06
   1.77999997       1.13403053E-06
   1.79999995       1.06149321E-06
   1.81999993       1.07801952E-06
   1.83999991       1.05201127E-06
   1.85999990       9.79532615E-07
   1.87999988       9.48096670E-07
   1.89999986       9.85766746E-07
   1.91999984       9.35743287E-07
   1.93999982       8.36720574E-07
   1.95999980       8.70416443E-07
   1.98000002       9.06146624E-07
   2.00000000       8.12456619E-07
   2.01999998       7.18023102E-07
   2.03999996       8.15310898E-07
   2.05999994       8.35084506E-07
   2.07999992       6.87570150E-07
   2.09999990       6.22118023E-07
   2.11999989       7.75873787E-07
   2.13999987       7.72368139E-07
   2.15999985       5.71868441E-07
   2.17999983       5.39296877E-07
   2.19999981       7.44855470E-07
   2.21999979       7.25332427E-07
   2.23999977       4.67157491E-07
   2.25999975       4.66785451E-07
   2.27999973       7.17147429E-07
   2.29999971       6.91539242E-07
   2.31999969       3.80600397E-07
   2.33999968       3.99655903E-07
   2.36000013       6.93013817E-07
   2.38000011       6.58229794E-07
   2.40000010       3.14331459E-07
   2.42000008       3.35279140E-07
   2.44000006       6.84844963E-07
   2.46000004       6.34376988E-07
   2.48000002       2.55689599E-07
   2.50000000       2.76302387E-07
   2.51999998       6.65644052E-07
   2.53999996       6.40633175E-07
   2.55999994       2.13736357E-07
   2.57999992       2.23856716E-07
   2.59999990       6.40508119E-07
   2.61999989       6.29118858E-07
   2.63999987       1.95214625E-07
   2.65999985       1.71271978E-07
   2.67999983       5.94939138E-07
   2.69999981       6.12623012E-07
   2.71999979       1.74113396E-07
   2.73999977       1.51155433E-07
   2.75999975       5.79925825E-07
   2.77999973       5.84245754E-07
   2.79999971       1.39354611E-07
   2.81999969       1.25934932E-07
   2.83999968       5.79488869E-07
   2.85999966       6.06134336E-07
   2.88000011       1.43473727E-07
   2.90000010       8.88141614E-08
   2.92000008       5.34105482E-07
   2.94000006       5.80513586E-07
   2.96000004       1.28935142E-07
   2.98000002       8.60390870E-08
   3.00000000       5.55270958E-07
   3.01999998       6.14381975E-07
   3.03999996       1.41935260E-07
   3.05999994       5.82805590E-08
   3.07999992       4.89723220E-07
   3.09999990       5.24704262E-07
