  -2.00000000       2.74869035E-06
  -1.98000002       1.60328582E-07
  -1.96000004       2.41957014E-06
  -1.94000006       4.52996858E-07
  -1.91999996       2.22184417E-06
  -1.89999998       9.70690621E-07
  -1.88000000       1.57767840E-06
  -1.86000001       1.50244318E-06
  -1.84000003       1.06670245E-06
  -1.82000005       2.02153024E-06
  -1.79999995       6.64642130E-07
  -1.77999997       2.51608412E-06
  -1.75999999       1.98830605E-07
  -1.74000001       2.83515169E-06
  -1.72000003       1.11921601E-07
  -1.70000005       2.81907683E-06
  -1.68000007       1.35523081E-07
  -1.65999997       2.95474410E-06
  -1.63999999       3.36024357E-07
  -1.62000000       2.43974910E-06
  -1.60000002       8.70427414E-07
  -1.58000004       2.12844452E-06
  -1.55999994       1.38188238E-06
  -1.53999996       1.63604022E-06
  -1.51999998       1.90657693E-06
  -1.50000000       9.86772648E-07
  -1.48000002       2.72992088E-06
  -1.46000004       6.70837949E-07
  -1.44000006       2.89179320E-06
  -1.42000008       4.09939190E-07
  -1.40000010       3.27334078E-06
  -1.38000000       2.75588405E-07
  -1.36000001       3.45505214E-06
  -1.34000003       4.97868598E-07
  -1.31999993       2.96847134E-06
  -1.29999995       1.05360323E-06
  -1.27999997       2.69493603E-06
  -1.25999999       1.55220266E-06
  -1.24000001       2.34101458E-06
  -1.22000003       2.11115912E-06
  -1.20000005       1.55913028E-06
  -1.18000007       2.98739769E-06
  -1.16000009       1.03820332E-06
  -1.14000010       3.52132497E-06
  -1.12000000       7.99545319E-07
  -1.10000002       3.38088489E-06
  -1.08000004       6.41095482E-07
  -1.05999994       3.30577222E-06
  -1.03999996       5.70018244E-07
  -1.01999998       3.11309736E-06
  -1.00000000       5.95347615E-07
 -0.980000019       1.93951405E-06
 -0.960000038       5.28811313E-07
 -0.940000057       2.58146542E-07
 -0.920000076       4.59755427E-07
 -0.899999976       1.68668419E-06
 -0.879999995       2.32286925E-06
 -0.860000014       6.62346338E-06
 -0.840000033       6.46438639E-06
 -0.820000052       1.74240377E-05
 -0.800000072       4.65927296E-05
 -0.779999971       1.44629128E-04
 -0.759999990       3.11063806E-04
 -0.740000010       6.22795895E-04
 -0.720000029       8.71089171E-04
 -0.700000048       1.10006589E-03
 -0.680000067       1.02627766E-03
 -0.660000086       1.22986082E-03
 -0.639999986       2.52469466E-03
 -0.620000005       6.78907800E-03
 -0.600000024       1.47923445E-02
 -0.580000043       2.61308905E-02
 -0.560000062       3.54316011E-02
 -0.540000081       3.76348794E-02
 -0.519999981       2.90282182E-02
 -0.500000000       2.04052329E-02
 -0.480000019       3.55959088E-02
 -0.460000038      0.106521212    
 -0.440000057      0.244017333    
 -0.420000076      0.416628212    
 -0.400000095      0.537491024    
 -0.379999995      0.520197928    
 -0.360000014      0.343514115    
 -0.340000033      0.139480516    
 -0.320000052      0.159758538    
 -0.300000072      0.644042134    
 -0.280000091       1.60295522    
 -0.259999990       2.69289732    
 -0.240000010       3.31946015    
 -0.220000029       3.01681590    
 -0.200000048       1.83433807    
 -0.180000067      0.526003361    
 -0.160000086      0.164341003    
 -0.139999986       1.46813381    
 -0.120000005       4.17650747    
 -0.100000024       6.96547890    
  -8.00000429E-02   8.27386856    
  -6.00000620E-02   7.15330744    
  -4.00000811E-02   4.26837683    
  -2.00001001E-02   1.20196152    
   0.00000000       1.06196068E-02
   1.99999809E-02   2.32881139E-05
   3.99999619E-02   8.33327522E-06
   5.99999428E-02   1.43733382E-06
   7.99999237E-02   1.07989752E-06
   9.99999046E-02   1.18447346E-07
  0.119999886       5.96339419E-07
  0.139999866       9.41868947E-08
  0.159999847       5.95439303E-07
  0.180000067       2.33988871E-07
  0.200000048       7.03494948E-07
  0.220000029       4.34096421E-07
  0.240000010       8.55983671E-07
  0.259999990       6.80926064E-07
  0.279999971       1.02692854E-06
  0.299999952       9.68557856E-07
  0.319999933       1.20862342E-06
  0.339999914       1.27773023E-06
  0.359999895       1.40188445E-06
  0.379999876       1.59088574E-06
  0.399999857       1.61707237E-06
  0.419999838       1.89939328E-06
  0.440000057       1.87668104E-06
  0.460000038       2.19033927E-06
  0.480000019       2.19231151E-06
  0.500000000       2.43666454E-06
  0.519999981       2.52497148E-06
  0.539999962       2.62621779E-06
  0.559999943       2.82051838E-06
  0.579999924       2.81334292E-06
  0.599999905       3.07519849E-06
  0.619999886       3.06591392E-06
  0.639999866       3.27450971E-06
  0.659999847       3.33076832E-06
  0.679999828       3.36898279E-06
  0.700000048       3.52311008E-06
  0.720000029       3.45291460E-06
  0.740000010       3.66484096E-06
  0.759999990       3.62670585E-06
  0.779999971       3.69139229E-06
  0.799999952       3.75582499E-06
  0.819999933       3.63133427E-06
  0.839999914       3.79885319E-06
  0.859999895       3.70305429E-06
  0.879999876       3.73057355E-06
  0.899999857       3.75328750E-06
  0.919999838       3.57713816E-06
  0.939999819       3.69986287E-06
  0.960000038       3.59628075E-06
  0.980000019       3.52643133E-06
   1.00000000       3.55139105E-06
   1.01999998       3.35914910E-06
   1.03999996       3.41914756E-06
   1.05999994       3.34566084E-06
   1.07999992       3.16930323E-06
   1.09999990       3.21996231E-06
   1.11999989       3.08355220E-06
   1.13999987       3.00867282E-06
   1.15999985       2.98890950E-06
   1.17999983       2.81721350E-06
   1.19999981       2.82156543E-06
   1.22000003       2.75165439E-06
   1.24000001       2.57995271E-06
   1.25999999       2.61176751E-06
   1.27999997       2.51714619E-06
   1.29999995       2.37296490E-06
   1.31999993       2.39675433E-06
   1.33999991       2.29185343E-06
   1.35999990       2.18387618E-06
   1.37999988       2.19261756E-06
   1.39999986       2.08508504E-06
   1.41999984       2.00338104E-06
   1.43999982       2.00420072E-06
   1.46000004       1.90084745E-06
   1.48000002       1.83388806E-06
   1.50000000       1.83542340E-06
   1.51999998       1.73312844E-06
   1.53999996       1.67486746E-06
   1.55999994       1.68565839E-06
   1.57999992       1.57986824E-06
   1.59999990       1.52715654E-06
   1.61999989       1.55505143E-06
   1.63999987       1.43904219E-06
   1.65999985       1.39295548E-06
   1.67999983       1.43351303E-06
   1.69999981       1.31985666E-06
   1.72000003       1.26833118E-06
   1.74000001       1.31175887E-06
   1.75999999       1.23352049E-06
   1.77999997       1.14366321E-06
   1.79999995       1.18979642E-06
   1.81999993       1.17920945E-06
   1.83999991       1.02352999E-06
   1.85999990       1.06713128E-06
   1.87999988       1.12341252E-06
   1.89999986       9.58216560E-07
   1.91999984       9.23067660E-07
   1.93999982       1.04694652E-06
   1.95999980       9.60263492E-07
   1.98000002       7.76205184E-07
   2.00000000       9.28692145E-07
   2.01999998       9.80590130E-07
   2.03999996       7.35745573E-07
   2.05999994       7.20564515E-07
   2.07999992       9.67476694E-07
   2.09999990       8.10383654E-07
   2.11999989       5.56287603E-07
   2.13999987       7.85082136E-07
   2.15999985       9.42982126E-07
   2.17999983       5.76848663E-07
   2.19999981       5.04363356E-07
   2.21999979       8.88258910E-07
   2.23999977       8.04679360E-07
   2.25999975       3.75352926E-07
   2.27999973       5.90009563E-07
   2.29999971       9.27195572E-07
   2.31999969       5.70253121E-07
   2.33999968       2.93320682E-07
   2.36000013       7.45815669E-07
   2.38000011       8.44181102E-07
   2.40000010       3.29657325E-07
   2.42000008       3.58975399E-07
   2.44000006       8.44381191E-07
   2.46000004       6.30954446E-07
   2.48000002       1.87028135E-07
   2.50000000       5.39948417E-07
   2.51999998       8.26562882E-07
   2.53999996       3.50797620E-07
   2.55999994       2.01572462E-07
   2.57999992       7.20995615E-07
   2.59999990       6.81716642E-07
   2.61999989       1.44104206E-07
   2.63999987       3.63697268E-07
   2.65999985       8.20590515E-07
   2.67999983       4.27618204E-07
   2.69999981       8.31578149E-08
   2.71999979       5.68581981E-07
   2.73999977       7.36898812E-07
   2.75999975       1.79374638E-07
   2.77999973       1.87421989E-07
   2.79999971       7.42171380E-07
   2.81999969       5.36445441E-07
   2.83999968       3.72682578E-08
   2.85999966       4.12883367E-07
   2.88000011       7.81964729E-07
   2.90000010       2.72302003E-07
   2.92000008       6.61927331E-08
   2.94000006       6.34962078E-07
   2.96000004       6.37953917E-07
   2.98000002       6.12427939E-08
   3.00000000       2.51737674E-07
   3.01999998       7.69268468E-07
   3.03999996       4.09782388E-07
   3.05999994       2.68275646E-09
   3.07999992       4.54535439E-07
   3.09999990       6.38319648E-07
