  -2.00000000       2.80434188E-06
  -1.98000002       2.25692560E-07
  -1.96000004       2.37119025E-06
  -1.94000006       6.16029411E-07
  -1.91999996       1.94140921E-06
  -1.89999998       1.26643477E-06
  -1.88000000       1.29140335E-06
  -1.86000001       1.97602276E-06
  -1.84000003       6.45270632E-07
  -1.82000005       2.40040936E-06
  -1.79999995       2.45344268E-07
  -1.77999997       2.94275446E-06
  -1.75999999       4.64385614E-08
  -1.74000001       2.82414385E-06
  -1.72000003       1.85011842E-07
  -1.70000005       2.73011824E-06
  -1.68000007       5.49822801E-07
  -1.65999997       2.18974446E-06
  -1.63999999       1.27603164E-06
  -1.62000000       1.59914714E-06
  -1.60000002       1.84564385E-06
  -1.58000004       9.76342903E-07
  -1.55999994       2.60816978E-06
  -1.53999996       4.46301044E-07
  -1.51999998       3.04476771E-06
  -1.50000000       2.54127798E-07
  -1.48000002       3.15231227E-06
  -1.46000004       3.07248911E-07
  -1.44000006       3.15683656E-06
  -1.42000008       6.54931682E-07
  -1.40000010       2.60266347E-06
  -1.38000000       1.35960852E-06
  -1.36000001       1.96879864E-06
  -1.34000003       2.17421280E-06
  -1.31999993       1.42161537E-06
  -1.29999995       2.75593743E-06
  -1.27999997       8.10359722E-07
  -1.25999999       3.45479657E-06
  -1.24000001       4.87941350E-07
  -1.22000003       3.74885622E-06
  -1.20000005       5.82580356E-07
  -1.18000007       3.36913263E-06
  -1.16000009       1.05580671E-06
  -1.14000010       2.98151713E-06
  -1.12000000       1.58587068E-06
  -1.10000002       2.37035988E-06
  -1.08000004       1.98992961E-06
  -1.05999994       1.46262971E-06
  -1.03999996       2.50518451E-06
  -1.01999998       6.89855710E-07
  -1.00000000       2.51425195E-06
 -0.980000019       1.31964271E-07
 -0.960000038       1.06790424E-06
 -0.940000057       2.60693241E-07
 -0.920000076       1.13913764E-07
 -0.899999976       3.29174054E-06
 -0.879999995       3.77669858E-06
 -0.860000014       9.66541302E-06
 -0.840000033       1.11468717E-05
 -0.820000052       3.35130171E-05
 -0.800000072       7.55800211E-05
 -0.779999971       2.06498604E-04
 -0.759999990       4.26973711E-04
 -0.740000010       7.37152121E-04
 -0.720000029       1.07315369E-03
 -0.700000048       1.22702576E-03
 -0.680000067       1.32872153E-03
 -0.660000086       1.75746763E-03
 -0.639999986       3.77598545E-03
 -0.620000005       8.91342759E-03
 -0.600000024       1.81328319E-02
 -0.580000043       2.94456575E-02
 -0.560000062       3.87716889E-02
 -0.540000081       3.91546674E-02
 -0.519999981       3.14039811E-02
 -0.500000000       2.61303317E-02
 -0.480000019       5.04229590E-02
 -0.460000038      0.132324547    
 -0.440000057      0.278203785    
 -0.420000076      0.446591973    
 -0.400000095      0.554320931    
 -0.379999995      0.515678763    
 -0.360000014      0.335631073    
 -0.340000033      0.151200861    
 -0.320000052      0.218531817    
 -0.300000072      0.749609113    
 -0.280000091       1.72000337    
 -0.259999990       2.76669931    
 -0.240000010       3.31173754    
 -0.220000029       2.93299079    
 -0.200000048       1.74064541    
 -0.180000067      0.489172816    
 -0.160000086      0.219476834    
 -0.139999986       1.57597196    
 -0.120000005       4.24377060    
 -0.100000024       6.93397903    
  -8.00000429E-02   8.12919140    
  -6.00000620E-02   6.98254681    
  -4.00000811E-02   4.14386272    
  -2.00001001E-02   1.16493273    
   0.00000000       1.03175063E-02
   1.99999809E-02   2.23400039E-05
   3.99999619E-02   8.50409106E-06
   5.99999428E-02   1.28011038E-06
   7.99999237E-02   1.15538842E-06
   9.99999046E-02   9.37573716E-08
  0.119999886       5.84865461E-07
  0.139999866       1.32058233E-07
  0.159999847       5.26839870E-07
  0.180000067       3.10176915E-07
  0.200000048       5.91336857E-07
  0.220000029       5.32285071E-07
  0.240000010       7.08265190E-07
  0.259999990       7.80801543E-07
  0.279999971       8.60927344E-07
  0.299999952       1.04530682E-06
  0.319999933       1.04784135E-06
  0.339999914       1.32519790E-06
  0.359999895       1.26900352E-06
  0.379999876       1.61376420E-06
  0.399999857       1.53083408E-06
  0.419999838       1.89058233E-06
  0.440000057       1.82665565E-06
  0.460000038       2.12748091E-06
  0.480000019       2.13401836E-06
  0.500000000       2.32548382E-06
  0.519999981       2.44764783E-06
  0.539999962       2.52255290E-06
  0.559999943       2.76966921E-06
  0.579999924       2.74877743E-06
  0.599999905       3.04192849E-06
  0.619999886       2.97651627E-06
  0.639999866       3.19410833E-06
  0.659999847       3.20575646E-06
  0.679999828       3.29236423E-06
  0.700000048       3.45926992E-06
  0.720000029       3.41492841E-06
  0.740000010       3.62283686E-06
  0.759999990       3.51657582E-06
  0.779999971       3.63234949E-06
  0.799999952       3.64606649E-06
  0.819999933       3.64107700E-06
  0.839999914       3.76660819E-06
  0.859999895       3.62355809E-06
  0.879999876       3.71035912E-06
  0.899999857       3.64161110E-06
  0.919999838       3.62326136E-06
  0.939999819       3.69144459E-06
  0.960000038       3.50824303E-06
  0.980000019       3.55603129E-06
   1.00000000       3.48556159E-06
   1.01999998       3.40436327E-06
   1.03999996       3.43889178E-06
   1.05999994       3.24819302E-06
   1.07999992       3.24420148E-06
   1.09999990       3.22892993E-06
   1.11999989       3.05810067E-06
   1.13999987       3.05637650E-06
   1.15999985       2.96212761E-06
   1.17999983       2.86922887E-06
   1.19999981       2.85547821E-06
   1.22000003       2.70689770E-06
   1.24000001       2.66267807E-06
   1.25999999       2.63609923E-06
   1.27999997       2.48695551E-06
   1.29999995       2.45040201E-06
   1.31999993       2.41564021E-06
   1.33999991       2.28997305E-06
   1.35999990       2.24342716E-06
   1.37999988       2.20441643E-06
   1.39999986       2.10979965E-06
   1.41999984       2.04955609E-06
   1.43999982       2.00840077E-06
   1.46000004       1.94175686E-06
   1.48000002       1.87044463E-06
   1.50000000       1.83309680E-06
   1.51999998       1.78633627E-06
   1.53999996       1.71097429E-06
   1.55999994       1.66711141E-06
   1.57999992       1.64541666E-06
   1.59999990       1.57264321E-06
   1.61999989       1.50828066E-06
   1.63999987       1.51485710E-06
   1.65999985       1.46261323E-06
   1.67999983       1.35189816E-06
   1.69999981       1.39115059E-06
   1.72000003       1.37665404E-06
   1.74000001       1.21305322E-06
   1.75999999       1.26082989E-06
   1.77999997       1.30121407E-06
   1.79999995       1.12150065E-06
   1.81999993       1.10428300E-06
   1.83999991       1.22456140E-06
   1.85999990       1.09261373E-06
   1.87999988       9.33370870E-07
   1.89999986       1.12031796E-06
   1.91999984       1.10133522E-06
   1.93999982       8.28692919E-07
   1.95999980       9.40203790E-07
   1.98000002       1.10749897E-06
   2.00000000       8.37895584E-07
   2.01999998       7.16205705E-07
   2.03999996       1.03914124E-06
   2.05999994       9.32479963E-07
   2.07999992       5.95746258E-07
   2.09999990       8.09447727E-07
   2.11999989       1.03348759E-06
   2.13999987       6.34206174E-07
   2.15999985       5.54492658E-07
   2.17999983       9.56317990E-07
   2.19999981       8.14945622E-07
   2.21999979       4.10302562E-07
   2.23999977       7.27076042E-07
   2.25999975       9.46503917E-07
   2.27999973       4.80595077E-07
   2.29999971       4.26552901E-07
   2.31999969       9.34252569E-07
   2.33999968       7.14715725E-07
   2.36000013       2.60757901E-07
   2.38000011       6.46681940E-07
   2.40000010       9.36495894E-07
   2.42000008       3.86576062E-07
   2.44000006       3.05076725E-07
   2.46000004       8.59416900E-07
   2.48000002       6.64176355E-07
   2.50000000       1.80645372E-07
   2.51999998       5.52173049E-07
   2.53999996       8.34332582E-07
   2.55999994       2.96933621E-07
   2.57999992       2.63339444E-07
   2.59999990       8.29377996E-07
   2.61999989       5.78729782E-07
   2.63999987       9.15468092E-08
   2.65999985       5.41640020E-07
   2.67999983       8.40707344E-07
   2.69999981       2.52509892E-07
   2.71999979       1.82067438E-07
   2.73999977       7.66521453E-07
   2.75999975       5.40793565E-07
   2.77999973       5.41964056E-08
   2.79999971       5.18799027E-07
   2.81999969       7.97752193E-07
   2.83999968       1.88905119E-07
   2.85999966       1.61241147E-07
   2.88000011       7.72759563E-07
   2.90000010       5.30368425E-07
   2.92000008       2.04486881E-08
   2.94000006       4.65170615E-07
   2.96000004       7.43719283E-07
   2.98000002       1.55713067E-07
   3.00000000       1.55192254E-07
   3.01999998       7.84049234E-07
   3.03999996       5.32420870E-07
   3.05999994       2.85913848E-09
   3.07999992       4.25256957E-07
   3.09999990       6.83693997E-07
