  -2.00000000       2.52433756E-06
  -1.98000002       3.76596972E-07
  -1.96000004       2.31304057E-06
  -1.94000006       1.19008780E-06
  -1.91999996       1.31323964E-06
  -1.89999998       1.92299126E-06
  -1.88000000       5.05135006E-07
  -1.86000001       2.89264131E-06
  -1.84000003       6.45596145E-08
  -1.82000005       2.84453836E-06
  -1.79999995       2.12878348E-07
  -1.77999997       2.67060227E-06
  -1.75999999       6.87645638E-07
  -1.74000001       1.79134099E-06
  -1.72000003       1.87802698E-06
  -1.70000005       9.06099672E-07
  -1.68000007       2.53189546E-06
  -1.65999997       3.18163330E-07
  -1.63999999       3.05367917E-06
  -1.62000000       1.11396545E-07
  -1.60000002       3.11247732E-06
  -1.58000004       5.59358227E-07
  -1.55999994       2.17067304E-06
  -1.53999996       1.59840192E-06
  -1.51999998       1.53450628E-06
  -1.50000000       2.38198027E-06
  -1.48000002       6.51560356E-07
  -1.46000004       3.15301691E-06
  -1.44000006       2.15822453E-07
  -1.42000008       3.52865140E-06
  -1.40000010       4.83083511E-07
  -1.38000000       2.69338670E-06
  -1.36000001       1.47554908E-06
  -1.34000003       2.04811067E-06
  -1.31999993       2.38910843E-06
  -1.29999995       1.20805521E-06
  -1.27999997       3.09062443E-06
  -1.25999999       5.09939127E-07
  -1.24000001       3.89229444E-06
  -1.22000003       4.98842269E-07
  -1.20000005       3.39487883E-06
  -1.18000007       1.22663005E-06
  -1.16000009       2.28041813E-06
  -1.14000010       2.39594283E-06
  -1.12000000       1.47718902E-06
  -1.10000002       2.79744381E-06
  -1.08000004       7.79307072E-07
  -1.05999994       2.71894760E-06
  -1.03999996       2.93303259E-07
  -1.01999998       2.32831326E-06
  -1.00000000       1.22964991E-07
 -0.980000019       8.01155181E-07
 -0.960000038       2.61554192E-07
 -0.940000057       1.35096468E-06
 -0.920000076       2.27896317E-06
 -0.899999976       1.02157182E-05
 -0.879999995       1.00773468E-05
 -0.860000014       2.92625737E-05
 -0.840000033       3.98644661E-05
 -0.820000052       1.08389686E-04
 -0.800000072       2.06979108E-04
 -0.779999971       4.65439924E-04
 -0.759999990       7.68917263E-04
 -0.740000010       1.24568585E-03
 -0.720000029       1.59505021E-03
 -0.700000048       1.98780233E-03
 -0.680000067       2.50648474E-03
 -0.660000086       4.16120421E-03
 -0.639999986       8.22896883E-03
 -0.620000005       1.60638224E-02
 -0.600000024       2.75106672E-02
 -0.580000043       3.94043848E-02
 -0.560000062       4.71140668E-02
 -0.540000081       4.62191030E-02
 -0.519999981       4.19142842E-02
 -0.500000000       5.03125712E-02
 -0.480000019       9.90994200E-02
 -0.460000038      0.207124129    
 -0.440000057      0.366679221    
 -0.420000076      0.520010889    
 -0.400000095      0.588509142    
 -0.379999995      0.510941207    
 -0.360000014      0.331837624    
 -0.340000033      0.214897171    
 -0.320000052      0.398037195    
 -0.300000072       1.02508461    
 -0.280000091       2.00001502    
 -0.259999990       2.91489697    
 -0.240000010       3.26041198    
 -0.220000029       2.72160554    
 -0.200000048       1.52728879    
 -0.180000067      0.437851548    
 -0.160000086      0.379612565    
 -0.139999986       1.82868791    
 -0.120000005       4.38465738    
 -0.100000024       6.79506588    
  -8.00000429E-02   7.75027847    
  -6.00000620E-02   6.53016186    
  -4.00000811E-02   3.83752871    
  -2.00001001E-02   1.07084072    
   0.00000000       9.42475442E-03
   1.99999809E-02   2.05239994E-05
   3.99999619E-02   7.38371364E-06
   5.99999428E-02   1.28151521E-06
   7.99999237E-02   8.94166760E-07
   9.99999046E-02   1.86352153E-07
  0.119999886       4.16487978E-07
  0.139999866       2.12425391E-07
  0.159999847       3.78903252E-07
  0.180000067       3.69701809E-07
  0.200000048       4.49392815E-07
  0.220000029       5.67464269E-07
  0.240000010       5.73980060E-07
  0.259999990       7.87788849E-07
  0.279999971       7.42031773E-07
  0.299999952       1.01614012E-06
  0.319999933       9.51182074E-07
  0.339999914       1.24006044E-06
  0.359999895       1.19151787E-06
  0.379999876       1.45483614E-06
  0.399999857       1.45985575E-06
  0.419999838       1.65926167E-06
  0.440000057       1.75854439E-06
  0.460000038       1.87360934E-06
  0.480000019       2.06921845E-06
  0.500000000       2.11511792E-06
  0.519999981       2.34687900E-06
  0.539999962       2.36577239E-06
  0.559999943       2.56009389E-06
  0.579999924       2.61349169E-06
  0.599999905       2.73468481E-06
  0.619999886       2.88222213E-06
  0.639999866       2.92443065E-06
  0.659999847       3.12561815E-06
  0.679999828       3.11505710E-06
  0.700000048       3.24986559E-06
  0.720000029       3.28670285E-06
  0.740000010       3.31932461E-06
  0.759999990       3.46753905E-06
  0.779999971       3.43388888E-06
  0.799999952       3.56094847E-06
  0.819999933       3.51519088E-06
  0.839999914       3.52560482E-06
  0.859999895       3.60167132E-06
  0.879999876       3.53262885E-06
  0.899999857       3.63952336E-06
  0.919999838       3.53047471E-06
  0.939999819       3.51051631E-06
  0.960000038       3.55729230E-06
  0.980000019       3.43491092E-06
   1.00000000       3.50651976E-06
   1.01999998       3.38124664E-06
   1.03999996       3.30069474E-06
   1.05999994       3.37441656E-06
   1.07999992       3.20232630E-06
   1.09999990       3.19433730E-06
   1.11999989       3.13892815E-06
   1.13999987       3.00183569E-06
   1.15999985       3.05930257E-06
   1.17999983       2.90130129E-06
   1.19999981       2.80931818E-06
   1.22000003       2.85333567E-06
   1.24000001       2.68192321E-06
   1.25999999       2.63710035E-06
   1.27999997       2.61316995E-06
   1.29999995       2.47203843E-06
   1.31999993       2.46841205E-06
   1.33999991       2.37744075E-06
   1.35999990       2.27852388E-06
   1.37999988       2.29503462E-06
   1.39999986       2.16114063E-06
   1.41999984       2.09920972E-06
   1.43999982       2.12010605E-06
   1.46000004       1.96410360E-06
   1.48000002       1.93894130E-06
   1.50000000       1.95090024E-06
   1.51999998       1.78415507E-06
   1.53999996       1.79019639E-06
   1.55999994       1.79842118E-06
   1.57999992       1.62024890E-06
   1.59999990       1.65347114E-06
   1.61999989       1.66023608E-06
   1.63999987       1.46973207E-06
   1.65999985       1.52246389E-06
   1.67999983       1.54316763E-06
   1.69999981       1.33536651E-06
   1.72000003       1.38812334E-06
   1.74000001       1.45215472E-06
   1.75999999       1.21954997E-06
   1.77999997       1.23938344E-06
   1.79999995       1.39048166E-06
   1.81999993       1.12630653E-06
   1.83999991       1.07816834E-06
   1.85999990       1.34150423E-06
   1.87999988       1.06659922E-06
   1.89999986       9.19797913E-07
   1.91999984       1.26219425E-06
   1.93999982       1.07170865E-06
   1.95999980       7.71219675E-07
   1.98000002       1.13035287E-06
   2.00000000       1.13077658E-06
   2.01999998       6.57274541E-07
   2.03999996       9.63149887E-07
   2.05999994       1.17366949E-06
   2.07999992       6.36531070E-07
   2.09999990       7.47187244E-07
   2.11999989       1.18798289E-06
   2.13999987       7.04110903E-07
   2.15999985       5.27503175E-07
   2.17999983       1.12075554E-06
   2.19999981       8.36679590E-07
   2.21999979       3.87886871E-07
   2.23999977       9.31690636E-07
   2.25999975       9.70566589E-07
   2.27999973       3.45543697E-07
   2.29999971       7.16976956E-07
   2.31999969       1.03483319E-06
   2.33999968       4.00212514E-07
   2.36000013       4.86350245E-07
   2.38000011       1.02938509E-06
   2.40000010       5.17299270E-07
   2.42000008       3.10722669E-07
   2.44000006       9.56509098E-07
   2.46000004       6.63298124E-07
   2.48000002       1.86509297E-07
   2.50000000       7.93120307E-07
   2.51999998       8.43497673E-07
   2.53999996       1.64296992E-07
   2.55999994       5.71781754E-07
   2.57999992       9.39202494E-07
   2.59999990       2.50721996E-07
   2.61999989       3.41186961E-07
   2.63999987       9.28472616E-07
   2.65999985       3.98762552E-07
   2.67999983       1.64537909E-07
   2.69999981       8.69414180E-07
   2.71999979       6.03115382E-07
   2.73999977       6.14338873E-08
   2.75999975       6.97641383E-07
   2.77999973       7.77400089E-07
   2.79999971       7.21827078E-08
   2.81999969       4.70256879E-07
   2.83999968       8.72302962E-07
   2.85999966       1.75844505E-07
   2.88000011       2.51775759E-07
   2.90000010       8.90666001E-07
   2.92000008       3.61639025E-07
   2.94000006       8.21450286E-08
   2.96000004       7.97575240E-07
   2.98000002       5.65389314E-07
   3.00000000       6.80512890E-09
   3.01999998       6.40959115E-07
   3.03999996       7.68373525E-07
   3.05999994       4.47523618E-08
   3.07999992       3.93323546E-07
   3.09999990       9.53135213E-07
