  -2.00000000       3.04501555E-06
  -1.98000002       3.00137884E-07
  -1.96000004       2.18557716E-06
  -1.94000006       1.28073862E-06
  -1.91999996       1.29902355E-06
  -1.89999998       1.95532539E-06
  -1.88000000       4.56955206E-07
  -1.86000001       2.92185678E-06
  -1.84000003       4.21833803E-08
  -1.82000005       2.87611306E-06
  -1.79999995       2.59547193E-07
  -1.77999997       2.53925100E-06
  -1.75999999       8.12711278E-07
  -1.74000001       1.72737680E-06
  -1.72000003       1.96316932E-06
  -1.70000005       7.44860642E-07
  -1.68000007       2.71390923E-06
  -1.65999997       2.48359498E-07
  -1.63999999       3.02282820E-06
  -1.62000000       1.72674859E-07
  -1.60000002       3.02991543E-06
  -1.58000004       6.99414613E-07
  -1.55999994       2.02210435E-06
  -1.53999996       1.79924371E-06
  -1.51999998       1.24768917E-06
  -1.50000000       2.66295797E-06
  -1.48000002       5.17940350E-07
  -1.46000004       3.17115405E-06
  -1.44000006       2.46147493E-07
  -1.42000008       3.44696537E-06
  -1.40000010       6.23603228E-07
  -1.38000000       2.52456857E-06
  -1.36000001       1.75921571E-06
  -1.34000003       1.64260837E-06
  -1.31999993       2.78567563E-06
  -1.29999995       9.35334981E-07
  -1.27999997       3.25773476E-06
  -1.25999999       4.97845349E-07
  -1.24000001       3.74472029E-06
  -1.22000003       6.85734904E-07
  -1.20000005       3.20143658E-06
  -1.18000007       1.51199822E-06
  -1.16000009       1.91651066E-06
  -1.14000010       2.77063259E-06
  -1.12000000       1.03505056E-06
  -1.10000002       3.17281138E-06
  -1.08000004       5.62475861E-07
  -1.05999994       2.73202636E-06
  -1.03999996       3.73070236E-07
  -1.01999998       2.05747028E-06
  -1.00000000       2.81805740E-07
 -0.980000019       7.14623297E-07
 -0.960000038       2.21117944E-07
 -0.940000057       1.78304060E-06
 -0.920000076       2.19607819E-06
 -0.899999976       1.13709812E-05
 -0.879999995       1.04263181E-05
 -0.860000014       3.22728920E-05
 -0.840000033       4.26510269E-05
 -0.820000052       1.17067233E-04
 -0.800000072       2.22690418E-04
 -0.779999971       4.84576565E-04
 -0.759999990       8.12709332E-04
 -0.740000010       1.27568201E-03
 -0.720000029       1.66456832E-03
 -0.700000048       2.04908871E-03
 -0.680000067       2.65087467E-03
 -0.660000086       4.38335864E-03
 -0.639999986       8.68378300E-03
 -0.620000005       1.66301802E-02
 -0.600000024       2.83673052E-02
 -0.580000043       4.01117653E-02
 -0.560000062       4.78847288E-02
 -0.540000081       4.68617640E-02
 -0.519999981       4.30799015E-02
 -0.500000000       5.26430942E-02
 -0.480000019      0.103405632    
 -0.460000038      0.213057548    
 -0.440000057      0.373485804    
 -0.420000076      0.525076807    
 -0.400000095      0.590903044    
 -0.379999995      0.510851443    
 -0.360000014      0.332687497    
 -0.340000033      0.221478388    
 -0.320000052      0.412785470    
 -0.300000072       1.04602981    
 -0.280000091       2.01944685    
 -0.259999990       2.92401123    
 -0.240000010       3.25485063    
 -0.220000029       2.70591807    
 -0.200000048       1.51297843    
 -0.180000067      0.435976923    
 -0.160000086      0.392273724    
 -0.139999986       1.84701610    
 -0.120000005       4.39205027    
 -0.100000024       6.78362083    
  -8.00000429E-02   7.71948528    
  -6.00000620E-02   6.49724388    
  -4.00000811E-02   3.81429577    
  -2.00001001E-02   1.06411874    
   0.00000000       9.37176310E-03
   1.99999809E-02   2.01048097E-05
   3.99999619E-02   7.66725316E-06
   5.99999428E-02   1.05719755E-06
   7.99999237E-02   1.08067866E-06
   9.99999046E-02   1.92579677E-08
  0.119999886       5.74356932E-07
  0.139999866       6.16886808E-08
  0.159999847       5.28488727E-07
  0.180000067       2.24457210E-07
  0.200000048       5.94967389E-07
  0.220000029       4.26769446E-07
  0.240000010       7.10553707E-07
  0.259999990       6.54901442E-07
  0.279999971       8.58069484E-07
  0.299999952       8.99314898E-07
  0.319999933       1.03021887E-06
  0.339999914       1.15512012E-06
  0.359999895       1.22158974E-06
  0.379999876       1.42189765E-06
  0.399999857       1.44255523E-06
  0.419999838       1.69128089E-06
  0.440000057       1.69977761E-06
  0.460000038       1.95748635E-06
  0.480000019       1.97444638E-06
  0.500000000       2.19807885E-06
  0.519999981       2.23941583E-06
  0.539999962       2.40144050E-06
  0.559999943       2.50037397E-06
  0.579999924       2.60058755E-06
  0.599999905       2.77089293E-06
  0.619999886       2.82271253E-06
  0.639999866       3.00633292E-06
  0.659999847       3.01678551E-06
  0.679999828       3.15642478E-06
  0.700000048       3.17863487E-06
  0.720000029       3.27968360E-06
  0.740000010       3.36768471E-06
  0.759999990       3.40069346E-06
  0.779999971       3.50160440E-06
  0.799999952       3.45653893E-06
  0.819999933       3.53100086E-06
  0.839999914       3.53197584E-06
  0.859999895       3.56815644E-06
  0.879999876       3.60145418E-06
  0.899999857       3.53948053E-06
  0.919999838       3.55611155E-06
  0.939999819       3.51048993E-06
  0.960000038       3.53233645E-06
  0.980000019       3.49759239E-06
   1.00000000       3.41502755E-06
   1.01999998       3.40713063E-06
   1.03999996       3.33244338E-06
   1.05999994       3.32580476E-06
   1.07999992       3.25186033E-06
   1.09999990       3.14120894E-06
   1.11999989       3.15049874E-06
   1.13999987       3.05967274E-06
   1.15999985       2.98466875E-06
   1.17999983       2.93086782E-06
   1.19999981       2.83817599E-06
   1.22000003       2.81398889E-06
   1.24000001       2.71545287E-06
   1.25999999       2.62482877E-06
   1.27999997       2.61123819E-06
   1.29999995       2.50661947E-06
   1.31999993       2.43361319E-06
   1.33999991       2.39429960E-06
   1.35999990       2.30818387E-06
   1.37999988       2.25928466E-06
   1.39999986       2.18331706E-06
   1.41999984       2.12060581E-06
   1.43999982       2.09377231E-06
   1.46000004       1.98479006E-06
   1.48000002       1.95017196E-06
   1.50000000       1.93826963E-06
   1.51999998       1.80281052E-06
   1.53999996       1.78895584E-06
   1.55999994       1.79881192E-06
   1.57999992       1.64017024E-06
   1.59999990       1.63635286E-06
   1.61999989       1.67534904E-06
   1.63999987       1.49483185E-06
   1.65999985       1.48298477E-06
   1.67999983       1.57444504E-06
   1.69999981       1.37151221E-06
   1.72000003       1.32242963E-06
   1.74000001       1.49380912E-06
   1.75999999       1.27424846E-06
   1.77999997       1.15556668E-06
   1.79999995       1.41952978E-06
   1.81999993       1.21173889E-06
   1.83999991       9.97682719E-07
   1.85999990       1.32011189E-06
   1.87999988       1.19573065E-06
   1.89999986       8.65414961E-07
   1.91999984       1.16949889E-06
   1.93999982       1.22579729E-06
   1.95999980       7.69011763E-07
   1.98000002       9.89083446E-07
   2.00000000       1.24239330E-06
   2.01999998       7.39387588E-07
   2.03999996       8.05369382E-07
   2.05999994       1.20529057E-06
   2.07999992       7.82674419E-07
   2.09999990       6.14174098E-07
   2.11999989       1.14845557E-06
   2.13999987       8.56500492E-07
   2.15999985       4.66568366E-07
   2.17999983       1.01453531E-06
   2.19999981       9.84472763E-07
   2.21999979       3.84666350E-07
   2.23999977       8.06400408E-07
   2.25999975       1.07867277E-06
   2.27999973       4.15889929E-07
   2.29999971       5.67455572E-07
   2.31999969       1.09250993E-06
   2.33999968       5.26970609E-07
   2.36000013       3.70283828E-07
   2.38000011       9.85678525E-07
   2.40000010       6.54453743E-07
   2.42000008       2.53663615E-07
   2.44000006       8.79739446E-07
   2.46000004       7.73965780E-07
   2.48000002       1.79691824E-07
   2.50000000       6.99749648E-07
   2.51999998       9.38414530E-07
   2.53999996       2.14765663E-07
   2.55999994       4.54557721E-07
   2.57999992       9.80712684E-07
   2.59999990       3.44956504E-07
   2.61999989       2.60784617E-07
   2.63999987       9.01562771E-07
   2.65999985       4.75286640E-07
   2.67999983       1.25580371E-07
   2.69999981       8.34622483E-07
   2.71999979       6.94861512E-07
   2.73999977       5.49896129E-08
   2.75999975       6.23513074E-07
   2.77999973       8.31480406E-07
   2.79999971       1.04851189E-07
   2.81999969       4.15562596E-07
   2.83999968       8.92693777E-07
   2.85999966       2.12190173E-07
   2.88000011       2.16443112E-07
   2.90000010       9.05143054E-07
   2.92000008       4.17068009E-07
   2.94000006       6.10328641E-08
   2.96000004       7.62285879E-07
   2.98000002       5.76659772E-07
   3.00000000       5.50994139E-09
   3.01999998       6.44405418E-07
   3.03999996       8.07888796E-07
   3.05999994       5.89089773E-08
   3.07999992       3.57348512E-07
   3.09999990       5.43710144E-07
