  -2.00000000       2.98222767E-06
  -1.98000002       3.22136486E-07
  -1.96000004       2.20832749E-06
  -1.94000006       1.30979231E-06
  -1.91999996       1.19051469E-06
  -1.89999998       2.10426015E-06
  -1.88000000       4.23681172E-07
  -1.86000001       2.86525915E-06
  -1.84000003       1.57729971E-08
  -1.82000005       2.98775512E-06
  -1.79999995       3.14345442E-07
  -1.77999997       2.30175101E-06
  -1.75999999       1.04841763E-06
  -1.74000001       1.61093044E-06
  -1.72000003       2.08127267E-06
  -1.70000005       5.47211130E-07
  -1.68000007       2.93158450E-06
  -1.65999997       1.45303773E-07
  -1.63999999       3.02374451E-06
  -1.62000000       2.96634084E-07
  -1.60000002       2.76241371E-06
  -1.58000004       1.00864906E-06
  -1.55999994       1.81515327E-06
  -1.53999996       2.04188223E-06
  -1.51999998       8.57131283E-07
  -1.50000000       3.05120216E-06
  -1.48000002       3.23963917E-07
  -1.46000004       3.20059326E-06
  -1.44000006       3.91497849E-07
  -1.42000008       3.11010649E-06
  -1.40000010       1.00561340E-06
  -1.38000000       2.22253379E-06
  -1.36000001       2.13766634E-06
  -1.34000003       1.13049737E-06
  -1.31999993       3.27877433E-06
  -1.29999995       5.52819188E-07
  -1.27999997       3.49321999E-06
  -1.25999999       5.90011155E-07
  -1.24000001       3.32180207E-06
  -1.22000003       1.20428501E-06
  -1.20000005       2.65430162E-06
  -1.18000007       2.07391440E-06
  -1.16000009       1.43554087E-06
  -1.14000010       3.16232990E-06
  -1.12000000       5.82593657E-07
  -1.10000002       3.49233619E-06
  -1.08000004       3.87375195E-07
  -1.05999994       2.67810265E-06
  -1.03999996       5.95937763E-07
  -1.01999998       1.53336907E-06
  -1.00000000       5.70221403E-07
 -0.980000019       5.72081888E-07
 -0.960000038       1.08652252E-07
 -0.940000057       2.52023028E-06
 -0.920000076       2.41022940E-06
 -0.899999976       1.24879725E-05
 -0.879999995       1.24064691E-05
 -0.860000014       3.55580923E-05
 -0.840000033       4.93717380E-05
 -0.820000052       1.29598484E-04
 -0.800000072       2.50888523E-04
 -0.779999971       5.13315084E-04
 -0.759999990       8.87061469E-04
 -0.740000010       1.32054696E-03
 -0.720000029       1.78261765E-03
 -0.700000048       2.14650994E-03
 -0.680000067       2.89287465E-03
 -0.660000086       4.75281198E-03
 -0.639999986       9.40373354E-03
 -0.620000005       1.75728183E-02
 -0.600000024       2.96726339E-02
 -0.580000043       4.12952229E-02
 -0.560000062       4.90523279E-02
 -0.540000081       4.79638912E-02
 -0.519999981       4.49721441E-02
 -0.500000000       5.64950705E-02
 -0.480000019      0.110154599    
 -0.460000038      0.222676918    
 -0.440000057      0.383741200    
 -0.420000076      0.533314943    
 -0.400000095      0.594234824    
 -0.379999995      0.511018276    
 -0.360000014      0.334290951    
 -0.340000033      0.232237205    
 -0.320000052      0.435917884    
 -0.300000072       1.07932079    
 -0.280000091       2.04834151    
 -0.259999990       2.93896890    
 -0.240000010       3.24450374    
 -0.220000029       2.68239999    
 -0.200000048       1.49068177    
 -0.180000067      0.433572322    
 -0.160000086      0.412203252    
 -0.139999986       1.87571359    
 -0.120000005       4.40192699    
 -0.100000024       6.76685476    
  -8.00000429E-02   7.66925097    
  -6.00000620E-02   6.44749117    
  -4.00000811E-02   3.77713990    
  -2.00001001E-02   1.05397582    
   0.00000000       9.29404330E-03
   1.99999809E-02   2.09237096E-05
   3.99999619E-02   6.96460347E-06
   5.99999428E-02   1.56268197E-06
   7.99999237E-02   7.67288896E-07
   9.99999046E-02   2.68186909E-07
  0.119999886       4.15326667E-07
  0.139999866       1.79578478E-07
  0.159999847       4.62598848E-07
  0.180000067       2.51953963E-07
  0.200000048       5.95673782E-07
  0.220000029       3.83523115E-07
  0.240000010       7.63454295E-07
  0.259999990       5.58283148E-07
  0.279999971       9.51145125E-07
  0.299999952       7.75229523E-07
  0.319999933       1.14672719E-06
  0.339999914       1.03669504E-06
  0.359999895       1.33634489E-06
  0.379999876       1.33213746E-06
  0.399999857       1.51635231E-06
  0.419999838       1.63929883E-06
  0.440000057       1.69018108E-06
  0.460000038       1.94555923E-06
  0.480000019       1.88725312E-06
  0.500000000       2.23548864E-06
  0.519999981       2.14372085E-06
  0.539999962       2.47812523E-06
  0.559999943       2.44875037E-06
  0.579999924       2.63940728E-06
  0.599999905       2.74489958E-06
  0.619999886       2.75054344E-06
  0.639999866       3.01320779E-06
  0.659999847       2.91170500E-06
  0.679999828       3.22705637E-06
  0.700000048       3.14131512E-06
  0.720000029       3.29994236E-06
  0.740000010       3.35628374E-06
  0.759999990       3.29343447E-06
  0.779999971       3.53708219E-06
  0.799999952       3.39079406E-06
  0.819999933       3.59650699E-06
  0.839999914       3.52432062E-06
  0.859999895       3.48791946E-06
  0.879999876       3.62663172E-06
  0.899999857       3.46185607E-06
  0.919999838       3.63728032E-06
  0.939999819       3.50467371E-06
  0.960000038       3.45093986E-06
  0.980000019       3.54412714E-06
   1.00000000       3.35499590E-06
   1.01999998       3.47255286E-06
   1.03999996       3.33833145E-06
   1.05999994       3.22111487E-06
   1.07999992       3.34042102E-06
   1.09999990       3.12665270E-06
   1.11999989       3.13511941E-06
   1.13999987       3.09370057E-06
   1.15999985       2.91757010E-06
   1.17999983       3.00805186E-06
   1.19999981       2.84623275E-06
   1.22000003       2.73046044E-06
   1.24000001       2.80584868E-06
   1.25999999       2.62094113E-06
   1.27999997       2.56521616E-06
   1.29999995       2.56829640E-06
   1.31999993       2.41372391E-06
   1.33999991       2.40031068E-06
   1.35999990       2.33617584E-06
   1.37999988       2.22773770E-06
   1.39999986       2.22801737E-06
   1.41999984       2.12334089E-06
   1.43999982       2.05899505E-06
   1.46000004       2.05085371E-06
   1.48000002       1.93295000E-06
   1.50000000       1.90884612E-06
   1.51999998       1.87864521E-06
   1.53999996       1.75656601E-06
   1.55999994       1.77580318E-06
   1.57999992       1.72114244E-06
   1.59999990       1.59289050E-06
   1.61999989       1.65776828E-06
   1.63999987       1.57769364E-06
   1.65999985       1.43700572E-06
   1.67999983       1.55036037E-06
   1.69999981       1.46093817E-06
   1.72000003       1.28565569E-06
   1.74000001       1.44071566E-06
   1.75999999       1.38441885E-06
   1.77999997       1.13861574E-06
   1.79999995       1.31388970E-06
   1.81999993       1.35636117E-06
   1.83999991       1.00433135E-06
   1.85999990       1.16305705E-06
   1.87999988       1.35451933E-06
   1.89999986       9.13350391E-07
   1.91999984       9.89327646E-07
   1.93999982       1.33238336E-06
   1.95999980       9.06838522E-07
   1.98000002       7.94044468E-07
   2.00000000       1.26567011E-06
   2.01999998       9.68715426E-07
   2.03999996       6.18114029E-07
   2.05999994       1.15090540E-06
   2.07999992       1.03941852E-06
   2.09999990       5.24054769E-07
   2.11999989       9.59738827E-07
   2.13999987       1.11283134E-06
   2.15999985       4.95931488E-07
   2.17999983       7.61679644E-07
   2.19999981       1.12902137E-06
   2.21999979       5.24285895E-07
   2.23999977       5.77230367E-07
   2.25999975       1.12295379E-06
   2.27999973       6.07025754E-07
   2.29999971       3.87402395E-07
   2.31999969       1.04965829E-06
   2.33999968       7.53868107E-07
   2.36000013       2.68717571E-07
   2.38000011       8.77738273E-07
   2.40000010       8.56382599E-07
   2.42000008       2.35683174E-07
   2.44000006       6.94663868E-07
   2.46000004       9.41830251E-07
   2.48000002       2.46102957E-07
   2.50000000       5.22186212E-07
   2.51999998       1.00514876E-06
   2.53999996       3.38292438E-07
   2.55999994       3.02102535E-07
   2.57999992       9.80521236E-07
   2.59999990       5.08879225E-07
   2.61999989       1.60029273E-07
   2.63999987       8.55538758E-07
   2.65999985       6.28872840E-07
   2.67999983       8.99041908E-08
   2.69999981       7.32605713E-07
   2.71999979       7.92500998E-07
   2.73999977       7.65014789E-08
   2.75999975       5.14872227E-07
   2.77999973       8.99233271E-07
   2.79999971       1.71446544E-07
   2.81999969       3.16598147E-07
   2.83999968       9.06665719E-07
   2.85999966       2.85058718E-07
   2.88000011       1.65905760E-07
   2.90000010       9.19887214E-07
   2.92000008       5.01390673E-07
   2.94000006       3.63543009E-08
   2.96000004       7.38851782E-07
   2.98000002       6.25534142E-07
   3.00000000       6.55754429E-09
   3.01999998       6.32276510E-07
   3.03999996       8.42971076E-07
   3.05999994       6.87545807E-08
   3.07999992       3.49467598E-07
   3.09999990       5.72495424E-07
