  -2.00000000       2.48733636E-06
  -1.98000002       4.59552126E-07
  -1.96000004       2.30952924E-06
  -1.94000006       1.31909042E-06
  -1.91999996       9.95211963E-07
  -1.89999998       2.41518865E-06
  -1.88000000       3.12448236E-07
  -1.86000001       2.80684799E-06
  -1.84000003       3.55410918E-08
  -1.82000005       3.00868169E-06
  -1.79999995       4.87801913E-07
  -1.77999997       2.01041939E-06
  -1.75999999       1.44390333E-06
  -1.74000001       1.14320449E-06
  -1.72000003       2.54782594E-06
  -1.70000005       3.33888295E-07
  -1.68000007       2.96800613E-06
  -1.65999997       1.17931691E-07
  -1.63999999       3.09457869E-06
  -1.62000000       5.58130125E-07
  -1.60000002       2.07304834E-06
  -1.58000004       1.82747954E-06
  -1.55999994       1.19717049E-06
  -1.53999996       2.58832461E-06
  -1.51999998       4.29589079E-07
  -1.50000000       3.27192583E-06
  -1.48000002       2.29728698E-07
  -1.46000004       3.23915719E-06
  -1.44000006       8.14933742E-07
  -1.42000008       2.15227783E-06
  -1.40000010       2.11874817E-06
  -1.38000000       1.25348970E-06
  -1.36000001       3.02091166E-06
  -1.34000003       5.78485810E-07
  -1.31999993       3.45210356E-06
  -1.29999995       4.84874874E-07
  -1.27999997       3.46870138E-06
  -1.25999999       1.11947850E-06
  -1.24000001       2.36569758E-06
  -1.22000003       2.40050281E-06
  -1.20000005       1.16948831E-06
  -1.18000007       3.46894694E-06
  -1.16000009       6.12575718E-07
  -1.14000010       3.44892715E-06
  -1.12000000       6.40990947E-07
  -1.10000002       2.85357783E-06
  -1.08000004       1.05798972E-06
  -1.05999994       1.97025088E-06
  -1.03999996       1.29609839E-06
  -1.01999998       6.36333368E-07
  -1.00000000       8.59762395E-07
 -0.980000019       3.92023537E-07
 -0.960000038       8.19675847E-08
 -0.940000057       3.76561934E-06
 -0.920000076       4.16203602E-06
 -0.899999976       1.32908181E-05
 -0.879999995       2.07496614E-05
 -0.860000014       3.74729243E-05
 -0.840000033       7.47121594E-05
 -0.820000052       1.48998210E-04
 -0.800000072       3.23522312E-04
 -0.779999971       5.81099128E-04
 -0.759999990       1.03704247E-03
 -0.740000010       1.45261944E-03
 -0.720000029       2.01404514E-03
 -0.700000048       2.40805466E-03
 -0.680000067       3.43156699E-03
 -0.660000086       5.63219609E-03
 -0.639999986       1.09272376E-02
 -0.620000005       1.98047906E-02
 -0.600000024       3.22003029E-02
 -0.580000043       4.41759117E-02
 -0.560000062       5.12472391E-02
 -0.540000081       5.07518351E-02
 -0.519999981       4.91893217E-02
 -0.500000000       6.52667880E-02
 -0.480000019      0.124590725    
 -0.460000038      0.243615568    
 -0.440000057      0.404301941    
 -0.420000076      0.551107764    
 -0.400000095      0.600111008    
 -0.379999995      0.512394190    
 -0.360000014      0.338737190    
 -0.340000033      0.256283164    
 -0.320000052      0.485596359    
 -0.300000072       1.14845061    
 -0.280000091       2.10686970    
 -0.259999990       2.96817732    
 -0.240000010       3.22098660    
 -0.220000029       2.63417459    
 -0.200000048       1.44539309    
 -0.180000067      0.430689603    
 -0.160000086      0.454668939    
 -0.139999986       1.93299150    
 -0.120000005       4.42251396    
 -0.100000024       6.72665215    
  -8.00000429E-02   7.56687832    
  -6.00000620E-02   6.34115601    
  -4.00000811E-02   3.70171928    
  -2.00001001E-02   1.03253508    
   0.00000000       9.11953580E-03
   1.99999809E-02   2.10582839E-05
   3.99999619E-02   6.39431437E-06
   5.99999428E-02   1.92368611E-06
   7.99999237E-02   4.32230337E-07
   9.99999046E-02   5.71394594E-07
  0.119999886       1.14272353E-07
  0.139999866       4.71269345E-07
  0.159999847       1.61565879E-07
  0.180000067       5.50250491E-07
  0.200000048       2.87083793E-07
  0.220000029       6.85948407E-07
  0.240000010       4.54217655E-07
  0.259999990       8.45916418E-07
  0.279999971       6.55841461E-07
  0.299999952       1.01845660E-06
  0.319999933       8.87983560E-07
  0.339999914       1.19789115E-06
  0.359999895       1.15516889E-06
  0.379999876       1.37982283E-06
  0.399999857       1.45939509E-06
  0.419999838       1.57261752E-06
  0.440000057       1.77414199E-06
  0.460000038       1.77942900E-06
  0.480000019       2.06857885E-06
  0.500000000       1.99091346E-06
  0.519999981       2.31318791E-06
  0.539999962       2.23364214E-06
  0.559999943       2.50917424E-06
  0.579999924       2.53808230E-06
  0.599999905       2.68121698E-06
  0.619999886       2.85108717E-06
  0.639999866       2.82543078E-06
  0.659999847       3.07688833E-06
  0.679999828       2.96446001E-06
  0.700000048       3.21653420E-06
  0.720000029       3.18474827E-06
  0.740000010       3.30545254E-06
  0.759999990       3.41940495E-06
  0.779999971       3.32351783E-06
  0.799999952       3.52347161E-06
  0.819999933       3.38722270E-06
  0.839999914       3.54452845E-06
  0.859999895       3.54784402E-06
  0.879999876       3.48605067E-06
  0.899999857       3.59503679E-06
  0.919999838       3.43123452E-06
  0.939999819       3.55404200E-06
  0.960000038       3.50159280E-06
  0.980000019       3.42327053E-06
   1.00000000       3.48005278E-06
   1.01999998       3.30495141E-06
   1.03999996       3.38878112E-06
   1.05999994       3.31862111E-06
   1.07999992       3.17708987E-06
   1.09999990       3.23732229E-06
   1.11999989       3.08376275E-06
   1.13999987       3.07710206E-06
   1.15999985       3.03708725E-06
   1.17999983       2.86004547E-06
   1.19999981       2.91549509E-06
   1.22000003       2.81679809E-06
   1.24000001       2.68257281E-06
   1.25999999       2.70547116E-06
   1.27999997       2.58941850E-06
   1.29999995       2.52281984E-06
   1.31999993       2.48271772E-06
   1.33999991       2.37788186E-06
   1.35999990       2.35382913E-06
   1.37999988       2.27096234E-06
   1.39999986       2.19171761E-06
   1.41999984       2.17819252E-06
   1.43999982       2.06993059E-06
   1.46000004       2.02937963E-06
   1.48000002       2.00127261E-06
   1.50000000       1.88468005E-06
   1.51999998       1.88726597E-06
   1.53999996       1.83399811E-06
   1.55999994       1.70704766E-06
   1.57999992       1.76424805E-06
   1.59999990       1.68458939E-06
   1.61999989       1.53723602E-06
   1.63999987       1.65664937E-06
   1.65999985       1.55261569E-06
   1.67999983       1.37046106E-06
   1.69999981       1.56225894E-06
   1.72000003       1.44671947E-06
   1.74000001       1.21002995E-06
   1.75999999       1.46325624E-06
   1.77999997       1.37850395E-06
   1.79999995       1.06187292E-06
   1.81999993       1.33970514E-06
   1.83999991       1.35797291E-06
   1.85999990       9.36066158E-07
   1.87999988       1.18015691E-06
   1.89999986       1.36963411E-06
   1.91999984       8.47067668E-07
   1.93999982       1.00390685E-06
   1.95999980       1.35995447E-06
   1.98000002       8.22571735E-07
   2.00000000       8.28538873E-07
   2.01999998       1.29711509E-06
   2.03999996       8.54311224E-07
   2.05999994       6.62252091E-07
   2.07999992       1.22331335E-06
   2.09999990       8.84638723E-07
   2.11999989       5.32176955E-07
   2.13999987       1.12249211E-06
   2.15999985       9.40585153E-07
   2.17999983       4.33597961E-07
   2.19999981       9.86820851E-07
   2.21999979       1.01767318E-06
   2.23999977       3.64535339E-07
   2.25999975       8.32531214E-07
   2.27999973       1.08537847E-06
   2.29999971       3.74569140E-07
   2.31999969       6.20415165E-07
   2.33999968       1.09478469E-06
   2.36000013       4.33255366E-07
   2.38000011       4.71595456E-07
   2.40000010       1.04349624E-06
   2.42000008       4.81342397E-07
   2.44000006       3.38620566E-07
   2.46000004       1.02620697E-06
   2.48000002       5.92589458E-07
   2.50000000       2.02504253E-07
   2.51999998       9.47176147E-07
   2.53999996       7.35714309E-07
   2.55999994       1.34661761E-07
   2.57999992       7.51264679E-07
   2.59999990       8.01773922E-07
   2.61999989       1.26175721E-07
   2.63999987       6.36085304E-07
   2.65999985       8.99752308E-07
   2.67999983       1.35703971E-07
   2.69999981       4.76675723E-07
   2.71999979       9.81653102E-07
   2.73999977       2.39346662E-07
   2.75999975       2.81691030E-07
   2.77999973       9.15340365E-07
   2.79999971       3.25265461E-07
   2.81999969       1.75074206E-07
   2.83999968       9.25642155E-07
   2.85999966       4.83885970E-07
   2.88000011       5.84342850E-08
   2.90000010       8.18767262E-07
   2.92000008       6.25777375E-07
   2.94000006       1.84844442E-08
   2.96000004       6.95710014E-07
   2.98000002       7.43133853E-07
   3.00000000       1.48808539E-08
   3.01999998       5.65599635E-07
   3.03999996       8.83413406E-07
   3.05999994       8.75229773E-08
   3.07999992       3.58499108E-07
   3.09999990       9.33677484E-07
