  -2.00000000       2.10522762E-06
  -1.98000002       5.76471621E-07
  -1.96000004       2.21749769E-06
  -1.94000006       1.48997356E-06
  -1.91999996       8.87801548E-07
  -1.89999998       2.58499131E-06
  -1.88000000       1.26637275E-07
  -1.86000001       2.96897451E-06
  -1.84000003       9.18739431E-08
  -1.82000005       2.66508050E-06
  -1.79999995       9.55879273E-07
  -1.77999997       1.66406130E-06
  -1.75999999       1.90110302E-06
  -1.74000001       6.04350134E-07
  -1.72000003       2.99250155E-06
  -1.70000005       6.75681591E-08
  -1.68000007       3.08350036E-06
  -1.65999997       4.51121082E-07
  -1.63999999       2.34805634E-06
  -1.62000000       1.39749898E-06
  -1.60000002       1.42763429E-06
  -1.58000004       2.51472443E-06
  -1.55999994       3.58084947E-07
  -1.53999996       3.34860283E-06
  -1.51999998       2.00924518E-07
  -1.50000000       2.99442922E-06
  -1.48000002       9.47764534E-07
  -1.46000004       2.13052590E-06
  -1.44000006       2.10227358E-06
  -1.42000008       1.11705344E-06
  -1.40000010       3.01172622E-06
  -1.38000000       3.44701562E-07
  -1.36000001       3.70387602E-06
  -1.34000003       5.16009891E-07
  -1.31999993       2.94909319E-06
  -1.29999995       1.61127343E-06
  -1.27999997       1.73224441E-06
  -1.25999999       3.00579723E-06
  -1.24000001       8.88306204E-07
  -1.22000003       3.44615864E-06
  -1.20000005       5.80546043E-07
  -1.18000007       3.41773330E-06
  -1.16000009       1.05061622E-06
  -1.14000010       2.69581506E-06
  -1.12000000       1.77846618E-06
  -1.10000002       1.22540291E-06
  -1.08000004       2.56088674E-06
  -1.05999994       3.01128381E-07
  -1.03999996       2.35259813E-06
  -1.01999998       1.06968860E-08
  -1.00000000       7.67719200E-07
 -0.980000019       2.05883111E-07
 -0.960000038       1.79492235E-06
 -0.940000057       2.59491753E-06
 -0.920000076       1.13024253E-05
 -0.899999976       1.32331133E-05
 -0.879999995       3.46789820E-05
 -0.860000014       4.70112282E-05
 -0.840000033       1.13716691E-04
 -0.820000052       1.93937216E-04
 -0.800000072       4.32530534E-04
 -0.779999971       7.26571656E-04
 -0.759999990       1.22958515E-03
 -0.740000010       1.75815891E-03
 -0.720000029       2.29263771E-03
 -0.700000048       3.01042711E-03
 -0.680000067       4.20755241E-03
 -0.660000086       7.28817377E-03
 -0.639999986       1.32471062E-02
 -0.620000005       2.34264378E-02
 -0.600000024       3.60678658E-02
 -0.580000043       4.85026799E-02
 -0.560000062       5.48550710E-02
 -0.540000081       5.53808324E-02
 -0.519999981       5.64204790E-02
 -0.500000000       7.96004087E-02
 -0.480000019      0.147436455    
 -0.460000038      0.274095416    
 -0.440000057      0.436115056    
 -0.420000076      0.573710084    
 -0.400000095      0.611078680    
 -0.379999995      0.513519943    
 -0.360000014      0.349418670    
 -0.340000033      0.295132041    
 -0.320000052      0.561889112    
 -0.300000072       1.24576795    
 -0.280000091       2.19454885    
 -0.259999990       2.99671626    
 -0.240000010       3.19266438    
 -0.220000029       2.55664444    
 -0.200000048       1.38750625    
 -0.180000067      0.429677248    
 -0.160000086      0.517871439    
 -0.139999986       2.01163721    
 -0.120000005       4.45319843    
 -0.100000024       6.65258598    
  -8.00000429E-02   7.42755890    
  -6.00000620E-02   6.17514849    
  -4.00000811E-02   3.59925580    
  -2.00001001E-02  0.999646783    
   0.00000000       8.77471827E-03
   1.99999809E-02   2.03460968E-05
   3.99999619E-02   5.92415654E-06
   5.99999428E-02   1.84013277E-06
   7.99999237E-02   4.21381003E-07
   9.99999046E-02   4.81774578E-07
  0.119999886       1.94363054E-07
  0.139999866       3.33604589E-07
  0.159999847       2.94506378E-07
  0.180000067       3.63479273E-07
  0.200000048       4.62041811E-07
  0.220000029       4.56390410E-07
  0.240000010       6.60899673E-07
  0.259999990       5.91803428E-07
  0.279999971       8.76593901E-07
  0.299999952       7.65315178E-07
  0.319999933       1.09745713E-06
  0.339999914       9.72705720E-07
  0.359999895       1.30964997E-06
  0.379999876       1.21427399E-06
  0.399999857       1.50149867E-06
  0.419999838       1.49469349E-06
  0.440000057       1.68166696E-06
  0.460000038       1.80514257E-06
  0.480000019       1.87514047E-06
  0.500000000       2.12327632E-06
  0.519999981       2.08359415E-06
  0.539999962       2.39502151E-06
  0.559999943       2.30847172E-06
  0.579999924       2.57931174E-06
  0.599999905       2.57233842E-06
  0.619999886       2.71667227E-06
  0.639999866       2.87597368E-06
  0.659999847       2.86328896E-06
  0.679999828       3.12576708E-06
  0.700000048       3.00797615E-06
  0.720000029       3.23459403E-06
  0.740000010       3.18933007E-06
  0.759999990       3.27749854E-06
  0.779999971       3.42624617E-06
  0.799999952       3.31957972E-06
  0.819999933       3.53446762E-06
  0.839999914       3.37481629E-06
  0.859999895       3.48512413E-06
  0.879999876       3.52618167E-06
  0.899999857       3.43469878E-06
  0.919999838       3.59257774E-06
  0.939999819       3.39305711E-06
  0.960000038       3.47405967E-06
  0.980000019       3.46919592E-06
   1.00000000       3.35097457E-06
   1.01999998       3.46247066E-06
   1.03999996       3.24722714E-06
   1.05999994       3.28973510E-06
   1.07999992       3.29848444E-06
   1.09999990       3.10519613E-06
   1.11999989       3.18829962E-06
   1.13999987       3.02970352E-06
   1.15999985       2.97980523E-06
   1.17999983       3.02917033E-06
   1.19999981       2.79189726E-06
   1.22000003       2.82878796E-06
   1.24000001       2.79953747E-06
   1.25999999       2.61081072E-06
   1.27999997       2.65699737E-06
   1.29999995       2.54588781E-06
   1.31999993       2.45266438E-06
   1.33999991       2.46863829E-06
   1.35999990       2.31097169E-06
   1.37999988       2.29879697E-06
   1.39999986       2.26905013E-06
   1.41999984       2.11324073E-06
   1.43999982       2.14458260E-06
   1.46000004       2.06816594E-06
   1.48000002       1.94205427E-06
   1.50000000       1.99668898E-06
   1.51999998       1.87273099E-06
   1.53999996       1.79493213E-06
   1.55999994       1.86067541E-06
   1.57999992       1.68321674E-06
   1.59999990       1.66367136E-06
   1.61999989       1.74323202E-06
   1.63999987       1.50433436E-06
   1.65999985       1.54490954E-06
   1.67999983       1.64088920E-06
   1.69999981       1.33603191E-06
   1.72000003       1.43226487E-06
   1.74000001       1.56125373E-06
   1.75999999       1.18476692E-06
   1.77999997       1.31421973E-06
   1.79999995       1.50274900E-06
   1.81999993       1.06298091E-06
   1.83999991       1.17695822E-06
   1.85999990       1.46657931E-06
   1.87999988       9.79901870E-07
   1.89999986       1.01299361E-06
   1.91999984       1.44693320E-06
   1.93999982       9.31512773E-07
   1.95999980       8.44147337E-07
   1.98000002       1.40777354E-06
   2.00000000       9.21054436E-07
   2.01999998       7.03351020E-07
   2.03999996       1.31096431E-06
   2.05999994       9.41071733E-07
   2.07999992       5.89014121E-07
   2.09999990       1.20997311E-06
   2.11999989       9.44314138E-07
   2.13999987       4.89603849E-07
   2.15999985       1.13234648E-06
   2.17999983       9.53333142E-07
   2.19999981       4.10187624E-07
   2.21999979       1.02023716E-06
   2.23999977       1.00078466E-06
   2.25999975       3.39141280E-07
   2.27999973       9.12858013E-07
   2.29999971       1.02117417E-06
   2.31999969       3.13590874E-07
   2.33999968       7.69440305E-07
   2.36000013       1.04166872E-06
   2.38000011       2.98401034E-07
   2.40000010       6.71618238E-07
   2.42000008       1.03903301E-06
   2.44000006       2.92149991E-07
   2.46000004       5.48259038E-07
   2.48000002       1.08103643E-06
   2.50000000       3.30476126E-07
   2.51999998       4.17714148E-07
   2.53999996       1.05582751E-06
   2.55999994       3.80678330E-07
   2.57999992       3.13844168E-07
   2.59999990       9.95814617E-07
   2.61999989       4.18798777E-07
   2.63999987       2.27708739E-07
   2.65999985       1.00707007E-06
   2.67999983       5.15380634E-07
   2.69999981       1.32974563E-07
   2.71999979       9.25540405E-07
   2.73999977       5.87456327E-07
   2.75999975       8.43232115E-08
   2.77999973       8.36790832E-07
   2.79999971       6.39935877E-07
   2.81999969       3.99299012E-08
   2.83999968       7.76416357E-07
   2.85999966       7.54083032E-07
   2.88000011       2.55671413E-08
   2.90000010       6.47421814E-07
   2.92000008       7.91287903E-07
   2.94000006       3.04428980E-08
   2.96000004       5.82967573E-07
   2.98000002       8.86530074E-07
   3.00000000       6.31624246E-08
   3.01999998       4.62118720E-07
   3.03999996       9.20973946E-07
   3.05999994       1.14943873E-07
   3.07999992       3.56218322E-07
   3.09999990       1.27758426E-06
