  -2.00000000       2.15085083E-06
  -1.98000002       5.71996907E-07
  -1.96000004       2.19753565E-06
  -1.94000006       1.50487494E-06
  -1.91999996       8.86181567E-07
  -1.89999998       2.58974478E-06
  -1.88000000       1.20476244E-07
  -1.86000001       2.97237921E-06
  -1.84000003       9.61473390E-08
  -1.82000005       2.65455242E-06
  -1.79999995       9.74801310E-07
  -1.77999997       1.63595882E-06
  -1.75999999       1.93495066E-06
  -1.74000001       5.90277807E-07
  -1.72000003       2.98976488E-06
  -1.70000005       6.21238172E-08
  -1.68000007       3.09649181E-06
  -1.65999997       4.66346933E-07
  -1.63999999       2.30181558E-06
  -1.62000000       1.44887974E-06
  -1.60000002       1.38830978E-06
  -1.58000004       2.54631595E-06
  -1.55999994       3.40907661E-07
  -1.53999996       3.34903666E-06
  -1.51999998       2.07298143E-07
  -1.50000000       2.98675650E-06
  -1.48000002       9.83247901E-07
  -1.46000004       2.05859715E-06
  -1.44000006       2.18004834E-06
  -1.42000008       1.06278003E-06
  -1.40000010       3.04448395E-06
  -1.38000000       3.40727809E-07
  -1.36000001       3.67494908E-06
  -1.34000003       5.55444444E-07
  -1.31999993       2.91334572E-06
  -1.29999995       1.66620555E-06
  -1.27999997       1.65468043E-06
  -1.25999999       3.08232393E-06
  -1.24000001       8.20924470E-07
  -1.22000003       3.49092625E-06
  -1.20000005       5.90011780E-07
  -1.18000007       3.35268851E-06
  -1.16000009       1.13474903E-06
  -1.14000010       2.59801277E-06
  -1.12000000       1.86482794E-06
  -1.10000002       1.16664216E-06
  -1.08000004       2.58712407E-06
  -1.05999994       2.68533910E-07
  -1.03999996       2.35258130E-06
  -1.01999998       7.09525194E-09
  -1.00000000       7.67624783E-07
 -0.980000019       1.96873714E-07
 -0.960000038       1.89736966E-06
 -0.940000057       2.52599784E-06
 -0.920000076       1.16853898E-05
 -0.899999976       1.32646610E-05
 -0.879999995       3.53488613E-05
 -0.860000014       4.78815346E-05
 -0.840000033       1.15113944E-04
 -0.820000052       1.97667905E-04
 -0.800000072       4.36461589E-04
 -0.779999971       7.36099551E-04
 -0.759999990       1.23807078E-03
 -0.740000010       1.77443074E-03
 -0.720000029       2.30789394E-03
 -0.700000048       3.04182037E-03
 -0.680000067       4.24830522E-03
 -0.660000086       7.37622892E-03
 -0.639999986       1.33636519E-02
 -0.620000005       2.36053914E-02
 -0.600000024       3.62689272E-02
 -0.580000043       4.86962385E-02
 -0.560000062       5.50638400E-02
 -0.540000081       5.55948764E-02
 -0.519999981       5.68225086E-02
 -0.500000000       8.03157985E-02
 -0.480000019      0.148585781    
 -0.460000038      0.275556087    
 -0.440000057      0.437669933    
 -0.420000076      0.574713707    
 -0.400000095      0.611663342    
 -0.379999995      0.513543189    
 -0.360000014      0.350082457    
 -0.340000033      0.297072887    
 -0.320000052      0.565617263    
 -0.300000072       1.25043666    
 -0.280000091       2.19854999    
 -0.259999990       2.99802017    
 -0.240000010       3.19112253    
 -0.220000029       2.55300903    
 -0.200000048       1.38485396    
 -0.180000067      0.429711878    
 -0.160000086      0.520942390    
 -0.139999986       2.01537728    
 -0.120000005       4.45429993    
 -0.100000024       6.64923096    
  -8.00000429E-02   7.42045116    
  -6.00000620E-02   6.16754675    
  -4.00000811E-02   3.59418201    
  -2.00001001E-02  0.998147070    
   0.00000000       8.75994004E-03
   1.99999809E-02   2.04451826E-05
   3.99999619E-02   5.77966603E-06
   5.99999428E-02   1.92155494E-06
   7.99999237E-02   3.49420930E-07
   9.99999046E-02   5.35671631E-07
  0.119999886       1.43976365E-07
  0.139999866       3.74627973E-07
  0.159999847       2.54576634E-07
  0.180000067       3.96193428E-07
  0.200000048       4.28752003E-07
  0.220000029       4.82036683E-07
  0.240000010       6.33150592E-07
  0.259999990       6.10727568E-07
  0.279999971       8.55316671E-07
  0.299999952       7.77873765E-07
  0.319999933       1.08476911E-06
  0.339999914       9.79645051E-07
  0.359999895       1.30654519E-06
  0.379999876       1.21566063E-06
  0.399999857       1.50563119E-06
  0.419999838       1.48780430E-06
  0.440000057       1.68806002E-06
  0.460000038       1.78922528E-06
  0.480000019       1.87965338E-06
  0.500000000       2.10574831E-06
  0.519999981       2.08936740E-06
  0.539999962       2.38660073E-06
  0.559999943       2.31610125E-06
  0.579999924       2.57945499E-06
  0.599999905       2.57025522E-06
  0.619999886       2.71469457E-06
  0.639999866       2.86065892E-06
  0.659999847       2.86302134E-06
  0.679999828       3.11657527E-06
  0.700000048       3.01686305E-06
  0.720000029       3.23425229E-06
  0.740000010       3.18817774E-06
  0.759999990       3.27059661E-06
  0.779999971       3.41340819E-06
  0.799999952       3.32214177E-06
  0.819999933       3.53363498E-06
  0.839999914       3.38208383E-06
  0.859999895       3.47952118E-06
  0.879999876       3.51574226E-06
  0.899999857       3.43269903E-06
  0.919999838       3.59317278E-06
  0.939999819       3.40078464E-06
  0.960000038       3.46898923E-06
  0.980000019       3.46124375E-06
   1.00000000       3.34924925E-06
   1.01999998       3.46757315E-06
   1.03999996       3.25186738E-06
   1.05999994       3.28094484E-06
   1.07999992       3.29583645E-06
   1.09999990       3.10921246E-06
   1.11999989       3.19217838E-06
   1.13999987       3.02795411E-06
   1.15999985       2.97192628E-06
   1.17999983       3.03648153E-06
   1.19999981       2.79646611E-06
   1.22000003       2.82181281E-06
   1.24000001       2.80068753E-06
   1.25999999       2.61443665E-06
   1.27999997       2.65946483E-06
   1.29999995       2.54262977E-06
   1.31999993       2.45110505E-06
   1.33999991       2.47864182E-06
   1.35999990       2.30628257E-06
   1.37999988       2.29434613E-06
   1.39999986       2.28213412E-06
   1.41999984       2.10712460E-06
   1.43999982       2.14096440E-06
   1.46000004       2.08180813E-06
   1.48000002       1.93350229E-06
   1.50000000       1.99587475E-06
   1.51999998       1.88636955E-06
   1.53999996       1.78273353E-06
   1.55999994       1.86373154E-06
   1.57999992       1.69743976E-06
   1.59999990       1.64641779E-06
   1.61999989       1.75044931E-06
   1.63999987       1.52021960E-06
   1.65999985       1.52135624E-06
   1.67999983       1.65255256E-06
   1.69999981       1.35388905E-06
   1.72000003       1.40232532E-06
   1.74000001       1.57642239E-06
   1.75999999       1.20483128E-06
   1.77999997       1.28019144E-06
   1.79999995       1.51714130E-06
   1.81999993       1.08658378E-06
   1.83999991       1.14390821E-06
   1.85999990       1.47175592E-06
   1.87999988       1.01026853E-06
   1.89999986       9.84384883E-07
   1.91999984       1.43948432E-06
   1.93999982       9.69153916E-07
   1.95999980       8.17391651E-07
   1.98000002       1.39822919E-06
   2.00000000       9.58475084E-07
   2.01999998       6.78011304E-07
   2.03999996       1.30338321E-06
   2.05999994       9.78705430E-07
   2.07999992       5.70697580E-07
   2.09999990       1.18778144E-06
   2.11999989       9.89843215E-07
   2.13999987       4.77429296E-07
   2.15999985       1.10318342E-06
   2.17999983       9.90225544E-07
   2.19999981       4.07382601E-07
   2.21999979       9.88596867E-07
   2.23999977       1.03292348E-06
   2.25999975       3.46035080E-07
   2.27999973       8.76432011E-07
   2.29999971       1.04241974E-06
   2.31999969       3.23780682E-07
   2.33999968       7.44360420E-07
   2.36000013       1.06475818E-06
   2.38000011       3.11518960E-07
   2.40000010       6.38259735E-07
   2.42000008       1.05391734E-06
   2.44000006       3.14371732E-07
   2.46000004       5.18201716E-07
   2.48000002       1.08939992E-06
   2.50000000       3.52480413E-07
   2.51999998       3.95947069E-07
   2.53999996       1.05156357E-06
   2.55999994       4.00916122E-07
   2.57999992       2.94292079E-07
   2.59999990       9.99025133E-07
   2.61999989       4.45675028E-07
   2.63999987       2.11692452E-07
   2.65999985       1.00023658E-06
   2.67999983       5.34704554E-07
   2.69999981       1.25264734E-07
   2.71999979       9.13907115E-07
   2.73999977       6.02165926E-07
   2.75999975       7.81921869E-08
   2.77999973       8.24845301E-07
   2.79999971       6.56894144E-07
   2.81999969       3.82586975E-08
   2.83999968       7.65563527E-07
   2.85999966       7.66014125E-07
   2.88000011       2.63633773E-08
   2.90000010       6.45265573E-07
   2.92000008       8.06671892E-07
   2.94000006       3.33307781E-08
   2.96000004       5.75846798E-07
   2.98000002       8.90625074E-07
   3.00000000       6.50411494E-08
   3.01999998       4.61670595E-07
   3.03999996       9.28711984E-07
   3.05999994       1.18726419E-07
   3.07999992       3.51856727E-07
   3.09999990       1.24253813E-06
