  -2.00000000       2.99659814E-06
  -1.98000002       4.41153588E-07
  -1.96000004       1.97455324E-06
  -1.94000006       1.64496896E-06
  -1.91999996       8.70954636E-07
  -1.89999998       2.63919128E-06
  -1.88000000       8.95768437E-08
  -1.86000001       2.94976485E-06
  -1.84000003       1.44751581E-07
  -1.82000005       2.61831474E-06
  -1.79999995       1.08615518E-06
  -1.77999997       1.39571728E-06
  -1.75999999       2.23376242E-06
  -1.74000001       4.93486937E-07
  -1.72000003       2.93242488E-06
  -1.70000005       6.51696155E-08
  -1.68000007       3.14891849E-06
  -1.65999997       5.93741561E-07
  -1.63999999       2.00077602E-06
  -1.62000000       1.80462143E-06
  -1.60000002       1.04885680E-06
  -1.58000004       2.83397208E-06
  -1.55999994       2.54935713E-07
  -1.53999996       3.24144503E-06
  -1.51999998       3.54026042E-07
  -1.50000000       2.87735907E-06
  -1.48000002       1.24949645E-06
  -1.46000004       1.58800833E-06
  -1.44000006       2.69502220E-06
  -1.42000008       6.48591424E-07
  -1.40000010       3.33197750E-06
  -1.38000000       3.68813090E-07
  -1.36000001       3.31132560E-06
  -1.34000003       9.95880782E-07
  -1.31999993       2.53187000E-06
  -1.29999995       2.12099144E-06
  -1.27999997       1.19025253E-06
  -1.25999999       3.45369199E-06
  -1.24000001       4.65053120E-07
  -1.22000003       3.73509647E-06
  -1.20000005       7.26815699E-07
  -1.18000007       2.84908378E-06
  -1.16000009       1.78455139E-06
  -1.14000010       1.78043729E-06
  -1.12000000       2.58145201E-06
  -1.10000002       7.46871649E-07
  -1.08000004       2.69779116E-06
  -1.05999994       1.97126894E-07
  -1.03999996       2.13228714E-06
  -1.01999998       8.87615315E-08
  -1.00000000       7.87354168E-07
 -0.980000019       1.27126242E-07
 -0.960000038       2.62435060E-06
 -0.940000057       2.37916265E-06
 -0.920000076       1.40198445E-05
 -0.899999976       1.43172292E-05
 -0.879999995       4.00242352E-05
 -0.860000014       5.54578437E-05
 -0.840000033       1.25124585E-04
 -0.820000052       2.29350175E-04
 -0.800000072       4.63057397E-04
 -0.779999971       8.15149164E-04
 -0.759999990       1.29977404E-03
 -0.740000010       1.90054323E-03
 -0.720000029       2.43373122E-03
 -0.700000048       3.27436230E-03
 -0.680000067       4.58513247E-03
 -0.660000086       8.03828984E-03
 -0.639999986       1.42811267E-02
 -0.620000005       2.49531455E-02
 -0.600000024       3.78189683E-02
 -0.580000043       5.01419902E-02
 -0.560000062       5.67035340E-02
 -0.540000081       5.72045445E-02
 -0.519999981       6.00259528E-02
 -0.500000000       8.57299417E-02
 -0.480000019      0.157411203    
 -0.460000038      0.286593229    
 -0.440000057      0.449229389    
 -0.420000076      0.582396924    
 -0.400000095      0.615793943    
 -0.379999995      0.514010847    
 -0.360000014      0.355324984    
 -0.340000033      0.311877668    
 -0.320000052      0.593911171    
 -0.300000072       1.28560054    
 -0.280000091       2.22761917    
 -0.259999990       3.00845337    
 -0.240000010       3.17795539    
 -0.220000029       2.52691722    
 -0.200000048       1.36457109    
 -0.180000067      0.430462092    
 -0.160000086      0.544200182    
 -0.139999986       2.04327631    
 -0.120000005       4.46142721    
 -0.100000024       6.62500477    
  -8.00000429E-02   7.36513662    
  -6.00000620E-02   6.11207962    
  -4.00000811E-02   3.55516863    
  -2.00001001E-02  0.987201631    
   0.00000000       8.67273379E-03
   1.99999809E-02   2.02499723E-05
   3.99999619E-02   5.67718644E-06
   5.99999428E-02   1.96229530E-06
   7.99999237E-02   2.62094375E-07
   9.99999046E-02   6.17311514E-07
  0.119999886       3.48625164E-08
  0.139999866       4.84759425E-07
  0.159999847       1.20674073E-07
  0.180000067       5.30222735E-07
  0.200000048       2.71741044E-07
  0.220000029       6.35492086E-07
  0.240000010       4.58185923E-07
  0.259999990       7.75771866E-07
  0.279999971       6.73428531E-07
  0.299999952       9.38298911E-07
  0.319999933       9.13643476E-07
  0.339999914       1.11449071E-06
  0.359999895       1.16702211E-06
  0.379999876       1.30216779E-06
  0.399999857       1.42264446E-06
  0.419999838       1.50225878E-06
  0.440000057       1.68332747E-06
  0.460000038       1.72351122E-06
  0.480000019       1.94708105E-06
  0.500000000       1.97865484E-06
  0.519999981       2.19726371E-06
  0.539999962       2.23754250E-06
  0.559999943       2.41096814E-06
  0.579999924       2.47109460E-06
  0.599999905       2.59197486E-06
  0.619999886       2.70198097E-06
  0.639999866       2.78387347E-06
  0.659999847       2.93829203E-06
  0.679999828       2.97901829E-06
  0.700000048       3.10983251E-06
  0.720000029       3.12211409E-06
  0.740000010       3.21380276E-06
  0.759999990       3.26155646E-06
  0.779999971       3.33160756E-06
  0.799999952       3.40576685E-06
  0.819999933       3.40391898E-06
  0.839999914       3.45264039E-06
  0.859999895       3.42682165E-06
  0.879999876       3.47929290E-06
  0.899999857       3.49336665E-06
  0.919999838       3.48350613E-06
  0.939999819       3.47462901E-06
  0.960000038       3.41631289E-06
  0.980000019       3.44107980E-06
   1.00000000       3.40202769E-06
   1.01999998       3.37858341E-06
   1.03999996       3.31781439E-06
   1.05999994       3.24807661E-06
   1.07999992       3.26793224E-06
   1.09999990       3.17246759E-06
   1.11999989       3.11954432E-06
   1.13999987       3.06977972E-06
   1.15999985       2.98194686E-06
   1.17999983       2.98584177E-06
   1.19999981       2.86156683E-06
   1.22000003       2.78950256E-06
   1.24000001       2.79464575E-06
   1.25999999       2.66154620E-06
   1.27999997       2.62054937E-06
   1.29999995       2.56600038E-06
   1.31999993       2.46800209E-06
   1.33999991       2.45937736E-06
   1.35999990       2.33530773E-06
   1.37999988       2.28815270E-06
   1.39999986       2.29189300E-06
   1.41999984       2.12130067E-06
   1.43999982       2.12769032E-06
   1.46000004       2.11996667E-06
   1.48000002       1.92128573E-06
   1.50000000       1.98620819E-06
   1.51999998       1.95040866E-06
   1.53999996       1.73719081E-06
   1.55999994       1.86478439E-06
   1.57999992       1.78818198E-06
   1.59999990       1.56310568E-06
   1.61999989       1.76137985E-06
   1.63999987       1.64273922E-06
   1.65999985       1.39912606E-06
   1.67999983       1.66784821E-06
   1.69999981       1.51513984E-06
   1.72000003       1.24391465E-06
   1.74000001       1.58118917E-06
   1.75999999       1.41388921E-06
   1.77999997       1.09695816E-06
   1.79999995       1.48881122E-06
   1.81999993       1.34661673E-06
   1.83999991       9.59924364E-07
   1.85999990       1.38390567E-06
   1.87999988       1.31061438E-06
   1.89999986       8.33130173E-07
   1.91999984       1.27745488E-06
   1.93999982       1.28023953E-06
   1.95999980       7.22854509E-07
   1.98000002       1.18474748E-06
   2.00000000       1.24147982E-06
   2.01999998       6.37246615E-07
   2.03999996       1.08327708E-06
   2.05999994       1.22924814E-06
   2.07999992       5.64270465E-07
   2.09999990       9.61196520E-07
   2.11999989       1.24302505E-06
   2.13999987       5.05690821E-07
   2.15999985       8.46244689E-07
   2.17999983       1.22311815E-06
   2.19999981       4.92903268E-07
   2.21999979       7.11898736E-07
   2.23999977       1.20807169E-06
   2.25999975       4.88483693E-07
   2.27999973       6.02464013E-07
   2.29999971       1.14002660E-06
   2.31999969       4.80712799E-07
   2.33999968       5.27819964E-07
   2.36000013       1.13710439E-06
   2.38000011       4.65984158E-07
   2.40000010       4.26289716E-07
   2.42000008       1.12698388E-06
   2.44000006       5.18972627E-07
   2.46000004       3.13628391E-07
   2.48000002       1.07714027E-06
   2.50000000       5.58667807E-07
   2.51999998       2.49370117E-07
   2.53999996       9.86322902E-07
   2.55999994       5.64205891E-07
   2.57999992       1.88574106E-07
   2.59999990       9.82060783E-07
   2.61999989       6.41294321E-07
   2.63999987       1.15839839E-07
   2.65999985       9.07079766E-07
   2.67999983       6.94358732E-07
   2.69999981       8.57604121E-08
   2.71999979       8.08813866E-07
   2.73999977       7.08726475E-07
   2.75999975       5.34152669E-08
   2.77999973       7.65127766E-07
   2.79999971       7.98428459E-07
   2.81999969       3.99188380E-08
   2.83999968       6.61024615E-07
   2.85999966       8.25185680E-07
   2.88000011       4.17232009E-08
   2.90000010       6.07186792E-07
   2.92000008       8.91910304E-07
   2.94000006       5.83277604E-08
   2.96000004       5.06320305E-07
   2.98000002       9.04063427E-07
   3.00000000       8.30928855E-08
   3.01999998       4.46181417E-07
   3.03999996       9.70247925E-07
   3.05999994       1.46801554E-07
   3.07999992       3.10581100E-07
   3.09999990       6.25910218E-07
