  -2.00000000       2.10969642E-06
  -1.98000002       7.05733385E-07
  -1.96000004       2.11589304E-06
  -1.94000006       1.57403224E-06
  -1.91999996       6.56596058E-07
  -1.89999998       3.00243187E-06
  -1.88000000       4.81683031E-08
  -1.86000001       2.74693321E-06
  -1.84000003       3.56376717E-07
  -1.82000005       2.48858260E-06
  -1.79999995       1.31832826E-06
  -1.77999997       1.00937280E-06
  -1.75999999       2.72137822E-06
  -1.74000001       2.00916190E-07
  -1.72000003       3.03724937E-06
  -1.70000005       2.14443190E-07
  -1.68000007       2.69600469E-06
  -1.65999997       1.19015067E-06
  -1.63999999       1.60699165E-06
  -1.62000000       2.22211270E-06
  -1.60000002       4.04337499E-07
  -1.58000004       3.46437400E-06
  -1.55999994       1.45900785E-07
  -1.53999996       2.87543071E-06
  -1.51999998       1.03279979E-06
  -1.50000000       2.02293427E-06
  -1.48000002       2.18554101E-06
  -1.46000004       9.23160087E-07
  -1.44000006       3.12052794E-06
  -1.42000008       2.58046214E-07
  -1.40000010       3.61368529E-06
  -1.38000000       6.73203374E-07
  -1.36000001       2.45663591E-06
  -1.34000003       2.18573041E-06
  -1.31999993       1.14634975E-06
  -1.29999995       3.43303145E-06
  -1.27999997       5.40960741E-07
  -1.25999999       3.42707290E-06
  -1.24000001       8.57189150E-07
  -1.22000003       2.98854025E-06
  -1.20000005       1.78558935E-06
  -1.18000007       1.82062774E-06
  -1.16000009       2.77134086E-06
  -1.14000010       5.88722401E-07
  -1.12000000       3.45475564E-06
  -1.10000002       2.88652586E-07
  -1.08000004       2.65838389E-06
  -1.05999994       5.67076654E-07
  -1.03999996       1.07235587E-06
  -1.01999998       6.04199386E-07
  -1.00000000       8.21416847E-07
 -0.980000019       2.34191866E-08
 -0.960000038       4.08548067E-06
 -0.940000057       4.45728347E-06
 -0.920000076       1.51694840E-05
 -0.899999976       2.41434409E-05
 -0.879999995       4.46184386E-05
 -0.860000014       8.12474318E-05
 -0.840000033       1.48519786E-04
 -0.820000052       3.06886825E-04
 -0.800000072       5.34593186E-04
 -0.779999971       9.96884773E-04
 -0.759999990       1.46233325E-03
 -0.740000010       2.18518288E-03
 -0.720000029       2.77851662E-03
 -0.700000048       3.78595572E-03
 -0.680000067       5.53314714E-03
 -0.660000086       9.45354532E-03
 -0.639999986       1.66773330E-02
 -0.620000005       2.78504547E-02
 -0.600000024       4.15009148E-02
 -0.580000043       5.34634665E-02
 -0.560000062       6.04093969E-02
 -0.540000081       6.12854660E-02
 -0.519999981       6.77941516E-02
 -0.500000000       9.82527807E-02
 -0.480000019      0.178002954    
 -0.460000038      0.311294258    
 -0.440000057      0.474015117    
 -0.420000076      0.600508928    
 -0.400000095      0.622676492    
 -0.379999995      0.518019736    
 -0.360000014      0.367115974    
 -0.340000033      0.347144157    
 -0.320000052      0.657772064    
 -0.300000072       1.36267090    
 -0.280000091       2.28855658    
 -0.259999990       3.03123856    
 -0.240000010       3.14352870    
 -0.220000029       2.47370863    
 -0.200000048       1.31869793    
 -0.180000067      0.435780793    
 -0.160000086      0.595663071    
 -0.139999986       2.10284162    
 -0.120000005       4.47445107    
 -0.100000024       6.56971931    
  -8.00000429E-02   7.24067688    
  -6.00000620E-02   5.99115753    
  -4.00000811E-02   3.46859932    
  -2.00001001E-02  0.963521481    
   0.00000000       8.50576069E-03
   1.99999809E-02   1.85926419E-05
   3.99999619E-02   6.80938001E-06
   5.99999428E-02   1.12885311E-06
   7.99999237E-02   8.99579163E-07
   9.99999046E-02   8.24251742E-08
  0.119999886       4.90997024E-07
  0.139999866       7.50304281E-08
  0.159999847       4.83514327E-07
  0.180000067       1.93920897E-07
  0.200000048       5.68115865E-07
  0.220000029       3.56284858E-07
  0.240000010       6.90024706E-07
  0.259999990       5.48379035E-07
  0.279999971       8.34787329E-07
  0.299999952       7.63248806E-07
  0.319999933       9.97655320E-07
  0.339999914       1.00098134E-06
  0.359999895       1.17680440E-06
  0.379999876       1.26084569E-06
  0.399999857       1.37954862E-06
  0.419999838       1.52869995E-06
  0.440000057       1.60392801E-06
  0.460000038       1.78933851E-06
  0.480000019       1.82898668E-06
  0.500000000       2.02568640E-06
  0.519999981       2.05755987E-06
  0.539999962       2.23806865E-06
  0.559999943       2.30564683E-06
  0.579999924       2.45909087E-06
  0.599999905       2.56286921E-06
  0.619999886       2.67447990E-06
  0.639999866       2.78228208E-06
  0.659999847       2.83869895E-06
  0.679999828       2.95176187E-06
  0.700000048       2.99731005E-06
  0.720000029       3.11765712E-06
  0.740000010       3.17767967E-06
  0.759999990       3.25904716E-06
  0.779999971       3.28916258E-06
  0.799999952       3.32391960E-06
  0.819999933       3.36278299E-06
  0.839999914       3.39680673E-06
  0.859999895       3.46076581E-06
  0.879999876       3.44081286E-06
  0.899999857       3.45523290E-06
  0.919999838       3.42718408E-06
  0.939999819       3.43912779E-06
  0.960000038       3.45523722E-06
  0.980000019       3.40639963E-06
   1.00000000       3.39133862E-06
   1.01999998       3.31564252E-06
   1.03999996       3.33103731E-06
   1.05999994       3.29285967E-06
   1.07999992       3.20355070E-06
   1.09999990       3.19234596E-06
   1.11999989       3.09365191E-06
   1.13999987       3.08840367E-06
   1.15999985       3.03336719E-06
   1.17999983       2.89242325E-06
   1.19999981       2.92086543E-06
   1.22000003       2.82813153E-06
   1.24000001       2.73686214E-06
   1.25999999       2.72344664E-06
   1.27999997       2.59741046E-06
   1.29999995       2.59097101E-06
   1.31999993       2.51796860E-06
   1.33999991       2.38167513E-06
   1.35999990       2.43522277E-06
   1.37999988       2.30334786E-06
   1.39999986       2.20216270E-06
   1.41999984       2.26983320E-06
   1.43999982       2.09154541E-06
   1.46000004       2.05234119E-06
   1.48000002       2.10447979E-06
   1.50000000       1.88496733E-06
   1.51999998       1.92421726E-06
   1.53999996       1.94486483E-06
   1.55999994       1.69206578E-06
   1.57999992       1.81403993E-06
   1.59999990       1.79421079E-06
   1.61999989       1.51017423E-06
   1.63999987       1.71907413E-06
   1.65999985       1.66121902E-06
   1.67999983       1.33985918E-06
   1.69999981       1.63341656E-06
   1.72000003       1.54293446E-06
   1.74000001       1.17899583E-06
   1.75999999       1.56119779E-06
   1.77999997       1.43898660E-06
   1.79999995       1.03033187E-06
   1.81999993       1.49509151E-06
   1.83999991       1.34907361E-06
   1.85999990       9.00886107E-07
   1.87999988       1.42201384E-06
   1.89999986       1.27780652E-06
   1.91999984       7.92460924E-07
   1.93999982       1.33245828E-06
   1.95999980       1.22831511E-06
   1.98000002       6.90850356E-07
   2.00000000       1.25341580E-06
   2.01999998       1.17875652E-06
   2.03999996       5.91697699E-07
   2.05999994       1.20413347E-06
   2.07999992       1.12815417E-06
   2.09999990       5.05864591E-07
   2.11999989       1.13528199E-06
   2.13999987       1.11963709E-06
   2.15999985       4.34931906E-07
   2.17999983       1.03680122E-06
   2.19999981       1.09216421E-06
   2.21999979       3.84668397E-07
   2.23999977       9.72120574E-07
   2.25999975       1.03387595E-06
   2.27999973       3.44521368E-07
   2.29999971       9.08908021E-07
   2.31999969       1.00445004E-06
   2.33999968       2.80359075E-07
   2.36000013       8.94684661E-07
   2.38000011       1.00764305E-06
   2.40000010       2.30363469E-07
   2.42000008       8.05177763E-07
   2.44000006       1.01784087E-06
   2.46000004       2.13859806E-07
   2.48000002       7.37841333E-07
   2.50000000       9.67238179E-07
   2.51999998       1.86297399E-07
   2.53999996       7.08002347E-07
   2.55999994       9.57162115E-07
   2.57999992       1.48515483E-07
   2.59999990       6.62710249E-07
   2.61999989       1.00220871E-06
   2.63999987       1.47252450E-07
   2.65999985       5.89141678E-07
   2.67999983       9.51668483E-07
   2.69999981       1.30889518E-07
   2.71999979       5.67918278E-07
   2.73999977       9.61167757E-07
   2.75999975       1.18450714E-07
   2.77999973       5.09697486E-07
   2.79999971       9.73049509E-07
   2.81999969       1.31443130E-07
   2.83999968       4.62503436E-07
   2.85999966       9.55091537E-07
   2.88000011       1.20922778E-07
   2.90000010       4.48449669E-07
   2.92000008       1.00057423E-06
   2.94000006       1.44392885E-07
   2.96000004       3.87760736E-07
   2.98000002       9.61313731E-07
   3.00000000       1.41050052E-07
   3.01999998       3.79987966E-07
   3.03999996       1.00928798E-06
   3.05999994       1.77989207E-07
   3.07999992       3.11983086E-07
   3.09999990       1.28192687E-06
