  -2.00000000       2.65664221E-06
  -1.98000002       6.23349479E-07
  -1.96000004       1.94401196E-06
  -1.94000006       1.68843235E-06
  -1.91999996       6.59446471E-07
  -1.89999998       2.98615396E-06
  -1.88000000       2.29627197E-08
  -1.86000001       2.80153813E-06
  -1.84000003       4.08597515E-07
  -1.82000005       2.30283194E-06
  -1.79999995       1.49793073E-06
  -1.77999997       9.50929234E-07
  -1.75999999       2.75446928E-06
  -1.74000001       1.17348137E-07
  -1.72000003       3.13799569E-06
  -1.70000005       2.61685273E-07
  -1.68000007       2.46875470E-06
  -1.65999997       1.46659113E-06
  -1.63999999       1.39799374E-06
  -1.62000000       2.39588007E-06
  -1.60000002       3.08978372E-07
  -1.58000004       3.45539706E-06
  -1.55999994       1.91574458E-07
  -1.53999996       2.82640212E-06
  -1.51999998       1.24537939E-06
  -1.50000000       1.61599394E-06
  -1.48000002       2.60472416E-06
  -1.46000004       6.81191295E-07
  -1.44000006       3.19637502E-06
  -1.42000008       3.48187228E-07
  -1.40000010       3.36325684E-06
  -1.38000000       9.90344688E-07
  -1.36000001       2.19117328E-06
  -1.34000003       2.47893331E-06
  -1.31999993       7.73295483E-07
  -1.29999995       3.75672994E-06
  -1.27999997       4.01890702E-07
  -1.25999999       3.36717790E-06
  -1.24000001       1.18199102E-06
  -1.22000003       2.39447377E-06
  -1.20000005       2.41579096E-06
  -1.18000007       1.34891411E-06
  -1.16000009       3.04522086E-06
  -1.14000010       5.15992838E-07
  -1.12000000       3.26240252E-06
  -1.10000002       5.07292043E-07
  -1.08000004       2.40938903E-06
  -1.05999994       7.92856099E-07
  -1.03999996       7.69416204E-07
  -1.01999998       7.19019454E-07
  -1.00000000       7.81177505E-07
 -0.980000019       1.83690616E-07
 -0.960000038       4.45059777E-06
 -0.940000057       5.78260506E-06
 -0.920000076       1.51231770E-05
 -0.899999976       2.92814457E-05
 -0.879999995       4.49522922E-05
 -0.860000014       9.40067694E-05
 -0.840000033       1.57695351E-04
 -0.820000052       3.35356221E-04
 -0.800000072       5.73258149E-04
 -0.779999971       1.05182128E-03
 -0.759999990       1.54848304E-03
 -0.740000010       2.27746344E-03
 -0.720000029       2.93224328E-03
 -0.700000048       3.98503523E-03
 -0.680000067       5.92508120E-03
 -0.660000086       9.98730026E-03
 -0.639999986       1.76500566E-02
 -0.620000005       2.89010946E-02
 -0.600000024       4.29227352E-02
 -0.580000043       5.47386184E-02
 -0.560000062       6.17498457E-02
 -0.540000081       6.30728975E-02
 -0.519999981       7.06763417E-02
 -0.500000000      0.103274047    
 -0.480000019      0.185641259    
 -0.460000038      0.320508301    
 -0.440000057      0.482954174    
 -0.420000076      0.607075095    
 -0.400000095      0.625005543    
 -0.379999995      0.520074069    
 -0.360000014      0.371545702    
 -0.340000033      0.361246735    
 -0.320000052      0.680985689    
 -0.300000072       1.39064872    
 -0.280000091       2.31051302    
 -0.259999990       3.03749061    
 -0.240000010       3.13187766    
 -0.220000029       2.45319009    
 -0.200000048       1.30326855    
 -0.180000067      0.438501179    
 -0.160000086      0.614091575    
 -0.139999986       2.12400723    
 -0.120000005       4.47928905    
 -0.100000024       6.54647350    
  -8.00000429E-02   7.19793367    
  -6.00000620E-02   5.94438171    
  -4.00000811E-02   3.43893218    
  -2.00001001E-02  0.954459250    
   0.00000000       8.41145311E-03
   1.99999809E-02   1.94608619E-05
   3.99999619E-02   5.88488547E-06
   5.99999428E-02   1.72323757E-06
   7.99999237E-02   4.70900034E-07
   9.99999046E-02   4.28712099E-07
  0.119999886       2.24517265E-07
  0.139999866       2.97033495E-07
  0.159999847       3.07211906E-07
  0.180000067       3.33133414E-07
  0.200000048       4.58750236E-07
  0.220000029       4.29934346E-07
  0.240000010       6.42158398E-07
  0.259999990       5.65546316E-07
  0.279999971       8.46964838E-07
  0.299999952       7.32430863E-07
  0.319999933       1.06030654E-06
  0.339999914       9.30286774E-07
  0.359999895       1.26645705E-06
  0.379999876       1.15927651E-06
  0.399999857       1.46038894E-06
  0.419999838       1.41836267E-06
  0.440000057       1.64664573E-06
  0.460000038       1.71707939E-06
  0.480000019       1.82945996E-06
  0.500000000       2.03331319E-06
  0.519999981       2.02493334E-06
  0.539999962       2.31037689E-06
  0.559999943       2.22547146E-06
  0.579999924       2.51977190E-06
  0.599999905       2.45455226E-06
  0.619999886       2.67844780E-06
  0.639999866       2.74538434E-06
  0.659999847       2.81393318E-06
  0.679999828       3.02149579E-06
  0.700000048       2.92765594E-06
  0.720000029       3.17391255E-06
  0.740000010       3.06927927E-06
  0.759999990       3.25185806E-06
  0.779999971       3.28923738E-06
  0.799999952       3.29337036E-06
  0.819999933       3.44919408E-06
  0.839999914       3.29349223E-06
  0.859999895       3.47290006E-06
  0.879999876       3.39903863E-06
  0.899999857       3.43862257E-06
  0.919999838       3.51633935E-06
  0.939999819       3.34667493E-06
  0.960000038       3.47713831E-06
  0.980000019       3.36575977E-06
   1.00000000       3.38424115E-06
   1.01999998       3.40413430E-06
   1.03999996       3.22894334E-06
   1.05999994       3.31677620E-06
   1.07999992       3.20799018E-06
   1.09999990       3.17106606E-06
   1.11999989       3.16870387E-06
   1.13999987       2.98919781E-06
   1.15999985       3.05799563E-06
   1.17999983       2.96551048E-06
   1.19999981       2.83804820E-06
   1.22000003       2.87152079E-06
   1.24000001       2.73295996E-06
   1.25999999       2.70924261E-06
   1.27999997       2.65801941E-06
   1.29999995       2.51869346E-06
   1.31999993       2.55259511E-06
   1.33999991       2.43984687E-06
   1.35999990       2.34645290E-06
   1.37999988       2.36086998E-06
   1.39999986       2.23357961E-06
   1.41999984       2.20173138E-06
   1.43999982       2.15623982E-06
   1.46000004       2.04727257E-06
   1.48000002       2.07326229E-06
   1.50000000       1.94698441E-06
   1.51999998       1.88435843E-06
   1.53999996       1.95335997E-06
   1.55999994       1.74460797E-06
   1.57999992       1.74683862E-06
   1.59999990       1.84132534E-06
   1.61999989       1.54937106E-06
   1.63999987       1.62810773E-06
   1.65999985       1.74490265E-06
   1.67999983       1.36847950E-06
   1.69999981       1.51719382E-06
   1.72000003       1.66532436E-06
   1.74000001       1.20161383E-06
   1.75999999       1.40863779E-06
   1.77999997       1.60957313E-06
   1.79999995       1.05220795E-06
   1.81999993       1.29560317E-06
   1.83999991       1.56867497E-06
   1.85999990       9.24493236E-07
   1.87999988       1.18714388E-06
   1.89999986       1.51571680E-06
   1.91999984       8.25535949E-07
   1.93999982       1.09633845E-06
   1.95999980       1.43321256E-06
   1.98000002       7.48208606E-07
   2.00000000       1.02171657E-06
   2.01999998       1.35620917E-06
   2.03999996       6.68246685E-07
   2.05999994       9.51438381E-07
   2.07999992       1.31648676E-06
   2.09999990       5.74569356E-07
   2.11999989       9.01386045E-07
   2.13999987       1.27608860E-06
   2.15999985       5.05177752E-07
   2.17999983       8.35445235E-07
   2.19999981       1.25274255E-06
   2.21999979       4.61686795E-07
   2.23999977       7.45434136E-07
   2.25999975       1.19902597E-06
   2.27999973       4.23138715E-07
   2.29999971       7.14780242E-07
   2.31999969       1.12440648E-06
   2.33999968       3.59048784E-07
   2.36000013       6.86861142E-07
   2.38000011       1.14005479E-06
   2.40000010       3.07301548E-07
   2.42000008       6.37455969E-07
   2.44000006       1.13175679E-06
   2.46000004       2.98877467E-07
   2.48000002       5.55237705E-07
   2.50000000       1.05684069E-06
   2.51999998       2.68816621E-07
   2.53999996       5.59063324E-07
   2.55999994       1.05397362E-06
   2.57999992       2.17783892E-07
   2.59999990       5.29105705E-07
   2.61999989       1.07162600E-06
   2.63999987       2.25835322E-07
   2.65999985       4.50231681E-07
   2.67999983       1.00087016E-06
   2.69999981       2.01514467E-07
   2.71999979       4.64179010E-07
   2.73999977       1.02787385E-06
   2.75999975       1.78504223E-07
   2.77999973       4.28721620E-07
   2.79999971       1.03286675E-06
   2.81999969       1.92693619E-07
   2.83999968       3.82418619E-07
   2.85999966       9.63096454E-07
   2.88000011       1.58402827E-07
   2.90000010       3.92474760E-07
   2.92000008       1.02193121E-06
   2.94000006       1.86084350E-07
   2.96000004       3.31297258E-07
   2.98000002       9.49401795E-07
   3.00000000       1.59465287E-07
   3.01999998       3.60111756E-07
   3.03999996       1.03021910E-06
   3.05999994       2.01957477E-07
   3.07999992       2.84392172E-07
   3.09999990       9.03019270E-07
