  -2.00000000       2.71714430E-06
  -1.98000002       6.13043596E-07
  -1.96000004       1.92720745E-06
  -1.94000006       1.69991108E-06
  -1.91999996       6.59856880E-07
  -1.89999998       2.98259170E-06
  -1.88000000       2.11531415E-08
  -1.86000001       2.80672975E-06
  -1.84000003       4.11933343E-07
  -1.82000005       2.28721274E-06
  -1.79999995       1.51247264E-06
  -1.77999997       9.44683734E-07
  -1.75999999       2.75950333E-06
  -1.74000001       1.11294774E-07
  -1.72000003       3.14318731E-06
  -1.70000005       2.67599631E-07
  -1.68000007       2.45831279E-06
  -1.65999997       1.48588208E-06
  -1.63999999       1.38207383E-06
  -1.62000000       2.41654107E-06
  -1.60000002       3.01676721E-07
  -1.58000004       3.44705677E-06
  -1.55999994       1.99894117E-07
  -1.53999996       2.82319229E-06
  -1.51999998       1.25989823E-06
  -1.50000000       1.58494549E-06
  -1.48000002       2.63700417E-06
  -1.46000004       6.60669514E-07
  -1.44000006       3.19497303E-06
  -1.42000008       3.58355152E-07
  -1.40000010       3.34170545E-06
  -1.38000000       1.02780234E-06
  -1.36000001       2.15921591E-06
  -1.34000003       2.49086042E-06
  -1.31999993       7.51778771E-07
  -1.29999995       3.78320965E-06
  -1.27999997       3.95854187E-07
  -1.25999999       3.35350023E-06
  -1.24000001       1.20543621E-06
  -1.22000003       2.35348375E-06
  -1.20000005       2.47537173E-06
  -1.18000007       1.30522972E-06
  -1.16000009       3.05722187E-06
  -1.14000010       5.13691589E-07
  -1.12000000       3.24414623E-06
  -1.10000002       5.37772280E-07
  -1.08000004       2.37643280E-06
  -1.05999994       8.15287592E-07
  -1.03999996       7.48251182E-07
  -1.01999998       7.24974711E-07
  -1.00000000       7.70475310E-07
 -0.980000019       2.06129414E-07
 -0.960000038       4.47354296E-06
 -0.940000057       5.91317121E-06
 -0.920000076       1.51274526E-05
 -0.899999976       2.96950293E-05
 -0.879999995       4.49991494E-05
 -0.860000014       9.51307520E-05
 -0.840000033       1.58500392E-04
 -0.820000052       3.37742124E-04
 -0.800000072       5.76724357E-04
 -0.779999971       1.05611735E-03
 -0.759999990       1.55646307E-03
 -0.740000010       2.28471169E-03
 -0.720000029       2.94602290E-03
 -0.700000048       4.00201511E-03
 -0.680000067       5.95830614E-03
 -0.660000086       1.00333132E-02
 -0.639999986       1.77316759E-02
 -0.620000005       2.89908368E-02
 -0.600000024       4.30420674E-02
 -0.580000043       5.48466444E-02
 -0.560000062       6.18628412E-02
 -0.540000081       6.32287636E-02
 -0.519999981       7.09164664E-02
 -0.500000000      0.103707105    
 -0.480000019      0.186275229    
 -0.460000038      0.321287960    
 -0.440000057      0.483695745    
 -0.420000076      0.607613087    
 -0.400000095      0.625212193    
 -0.379999995      0.520240068    
 -0.360000014      0.371933132    
 -0.340000033      0.362451196    
 -0.320000052      0.682910085    
 -0.300000072       1.39298666    
 -0.280000091       2.31233168    
 -0.259999990       3.03795815    
 -0.240000010       3.13093925    
 -0.220000029       2.45142388    
 -0.200000048       1.30203593    
 -0.180000067      0.438731641    
 -0.160000086      0.615623474    
 -0.139999986       2.12576079    
 -0.120000005       4.47968626    
 -0.100000024       6.54445839    
  -8.00000429E-02   7.19443226    
  -6.00000620E-02   5.94042015    
  -4.00000811E-02   3.43651247    
  -2.00001001E-02  0.953693986    
   0.00000000       8.40306282E-03
   1.99999809E-02   1.95220327E-05
   3.99999619E-02   5.80797041E-06
   5.99999428E-02   1.77102152E-06
   7.99999237E-02   4.34595592E-07
   9.99999046E-02   4.60523495E-07
  0.119999886       2.00929463E-07
  0.139999866       3.21703965E-07
  0.159999847       2.90383923E-07
  0.180000067       3.52819711E-07
  0.200000048       4.45783087E-07
  0.220000029       4.43247359E-07
  0.240000010       6.30031025E-07
  0.259999990       5.69609369E-07
  0.279999971       8.33060369E-07
  0.299999952       7.26435587E-07
  0.319999933       1.04672563E-06
  0.339999914       9.20226512E-07
  0.359999895       1.26247016E-06
  0.379999876       1.15680029E-06
  0.399999857       1.47439710E-06
  0.419999838       1.42892782E-06
  0.440000057       1.66875168E-06
  0.460000038       1.72387342E-06
  0.480000019       1.83310794E-06
  0.500000000       2.01567946E-06
  0.519999981       2.00152999E-06
  0.539999962       2.28896943E-06
  0.559999943       2.21464711E-06
  0.579999924       2.53495227E-06
  0.599999905       2.47727394E-06
  0.619999886       2.70438204E-06
  0.639999866       2.74592458E-06
  0.659999847       2.79110782E-06
  0.679999828       2.99040494E-06
  0.700000048       2.90811226E-06
  0.720000029       3.19133733E-06
  0.740000010       3.09820507E-06
  0.759999990       3.27314979E-06
  0.779999971       3.27492512E-06
  0.799999952       3.25485667E-06
  0.819999933       3.43387228E-06
  0.839999914       3.30726243E-06
  0.859999895       3.51083804E-06
  0.879999876       3.40490942E-06
  0.899999857       3.40571978E-06
  0.919999838       3.49206630E-06
  0.939999819       3.35271056E-06
  0.960000038       3.51614653E-06
  0.980000019       3.37053916E-06
   1.00000000       3.34881497E-06
   1.01999998       3.38933023E-06
   1.03999996       3.24798839E-06
   1.05999994       3.34622177E-06
   1.07999992       3.19143419E-06
   1.09999990       3.13616624E-06
   1.11999989       3.18738876E-06
   1.13999987       3.01507748E-06
   1.15999985       3.04708510E-06
   1.17999983       2.94101119E-06
   1.19999981       2.84416546E-06
   1.22000003       2.90291155E-06
   1.24000001       2.71716090E-06
   1.25999999       2.68285976E-06
   1.27999997       2.68627628E-06
   1.29999995       2.52943164E-06
   1.31999993       2.52620976E-06
   1.33999991       2.44266562E-06
   1.35999990       2.36710002E-06
   1.37999988       2.35221751E-06
   1.39999986       2.21822143E-06
   1.41999984       2.21901064E-06
   1.43999982       2.16363856E-06
   1.46000004       2.02386991E-06
   1.48000002       2.08613073E-06
   1.50000000       1.96207134E-06
   1.51999998       1.85790282E-06
   1.53999996       1.96594283E-06
   1.55999994       1.76058984E-06
   1.57999992       1.71764987E-06
   1.59999990       1.85902013E-06
   1.61999989       1.56123224E-06
   1.63999987       1.59725221E-06
   1.65999985       1.76947094E-06
   1.67999983       1.37357961E-06
   1.69999981       1.48799745E-06
   1.72000003       1.69319060E-06
   1.74000001       1.20045570E-06
   1.75999999       1.38799942E-06
   1.77999997       1.62778178E-06
   1.79999995       1.05116317E-06
   1.81999993       1.28935199E-06
   1.83999991       1.56618194E-06
   1.85999990       9.33902243E-07
   1.87999988       1.18450703E-06
   1.89999986       1.50765277E-06
   1.91999984       8.43964983E-07
   1.93999982       1.07383789E-06
   1.95999980       1.45422246E-06
   1.98000002       7.59643399E-07
   2.00000000       9.85023462E-07
   2.01999998       1.38507630E-06
   2.03999996       6.74802436E-07
   2.05999994       9.36984975E-07
   2.07999992       1.30772378E-06
   2.09999990       5.91830485E-07
   2.11999989       8.86350620E-07
   2.13999987       1.28974955E-06
   2.15999985       5.15789850E-07
   2.17999983       8.04026740E-07
   2.19999981       1.26761188E-06
   2.21999979       4.71821892E-07
   2.23999977       7.40784458E-07
   2.25999975       1.19458196E-06
   2.27999973       4.35127703E-07
   2.29999971       6.86559815E-07
   2.31999969       1.14816817E-06
   2.33999968       3.68234765E-07
   2.36000013       6.79305003E-07
   2.38000011       1.13318947E-06
   2.40000010       3.17783389E-07
   2.42000008       6.11620010E-07
   2.44000006       1.14562340E-06
   2.46000004       3.09848417E-07
   2.48000002       5.52100175E-07
   2.50000000       1.06600010E-06
   2.51999998       2.74334610E-07
   2.53999996       5.39321263E-07
   2.55999994       1.04347055E-06
   2.57999992       2.28484083E-07
   2.59999990       5.15668830E-07
   2.61999989       1.09262942E-06
   2.63999987       2.34476374E-07
   2.65999985       4.48918911E-07
   2.67999983       1.00847512E-06
   2.69999981       2.05652682E-07
   2.71999979       4.50994747E-07
   2.73999977       1.01153341E-06
   2.75999975       1.82900621E-07
   2.77999973       4.14344868E-07
   2.79999971       1.03031937E-06
   2.81999969       2.00014597E-07
   2.83999968       3.76712762E-07
   2.85999966       9.78594016E-07
   2.88000011       1.65463391E-07
   2.90000010       3.94420908E-07
   2.92000008       1.04245646E-06
   2.94000006       1.91731971E-07
   2.96000004       3.33977908E-07
   2.98000002       9.63551429E-07
   3.00000000       1.62813947E-07
   3.01999998       3.61863329E-07
   3.03999996       1.03796719E-06
   3.05999994       2.04218821E-07
   3.07999992       2.83968888E-07
   3.09999990       8.63890364E-07
