  -2.00000000       3.13310761E-06
  -1.98000002       5.38033646E-07
  -1.96000004       1.81384837E-06
  -1.94000006       1.78415803E-06
  -1.91999996       6.67126301E-07
  -1.89999998       2.95274867E-06
  -1.88000000       1.38451330E-08
  -1.86000001       2.85095825E-06
  -1.84000003       4.35463249E-07
  -1.82000005       2.17328034E-06
  -1.79999995       1.62590368E-06
  -1.77999997       9.05210641E-07
  -1.75999999       2.77377694E-06
  -1.74000001       8.72916743E-08
  -1.72000003       3.16583555E-06
  -1.70000005       3.02314334E-07
  -1.68000007       2.35514381E-06
  -1.65999997       1.62294180E-06
  -1.63999999       1.22443203E-06
  -1.62000000       2.55554892E-06
  -1.60000002       2.69845458E-07
  -1.58000004       3.37546317E-06
  -1.55999994       2.73958904E-07
  -1.53999996       2.77691811E-06
  -1.51999998       1.37804454E-06
  -1.50000000       1.38481516E-06
  -1.48000002       2.83819395E-06
  -1.46000004       5.16132332E-07
  -1.44000006       3.27411840E-06
  -1.42000008       4.35793112E-07
  -1.40000010       3.10850919E-06
  -1.38000000       1.27687701E-06
  -1.36000001       1.98061525E-06
  -1.34000003       2.65692643E-06
  -1.31999993       6.15736155E-07
  -1.29999995       3.83705083E-06
  -1.27999997       3.92534872E-07
  -1.25999999       3.31001183E-06
  -1.24000001       1.39449173E-06
  -1.22000003       2.01613420E-06
  -1.20000005       2.80879544E-06
  -1.18000007       1.02571994E-06
  -1.16000009       3.23453469E-06
  -1.14000010       5.24798054E-07
  -1.12000000       3.02999888E-06
  -1.10000002       7.58783585E-07
  -1.08000004       2.13458861E-06
  -1.05999994       9.90531476E-07
  -1.03999996       6.08682626E-07
  -1.01999998       7.56588634E-07
  -1.00000000       7.26679389E-07
 -0.980000019       4.18011979E-07
 -0.960000038       4.53117400E-06
 -0.940000057       6.85396981E-06
 -0.920000076       1.52212824E-05
 -0.899999976       3.25845176E-05
 -0.879999995       4.56370908E-05
 -0.860000014       1.02743608E-04
 -0.840000033       1.64456549E-04
 -0.820000052       3.54616554E-04
 -0.800000072       6.02391898E-04
 -0.779999971       1.08544563E-03
 -0.759999990       1.61477225E-03
 -0.740000010       2.33400986E-03
 -0.720000029       3.04540340E-03
 -0.700000048       4.12256271E-03
 -0.680000067       6.19408628E-03
 -0.660000086       1.03656258E-02
 -0.639999986       1.83032807E-02
 -0.620000005       2.96295714E-02
 -0.600000024       4.38744277E-02
 -0.580000043       5.56132533E-02
 -0.560000062       6.26568571E-02
 -0.540000081       6.43395111E-02
 -0.519999981       7.26120993E-02
 -0.500000000      0.106805280    
 -0.480000019      0.190695703    
 -0.460000038      0.326793194    
 -0.440000057      0.488875151    
 -0.420000076      0.611350894    
 -0.400000095      0.626714289    
 -0.379999995      0.521373391    
 -0.360000014      0.374742508    
 -0.340000033      0.370950222    
 -0.320000052      0.696377993    
 -0.300000072       1.40941679    
 -0.280000091       2.32498884    
 -0.259999990       3.04100323    
 -0.240000010       3.12460327    
 -0.220000029       2.43883014    
 -0.200000048       1.29368901    
 -0.180000067      0.440319419    
 -0.160000086      0.626344264    
 -0.139999986       2.13803458    
 -0.120000005       4.48242664    
 -0.100000024       6.53015041    
  -8.00000429E-02   7.17015648    
  -6.00000620E-02   5.91236591    
  -4.00000811E-02   3.41971970    
  -2.00001001E-02  0.948270142    
   0.00000000       8.34283046E-03
   1.99999809E-02   1.97304798E-05
   3.99999619E-02   5.38322911E-06
   5.99999428E-02   1.98840576E-06
   7.99999237E-02   2.30802925E-07
   9.99999046E-02   6.13384941E-07
  0.119999886       5.39405889E-08
  0.139999866       4.42042619E-07
  0.159999847       1.69099522E-07
  0.180000067       4.52422313E-07
  0.200000048       3.41253042E-07
  0.220000029       5.25710959E-07
  0.240000010       5.42738690E-07
  0.259999990       6.35892263E-07
  0.279999971       7.68147231E-07
  0.299999952       7.77503999E-07
  0.319999933       1.00839634E-06
  0.339999914       9.53528740E-07
  0.359999895       1.24948963E-06
  0.379999876       1.16380807E-06
  0.399999857       1.47449362E-06
  0.419999838       1.40285181E-06
  0.440000057       1.67020596E-06
  0.460000038       1.67608800E-06
  0.480000019       1.84096746E-06
  0.500000000       1.97737609E-06
  0.519999981       2.02752676E-06
  0.539999962       2.27904980E-06
  0.559999943       2.23558754E-06
  0.579999924       2.52681843E-06
  0.599999905       2.45647470E-06
  0.619999886       2.67926907E-06
  0.639999866       2.70891246E-06
  0.659999847       2.79190954E-06
  0.679999828       2.98809027E-06
  0.700000048       2.93147104E-06
  0.720000029       3.18493335E-06
  0.740000010       3.07537925E-06
  0.759999990       3.23968425E-06
  0.779999971       3.25371525E-06
  0.799999952       3.26440727E-06
  0.819999933       3.45113472E-06
  0.839999914       3.30709167E-06
  0.859999895       3.48042886E-06
  0.879999876       3.37866845E-06
  0.899999857       3.39923190E-06
  0.919999838       3.51825611E-06
  0.939999819       3.35552409E-06
  0.960000038       3.49374272E-06
  0.980000019       3.34682773E-06
   1.00000000       3.34686933E-06
   1.01999998       3.42375506E-06
   1.03999996       3.23483164E-06
   1.05999994       3.32584750E-06
   1.07999992       3.18718185E-06
   1.09999990       3.14340582E-06
   1.11999989       3.21717766E-06
   1.13999987       2.98067789E-06
   1.15999985       3.03539355E-06
   1.17999983       2.97947781E-06
   1.19999981       2.83089730E-06
   1.22000003       2.90134335E-06
   1.24000001       2.71337603E-06
   1.25999999       2.68729696E-06
   1.27999997       2.71671888E-06
   1.29999995       2.49103323E-06
   1.31999993       2.53596932E-06
   1.33999991       2.48615015E-06
   1.35999990       2.32114417E-06
   1.37999988       2.36963206E-06
   1.39999986       2.24900123E-06
   1.41999984       2.18010155E-06
   1.43999982       2.19461572E-06
   1.46000004       2.02946990E-06
   1.48000002       2.05917377E-06
   1.50000000       2.00822046E-06
   1.51999998       1.83560428E-06
   1.53999996       1.95214602E-06
   1.55999994       1.81949827E-06
   1.57999992       1.67015662E-06
   1.59999990       1.85810495E-06
   1.61999989       1.63043705E-06
   1.63999987       1.52799919E-06
   1.65999985       1.77696211E-06
   1.67999983       1.45397053E-06
   1.69999981       1.40067675E-06
   1.72000003       1.70424391E-06
   1.74000001       1.29411001E-06
   1.75999999       1.28204692E-06
   1.77999997       1.64431060E-06
   1.79999995       1.15679939E-06
   1.81999993       1.16257183E-06
   1.83999991       1.59817978E-06
   1.85999990       1.04220430E-06
   1.87999988       1.04093988E-06
   1.89999986       1.56180931E-06
   1.91999984       9.44415319E-07
   1.93999982       9.30366355E-07
   1.95999980       1.51116717E-06
   1.98000002       8.59838337E-07
   2.00000000       8.52198184E-07
   2.01999998       1.42505132E-06
   2.03999996       7.87206943E-07
   2.05999994       7.94341361E-07
   2.07999992       1.35700463E-06
   2.09999990       7.02054535E-07
   2.11999989       7.32473666E-07
   2.13999987       1.33413926E-06
   2.15999985       6.21306924E-07
   2.17999983       6.77784385E-07
   2.19999981       1.28140357E-06
   2.21999979       5.71749752E-07
   2.23999977       6.21837614E-07
   2.25999975       1.24406392E-06
   2.27999973       5.15859426E-07
   2.29999971       5.75535580E-07
   2.31999969       1.18651064E-06
   2.33999968       4.57999079E-07
   2.36000013       5.56005830E-07
   2.38000011       1.17923889E-06
   2.40000010       4.03569260E-07
   2.42000008       5.04534739E-07
   2.44000006       1.15247133E-06
   2.46000004       3.85870266E-07
   2.48000002       4.61934690E-07
   2.50000000       1.11088559E-06
   2.51999998       3.40779053E-07
   2.53999996       4.54020920E-07
   2.55999994       1.07511789E-06
   2.57999992       2.95419795E-07
   2.59999990       4.25090036E-07
   2.61999989       1.09611858E-06
   2.63999987       2.92692164E-07
   2.65999985       3.85289013E-07
   2.67999983       1.04585615E-06
   2.69999981       2.57661526E-07
   2.71999979       3.89621277E-07
   2.73999977       1.03547836E-06
   2.75999975       2.28807878E-07
   2.77999973       3.62091924E-07
   2.79999971       1.03341893E-06
   2.81999969       2.33485466E-07
   2.83999968       3.34177230E-07
   2.85999966       9.88741135E-07
   2.88000011       1.98524873E-07
   2.90000010       3.53047568E-07
   2.92000008       1.04241144E-06
   2.94000006       2.13394088E-07
   2.96000004       3.14781516E-07
   2.98000002       9.83150812E-07
   3.00000000       1.82597432E-07
   3.01999998       3.46000462E-07
   3.03999996       1.04889091E-06
   3.05999994       2.15278561E-07
   3.07999992       2.77677486E-07
   3.09999990       6.08673361E-07
