  -2.00000000       3.07448386E-06
  -1.98000002       6.46772378E-07
  -1.96000004       1.63854008E-06
  -1.94000006       1.98780731E-06
  -1.91999996       5.22768289E-07
  -1.89999998       3.04130003E-06
  -1.88000000       3.34141532E-08
  -1.86000001       2.78808693E-06
  -1.84000003       7.64482252E-07
  -1.82000005       1.74186698E-06
  -1.79999995       2.04524281E-06
  -1.77999997       4.19622523E-07
  -1.75999999       3.30052126E-06
  -1.74000001       9.08818052E-08
  -1.72000003       2.64333607E-06
  -1.70000005       9.73505735E-07
  -1.68000007       1.88181946E-06
  -1.65999997       2.18272862E-06
  -1.63999999       4.07428672E-07
  -1.62000000       3.34884226E-06
  -1.60000002       1.38834338E-07
  -1.58000004       2.93961739E-06
  -1.55999994       1.09379039E-06
  -1.53999996       1.59463025E-06
  -1.51999998       2.72725106E-06
  -1.50000000       5.66610311E-07
  -1.48000002       3.13663008E-06
  -1.46000004       3.80007549E-07
  -1.44000006       3.17433319E-06
  -1.42000008       1.27310011E-06
  -1.40000010       1.75020000E-06
  -1.38000000       2.78969583E-06
  -1.36000001       4.69037957E-07
  -1.34000003       3.87241107E-06
  -1.31999993       4.50029205E-07
  -1.29999995       2.92304844E-06
  -1.27999997       1.79708366E-06
  -1.25999999       1.65089909E-06
  -1.24000001       3.19821629E-06
  -1.22000003       6.89925685E-07
  -1.20000005       3.39840221E-06
  -1.18000007       7.10931772E-07
  -1.16000009       2.99660360E-06
  -1.14000010       1.47330411E-06
  -1.12000000       1.58141006E-06
  -1.10000002       2.10515418E-06
  -1.08000004       3.13538095E-07
  -1.05999994       2.12987243E-06
  -1.03999996       7.98374877E-09
  -1.01999998       9.73040187E-07
  -1.00000000       3.12245817E-07
 -0.980000019       3.14624208E-06
 -0.960000038       3.10805399E-06
 -0.940000057       1.64011381E-05
 -0.920000076       1.79012059E-05
 -0.899999976       4.84089433E-05
 -0.879999995       6.82119498E-05
 -0.860000014       1.38635849E-04
 -0.840000033       2.44754279E-04
 -0.820000052       4.57260059E-04
 -0.800000072       8.20760732E-04
 -0.779999971       1.30687642E-03
 -0.759999990       2.04500672E-03
 -0.740000010       2.73278868E-03
 -0.720000029       3.80389788E-03
 -0.700000048       5.08217420E-03
 -0.680000067       7.94587098E-03
 -0.660000086       1.30684339E-02
 -0.639999986       2.21206900E-02
 -0.620000005       3.48463841E-02
 -0.600000024       4.91888523E-02
 -0.580000043       6.16489872E-02
 -0.560000062       6.83743581E-02
 -0.540000081       7.26793408E-02
 -0.519999981       8.56070891E-02
 -0.500000000      0.129664287    
 -0.480000019      0.221628070    
 -0.460000038      0.366133332    
 -0.440000057      0.523478150    
 -0.420000076      0.636336505    
 -0.400000095      0.638536811    
 -0.379999995      0.528146029    
 -0.360000014      0.400031745    
 -0.340000033      0.429881394    
 -0.320000052      0.792140305    
 -0.300000072       1.52058983    
 -0.280000091       2.40739465    
 -0.259999990       3.05861092    
 -0.240000010       3.07770681    
 -0.220000029       2.35295153    
 -0.200000048       1.24103355    
 -0.180000067      0.451733500    
 -0.160000086      0.702736437    
 -0.139999986       2.21848059    
 -0.120000005       4.49497795    
 -0.100000024       6.43241405    
  -8.00000429E-02   6.99588966    
  -6.00000620E-02   5.72551727    
  -4.00000811E-02   3.30182505    
  -2.00001001E-02  0.912348568    
   0.00000000       8.00752267E-03
   1.99999809E-02   1.77719612E-05
   3.99999619E-02   6.03609897E-06
   5.99999428E-02   1.22782058E-06
   7.99999237E-02   6.98401323E-07
   9.99999046E-02   1.78104017E-07
  0.119999886       3.80598237E-07
  0.139999866       1.33888506E-07
  0.159999847       4.09311099E-07
  0.180000067       2.22801731E-07
  0.200000048       5.14616715E-07
  0.220000029       3.59500973E-07
  0.240000010       6.53847110E-07
  0.259999990       5.28297733E-07
  0.279999971       8.10348865E-07
  0.299999952       7.25115797E-07
  0.319999933       9.76417255E-07
  0.339999914       9.41996120E-07
  0.359999895       1.15406340E-06
  0.379999876       1.17803040E-06
  0.399999857       1.34386687E-06
  0.419999838       1.43448256E-06
  0.440000057       1.55335670E-06
  0.460000038       1.69800944E-06
  0.480000019       1.78045218E-06
  0.500000000       1.94487257E-06
  0.519999981       2.00154136E-06
  0.539999962       2.16613580E-06
  0.559999943       2.21613936E-06
  0.579999924       2.36906749E-06
  0.599999905       2.45167575E-06
  0.619999886       2.58307364E-06
  0.639999866       2.68435110E-06
  0.659999847       2.78015818E-06
  0.679999828       2.86345198E-06
  0.700000048       2.92308459E-06
  0.720000029       3.00993975E-06
  0.740000010       3.07087339E-06
  0.759999990       3.16840260E-06
  0.779999971       3.21741345E-06
  0.799999952       3.27378552E-06
  0.819999933       3.28131432E-06
  0.839999914       3.32229843E-06
  0.859999895       3.35600544E-06
  0.879999876       3.38510222E-06
  0.899999857       3.42555654E-06
  0.919999838       3.37214897E-06
  0.939999819       3.39654798E-06
  0.960000038       3.36666949E-06
  0.980000019       3.38342988E-06
   1.00000000       3.37833580E-06
   1.01999998       3.28988745E-06
   1.03999996       3.30254306E-06
   1.05999994       3.23132804E-06
   1.07999992       3.23404493E-06
   1.09999990       3.19055357E-06
   1.11999989       3.06081461E-06
   1.13999987       3.10468363E-06
   1.15999985       3.00316287E-06
   1.17999983       2.94750839E-06
   1.19999981       2.92846335E-06
   1.22000003       2.77491040E-06
   1.24000001       2.82412907E-06
   1.25999999       2.72687885E-06
   1.27999997       2.58368777E-06
   1.29999995       2.65929293E-06
   1.31999993       2.49949949E-06
   1.33999991       2.44318608E-06
   1.35999990       2.46270861E-06
   1.37999988       2.27187502E-06
   1.39999986       2.32823277E-06
   1.41999984       2.24564565E-06
   1.43999982       2.07173207E-06
   1.46000004       2.21953474E-06
   1.48000002       2.01950866E-06
   1.50000000       1.91263530E-06
   1.51999998       2.10549729E-06
   1.53999996       1.79061283E-06
   1.55999994       1.79459221E-06
   1.57999992       1.98363000E-06
   1.59999990       1.57349848E-06
   1.61999989       1.70944816E-06
   1.63999987       1.85450267E-06
   1.65999985       1.37237316E-06
   1.67999983       1.65033748E-06
   1.69999981       1.72251509E-06
   1.72000003       1.19474180E-06
   1.74000001       1.60744924E-06
   1.75999999       1.58291778E-06
   1.77999997       1.04546348E-06
   1.79999995       1.57272916E-06
   1.81999993       1.44338026E-06
   1.83999991       9.26766006E-07
   1.85999990       1.53119015E-06
   1.87999988       1.30949695E-06
   1.89999986       8.35858259E-07
   1.91999984       1.48539766E-06
   1.93999982       1.17394086E-06
   1.95999980       7.64303593E-07
   1.98000002       1.45936883E-06
   2.00000000       1.02608942E-06
   2.01999998       7.04688830E-07
   2.03999996       1.45593594E-06
   2.05999994       8.85249392E-07
   2.07999992       6.68030168E-07
   2.09999990       1.40986720E-06
   2.11999989       7.75172509E-07
   2.13999987       6.52509016E-07
   2.15999985       1.34387642E-06
   2.17999983       6.56769998E-07
   2.19999981       6.51904998E-07
   2.21999979       1.29346859E-06
   2.23999977       5.26040708E-07
   2.25999975       6.91412936E-07
   2.27999973       1.23442385E-06
   2.29999971       4.13876108E-07
   2.31999969       7.11462405E-07
   2.33999968       1.22614563E-06
   2.36000013       3.31649261E-07
   2.38000011       7.16632826E-07
   2.40000010       1.12533826E-06
   2.42000008       2.73871848E-07
   2.44000006       7.45705904E-07
   2.46000004       1.03721140E-06
   2.48000002       1.97648674E-07
   2.50000000       8.26996484E-07
   2.51999998       9.76701358E-07
   2.53999996       1.40400005E-07
   2.55999994       8.38840378E-07
   2.57999992       9.11318807E-07
   2.59999990       1.17721704E-07
   2.61999989       8.65126026E-07
   2.63999987       7.98923395E-07
   2.65999985       9.80588695E-08
   2.67999983       9.42424606E-07
   2.69999981       7.30137856E-07
   2.71999979       8.06567684E-08
   2.73999977       9.44374392E-07
   2.75999975       6.40404721E-07
   2.77999973       9.31809296E-08
   2.79999971       9.65404411E-07
   2.81999969       5.43102317E-07
   2.83999968       1.12350811E-07
   2.85999966       1.02568697E-06
   2.88000011       4.85628846E-07
   2.90000010       1.35966843E-07
   2.92000008       1.02210788E-06
   2.94000006       3.91396100E-07
   2.96000004       1.85578102E-07
   2.98000002       1.04786591E-06
   3.00000000       3.20267333E-07
   3.01999998       2.35323341E-07
   3.03999996       1.06012817E-06
   3.05999994       2.68612951E-07
   3.07999992       2.60910980E-07
   3.09999990       7.81422727E-07
