  -2.00000000       3.02297190E-06
  -1.98000002       9.62772560E-07
  -1.96000004       1.27905764E-06
  -1.94000006       2.75642287E-06
  -1.91999996       6.82325236E-08
  -1.89999998       2.96432859E-06
  -1.88000000       5.43380111E-07
  -1.86000001       2.00251452E-06
  -1.84000003       2.23416600E-06
  -1.82000005       2.92267657E-07
  -1.79999995       3.24582288E-06
  -1.77999997       2.35753120E-07
  -1.75999999       2.43199702E-06
  -1.74000001       1.71682734E-06
  -1.72000003       7.05614468E-07
  -1.70000005       3.35114510E-06
  -1.68000007       1.30307996E-07
  -1.65999997       2.68113445E-06
  -1.63999999       1.37446784E-06
  -1.62000000       1.45012723E-06
  -1.60000002       2.83057011E-06
  -1.58000004       1.64768409E-07
  -1.55999994       3.43227339E-06
  -1.53999996       8.21736933E-07
  -1.51999998       1.89214529E-06
  -1.50000000       2.66809275E-06
  -1.48000002       3.09467993E-07
  -1.46000004       3.78793516E-06
  -1.44000006       5.61699494E-07
  -1.42000008       2.25368922E-06
  -1.40000010       2.55383429E-06
  -1.38000000       8.15098929E-07
  -1.36000001       3.56540681E-06
  -1.34000003       5.42033376E-07
  -1.31999993       2.85617671E-06
  -1.29999995       2.03174909E-06
  -1.27999997       1.48670119E-06
  -1.25999999       3.18946877E-06
  -1.24000001       4.85733608E-07
  -1.22000003       3.44678801E-06
  -1.20000005       1.16371655E-06
  -1.18000007       1.99284045E-06
  -1.16000009       2.28959061E-06
  -1.14000010       3.34340228E-07
  -1.12000000       2.82161659E-06
  -1.10000002       4.68366110E-08
  -1.08000004       1.60333605E-06
  -1.05999994       1.08958972E-07
  -1.03999996       2.18274704E-06
  -1.01999998       9.90973035E-07
  -1.00000000       8.71151497E-06
 -0.980000019       1.15761004E-05
 -0.960000038       2.53750168E-05
 -0.940000057       5.35644540E-05
 -0.920000076       7.39460520E-05
 -0.899999976       1.58656214E-04
 -0.879999995       2.31331564E-04
 -0.860000014       4.39705123E-04
 -0.840000033       7.17700459E-04
 -0.820000052       1.20824040E-03
 -0.800000072       1.91960018E-03
 -0.779999971       2.82535236E-03
 -0.759999990       4.10283916E-03
 -0.740000010       5.51302731E-03
 -0.720000029       7.89194368E-03
 -0.700000048       1.12319663E-02
 -0.680000067       1.74825098E-02
 -0.660000086       2.70407759E-02
 -0.639999986       4.06102836E-02
 -0.620000005       5.75468317E-02
 -0.600000024       7.35566467E-02
 -0.580000043       8.79477113E-02
 -0.560000062       9.89726633E-02
 -0.540000081      0.116084561    
 -0.519999981      0.153768763    
 -0.500000000      0.231317133    
 -0.480000019      0.354496509    
 -0.460000038      0.510030866    
 -0.440000057      0.650060236    
 -0.420000076      0.718351781    
 -0.400000095      0.686200440    
 -0.379999995      0.581883430    
 -0.360000014      0.532161772    
 -0.340000033      0.686837792    
 -0.320000052       1.15874147    
 -0.300000072       1.89464664    
 -0.280000091       2.64956975    
 -0.259999990       3.06494331    
 -0.240000010       2.86414647    
 -0.220000029       2.07000065    
 -0.200000048       1.07961965    
 -0.180000067      0.539237201    
 -0.160000086      0.976017416    
 -0.139999986       2.46818733    
 -0.120000005       4.47204494    
 -0.100000024       6.03505516    
  -8.00000429E-02   6.32960129    
  -6.00000620E-02   5.06457615    
  -4.00000811E-02   2.87731695    
  -2.00001001E-02  0.789068937    
   0.00000000       6.91907154E-03
   1.99999809E-02   1.48404715E-05
   3.99999619E-02   5.66869812E-06
   5.99999428E-02   7.98752239E-07
   7.99999237E-02   7.92482069E-07
   9.99999046E-02   3.57663232E-08
  0.119999886       4.18498303E-07
  0.139999866       7.27966309E-08
  0.159999847       3.87305704E-07
  0.180000067       2.00509021E-07
  0.200000048       4.41876580E-07
  0.220000029       3.57026579E-07
  0.240000010       5.38496010E-07
  0.259999990       5.34543915E-07
  0.279999971       6.60868409E-07
  0.299999952       7.27570921E-07
  0.319999933       8.04661624E-07
  0.339999914       9.29781095E-07
  0.359999895       9.64116339E-07
  0.379999876       1.13977183E-06
  0.399999857       1.14095064E-06
  0.419999838       1.35453899E-06
  0.440000057       1.34561435E-06
  0.460000038       1.57266481E-06
  0.480000019       1.57591967E-06
  0.500000000       1.78725077E-06
  0.519999981       1.81562132E-06
  0.539999962       1.97520990E-06
  0.559999943       2.04729531E-06
  0.579999924       2.14011038E-06
  0.599999905       2.26929797E-06
  0.619999886       2.32095567E-06
  0.639999866       2.49551908E-06
  0.659999847       2.51675442E-06
  0.679999828       2.69232373E-06
  0.700000048       2.69603834E-06
  0.720000029       2.80965787E-06
  0.740000010       2.85432975E-06
  0.759999990       2.92133382E-06
  0.779999971       3.02504577E-06
  0.799999952       3.04562536E-06
  0.819999933       3.14999238E-06
  0.839999914       3.11242479E-06
  0.859999895       3.19102946E-06
  0.879999876       3.19220885E-06
  0.899999857       3.24100210E-06
  0.919999838       3.28161855E-06
  0.939999819       3.24212351E-06
  0.960000038       3.27900739E-06
  0.980000019       3.21415951E-06
   1.00000000       3.28439410E-06
   1.01999998       3.23779432E-06
   1.03999996       3.21134803E-06
   1.05999994       3.20612298E-06
   1.07999992       3.10562723E-06
   1.09999990       3.19036735E-06
   1.11999989       3.06483116E-06
   1.13999987       3.04386322E-06
   1.15999985       3.02742274E-06
   1.17999983       2.89174955E-06
   1.19999981       3.00353145E-06
   1.22000003       2.79612050E-06
   1.24000001       2.77710546E-06
   1.25999999       2.84138605E-06
   1.27999997       2.57450188E-06
   1.29999995       2.73622231E-06
   1.31999993       2.55007558E-06
   1.33999991       2.43499517E-06
   1.35999990       2.65071435E-06
   1.37999988       2.23333359E-06
   1.39999986       2.39955102E-06
   1.41999984       2.42536953E-06
   1.43999982       2.00495720E-06
   1.46000004       2.40124336E-06
   1.48000002       2.08030997E-06
   1.50000000       1.92697394E-06
   1.51999998       2.33388619E-06
   1.53999996       1.71431418E-06
   1.55999994       1.98710495E-06
   1.57999992       2.12717191E-06
   1.59999990       1.44748788E-06
   1.61999989       2.09055611E-06
   1.63999987       1.78850178E-06
   1.65999985       1.35767380E-06
   1.67999983       2.11660699E-06
   1.69999981       1.40580210E-06
   1.72000003       1.44295723E-06
   1.74000001       1.97431041E-06
   1.75999999       1.09474263E-06
   1.77999997       1.62604056E-06
   1.79999995       1.66171981E-06
   1.81999993       9.54112124E-07
   1.83999991       1.78101845E-06
   1.85999990       1.25648774E-06
   1.87999988       1.01255569E-06
   1.89999986       1.79116444E-06
   1.91999984       8.86441853E-07
   1.93999982       1.21736127E-06
   1.95999980       1.60315903E-06
   1.98000002       6.61640456E-07
   2.00000000       1.43284296E-06
   2.01999998       1.26751115E-06
   2.03999996       6.46182684E-07
   2.05999994       1.52937241E-06
   2.07999992       8.62686250E-07
   2.09999990       8.27285248E-07
   2.11999989       1.49916264E-06
   2.13999987       5.23925735E-07
   2.15999985       1.09445398E-06
   2.17999983       1.30400986E-06
   2.19999981       3.79144808E-07
   2.21999979       1.32537843E-06
   2.23999977       9.36159722E-07
   2.25999975       4.61246827E-07
   2.27999973       1.37332802E-06
   2.29999971       5.44558475E-07
   2.31999969       7.38433414E-07
   2.33999968       1.29460477E-06
   2.36000013       2.71389467E-07
   2.38000011       1.03257673E-06
   2.40000010       1.05741833E-06
   2.42000008       2.23788305E-07
   2.44000006       1.21954793E-06
   2.46000004       6.58339445E-07
   2.48000002       4.08116875E-07
   2.50000000       1.26212842E-06
   2.51999998       2.91598013E-07
   2.53999996       7.05870150E-07
   2.55999994       1.17086370E-06
   2.57999992       1.27639922E-07
   2.59999990       9.69712119E-07
   2.61999989       8.14697444E-07
   2.63999987       1.72813543E-07
   2.65999985       1.19690480E-06
   2.67999983       4.33229445E-07
   2.69999981       3.83858492E-07
   2.71999979       1.21071582E-06
   2.73999977       1.69513839E-07
   2.75999975       6.76322202E-07
   2.77999973       9.57759653E-07
   2.79999971       4.26412541E-08
   2.81999969       1.04004050E-06
   2.83999968       6.83031885E-07
   2.85999966       1.31895661E-07
   2.88000011       1.14949353E-06
   2.90000010       2.96523041E-07
   2.92000008       4.36697320E-07
   2.94000006       1.14704278E-06
   2.96000004       6.30785024E-08
   2.98000002       7.48990999E-07
   3.00000000       8.64072035E-07
   3.01999998       1.91116172E-08
   3.03999996       1.07828373E-06
   3.05999994       5.64729078E-07
   3.07999992       1.53820167E-07
   3.09999990       9.59658905E-07
