  -2.00000000       2.79592268E-06
  -1.98000002       1.12068983E-06
  -1.96000004       1.15628700E-06
  -1.94000006       3.02553758E-06
  -1.91999996       1.20492016E-08
  -1.89999998       2.84073076E-06
  -1.88000000       1.00782722E-06
  -1.86000001       1.41660837E-06
  -1.84000003       2.71006297E-06
  -1.82000005       3.89972925E-08
  -1.79999995       3.30021612E-06
  -1.77999997       8.55263181E-07
  -1.75999999       1.41161445E-06
  -1.74000001       2.73508567E-06
  -1.72000003       1.25091844E-07
  -1.70000005       3.30742114E-06
  -1.68000007       8.11697078E-07
  -1.65999997       1.66270843E-06
  -1.63999999       2.75277011E-06
  -1.62000000       2.95924224E-07
  -1.60000002       3.18824368E-06
  -1.58000004       7.83330961E-07
  -1.55999994       2.18631271E-06
  -1.53999996       2.48654101E-06
  -1.51999998       3.41139582E-07
  -1.50000000       3.61938646E-06
  -1.48000002       6.02711793E-07
  -1.46000004       2.33298124E-06
  -1.44000006       2.57900047E-06
  -1.42000008       3.97076803E-07
  -1.40000010       3.94285371E-06
  -1.38000000       5.97998167E-07
  -1.36000001       2.27443479E-06
  -1.34000003       2.79845244E-06
  -1.31999993       6.25340363E-07
  -1.29999995       3.76961043E-06
  -1.27999997       7.08225571E-07
  -1.25999999       2.42227134E-06
  -1.24000001       2.55992154E-06
  -1.22000003       9.53960352E-07
  -1.20000005       3.12404109E-06
  -1.18000007       4.74081617E-07
  -1.16000009       2.49739446E-06
  -1.14000010       1.10422638E-06
  -1.12000000       1.20759171E-06
  -1.10000002       1.16479680E-06
  -1.08000004       4.11063183E-07
  -1.05999994       2.27917894E-06
  -1.03999996       1.75989976E-06
  -1.01999998       8.33229478E-06
  -1.00000000       9.73895385E-06
 -0.980000019       3.14407225E-05
 -0.960000038       4.22956691E-05
 -0.940000057       8.93136239E-05
 -0.920000076       1.44397171E-04
 -0.899999976       2.30910635E-04
 -0.879999995       4.31570050E-04
 -0.860000014       6.44252403E-04
 -0.840000033       1.16030604E-03
 -0.820000052       1.76292518E-03
 -0.800000072       2.71648983E-03
 -0.779999971       4.00966732E-03
 -0.759999990       5.48821501E-03
 -0.740000010       7.77641591E-03
 -0.720000029       1.07777454E-02
 -0.700000048       1.59555953E-02
 -0.680000067       2.38409769E-02
 -0.660000086       3.60646136E-02
 -0.639999986       5.18162437E-02
 -0.620000005       7.01245964E-02
 -0.600000024       8.82401690E-02
 -0.580000043      0.103077836    
 -0.560000062      0.119815320    
 -0.540000081      0.144235045    
 -0.519999981      0.196264148    
 -0.500000000      0.288289368    
 -0.480000019      0.422211796    
 -0.460000038      0.578005314    
 -0.440000057      0.704189956    
 -0.420000076      0.755690157    
 -0.400000095      0.711340487    
 -0.379999995      0.624009967    
 -0.360000014      0.612315893    
 -0.340000033      0.823825121    
 -0.320000052       1.32699716    
 -0.300000072       2.04713917    
 -0.280000091       2.72913122    
 -0.259999990       3.03516197    
 -0.240000010       2.75621986    
 -0.220000029       1.94765389    
 -0.200000048       1.02870643    
 -0.180000067      0.592236876    
 -0.160000086       1.09961712    
 -0.139999986       2.55367208    
 -0.120000005       4.43304157    
 -0.100000024       5.82927895    
  -8.00000429E-02   6.01586962    
  -6.00000620E-02   4.77080965    
  -4.00000811E-02   2.68756056    
  -2.00001001E-02  0.736272931    
   0.00000000       6.46779500E-03
   1.99999809E-02   1.45638178E-05
   3.99999619E-02   4.84387374E-06
   5.99999428E-02   1.10140127E-06
   7.99999237E-02   5.34390210E-07
   9.99999046E-02   1.98898846E-07
  0.119999886       2.94063341E-07
  0.139999866       1.41827343E-07
  0.159999847       3.35320692E-07
  0.180000067       1.99636972E-07
  0.200000048       4.40211920E-07
  0.220000029       3.00774218E-07
  0.240000010       5.72865531E-07
  0.259999990       4.32979220E-07
  0.279999971       7.21710762E-07
  0.299999952       5.94498317E-07
  0.319999933       8.75359376E-07
  0.339999914       7.83426799E-07
  0.359999895       1.02760259E-06
  0.379999876       9.95204573E-07
  0.399999857       1.17530988E-06
  0.419999838       1.23015741E-06
  0.440000057       1.32418347E-06
  0.460000038       1.48368440E-06
  0.480000019       1.49247649E-06
  0.500000000       1.73895535E-06
  0.519999981       1.68518898E-06
  0.539999962       1.96473070E-06
  0.559999943       1.89741786E-06
  0.579999924       2.12946998E-06
  0.599999905       2.13044564E-06
  0.619999886       2.25442545E-06
  0.639999866       2.38995767E-06
  0.659999847       2.39362248E-06
  0.679999828       2.63810489E-06
  0.700000048       2.54526003E-06
  0.720000029       2.79550977E-06
  0.740000010       2.70983560E-06
  0.759999990       2.85359147E-06
  0.779999971       2.92229947E-06
  0.799999952       2.91531342E-06
  0.819999933       3.11995018E-06
  0.839999914       2.97943870E-06
  0.859999895       3.17830131E-06
  0.879999876       3.06990410E-06
  0.899999857       3.15605007E-06
  0.919999838       3.24030316E-06
  0.939999819       3.12855104E-06
  0.960000038       3.30033163E-06
  0.980000019       3.10879113E-06
   1.00000000       3.23428458E-06
   1.01999998       3.20596428E-06
   1.03999996       3.13618830E-06
   1.05999994       3.24624148E-06
   1.07999992       3.01750993E-06
   1.09999990       3.17231320E-06
   1.11999989       3.06002676E-06
   1.13999987       3.00601255E-06
   1.15999985       3.07297182E-06
   1.17999983       2.82241763E-06
   1.19999981       3.02057470E-06
   1.22000003       2.81872576E-06
   1.24000001       2.77157278E-06
   1.25999999       2.85769102E-06
   1.27999997       2.55034684E-06
   1.29999995       2.81486541E-06
   1.31999993       2.52437871E-06
   1.33999991       2.46322338E-06
   1.35999990       2.69957900E-06
   1.37999988       2.19733693E-06
   1.39999986       2.53713847E-06
   1.41999984       2.34027038E-06
   1.43999982       2.07304356E-06
   1.46000004       2.54824363E-06
   1.48000002       1.88505214E-06
   1.50000000       2.19151616E-06
   1.51999998       2.30434216E-06
   1.53999996       1.59225260E-06
   1.55999994       2.36891697E-06
   1.57999992       1.83419388E-06
   1.59999990       1.61387152E-06
   1.61999989       2.34701906E-06
   1.63999987       1.37321547E-06
   1.65999985       1.85404724E-06
   1.67999983       2.00496606E-06
   1.69999981       1.17731804E-06
   1.72000003       2.05015544E-06
   1.74000001       1.46926686E-06
   1.75999999       1.32854029E-06
   1.77999997       1.96427050E-06
   1.79999995       1.03059801E-06
   1.81999993       1.65762401E-06
   1.83999991       1.56811575E-06
   1.85999990       9.32035448E-07
   1.87999988       1.86311297E-06
   1.89999986       1.04787546E-06
   1.91999984       1.17130571E-06
   1.93999982       1.74086199E-06
   1.95999980       7.01520548E-07
   1.98000002       1.50524727E-06
   2.00000000       1.29672492E-06
   2.01999998       7.24249730E-07
   2.03999996       1.65113033E-06
   2.05999994       7.63940193E-07
   2.07999992       1.05996969E-06
   2.09999990       1.49424511E-06
   2.11999989       4.71669040E-07
   2.13999987       1.43022498E-06
   2.15999985       1.03558534E-06
   2.17999983       5.65563028E-07
   2.19999981       1.54900374E-06
   2.21999979       5.44464569E-07
   2.23999977       9.58332748E-07
   2.25999975       1.25578322E-06
   2.27999973       3.29992389E-07
   2.29999971       1.37700124E-06
   2.31999969       7.97145162E-07
   2.33999968       4.99884493E-07
   2.36000013       1.43467423E-06
   2.38000011       3.66143183E-07
   2.40000010       8.94495543E-07
   2.42000008       1.10008796E-06
   2.44000006       2.29211821E-07
   2.46000004       1.31848378E-06
   2.48000002       6.08908465E-07
   2.50000000       4.63626321E-07
   2.51999998       1.33510389E-06
   2.53999996       2.27114725E-07
   2.55999994       8.78452738E-07
   2.57999992       9.50975959E-07
   2.59999990       1.60965811E-07
   2.61999989       1.29050920E-06
   2.63999987       4.80644587E-07
   2.65999985       4.47305268E-07
   2.67999983       1.23754160E-06
   2.69999981       1.24096957E-07
   2.71999979       8.99867814E-07
   2.73999977       8.26480687E-07
   2.75999975       1.19508798E-07
   2.77999973       1.25518432E-06
   2.79999971       3.83093322E-07
   2.81999969       4.47282616E-07
   2.83999968       1.13168539E-06
   2.85999966       4.52087363E-08
   2.88000011       9.77425316E-07
   2.90000010       7.86702230E-07
   2.92000008       1.03844300E-07
   2.94000006       1.20616653E-06
   2.96000004       2.73312111E-07
   2.98000002       5.20845617E-07
   3.00000000       1.11054874E-06
   3.01999998       7.85066323E-09
   3.03999996       9.96471272E-07
   3.05999994       7.05197465E-07
   3.07999992       1.20482113E-07
   3.09999990       1.12833197E-06
