  -2.00000000       2.18997366E-06
  -1.98000002       1.40205771E-06
  -1.96000004       1.21762798E-06
  -1.94000006       2.89898935E-06
  -1.91999996       2.44720493E-08
  -1.89999998       2.98975124E-06
  -1.88000000       1.16064803E-06
  -1.86000001       9.61160708E-07
  -1.84000003       3.14240606E-06
  -1.82000005       1.43060888E-08
  -1.79999995       2.90456865E-06
  -1.77999997       1.46084881E-06
  -1.75999999       9.99451800E-07
  -1.74000001       3.00170655E-06
  -1.72000003       1.16019521E-07
  -1.70000005       2.93164385E-06
  -1.68000007       1.44084902E-06
  -1.65999997       1.16271679E-06
  -1.63999999       3.07382425E-06
  -1.62000000       1.46050397E-07
  -1.60000002       3.20201116E-06
  -1.58000004       1.31922434E-06
  -1.55999994       1.00477178E-06
  -1.53999996       3.62313176E-06
  -1.51999998       1.46835163E-07
  -1.50000000       2.97554266E-06
  -1.48000002       1.71014619E-06
  -1.46000004       1.04653350E-06
  -1.44000006       3.65738833E-06
  -1.42000008       3.19254923E-07
  -1.40000010       2.86579257E-06
  -1.38000000       2.05005426E-06
  -1.36000001       1.26687155E-06
  -1.34000003       3.38040877E-06
  -1.31999993       4.89896252E-07
  -1.29999995       3.10156611E-06
  -1.27999997       1.94441600E-06
  -1.25999999       1.40623638E-06
  -1.24000001       3.14326098E-06
  -1.22000003       4.04828853E-07
  -1.20000005       3.17215427E-06
  -1.18000007       1.14609134E-06
  -1.16000009       1.27785165E-06
  -1.14000010       2.01586704E-06
  -1.12000000       1.50732831E-07
  -1.10000002       2.11417819E-06
  -1.08000004       1.96961651E-07
  -1.05999994       3.45590456E-06
  -1.03999996       2.10538064E-06
  -1.01999998       1.31437200E-05
  -1.00000000       1.63011500E-05
 -0.980000019       3.68372530E-05
 -0.960000038       7.12718320E-05
 -0.940000057       1.00148078E-04
 -0.920000076       2.08181344E-04
 -0.899999976       2.98272906E-04
 -0.879999995       5.35835337E-04
 -0.860000014       8.69027048E-04
 -0.840000033       1.38069154E-03
 -0.820000052       2.21889745E-03
 -0.800000072       3.23964842E-03
 -0.779999971       4.76070307E-03
 -0.759999990       6.53213542E-03
 -0.740000010       9.20503959E-03
 -0.720000029       1.28626935E-02
 -0.700000048       1.89014208E-02
 -0.680000067       2.82617118E-02
 -0.660000086       4.12267074E-02
 -0.639999986       5.91043755E-02
 -0.620000005       7.75055587E-02
 -0.600000024       9.67539102E-02
 -0.580000043      0.113545932    
 -0.560000062      0.131642699    
 -0.540000081      0.163353160    
 -0.519999981      0.221249029    
 -0.500000000      0.321710825    
 -0.480000019      0.460428387    
 -0.460000038      0.614048123    
 -0.440000057      0.733154356    
 -0.420000076      0.775190473    
 -0.400000095      0.727773309    
 -0.379999995      0.649227321    
 -0.360000014      0.663613856    
 -0.340000033      0.897407889    
 -0.320000052       1.41897428    
 -0.300000072       2.12306070    
 -0.280000091       2.76034307    
 -0.259999990       3.01651192    
 -0.240000010       2.69161534    
 -0.220000029       1.88654172    
 -0.200000048       1.00592029    
 -0.180000067      0.624977648    
 -0.160000086       1.15961337    
 -0.139999986       2.59972429    
 -0.120000005       4.39846277    
 -0.100000024       5.71438169    
  -8.00000429E-02   5.85071087    
  -6.00000620E-02   4.60697985    
  -4.00000811E-02   2.59345460    
  -2.00001001E-02  0.706580639    
   0.00000000       6.17437065E-03
   1.99999809E-02   1.32369605E-05
   3.99999619E-02   4.99823500E-06
   5.99999428E-02   7.31619309E-07
   7.99999237E-02   6.82927691E-07
   9.99999046E-02   5.66011238E-08
  0.119999886       3.52516366E-07
  0.139999866       9.60407647E-08
  0.159999847       3.25020494E-07
  0.180000067       2.17163588E-07
  0.200000048       3.70811279E-07
  0.220000029       3.65704238E-07
  0.240000010       4.53583993E-07
  0.259999990       5.29425790E-07
  0.279999971       5.65996174E-07
  0.299999952       7.06697278E-07
  0.319999933       7.05494074E-07
  0.339999914       8.92969013E-07
  0.359999895       8.75740852E-07
  0.379999876       1.08151687E-06
  0.399999857       1.07278197E-06
  0.419999838       1.26398493E-06
  0.440000057       1.28928468E-06
  0.460000038       1.42976160E-06
  0.480000019       1.51649613E-06
  0.500000000       1.59127364E-06
  0.519999981       1.74365209E-06
  0.539999962       1.77327342E-06
  0.559999943       1.97186023E-06
  0.579999924       1.98507109E-06
  0.599999905       2.17126103E-06
  0.619999886       2.21244136E-06
  0.639999866       2.31137801E-06
  0.659999847       2.42324791E-06
  0.679999828       2.43277896E-06
  0.700000048       2.62229787E-06
  0.720000029       2.59216017E-06
  0.740000010       2.79523988E-06
  0.759999990       2.77988624E-06
  0.779999971       2.86067302E-06
  0.799999952       2.94484698E-06
  0.819999933       2.89269815E-06
  0.839999914       3.09266534E-06
  0.859999895       2.99385829E-06
  0.879999876       3.16493583E-06
  0.899999857       3.10639871E-06
  0.919999838       3.09674647E-06
  0.939999819       3.22611754E-06
  0.960000038       3.06999323E-06
  0.980000019       3.28999204E-06
   1.00000000       3.11781423E-06
   1.01999998       3.15784632E-06
   1.03999996       3.20066124E-06
   1.05999994       3.02832927E-06
   1.07999992       3.26447298E-06
   1.09999990       2.98349482E-06
   1.11999989       3.08199469E-06
   1.13999987       3.07308392E-06
   1.15999985       2.86315208E-06
   1.17999983       3.13139299E-06
   1.19999981       2.74744025E-06
   1.22000003       2.90602588E-06
   1.24000001       2.88766296E-06
   1.25999999       2.59787453E-06
   1.27999997       2.93032599E-06
   1.29999995       2.46409877E-06
   1.31999993       2.67765245E-06
   1.33999991       2.68369968E-06
   1.35999990       2.22732410E-06
   1.37999988       2.74903573E-06
   1.39999986       2.21491018E-06
   1.41999984       2.32584489E-06
   1.43999982       2.53594771E-06
   1.46000004       1.86276770E-06
   1.48000002       2.53584949E-06
   1.50000000       2.02775641E-06
   1.51999998       1.88824208E-06
   1.53999996       2.48927017E-06
   1.55999994       1.54410054E-06
   1.57999992       2.17335037E-06
   1.59999990       2.04762569E-06
   1.61999989       1.42851820E-06
   1.63999987       2.33158698E-06
   1.65999985       1.45594936E-06
   1.67999983       1.69987936E-06
   1.69999981       2.07116273E-06
   1.72000003       1.12965984E-06
   1.74000001       2.01912781E-06
   1.75999999       1.48438949E-06
   1.77999997       1.27589260E-06
   1.79999995       1.99409965E-06
   1.81999993       9.74587238E-07
   1.83999991       1.68692452E-06
   1.85999990       1.54462737E-06
   1.87999988       9.04774652E-07
   1.89999986       1.90302046E-06
   1.91999984       9.60424586E-07
   1.93999982       1.26132136E-06
   1.95999980       1.64302094E-06
   1.98000002       6.67474524E-07
   2.00000000       1.66607106E-06
   2.01999998       1.06535003E-06
   2.03999996       8.66247433E-07
   2.05999994       1.68569966E-06
   2.07999992       5.76724119E-07
   2.09999990       1.33161234E-06
   2.11999989       1.26198131E-06
   2.13999987       5.35753713E-07
   2.15999985       1.57624379E-06
   2.17999983       6.66637220E-07
   2.19999981       9.39454821E-07
   2.21999979       1.39734823E-06
   2.23999977       3.56743726E-07
   2.25999975       1.39587678E-06
   2.27999973       8.55634767E-07
   2.29999971       5.44718262E-07
   2.31999969       1.49134041E-06
   2.33999968       3.58928617E-07
   2.36000013       1.04653816E-06
   2.38000011       1.05220124E-06
   2.40000010       2.95350617E-07
   2.42000008       1.41396265E-06
   2.44000006       4.92044990E-07
   2.46000004       6.82561790E-07
   2.48000002       1.29535624E-06
   2.50000000       1.73975693E-07
   2.51999998       1.15973705E-06
   2.53999996       7.18146225E-07
   2.55999994       3.56686883E-07
   2.57999992       1.35626124E-06
   2.59999990       2.22550739E-07
   2.61999989       8.53644679E-07
   2.63999987       1.02453669E-06
   2.65999985       1.25908116E-07
   2.67999983       1.25752217E-06
   2.69999981       4.15613187E-07
   2.71999979       5.14029750E-07
   2.73999977       1.22460870E-06
   2.75999975       6.66892745E-08
   2.77999973       1.00575130E-06
   2.79999971       7.03913997E-07
   2.81999969       2.04291112E-07
   2.83999968       1.27949465E-06
   2.85999966       1.86502049E-07
   2.88000011       7.04524496E-07
   2.90000010       1.00880220E-06
   2.92000008       3.08723500E-08
   2.94000006       1.17897991E-06
   2.96000004       4.44446528E-07
   2.98000002       3.75377510E-07
   3.00000000       1.20855975E-06
   3.01999998       3.63977115E-08
   3.03999996       9.42540339E-07
   3.05999994       7.78383594E-07
   3.07999992       1.06639440E-07
   3.09999990       1.51503673E-06
