  -2.00000000       3.03380989E-06
  -1.98000002       1.31381307E-06
  -1.96000004       9.00268901E-07
  -1.94000006       3.12208476E-06
  -1.91999996       8.34499474E-08
  -1.89999998       2.77290451E-06
  -1.88000000       1.73838191E-06
  -1.86000001       4.58106797E-07
  -1.84000003       3.41338387E-06
  -1.82000005       1.89693637E-07
  -1.79999995       2.22362132E-06
  -1.77999997       2.41548923E-06
  -1.75999999       3.46190404E-07
  -1.74000001       3.21164498E-06
  -1.72000003       6.26670840E-07
  -1.70000005       1.99106171E-06
  -1.68000007       2.53094299E-06
  -1.65999997       2.47091293E-07
  -1.63999999       3.38248947E-06
  -1.62000000       9.85530392E-07
  -1.60000002       1.72932073E-06
  -1.58000004       2.78238304E-06
  -1.55999994       1.46274459E-07
  -1.53999996       3.63039771E-06
  -1.51999998       1.19030176E-06
  -1.50000000       1.16024341E-06
  -1.48000002       3.64124935E-06
  -1.46000004       1.83018187E-07
  -1.44000006       3.14166869E-06
  -1.42000008       1.86971999E-06
  -1.40000010       8.42096483E-07
  -1.38000000       4.01048828E-06
  -1.36000001       4.11924162E-07
  -1.34000003       2.54038696E-06
  -1.31999993       2.62239473E-06
  -1.29999995       7.82133156E-07
  -1.27999997       3.66523886E-06
  -1.25999999       7.11885775E-07
  -1.24000001       2.27301325E-06
  -1.22000003       2.44881312E-06
  -1.20000005       7.61767694E-07
  -1.18000007       2.61504965E-06
  -1.16000009       2.75092418E-07
  -1.14000010       2.25949134E-06
  -1.12000000       4.47281423E-07
  -1.10000002       1.90005517E-06
  -1.08000004       2.29531975E-06
  -1.05999994       4.13978296E-06
  -1.03999996       1.21708199E-05
  -1.01999998       1.56167152E-05
  -1.00000000       4.30795881E-05
 -0.980000019       5.87643735E-05
 -0.960000038       1.20719196E-04
 -0.940000057       1.88786551E-04
 -0.920000076       3.02496774E-04
 -0.899999976       5.39740024E-04
 -0.879999995       7.86576828E-04
 -0.860000014       1.37368601E-03
 -0.840000033       2.05638167E-03
 -0.820000052       3.11292941E-03
 -0.800000072       4.67981910E-03
 -0.779999971       6.37026038E-03
 -0.759999990       9.11951531E-03
 -0.740000010       1.24991536E-02
 -0.720000029       1.77429467E-02
 -0.700000048       2.58219372E-02
 -0.680000067       3.73991579E-02
 -0.660000086       5.35277277E-02
 -0.639999986       7.28934631E-02
 -0.620000005       9.42710042E-02
 -0.600000024      0.114389494    
 -0.580000043      0.135164693    
 -0.560000062      0.160015211    
 -0.540000081      0.201673836    
 -0.519999981      0.275704890    
 -0.500000000      0.387069076    
 -0.480000019      0.534213781    
 -0.460000038      0.681123435    
 -0.440000057      0.785634339    
 -0.420000076      0.812270999    
 -0.400000095      0.762152076    
 -0.379999995      0.706972003    
 -0.360000014      0.763074875    
 -0.340000033       1.04647613    
 -0.320000052       1.57940412    
 -0.300000072       2.25473309    
 -0.280000091       2.80573559    
 -0.259999990       2.96058512    
 -0.240000010       2.57635140    
 -0.220000029       1.77344704    
 -0.200000048      0.973120987    
 -0.180000067      0.688264608    
 -0.160000086       1.27410519    
 -0.139999986       2.65920544    
 -0.120000005       4.33269882    
 -0.100000024       5.48787594    
  -8.00000429E-02   5.53344059    
  -6.00000620E-02   4.32025671    
  -4.00000811E-02   2.40986729    
  -2.00001001E-02  0.656735003    
   0.00000000       5.75784221E-03
   1.99999809E-02   1.29460186E-05
   3.99999619E-02   4.28971134E-06
   5.99999428E-02   9.77123705E-07
   7.99999237E-02   4.68448093E-07
   9.99999046E-02   1.84372169E-07
  0.119999886       2.58185423E-07
  0.139999866       1.41273702E-07
  0.159999847       2.94845449E-07
  0.180000067       2.01075437E-07
  0.200000048       3.89113040E-07
  0.220000029       2.96664837E-07
  0.240000010       5.08419930E-07
  0.259999990       4.17744957E-07
  0.279999971       6.43911790E-07
  0.299999952       5.59373916E-07
  0.319999933       7.93703123E-07
  0.339999914       7.23351377E-07
  0.359999895       9.53197059E-07
  0.379999876       9.11482971E-07
  0.399999857       1.12276962E-06
  0.419999838       1.12065345E-06
  0.440000057       1.29225555E-06
  0.460000038       1.34398283E-06
  0.480000019       1.45511149E-06
  0.500000000       1.56237854E-06
  0.519999981       1.61470598E-06
  0.539999962       1.77737491E-06
  0.559999943       1.78392872E-06
  0.579999924       1.99306601E-06
  0.599999905       1.98551197E-06
  0.619999886       2.19141521E-06
  0.639999866       2.19569256E-06
  0.659999847       2.34775393E-06
  0.679999828       2.38333769E-06
  0.700000048       2.46264767E-06
  0.720000029       2.57272904E-06
  0.740000010       2.59279022E-06
  0.759999990       2.76014771E-06
  0.779999971       2.73643491E-06
  0.799999952       2.88415345E-06
  0.819999933       2.83399731E-06
  0.839999914       2.94449637E-06
  0.859999895       2.96172152E-06
  0.879999876       3.00611418E-06
  0.899999857       3.09644497E-06
  0.919999838       3.02491026E-06
  0.939999819       3.14507361E-06
  0.960000038       3.02046078E-06
  0.980000019       3.17447052E-06
   1.00000000       3.10369046E-06
   1.01999998       3.10959285E-06
   1.03999996       3.16625596E-06
   1.05999994       2.97063389E-06
   1.07999992       3.21208495E-06
   1.09999990       2.95535165E-06
   1.11999989       3.09928873E-06
   1.13999987       3.02429271E-06
   1.15999985       2.82292922E-06
   1.17999983       3.16347951E-06
   1.19999981       2.68593590E-06
   1.22000003       2.99331828E-06
   1.24000001       2.80948598E-06
   1.25999999       2.59613466E-06
   1.27999997       3.04789592E-06
   1.29999995       2.33953597E-06
   1.31999993       2.82899282E-06
   1.33999991       2.60189427E-06
   1.35999990       2.27610371E-06
   1.37999988       2.90084085E-06
   1.39999986       2.00244085E-06
   1.41999984       2.61605487E-06
   1.43999982       2.42480633E-06
   1.46000004       1.88664831E-06
   1.48000002       2.75579441E-06
   1.50000000       1.75906666E-06
   1.51999998       2.28080148E-06
   1.53999996       2.27473811E-06
   1.55999994       1.58618695E-06
   1.57999992       2.52139898E-06
   1.59999990       1.54845861E-06
   1.61999989       1.99175292E-06
   1.63999987       2.10444955E-06
   1.65999985       1.31341551E-06
   1.67999983       2.31718036E-06
   1.69999981       1.36345659E-06
   1.72000003       1.72091723E-06
   1.74000001       1.97919258E-06
   1.75999999       1.06766208E-06
   1.77999997       2.12879422E-06
   1.79999995       1.23299583E-06
   1.81999993       1.45301954E-06
   1.83999991       1.88978049E-06
   1.85999990       8.65483059E-07
   1.87999988       1.90761034E-06
   1.89999986       1.14578313E-06
   1.91999984       1.23239465E-06
   1.93999982       1.75801165E-06
   1.95999980       6.91442835E-07
   1.98000002       1.78718665E-06
   2.00000000       1.07431038E-06
   2.01999998       9.79431661E-07
   2.03999996       1.74640581E-06
   2.05999994       5.64965205E-07
   2.07999992       1.54527311E-06
   2.09999990       1.06477125E-06
   2.11999989       7.95444862E-07
   2.13999987       1.62338915E-06
   2.15999985       4.57595831E-07
   2.17999983       1.43515331E-06
   2.19999981       1.08060090E-06
   2.21999979       5.68402754E-07
   2.23999977       1.61352716E-06
   2.25999975       4.35743971E-07
   2.27999973       1.17147306E-06
   2.29999971       1.06246137E-06
   2.31999969       4.49780202E-07
   2.33999968       1.56961380E-06
   2.36000013       3.71326109E-07
   2.38000011       1.03443620E-06
   2.40000010       1.15904606E-06
   2.42000008       2.80895449E-07
   2.44000006       1.42878105E-06
   2.46000004       3.96195787E-07
   2.48000002       8.95770825E-07
   2.50000000       1.17570801E-06
   2.51999998       1.69448882E-07
   2.53999996       1.39161966E-06
   2.55999994       4.70590237E-07
   2.57999992       6.59958346E-07
   2.59999990       1.17525030E-06
   2.61999989       1.12563924E-07
   2.63999987       1.34462925E-06
   2.65999985       5.29127647E-07
   2.67999983       5.08122923E-07
   2.69999981       1.24534552E-06
   2.71999979       7.72232056E-08
   2.73999977       1.17873401E-06
   2.75999975       5.79845448E-07
   2.77999973       3.82276198E-07
   2.79999971       1.30343358E-06
   2.81999969       6.79275516E-08
   2.83999968       1.03588252E-06
   2.85999966       6.73785337E-07
   2.88000011       2.67066810E-07
   2.90000010       1.34136849E-06
   2.92000008       9.11200146E-08
   2.94000006       9.25896188E-07
   2.96000004       7.94909056E-07
   2.98000002       1.59571016E-07
   3.00000000       1.33075719E-06
   3.01999998       1.41501260E-07
   3.03999996       8.23398409E-07
   3.05999994       9.42226336E-07
   3.07999992       6.38800444E-08
   3.09999990       9.97718303E-07
