  -2.00000000       2.72050147E-06
  -1.98000002       1.46250568E-06
  -1.96000004       8.04031913E-07
  -1.94000006       3.22346136E-06
  -1.91999996       1.11883956E-07
  -1.89999998       2.53730286E-06
  -1.88000000       2.07554217E-06
  -1.86000001       4.02076012E-07
  -1.84000003       3.21303105E-06
  -1.82000005       4.08445857E-07
  -1.79999995       2.16981925E-06
  -1.77999997       2.44123180E-06
  -1.75999999       1.21465561E-07
  -1.74000001       3.50725509E-06
  -1.72000003       7.98027770E-07
  -1.70000005       1.38352334E-06
  -1.68000007       3.11471513E-06
  -1.65999997       9.43087812E-08
  -1.63999999       3.07482355E-06
  -1.62000000       1.58294870E-06
  -1.60000002       1.05349227E-06
  -1.58000004       3.30600210E-06
  -1.55999994       2.86900928E-07
  -1.53999996       2.74837771E-06
  -1.51999998       2.15058139E-06
  -1.50000000       8.19328875E-07
  -1.48000002       3.39605549E-06
  -1.46000004       6.56313659E-07
  -1.44000006       2.63962738E-06
  -1.42000008       2.44086186E-06
  -1.40000010       4.97349049E-07
  -1.38000000       3.79555831E-06
  -1.36000001       9.61376486E-07
  -1.34000003       2.13398880E-06
  -1.31999993       2.96512371E-06
  -1.29999995       3.14525522E-07
  -1.27999997       3.88699573E-06
  -1.25999999       1.11585541E-06
  -1.24000001       1.42824035E-06
  -1.22000003       3.17426066E-06
  -1.20000005       1.44002271E-07
  -1.18000007       2.89943910E-06
  -1.16000009       5.60267210E-07
  -1.14000010       1.32081539E-06
  -1.12000000       1.43885836E-06
  -1.10000002       1.88402055E-06
  -1.08000004       3.69439749E-06
  -1.05999994       3.95690768E-06
  -1.03999996       1.83946631E-05
  -1.01999998       1.83368757E-05
  -1.00000000       5.18513552E-05
 -0.980000019       8.21605863E-05
 -0.960000038       1.28387182E-04
 -0.940000057       2.47981487E-04
 -0.920000076       3.53757641E-04
 -0.899999976       6.23422151E-04
 -0.879999995       9.71085741E-04
 -0.860000014       1.54054293E-03
 -0.840000033       2.40842300E-03
 -0.820000052       3.54939676E-03
 -0.800000072       5.23660285E-03
 -0.779999971       7.21708825E-03
 -0.759999990       1.02073420E-02
 -0.740000010       1.40149072E-02
 -0.720000029       1.98909529E-02
 -0.700000048       2.89447960E-02
 -0.680000067       4.10912782E-02
 -0.660000086       5.88090606E-02
 -0.639999986       7.86682218E-02
 -0.620000005      0.100563101    
 -0.600000024      0.122593477    
 -0.580000043      0.143409401    
 -0.560000062      0.172347680    
 -0.540000081      0.218052790    
 -0.519999981      0.296601295    
 -0.500000000      0.413678795    
 -0.480000019      0.561237931    
 -0.460000038      0.705971301    
 -0.440000057      0.804538369    
 -0.420000076      0.826678574    
 -0.400000095      0.775650740    
 -0.379999995      0.731609941    
 -0.360000014      0.803230226    
 -0.340000033       1.09978056    
 -0.320000052       1.64091825    
 -0.300000072       2.29527283    
 -0.280000091       2.81821489    
 -0.259999990       2.93779540    
 -0.240000010       2.52983785    
 -0.220000029       1.73570180    
 -0.200000048      0.963379622    
 -0.180000067      0.712901890    
 -0.160000086       1.31177974    
 -0.139999986       2.68257785    
 -0.120000005       4.29768229    
 -0.100000024       5.40467453    
  -8.00000429E-02   5.41836262    
  -6.00000620E-02   4.21038818    
  -4.00000811E-02   2.34828377    
  -2.00001001E-02  0.637125373    
   0.00000000       5.55882417E-03
   1.99999809E-02   1.26050381E-05
   3.99999619E-02   3.92800075E-06
   5.99999428E-02   1.06443008E-06
   7.99999237E-02   3.16268995E-07
   9.99999046E-02   2.98136939E-07
  0.119999886       1.20961460E-07
  0.139999866       2.63690652E-07
  0.159999847       1.52107518E-07
  0.180000067       3.31919210E-07
  0.200000048       2.37134770E-07
  0.220000029       4.35336432E-07
  0.240000010       3.51003052E-07
  0.259999990       5.60789204E-07
  0.279999971       4.88871706E-07
  0.299999952       7.00745034E-07
  0.319999933       6.46654030E-07
  0.339999914       8.52724838E-07
  0.359999895       8.18514764E-07
  0.379999876       1.00951866E-06
  0.399999857       1.00377963E-06
  0.419999838       1.16923979E-06
  0.440000057       1.20074753E-06
  0.460000038       1.33810147E-06
  0.480000019       1.41316366E-06
  0.500000000       1.51930419E-06
  0.519999981       1.63705272E-06
  0.539999962       1.70870715E-06
  0.559999943       1.84974090E-06
  0.579999924       1.88701631E-06
  0.599999905       2.03672107E-06
  0.619999886       2.05727383E-06
  0.639999866       2.21009759E-06
  0.659999847       2.24599762E-06
  0.679999828       2.39174960E-06
  0.700000048       2.44260559E-06
  0.720000029       2.54857218E-06
  0.740000010       2.60316938E-06
  0.759999990       2.65061090E-06
  0.779999971       2.74087938E-06
  0.799999952       2.76055403E-06
  0.819999933       2.89680747E-06
  0.839999914       2.86860450E-06
  0.859999895       3.00454735E-06
  0.879999876       2.93528410E-06
  0.899999857       3.02335775E-06
  0.919999838       3.04092555E-06
  0.939999819       3.03856905E-06
  0.960000038       3.16863270E-06
  0.980000019       2.99563590E-06
   1.00000000       3.18825164E-06
   1.01999998       3.00256875E-06
   1.03999996       3.12467591E-06
   1.05999994       3.14812905E-06
   1.07999992       2.93853691E-06
   1.09999990       3.21356583E-06
   1.11999989       2.82764495E-06
   1.13999987       3.13819987E-06
   1.15999985       2.96527583E-06
   1.17999983       2.79137839E-06
   1.19999981       3.14214822E-06
   1.22000003       2.55416285E-06
   1.24000001       3.07468099E-06
   1.25999999       2.69650036E-06
   1.27999997       2.56586441E-06
   1.29999995       3.02898866E-06
   1.31999993       2.22925792E-06
   1.33999991       2.91998822E-06
   1.35999990       2.41821408E-06
   1.37999988       2.31509875E-06
   1.39999986       2.87118655E-06
   1.41999984       1.88180252E-06
   1.43999982       2.71764702E-06
   1.46000004       2.19308140E-06
   1.48000002       2.03226773E-06
   1.50000000       2.64302935E-06
   1.51999998       1.61187381E-06
   1.53999996       2.51132178E-06
   1.55999994       1.92789958E-06
   1.57999992       1.77320953E-06
   1.59999990       2.44980356E-06
   1.61999989       1.35335210E-06
   1.63999987       2.28292470E-06
   1.65999985       1.70960402E-06
   1.67999983       1.56043768E-06
   1.69999981       2.24414407E-06
   1.72000003       1.12455723E-06
   1.74000001       2.11018232E-06
   1.75999999       1.51191523E-06
   1.77999997       1.34675952E-06
   1.79999995       2.07575158E-06
   1.81999993       9.30240617E-07
   1.83999991       1.93135338E-06
   1.85999990       1.33930280E-06
   1.87999988       1.16883632E-06
   1.89999986       1.92381685E-06
   1.91999984       7.52079302E-07
   1.93999982       1.80866027E-06
   1.95999980       1.20238747E-06
   1.98000002       9.80839673E-07
   2.00000000       1.85674844E-06
   2.01999998       6.14953933E-07
   2.03999996       1.60814079E-06
   2.05999994       1.11363556E-06
   2.07999992       8.52226890E-07
   2.09999990       1.69327848E-06
   2.11999989       4.90418074E-07
   2.13999987       1.54961390E-06
   2.15999985       1.01956971E-06
   2.17999983       6.93949687E-07
   2.19999981       1.66830750E-06
   2.21999979       4.12247431E-07
   2.23999977       1.36401377E-06
   2.25999975       9.41834173E-07
   2.27999973       6.20200069E-07
   2.29999971       1.55276814E-06
   2.31999969       3.01139096E-07
   2.33999968       1.33072911E-06
   2.36000013       9.60651732E-07
   2.38000011       4.69593743E-07
   2.40000010       1.46013110E-06
   2.42000008       2.73437706E-07
   2.44000006       1.19982167E-06
   2.46000004       8.78802041E-07
   2.48000002       3.98196164E-07
   2.50000000       1.51208701E-06
   2.51999998       2.27566574E-07
   2.53999996       1.06752236E-06
   2.55999994       8.53053393E-07
   2.57999992       3.34103902E-07
   2.59999990       1.42679437E-06
   2.61999989       1.76331781E-07
   2.63999987       1.02398724E-06
   2.65999985       9.10040626E-07
   2.67999983       2.40799153E-07
   2.69999981       1.36580240E-06
   2.71999979       1.55494092E-07
   2.73999977       9.87503313E-07
   2.75999975       9.25336678E-07
   2.77999973       1.68675754E-07
   2.79999971       1.31848753E-06
   2.81999969       1.57235334E-07
   2.83999968       8.98873452E-07
   2.85999966       9.23801224E-07
   2.88000011       1.21027028E-07
   2.90000010       1.31429022E-06
   2.92000008       1.70756564E-07
   2.94000006       8.29494354E-07
   2.96000004       9.50662638E-07
   2.98000002       8.64718999E-08
   3.00000000       1.30931824E-06
   3.01999998       1.87135399E-07
   3.03999996       7.88569992E-07
   3.05999994       1.01333376E-06
   3.07999992       5.07846778E-08
   3.09999990       1.22295967E-06
