  -2.00000000       2.37024437E-06
  -1.98000002       1.65176778E-06
  -1.96000004       7.80226287E-07
  -1.94000006       3.19263972E-06
  -1.91999996       1.61358599E-07
  -1.89999998       2.45797082E-06
  -1.88000000       2.25775671E-06
  -1.86000001       2.33985418E-07
  -1.84000003       3.33437947E-06
  -1.82000005       5.94707785E-07
  -1.79999995       1.68334486E-06
  -1.77999997       2.89554487E-06
  -1.75999999       9.10555968E-08
  -1.74000001       3.07026812E-06
  -1.72000003       1.39188660E-06
  -1.70000005       1.19492677E-06
  -1.68000007       2.99653902E-06
  -1.65999997       1.74595712E-07
  -1.63999999       3.07378446E-06
  -1.62000000       1.85756824E-06
  -1.60000002       5.14902638E-07
  -1.58000004       3.71231135E-06
  -1.55999994       4.46863112E-07
  -1.53999996       2.22258655E-06
  -1.51999998       2.75558114E-06
  -1.50000000       2.13942144E-07
  -1.48000002       3.78833829E-06
  -1.46000004       1.09267137E-06
  -1.44000006       1.36565870E-06
  -1.42000008       3.68118071E-06
  -1.40000010       2.49313700E-07
  -1.38000000       3.06778338E-06
  -1.36000001       2.10888720E-06
  -1.34000003       9.74891009E-07
  -1.31999993       3.74404317E-06
  -1.29999995       5.65960761E-07
  -1.27999997       2.50019639E-06
  -1.25999999       2.57740180E-06
  -1.24000001       7.84807753E-07
  -1.22000003       2.98671739E-06
  -1.20000005       5.21195375E-07
  -1.18000007       2.28142949E-06
  -1.16000009       1.14258944E-06
  -1.14000010       9.62636136E-07
  -1.12000000       2.23486927E-06
  -1.10000002       9.42400618E-07
  -1.08000004       6.78815013E-06
  -1.05999994       5.66265680E-06
  -1.03999996       2.03242871E-05
  -1.01999998       3.01452073E-05
  -1.00000000       5.89245465E-05
 -0.980000019       1.05662148E-04
 -0.960000038       1.57220638E-04
 -0.940000057       2.99783482E-04
 -0.920000076       4.26497048E-04
 -0.899999976       7.42883014E-04
 -0.879999995       1.16740610E-03
 -0.860000014       1.75553199E-03
 -0.840000033       2.85931677E-03
 -0.820000052       4.00680676E-03
 -0.800000072       5.93024585E-03
 -0.779999971       8.30002688E-03
 -0.759999990       1.12756528E-02
 -0.740000010       1.60626099E-02
 -0.720000029       2.23277789E-02
 -0.700000048       3.22412774E-02
 -0.680000067       4.60044332E-02
 -0.660000086       6.40048385E-02
 -0.639999986       8.54788572E-02
 -0.620000005      0.108009972    
 -0.600000024      0.130873710    
 -0.580000043      0.153743699    
 -0.560000062      0.186000422    
 -0.540000081      0.236224592    
 -0.519999981      0.319923162    
 -0.500000000      0.443030894    
 -0.480000019      0.588884830    
 -0.460000038      0.732981741    
 -0.440000057      0.824845076    
 -0.420000076      0.839930594    
 -0.400000095      0.793938756    
 -0.379999995      0.757216692    
 -0.360000014      0.846977353    
 -0.340000033       1.15844262    
 -0.320000052       1.70223188    
 -0.300000072       2.33661938    
 -0.280000091       2.82833314    
 -0.259999990       2.91107035    
 -0.240000010       2.47984862    
 -0.220000029       1.69861102    
 -0.200000048      0.952831566    
 -0.180000067      0.739555776    
 -0.160000086       1.35265160    
 -0.139999986       2.70063829    
 -0.120000005       4.26199198    
 -0.100000024       5.31370163    
  -8.00000429E-02   5.29577780    
  -6.00000620E-02   4.09762001    
  -4.00000811E-02   2.28193498    
  -2.00001001E-02  0.617379844    
   0.00000000       5.37379598E-03
   1.99999809E-02   1.20434297E-05
   3.99999619E-02   3.90226387E-06
   5.99999428E-02   9.11652364E-07
   7.99999237E-02   4.10711834E-07
   9.99999046E-02   1.80985623E-07
  0.119999886       2.27867176E-07
  0.139999866       1.44076168E-07
  0.159999847       2.69794839E-07
  0.180000067       2.03118958E-07
  0.200000048       3.61038019E-07
  0.220000029       2.98257305E-07
  0.240000010       4.74853664E-07
  0.259999990       4.16917715E-07
  0.279999971       6.04779871E-07
  0.299999952       5.55878273E-07
  0.319999933       7.46069588E-07
  0.339999914       7.14917917E-07
  0.359999895       9.00158739E-07
  0.379999876       8.93193032E-07
  0.399999857       1.06672587E-06
  0.419999838       1.08923450E-06
  0.440000057       1.24309759E-06
  0.460000038       1.29348439E-06
  0.480000019       1.41881878E-06
  0.500000000       1.49453240E-06
  0.519999981       1.58990451E-06
  0.539999962       1.68690099E-06
  0.559999943       1.76618505E-06
  0.579999924       1.88456272E-06
  0.599999905       1.95659777E-06
  0.619999886       2.09207110E-06
  0.639999866       2.14833926E-06
  0.659999847       2.27789178E-06
  0.679999828       2.30787123E-06
  0.700000048       2.43046952E-06
  0.720000029       2.44965509E-06
  0.740000010       2.58192949E-06
  0.759999990       2.61812693E-06
  0.779999971       2.72357556E-06
  0.799999952       2.77976528E-06
  0.819999933       2.79389224E-06
  0.839999914       2.89980380E-06
  0.859999895       2.83421537E-06
  0.879999876       3.02834269E-06
  0.899999857       2.92999744E-06
  0.919999838       3.07661048E-06
  0.939999819       3.02714716E-06
  0.960000038       2.99798603E-06
  0.980000019       3.15546822E-06
   1.00000000       2.94477741E-06
   1.01999998       3.24401913E-06
   1.03999996       2.95336281E-06
   1.05999994       3.09629581E-06
   1.07999992       3.09945972E-06
   1.09999990       2.88120714E-06
   1.11999989       3.26308464E-06
   1.13999987       2.73697970E-06
   1.15999985       3.12210977E-06
   1.17999983       2.89060404E-06
   1.19999981       2.76701621E-06
   1.22000003       3.15789885E-06
   1.24000001       2.43300883E-06
   1.25999999       3.08821814E-06
   1.27999997       2.60141542E-06
   1.29999995       2.59235753E-06
   1.31999993       2.96952430E-06
   1.33999991       2.11679730E-06
   1.35999990       3.00207694E-06
   1.37999988       2.26529824E-06
   1.39999986       2.37110589E-06
   1.41999984       2.76472861E-06
   1.43999982       1.83820282E-06
   1.46000004       2.80038648E-06
   1.48000002       1.94751738E-06
   1.50000000       2.20501033E-06
   1.51999998       2.47644311E-06
   1.53999996       1.58023340E-06
   1.55999994       2.61477908E-06
   1.57999992       1.63918025E-06
   1.59999990       2.04522530E-06
   1.61999989       2.19171511E-06
   1.63999987       1.37593884E-06
   1.65999985       2.42585679E-06
   1.67999983       1.34548463E-06
   1.69999981       1.92640664E-06
   1.72000003       1.92297739E-06
   1.74000001       1.17976401E-06
   1.75999999       2.26882730E-06
   1.77999997       1.10497899E-06
   1.79999995       1.77889183E-06
   1.81999993       1.68493375E-06
   1.83999991       1.05401671E-06
   1.85999990       2.08045526E-06
   1.87999988       8.84932263E-07
   1.89999986       1.71057104E-06
   1.91999984       1.46436446E-06
   1.93999982       9.26579730E-07
   1.95999980       1.95819121E-06
   1.98000002       7.11408745E-07
   2.00000000       1.59698811E-06
   2.01999998       1.28148099E-06
   2.03999996       8.48206923E-07
   2.05999994       1.76309879E-06
   2.07999992       5.58476984E-07
   2.09999990       1.58192790E-06
   2.11999989       1.08491156E-06
   2.13999987       7.65619234E-07
   2.15999985       1.71127999E-06
   2.17999983       4.37557105E-07
   2.19999981       1.45409160E-06
   2.21999979       9.45050033E-07
   2.23999977       7.37967525E-07
   2.25999975       1.55033786E-06
   2.27999973       3.16153773E-07
   2.29999971       1.47851074E-06
   2.31999969       8.29222927E-07
   2.33999968       6.49707829E-07
   2.36000013       1.48177855E-06
   2.38000011       2.62259960E-07
   2.40000010       1.39218992E-06
   2.42000008       6.53538734E-07
   2.44000006       6.73504530E-07
   2.46000004       1.42856823E-06
   2.48000002       1.68033651E-07
   2.50000000       1.36061567E-06
   2.51999998       5.95052654E-07
   2.53999996       6.54540713E-07
   2.55999994       1.28697229E-06
   2.57999992       1.18418995E-07
   2.59999990       1.38268422E-06
   2.61999989       5.22023186E-07
   2.63999987       6.05206878E-07
   2.65999985       1.20440268E-06
   2.67999983       9.52631183E-08
   2.69999981       1.37830011E-06
   2.71999979       4.29436170E-07
   2.73999977       6.36188929E-07
   2.75999975       1.18499793E-06
   2.77999973       6.89664716E-08
   2.79999971       1.31981415E-06
   2.81999969       3.42972214E-07
   2.83999968       6.66858909E-07
   2.85999966       1.13815952E-06
   2.88000011       4.66262051E-08
   2.90000010       1.28598776E-06
   2.92000008       2.87407886E-07
   2.94000006       6.94687344E-07
   2.96000004       1.09492396E-06
   2.98000002       3.93740081E-08
   3.00000000       1.28937063E-06
   3.01999998       2.45816324E-07
   3.03999996       7.33155048E-07
   3.05999994       1.06530058E-06
   3.07999992       4.11783532E-08
   3.09999990       1.50785274E-06
