  -2.00000000       3.42487056E-06
  -1.98000002       1.54419786E-06
  -1.96000004       4.74690864E-07
  -1.94000006       3.43570650E-06
  -1.91999996       3.31352766E-07
  -1.89999998       1.97057670E-06
  -1.88000000       2.79166647E-06
  -1.86000001       3.38550699E-08
  -1.84000003       3.20242543E-06
  -1.82000005       1.33145249E-06
  -1.79999995       8.34695470E-07
  -1.77999997       3.39679650E-06
  -1.75999999       1.86539211E-07
  -1.74000001       2.30499700E-06
  -1.72000003       2.69009115E-06
  -1.70000005       2.81154968E-07
  -1.68000007       3.09248298E-06
  -1.65999997       1.17603304E-06
  -1.63999999       1.57441991E-06
  -1.62000000       3.02956960E-06
  -1.60000002       2.26684904E-07
  -1.58000004       3.05890126E-06
  -1.55999994       2.05724973E-06
  -1.53999996       5.76371121E-07
  -1.51999998       3.57092222E-06
  -1.50000000       7.73530701E-07
  -1.48000002       2.14676584E-06
  -1.46000004       3.01573573E-06
  -1.44000006       2.14154426E-07
  -1.42000008       3.68024712E-06
  -1.40000010       1.61328660E-06
  -1.38000000       8.68940560E-07
  -1.36000001       4.07114976E-06
  -1.34000003       4.60214665E-07
  -1.31999993       2.54940232E-06
  -1.29999995       2.80554968E-06
  -1.27999997       2.89390840E-07
  -1.25999999       3.81998507E-06
  -1.24000001       7.94057030E-07
  -1.22000003       1.35613800E-06
  -1.20000005       2.73849673E-06
  -1.18000007       3.51542127E-07
  -1.16000009       2.43361137E-06
  -1.14000010       4.64826826E-07
  -1.12000000       4.88474461E-06
  -1.10000002       3.29886643E-06
  -1.08000004       1.00706329E-05
  -1.05999994       2.28468780E-05
  -1.03999996       2.65739454E-05
  -1.01999998       7.36134461E-05
  -1.00000000       1.00823250E-04
 -0.980000019       1.74850109E-04
 -0.960000038       3.08563613E-04
 -0.940000057       4.45321202E-04
 -0.920000076       7.61395902E-04
 -0.899999976       1.15749554E-03
 -0.879999995       1.80601398E-03
 -0.860000014       2.75832880E-03
 -0.840000033       4.06283233E-03
 -0.820000052       5.93726058E-03
 -0.800000072       8.23399797E-03
 -0.779999971       1.16110649E-02
 -0.759999990       1.58046242E-02
 -0.740000010       2.19518524E-02
 -0.720000029       3.10980603E-02
 -0.700000048       4.30730097E-02
 -0.680000067       6.06409274E-02
 -0.660000086       8.15069750E-02
 -0.639999986      0.105288438    
 -0.620000005      0.131467178    
 -0.600000024      0.156585872    
 -0.580000043      0.186773047    
 -0.560000062      0.227933437    
 -0.540000081      0.292594254    
 -0.519999981      0.390665740    
 -0.500000000      0.522718072    
 -0.480000019      0.671899080    
 -0.460000038      0.801403165    
 -0.440000057      0.880018353    
 -0.420000076      0.882992506    
 -0.400000095      0.843178868    
 -0.379999995      0.840381861    
 -0.360000014      0.972224593    
 -0.340000033       1.32080078    
 -0.320000052       1.85841441    
 -0.300000072       2.44136000    
 -0.280000091       2.83476830    
 -0.259999990       2.82509780    
 -0.240000010       2.35031343    
 -0.220000029       1.59170473    
 -0.200000048      0.938616991    
 -0.180000067      0.812642038    
 -0.160000086       1.45654929    
 -0.139999986       2.73574018    
 -0.120000005       4.15479422    
 -0.100000024       5.05446005    
  -8.00000429E-02   4.95837259    
  -6.00000620E-02   3.79872942    
  -4.00000811E-02   2.09881783    
  -2.00001001E-02  0.566656828    
   0.00000000       4.93545970E-03
   1.99999809E-02   1.12790794E-05
   3.99999619E-02   3.38181644E-06
   5.99999428E-02   1.00659099E-06
   7.99999237E-02   2.31685235E-07
   9.99999046E-02   3.06922544E-07
  0.119999886       7.74770541E-08
  0.139999866       2.70319646E-07
  0.159999847       1.18364575E-07
  0.180000067       3.28788815E-07
  0.200000048       2.04258697E-07
  0.220000029       4.17219127E-07
  0.240000010       3.17342000E-07
  0.259999990       5.21729419E-07
  0.279999971       4.52722020E-07
  0.299999952       6.37246501E-07
  0.319999933       6.11190387E-07
  0.339999914       7.60872013E-07
  0.359999895       7.92003789E-07
  0.379999876       8.95868880E-07
  0.399999857       9.90871058E-07
  0.419999838       1.04309674E-06
  0.440000057       1.19660115E-06
  0.460000038       1.20321261E-06
  0.480000019       1.38979567E-06
  0.500000000       1.37712573E-06
  0.519999981       1.55793919E-06
  0.539999962       1.57293448E-06
  0.559999943       1.70841179E-06
  0.579999924       1.79819904E-06
  0.599999905       1.85819454E-06
  0.619999886       2.03818763E-06
  0.639999866       2.00791828E-06
  0.659999847       2.24166115E-06
  0.679999828       2.15660839E-06
  0.700000048       2.37459653E-06
  0.720000029       2.34037179E-06
  0.740000010       2.46839068E-06
  0.759999990       2.57884585E-06
  0.779999971       2.54206793E-06
  0.799999952       2.79026085E-06
  0.819999933       2.59429726E-06
  0.839999914       2.89287345E-06
  0.859999895       2.71298472E-06
  0.879999876       2.91599576E-06
  0.899999857       2.93472112E-06
  0.919999838       2.85915303E-06
  0.939999819       3.12292900E-06
  0.960000038       2.76778519E-06
  0.980000019       3.19820765E-06
   1.00000000       2.85417218E-06
   1.01999998       3.11656163E-06
   1.03999996       3.05965750E-06
   1.05999994       2.84741714E-06
   1.07999992       3.26104441E-06
   1.09999990       2.68690974E-06
   1.11999989       3.29394675E-06
   1.13999987       2.76835431E-06
   1.15999985       2.95332416E-06
   1.17999983       3.06659354E-06
   1.19999981       2.56348017E-06
   1.22000003       3.28989518E-06
   1.24000001       2.38381131E-06
   1.25999999       3.06164065E-06
   1.27999997       2.67166547E-06
   1.29999995       2.52363157E-06
   1.31999993       3.06679158E-06
   1.33999991       2.05516039E-06
   1.35999990       3.10328005E-06
   1.37999988       2.18554578E-06
   1.39999986       2.52432619E-06
   1.41999984       2.68717872E-06
   1.43999982       1.88194485E-06
   1.46000004       2.95222480E-06
   1.48000002       1.74031015E-06
   1.50000000       2.55476766E-06
   1.51999998       2.19142657E-06
   1.53999996       1.84751798E-06
   1.55999994       2.62110871E-06
   1.57999992       1.44424109E-06
   1.59999990       2.55162831E-06
   1.61999989       1.64696871E-06
   1.63999987       1.92758648E-06
   1.65999985       2.19579465E-06
   1.67999983       1.28612078E-06
   1.69999981       2.44971011E-06
   1.72000003       1.20858078E-06
   1.74000001       2.02795150E-06
   1.75999999       1.73029093E-06
   1.77999997       1.28872443E-06
   1.79999995       2.20809693E-06
   1.81999993       9.19577190E-07
   1.83999991       2.09355358E-06
   1.85999990       1.25211125E-06
   1.87999988       1.39145675E-06
   1.89999986       1.86725731E-06
   1.91999984       7.91179048E-07
   1.93999982       2.06624100E-06
   1.95999980       8.53784400E-07
   1.98000002       1.54081431E-06
   2.00000000       1.45583635E-06
   2.01999998       8.22769209E-07
   2.03999996       1.93493406E-06
   2.05999994       5.71068483E-07
   2.07999992       1.67493681E-06
   2.09999990       1.05822051E-06
   2.11999989       9.42750830E-07
   2.13999987       1.65958090E-06
   2.15999985       4.62126877E-07
   2.17999983       1.73607259E-06
   2.19999981       6.50164907E-07
   2.21999979       1.16243837E-06
   2.23999977       1.36916560E-06
   2.25999975       4.51349024E-07
   2.27999973       1.68969973E-06
   2.29999971       3.97895604E-07
   2.31999969       1.32859600E-06
   2.33999968       9.45053330E-07
   2.36000013       6.09754409E-07
   2.38000011       1.59883018E-06
   2.40000010       2.23622422E-07
   2.42000008       1.46825312E-06
   2.44000006       6.15150157E-07
   2.46000004       8.03909188E-07
   2.48000002       1.27842213E-06
   2.50000000       2.10126942E-07
   2.51999998       1.58713260E-06
   2.53999996       3.31210686E-07
   2.55999994       1.02320575E-06
   2.57999992       9.75802664E-07
   2.59999990       3.35269164E-07
   2.61999989       1.48374943E-06
   2.63999987       1.20165311E-07
   2.65999985       1.25118811E-06
   2.67999983       6.76160482E-07
   2.69999981       5.09697486E-07
   2.71999979       1.30182696E-06
   2.73999977       6.36431920E-08
   2.75999975       1.43422847E-06
   2.77999973       3.74037171E-07
   2.79999971       7.62902459E-07
   2.81999969       1.06274672E-06
   2.83999968       1.35472575E-07
   2.85999966       1.45369927E-06
   2.88000011       1.34001809E-07
   2.90000010       1.02063018E-06
   2.92000008       7.70545228E-07
   2.94000006       3.04713637E-07
   2.96000004       1.36315293E-06
   2.98000002       1.53551252E-08
   3.00000000       1.22883648E-06
   3.01999998       4.70235875E-07
   3.03999996       5.64661946E-07
   3.05999994       1.22590313E-06
   3.07999992       1.46892631E-08
   3.09999990       8.93030631E-07
