  -2.00000000       2.53056555E-06
  -1.98000002       1.95298526E-06
  -1.96000004       5.23324957E-07
  -1.94000006       3.24061921E-06
  -1.91999996       4.98684244E-07
  -1.89999998       1.91150230E-06
  -1.88000000       2.79158485E-06
  -1.86000001       2.09744524E-08
  -1.84000003       3.18310776E-06
  -1.82000005       1.54521695E-06
  -1.79999995       6.27710335E-07
  -1.77999997       3.44085879E-06
  -1.75999999       3.21556570E-07
  -1.74000001       2.11453380E-06
  -1.72000003       2.87190778E-06
  -1.70000005       5.95966334E-08
  -1.68000007       3.30251305E-06
  -1.65999997       1.43683872E-06
  -1.63999999       8.10742108E-07
  -1.62000000       3.72057139E-06
  -1.60000002       3.12730293E-07
  -1.58000004       2.13533258E-06
  -1.55999994       3.07568757E-06
  -1.53999996       2.66795695E-07
  -1.51999998       3.16077490E-06
  -1.50000000       1.58059174E-06
  -1.48000002       1.25973554E-06
  -1.46000004       3.57895510E-06
  -1.44000006       5.04218463E-07
  -1.42000008       2.49407640E-06
  -1.40000010       2.88784463E-06
  -1.38000000       5.91601292E-07
  -1.36000001       3.28968440E-06
  -1.34000003       1.50401934E-06
  -1.31999993       1.84827104E-06
  -1.29999995       3.08541325E-06
  -1.27999997       4.74320757E-07
  -1.25999999       3.08576682E-06
  -1.24000001       1.57393129E-06
  -1.22000003       1.03825391E-06
  -1.20000005       2.68792701E-06
  -1.18000007       6.82389256E-08
  -1.16000009       3.30628745E-06
  -1.14000010       9.43952216E-07
  -1.12000000       3.88084436E-06
  -1.10000002       7.76446996E-06
  -1.08000004       1.10377932E-05
  -1.05999994       2.79121996E-05
  -1.03999996       3.76356984E-05
  -1.01999998       8.52530575E-05
  -1.00000000       1.25373117E-04
 -0.980000019       2.10394719E-04
 -0.960000038       3.69061891E-04
 -0.940000057       5.15733322E-04
 -0.920000076       9.09962400E-04
 -0.899999976       1.34786998E-03
 -0.879999995       2.04086490E-03
 -0.860000014       3.24406289E-03
 -0.840000033       4.51580621E-03
 -0.820000052       6.68995269E-03
 -0.800000072       9.34879482E-03
 -0.779999971       1.27034402E-02
 -0.759999990       1.78343859E-02
 -0.740000010       2.43663080E-02
 -0.720000029       3.42126042E-02
 -0.700000048       4.77650948E-02
 -0.680000067       6.58013448E-02
 -0.660000086       8.80715698E-02
 -0.639999986      0.112872809    
 -0.620000005      0.139842808    
 -0.600000024      0.166398585    
 -0.580000043      0.199119702    
 -0.560000062      0.244108617    
 -0.540000081      0.312205702    
 -0.519999981      0.416897982    
 -0.500000000      0.549872994    
 -0.480000019      0.698214948    
 -0.460000038      0.826355278    
 -0.440000057      0.895741045    
 -0.420000076      0.898810446    
 -0.400000095      0.862341702    
 -0.379999995      0.869184136    
 -0.360000014       1.01608205    
 -0.340000033       1.37427986    
 -0.320000052       1.90802789    
 -0.300000072       2.46805787    
 -0.280000091       2.83528733    
 -0.259999990       2.79138350    
 -0.240000010       2.30597138    
 -0.220000029       1.56162655    
 -0.200000048      0.933130980    
 -0.180000067      0.838209093    
 -0.160000086       1.48825788    
 -0.139999986       2.74401474    
 -0.120000005       4.11288834    
 -0.100000024       4.96864128    
  -8.00000429E-02   4.84703779    
  -6.00000620E-02   3.69921613    
  -4.00000811E-02   2.04195237    
  -2.00001001E-02  0.549431741    
   0.00000000       4.77480004E-03
   1.99999809E-02   1.05007739E-05
   3.99999619E-02   3.65519622E-06
   5.99999428E-02   6.91080118E-07
   7.99999237E-02   4.62543113E-07
   9.99999046E-02   9.03630877E-08
  0.119999886       2.72177601E-07
  0.139999866       7.90224703E-08
  0.159999847       2.96216058E-07
  0.180000067       1.46646997E-07
  0.200000048       3.71891076E-07
  0.220000029       2.45595174E-07
  0.240000010       4.70223512E-07
  0.259999990       3.70433355E-07
  0.279999971       5.82556083E-07
  0.299999952       5.17980425E-07
  0.319999933       7.02664977E-07
  0.339999914       6.87763077E-07
  0.359999895       8.25556526E-07
  0.379999876       8.72927330E-07
  0.399999857       9.51354423E-07
  0.419999838       1.07033929E-06
  0.440000057       1.08328391E-06
  0.460000038       1.27436647E-06
  0.480000019       1.23994107E-06
  0.500000000       1.47397157E-06
  0.519999981       1.42904855E-06
  0.539999962       1.65596441E-06
  0.559999943       1.64431049E-06
  0.579999924       1.79580206E-06
  0.599999905       1.86848092E-06
  0.619999886       1.90406922E-06
  0.639999866       2.09186101E-06
  0.659999847       2.02339584E-06
  0.679999828       2.31112972E-06
  0.700000048       2.18873947E-06
  0.720000029       2.46844752E-06
  0.740000010       2.38281950E-06
  0.759999990       2.52625864E-06
  0.779999971       2.58925775E-06
  0.799999952       2.54502993E-06
  0.819999933       2.81948428E-06
  0.839999914       2.60432626E-06
  0.859999895       2.97148017E-06
  0.879999876       2.70247324E-06
  0.899999857       2.95557265E-06
  0.919999838       2.87651619E-06
  0.939999819       2.87341391E-06
  0.960000038       3.12485645E-06
  0.980000019       2.77573372E-06
   1.00000000       3.23275799E-06
   1.01999998       2.75530533E-06
   1.03999996       3.16161572E-06
   1.05999994       2.95270479E-06
   1.07999992       2.93283574E-06
   1.09999990       3.19753440E-06
   1.11999989       2.62683898E-06
   1.13999987       3.32525292E-06
   1.15999985       2.60521801E-06
   1.17999983       3.12714928E-06
   1.19999981       2.85186752E-06
   1.22000003       2.62562935E-06
   1.24000001       3.22938490E-06
   1.25999999       2.27721330E-06
   1.27999997       3.23023573E-06
   1.29999995       2.35112270E-06
   1.31999993       2.74672743E-06
   1.33999991       2.84397629E-06
   1.35999990       2.10952703E-06
   1.37999988       3.12090151E-06
   1.39999986       1.90628225E-06
   1.41999984       2.85711008E-06
   1.43999982       2.27068267E-06
   1.46000004       2.13040289E-06
   1.48000002       2.77039567E-06
   1.50000000       1.65724146E-06
   1.51999998       2.77613867E-06
   1.53999996       1.71123713E-06
   1.55999994       2.32031380E-06
   1.57999992       2.16830017E-06
   1.59999990       1.61500338E-06
   1.61999989       2.58877981E-06
   1.63999987       1.29544037E-06
   1.65999985       2.41139560E-06
   1.67999983       1.58824059E-06
   1.69999981       1.76794504E-06
   1.72000003       2.15363752E-06
   1.74000001       1.13101237E-06
   1.75999999       2.38324583E-06
   1.77999997       1.09955704E-06
   1.79999995       1.94163613E-06
   1.81999993       1.61178048E-06
   1.83999991       1.20749257E-06
   1.85999990       2.13068870E-06
   1.87999988       8.14652196E-07
   1.89999986       2.05336437E-06
   1.91999984       1.08643576E-06
   1.93999982       1.42891122E-06
   1.95999980       1.69698887E-06
   1.98000002       7.80937228E-07
   2.00000000       2.00198974E-06
   2.01999998       6.71391206E-07
   2.03999996       1.68493614E-06
   2.05999994       1.20413995E-06
   2.07999992       9.19417232E-07
   2.09999990       1.76040430E-06
   2.11999989       4.94857261E-07
   2.13999987       1.79358460E-06
   2.15999985       7.10842983E-07
   2.17999983       1.22598919E-06
   2.19999981       1.37652262E-06
   2.21999979       5.03309536E-07
   2.23999977       1.77203992E-06
   2.25999975       4.07879270E-07
   2.27999973       1.44734895E-06
   2.29999971       8.87740498E-07
   2.31999969       7.59145905E-07
   2.33999968       1.53611427E-06
   2.36000013       2.51924632E-07
   2.38000011       1.62549281E-06
   2.40000010       5.13297778E-07
   2.42000008       1.02519653E-06
   2.44000006       1.12776024E-06
   2.46000004       3.72534373E-07
   2.48000002       1.60447053E-06
   2.50000000       2.01210725E-07
   2.51999998       1.30765250E-06
   2.53999996       7.47666320E-07
   2.55999994       6.04002196E-07
   2.57999992       1.35575351E-06
   2.59999990       1.26297579E-07
   2.61999989       1.53610802E-06
   2.63999987       3.56309585E-07
   2.65999985       9.03791999E-07
   2.67999983       9.97100187E-07
   2.69999981       2.62814581E-07
   2.71999979       1.48226366E-06
   2.73999977       9.08273279E-08
   2.75999975       1.23676193E-06
   2.77999973       6.34232208E-07
   2.79999971       5.25904341E-07
   2.81999969       1.27090118E-06
   2.83999968       4.60071057E-08
   2.85999966       1.46248692E-06
   2.88000011       2.78266327E-07
   2.90000010       8.61654769E-07
   2.92000008       9.27970859E-07
   2.94000006       2.10308031E-07
   2.96000004       1.46386208E-06
   2.98000002       4.75004605E-08
   3.00000000       1.16852971E-06
   3.01999998       5.44088152E-07
   3.03999996       5.22469009E-07
   3.05999994       1.28357112E-06
   3.07999992       1.15660939E-08
   3.09999990       1.50266760E-06
