  -2.00000000       3.13012742E-06
  -1.98000002       1.75749256E-06
  -1.96000004       4.45237845E-07
  -1.94000006       3.37195206E-06
  -1.91999996       4.88865453E-07
  -1.89999998       1.79564120E-06
  -1.88000000       2.90886851E-06
  -1.86000001       2.43816185E-08
  -1.84000003       3.05541380E-06
  -1.82000005       1.69054476E-06
  -1.79999995       6.23541553E-07
  -1.77999997       3.32794843E-06
  -1.75999999       4.16374689E-07
  -1.74000001       2.12187933E-06
  -1.72000003       2.82610017E-06
  -1.70000005       4.82956253E-08
  -1.68000007       3.35531354E-06
  -1.65999997       1.47383753E-06
  -1.63999999       6.96848474E-07
  -1.62000000       3.79627068E-06
  -1.60000002       3.42981252E-07
  -1.58000004       2.04408730E-06
  -1.55999994       3.17347008E-06
  -1.53999996       1.70651361E-07
  -1.51999998       3.23754648E-06
  -1.50000000       1.65903771E-06
  -1.48000002       9.79514652E-07
  -1.46000004       3.84958503E-06
  -1.44000006       5.18524189E-07
  -1.42000008       2.19114827E-06
  -1.40000010       3.22378401E-06
  -1.38000000       4.44347648E-07
  -1.36000001       3.22465621E-06
  -1.34000003       1.74274749E-06
  -1.31999993       1.48445667E-06
  -1.29999995       3.36416997E-06
  -1.27999997       5.33418529E-07
  -1.25999999       2.68301460E-06
  -1.24000001       1.95310190E-06
  -1.22000003       9.40754319E-07
  -1.20000005       2.56644694E-06
  -1.18000007       1.47732408E-07
  -1.16000009       3.44677142E-06
  -1.14000010       1.02945728E-06
  -1.12000000       3.79098810E-06
  -1.10000002       9.16813042E-06
  -1.08000004       1.06839507E-05
  -1.05999994       3.00001884E-05
  -1.03999996       4.16912153E-05
  -1.01999998       8.55808321E-05
  -1.00000000       1.36052389E-04
 -0.980000019       2.19997994E-04
 -0.960000038       3.80274199E-04
 -0.940000057       5.47427684E-04
 -0.920000076       9.41134873E-04
 -0.899999976       1.39955839E-03
 -0.879999995       2.12576869E-03
 -0.860000014       3.34858731E-03
 -0.840000033       4.65976819E-03
 -0.820000052       6.90662628E-03
 -0.800000072       9.61684715E-03
 -0.779999971       1.30418837E-02
 -0.759999990       1.83808021E-02
 -0.740000010       2.49946024E-02
 -0.720000029       3.50886211E-02
 -0.700000048       4.90386114E-02
 -0.680000067       6.71175644E-02
 -0.660000086       8.98765922E-02
 -0.639999986      0.114919506    
 -0.620000005      0.141921282    
 -0.600000024      0.169200987    
 -0.580000043      0.202350512    
 -0.560000062      0.248271912    
 -0.540000081      0.317674667    
 -0.519999981      0.423532337    
 -0.500000000      0.556918621    
 -0.480000019      0.705172896    
 -0.460000038      0.832513928    
 -0.440000057      0.899815679    
 -0.420000076      0.903048933    
 -0.400000095      0.867386460    
 -0.379999995      0.876513362    
 -0.360000014       1.02794504    
 -0.340000033       1.38761866    
 -0.320000052       1.92026126    
 -0.300000072       2.47525334    
 -0.280000091       2.83413553    
 -0.259999990       2.78291130    
 -0.240000010       2.29473424    
 -0.220000029       1.55373645    
 -0.200000048      0.931953788    
 -0.180000067      0.844971538    
 -0.160000086       1.49620330    
 -0.139999986       2.74508047    
 -0.120000005       4.10302162    
 -0.100000024       4.94552851    
  -8.00000429E-02   4.81856871    
  -6.00000620E-02   3.67453647    
  -4.00000811E-02   2.02668858    
  -2.00001001E-02  0.545353651    
   0.00000000       4.73676063E-03
   1.99999809E-02   1.08295262E-05
   3.99999619E-02   3.23171730E-06
   5.99999428E-02   9.32226669E-07
   7.99999237E-02   2.61850033E-07
   9.99999046E-02   2.37123288E-07
  0.119999886       1.41657139E-07
  0.139999866       1.81527014E-07
  0.159999847       2.01608245E-07
  0.180000067       2.21409664E-07
  0.200000048       3.00012175E-07
  0.220000029       2.98281464E-07
  0.240000010       4.15511010E-07
  0.259999990       4.02768478E-07
  0.279999971       5.44442173E-07
  0.299999952       5.30774059E-07
  0.319999933       6.83596568E-07
  0.339999914       6.83398810E-07
  0.359999895       8.29516921E-07
  0.379999876       8.54482778E-07
  0.399999857       9.79874699E-07
  0.419999838       1.03897355E-06
  0.440000057       1.12759392E-06
  0.460000038       1.22656763E-06
  0.480000019       1.28342128E-06
  0.500000000       1.41013913E-06
  0.519999981       1.45833349E-06
  0.539999962       1.59407955E-06
  0.559999943       1.66256586E-06
  0.579999924       1.76731999E-06
  0.599999905       1.88019033E-06
  0.619999886       1.91688810E-06
  0.639999866       2.07703579E-06
  0.659999847       2.04749335E-06
  0.679999828       2.24948212E-06
  0.700000048       2.20958395E-06
  0.720000029       2.39690462E-06
  0.740000010       2.42482838E-06
  0.759999990       2.49315349E-06
  0.779999971       2.63085462E-06
  0.799999952       2.52323207E-06
  0.819999933       2.79955020E-06
  0.839999914       2.59109402E-06
  0.859999895       2.91852052E-06
  0.879999876       2.76345168E-06
  0.899999857       2.89820991E-06
  0.919999838       2.96202961E-06
  0.939999819       2.76726178E-06
  0.960000038       3.16875662E-06
  0.980000019       2.72864554E-06
   1.00000000       3.23601762E-06
   1.01999998       2.84231464E-06
   1.03999996       3.02020544E-06
   1.05999994       3.09964412E-06
   1.07999992       2.74341255E-06
   1.09999990       3.35595973E-06
   1.11999989       2.58751561E-06
   1.13999987       3.25457631E-06
   1.15999985       2.75603952E-06
   1.17999983       2.87744069E-06
   1.19999981       3.14274439E-06
   1.22000003       2.41462658E-06
   1.24000001       3.31041656E-06
   1.25999999       2.31618492E-06
   1.27999997       3.05811000E-06
   1.29999995       2.65331937E-06
   1.31999993       2.41296493E-06
   1.33999991       3.08735866E-06
   1.35999990       2.00592331E-06
   1.37999988       3.08302060E-06
   1.39999986       2.07960170E-06
   1.41999984       2.57271586E-06
   1.43999982       2.57469674E-06
   1.46000004       1.90116702E-06
   1.48000002       2.89564946E-06
   1.50000000       1.64404435E-06
   1.51999998       2.68964050E-06
   1.53999996       1.93698588E-06
   1.55999994       2.01583839E-06
   1.57999992       2.46894297E-06
   1.59999990       1.43693262E-06
   1.61999989       2.61713535E-06
   1.63999987       1.40678924E-06
   1.65999985       2.20757761E-06
   1.67999983       1.85295119E-06
   1.69999981       1.50887990E-06
   1.72000003       2.34314075E-06
   1.74000001       1.05775325E-06
   1.75999999       2.34038612E-06
   1.77999997       1.28168335E-06
   1.79999995       1.67964390E-06
   1.81999993       1.89609545E-06
   1.83999991       1.02059016E-06
   1.85999990       2.19173512E-06
   1.87999988       8.70264898E-07
   1.89999986       1.90545461E-06
   1.91999984       1.30236413E-06
   1.93999982       1.21421431E-06
   1.95999980       1.87333683E-06
   1.98000002       6.74174032E-07
   2.00000000       2.02684782E-06
   2.01999998       8.04627916E-07
   2.03999996       1.46321304E-06
   2.05999994       1.42582076E-06
   2.07999992       7.43460646E-07
   2.09999990       1.86034617E-06
   2.11999989       5.02544253E-07
   2.13999987       1.71016563E-06
   2.15999985       8.80624839E-07
   2.17999983       1.00979321E-06
   2.19999981       1.57900877E-06
   2.21999979       4.14770795E-07
   2.23999977       1.75832702E-06
   2.25999975       4.94406095E-07
   2.27999973       1.30659112E-06
   2.29999971       1.05493314E-06
   2.31999969       5.99598366E-07
   2.33999968       1.67031249E-06
   2.36000013       2.51619838E-07
   2.38000011       1.53589906E-06
   2.40000010       6.26078872E-07
   2.42000008       8.94219227E-07
   2.44000006       1.25654879E-06
   2.46000004       2.78019115E-07
   2.48000002       1.64487915E-06
   2.50000000       2.71624856E-07
   2.51999998       1.20552045E-06
   2.53999996       8.47911792E-07
   2.55999994       5.18269701E-07
   2.57999992       1.43762622E-06
   2.59999990       1.06405913E-07
   2.61999989       1.46193361E-06
   2.63999987       4.42914285E-07
   2.65999985       8.17446448E-07
   2.67999983       1.08845916E-06
   2.69999981       2.06761030E-07
   2.71999979       1.53740518E-06
   2.73999977       1.29574332E-07
   2.75999975       1.17321576E-06
   2.77999973       6.88496016E-07
   2.79999971       4.80687959E-07
   2.81999969       1.33173126E-06
   2.83999968       3.34619585E-08
   2.85999966       1.40576549E-06
   2.88000011       3.06076942E-07
   2.90000010       8.24862468E-07
   2.92000008       9.73877036E-07
   2.94000006       1.75617558E-07
   2.96000004       1.44494652E-06
   2.98000002       5.64205891E-08
   3.00000000       1.15687010E-06
   3.01999998       5.69214762E-07
   3.03999996       5.02096441E-07
   3.05999994       1.29511579E-06
   3.07999992       9.56404556E-09
   3.09999990       1.12154464E-06
