  -2.00000000       2.25939880E-06
  -1.98000002       2.07376888E-06
  -1.96000004       4.35964154E-07
  -1.94000006       3.40918791E-06
  -1.91999996       5.72566933E-07
  -1.89999998       1.54140582E-06
  -1.88000000       3.15518196E-06
  -1.86000001       8.61314309E-09
  -1.84000003       2.78989137E-06
  -1.82000005       2.12194232E-06
  -1.79999995       3.95504401E-07
  -1.77999997       3.29351769E-06
  -1.75999999       7.56349323E-07
  -1.74000001       1.60304955E-06
  -1.72000003       3.24240182E-06
  -1.70000005       1.25625732E-07
  -1.68000007       2.73043679E-06
  -1.65999997       2.28480621E-06
  -1.63999999       5.29245654E-07
  -1.62000000       3.23651579E-06
  -1.60000002       1.01110254E-06
  -1.58000004       1.82957717E-06
  -1.55999994       3.08045605E-06
  -1.53999996       2.95714585E-07
  -1.51999998       3.11089684E-06
  -1.50000000       2.09141467E-06
  -1.48000002       5.28356907E-07
  -1.46000004       3.81785412E-06
  -1.44000006       1.04851063E-06
  -1.42000008       1.75970092E-06
  -1.40000010       3.37465417E-06
  -1.38000000       3.36634031E-07
  -1.36000001       3.37058259E-06
  -1.34000003       2.09831001E-06
  -1.31999993       4.96400844E-07
  -1.29999995       4.17230649E-06
  -1.27999997       6.90396007E-07
  -1.25999999       1.70867361E-06
  -1.24000001       2.95772088E-06
  -1.22000003       1.64027824E-07
  -1.20000005       2.93843073E-06
  -1.18000007       6.55226813E-07
  -1.16000009       2.60237493E-06
  -1.14000010       2.79090909E-06
  -1.12000000       4.72000374E-06
  -1.10000002       1.27054600E-05
  -1.08000004       1.20487502E-05
  -1.05999994       4.22470475E-05
  -1.03999996       5.53441132E-05
  -1.01999998       9.50103713E-05
  -1.00000000       1.92201260E-04
 -0.980000019       2.50051031E-04
 -0.960000038       4.59238829E-04
 -0.940000057       7.07358471E-04
 -0.920000076       1.04728597E-03
 -0.899999976       1.72901945E-03
 -0.879999995       2.50418205E-03
 -0.860000014       3.78773850E-03
 -0.840000033       5.53285424E-03
 -0.820000052       7.77502730E-03
 -0.800000072       1.09269172E-02
 -0.779999971       1.48939304E-02
 -0.759999990       2.06448101E-02
 -0.740000010       2.82290969E-02
 -0.720000029       3.93468738E-02
 -0.700000048       5.46531491E-02
 -0.680000067       7.36375749E-02
 -0.660000086       9.82521325E-02
 -0.639999986      0.124147229    
 -0.620000005      0.151817665    
 -0.600000024      0.182535097    
 -0.580000043      0.216835871    
 -0.560000062      0.267956555    
 -0.540000081      0.343653530    
 -0.519999981      0.452114403    
 -0.500000000      0.590283453    
 -0.480000019      0.736244321    
 -0.460000038      0.858155012    
 -0.440000057      0.920353711    
 -0.420000076      0.921132922    
 -0.400000095      0.890355349    
 -0.379999995      0.911121070    
 -0.360000014       1.08169925    
 -0.340000033       1.44557929    
 -0.320000052       1.97416735    
 -0.300000072       2.50696492    
 -0.280000091       2.82322025    
 -0.259999990       2.74706531    
 -0.240000010       2.24406195    
 -0.220000029       1.51715744    
 -0.200000048      0.929836273    
 -0.180000067      0.874384284    
 -0.160000086       1.53030300    
 -0.139999986       2.74745965    
 -0.120000005       4.05973291    
 -0.100000024       4.83892918    
  -8.00000429E-02   4.69220304    
  -6.00000620E-02   3.56650996    
  -4.00000811E-02   1.95699131    
  -2.00001001E-02  0.528102934    
   0.00000000       4.61289566E-03
   1.99999809E-02   9.96415292E-06
   3.99999619E-02   3.68543010E-06
   5.99999428E-02   5.91939283E-07
   7.99999237E-02   4.79010055E-07
   9.99999046E-02   7.71080835E-08
  0.119999886       2.47837761E-07
  0.139999866       1.06762116E-07
  0.159999847       2.40913067E-07
  0.180000067       1.99758134E-07
  0.200000048       2.92036674E-07
  0.220000029       3.13888222E-07
  0.240000010       3.72167136E-07
  0.259999990       4.41235215E-07
  0.279999971       4.77551396E-07
  0.299999952       5.78305958E-07
  0.319999933       6.04497416E-07
  0.339999914       7.27249358E-07
  0.359999895       7.53508971E-07
  0.379999876       8.81706001E-07
  0.399999857       9.24450433E-07
  0.419999838       1.04125229E-06
  0.440000057       1.10544897E-06
  0.460000038       1.19868741E-06
  0.480000019       1.28985687E-06
  0.500000000       1.35693949E-06
  0.519999981       1.46644118E-06
  0.539999962       1.53121130E-06
  0.559999943       1.64124845E-06
  0.579999924       1.73156536E-06
  0.599999905       1.81153132E-06
  0.619999886       1.94798486E-06
  0.639999866       1.96118572E-06
  0.659999847       2.13865292E-06
  0.679999828       2.09321070E-06
  0.700000048       2.29567854E-06
  0.720000029       2.25127269E-06
  0.740000010       2.42632404E-06
  0.759999990       2.47008370E-06
  0.779999971       2.50473340E-06
  0.799999952       2.68225449E-06
  0.819999933       2.52138261E-06
  0.839999914       2.84512294E-06
  0.859999895       2.58084583E-06
  0.879999876       2.94604888E-06
  0.899999857       2.76475271E-06
  0.919999838       2.89076775E-06
  0.939999819       2.98785449E-06
  0.960000038       2.72469811E-06
  0.980000019       3.20933350E-06
   1.00000000       2.66607935E-06
   1.01999998       3.26897793E-06
   1.03999996       2.79325627E-06
   1.05999994       3.00936972E-06
   1.07999992       3.09527422E-06
   1.09999990       2.68156168E-06
   1.11999989       3.38780046E-06
   1.13999987       2.48687047E-06
   1.15999985       3.29876275E-06
   1.17999983       2.66104598E-06
   1.19999981       2.89558193E-06
   1.22000003       3.08365816E-06
   1.24000001       2.37111590E-06
   1.25999999       3.32022364E-06
   1.27999997       2.19930780E-06
   1.29999995       3.13839951E-06
   1.31999993       2.47205435E-06
   1.33999991       2.51518782E-06
   1.35999990       2.94350593E-06
   1.37999988       2.00665318E-06
   1.39999986       3.09796883E-06
   1.41999984       1.87802482E-06
   1.43999982       2.79001097E-06
   1.46000004       2.25524900E-06
   1.48000002       2.10438748E-06
   1.50000000       2.72646230E-06
   1.51999998       1.60566753E-06
   1.53999996       2.81660232E-06
   1.55999994       1.59662318E-06
   1.57999992       2.38127632E-06
   1.59999990       2.05255583E-06
   1.61999989       1.68132772E-06
   1.63999987       2.49976665E-06
   1.65999985       1.26044540E-06
   1.67999983       2.50466542E-06
   1.69999981       1.35415075E-06
   1.72000003       2.01260809E-06
   1.74000001       1.89381944E-06
   1.75999999       1.26231748E-06
   1.77999997       2.35814468E-06
   1.79999995       9.54679194E-07
   1.81999993       2.18059813E-06
   1.83999991       1.24205724E-06
   1.85999990       1.58118451E-06
   1.87999988       1.79413701E-06
   1.89999986       9.47633112E-07
   1.91999984       2.13664748E-06
   1.93999982       7.41035933E-07
   1.95999980       1.93151300E-06
   1.98000002       1.15988746E-06
   2.00000000       1.20201992E-06
   2.01999998       1.76788114E-06
   2.03999996       6.38453457E-07
   2.05999994       1.97065197E-06
   2.07999992       6.38391271E-07
   2.09999990       1.59315698E-06
   2.11999989       1.13950034E-06
   2.13999987       8.80586072E-07
   2.15999985       1.77228026E-06
   2.17999983       4.16145895E-07
   2.19999981       1.78405526E-06
   2.21999979       6.15492922E-07
   2.23999977       1.25920860E-06
   2.25999975       1.18398373E-06
   2.27999973       6.01156103E-07
   2.29999971       1.74412457E-06
   2.31999969       2.81011296E-07
   2.33999968       1.58284683E-06
   2.36000013       6.54925600E-07
   2.38000011       9.57428938E-07
   2.40000010       1.25667850E-06
   2.42000008       3.55638036E-07
   2.44000006       1.70302212E-06
   2.46000004       2.36050553E-07
   2.48000002       1.35612140E-06
   2.50000000       7.35405990E-07
   2.51999998       6.90065747E-07
   2.53999996       1.33965068E-06
   2.55999994       1.68659653E-07
   2.57999992       1.61114144E-06
   2.59999990       2.80090745E-07
   2.61999989       1.11130112E-06
   2.63999987       8.50473327E-07
   2.65999985       4.59373382E-07
   2.67999983       1.45484194E-06
   2.69999981       6.65891804E-08
   2.71999979       1.43705256E-06
   2.73999977       3.62971889E-07
   2.75999975       8.75762112E-07
   2.77999973       1.00314469E-06
   2.79999971       2.31534713E-07
   2.81999969       1.49519678E-06
   2.83999968       5.92224119E-08
   2.85999966       1.27977307E-06
   2.88000011       4.94733513E-07
   2.90000010       6.63287210E-07
   2.92000008       1.20820550E-06
   2.94000006       8.01502438E-08
   2.96000004       1.46574030E-06
   2.98000002       1.06888542E-07
   3.00000000       1.13262070E-06
   3.01999998       7.02239959E-07
   3.03999996       4.27795783E-07
   3.05999994       1.32500008E-06
   3.07999992       7.80540166E-09
   3.09999990       1.81693633E-06
