  -2.00000000       3.24350185E-06
  -1.98000002       1.79984204E-06
  -1.96000004       3.48369070E-07
  -1.94000006       3.48729145E-06
  -1.91999996       6.47029481E-07
  -1.89999998       1.49021298E-06
  -1.88000000       3.10880409E-06
  -1.86000001       2.78060757E-08
  -1.84000003       2.85610440E-06
  -1.82000005       2.12790087E-06
  -1.79999995       2.36718847E-07
  -1.77999997       3.51293397E-06
  -1.75999999       8.00923431E-07
  -1.74000001       1.24187136E-06
  -1.72000003       3.60629701E-06
  -1.70000005       1.13134178E-07
  -1.68000007       2.38397593E-06
  -1.65999997       2.73541809E-06
  -1.63999999       3.12977846E-07
  -1.62000000       3.16230239E-06
  -1.60000002       1.33358435E-06
  -1.58000004       1.31808918E-06
  -1.55999994       3.50088521E-06
  -1.53999996       4.38731831E-07
  -1.51999998       2.38032931E-06
  -1.50000000       2.85637043E-06
  -1.48000002       4.44196047E-07
  -1.46000004       3.19490118E-06
  -1.44000006       1.79755637E-06
  -1.42000008       1.39883969E-06
  -1.40000010       3.31689989E-06
  -1.38000000       7.63121307E-07
  -1.36000001       2.72236184E-06
  -1.34000003       2.64219398E-06
  -1.31999993       5.23737128E-07
  -1.29999995       3.52623056E-06
  -1.27999997       1.34712002E-06
  -1.25999999       1.60343052E-06
  -1.24000001       2.71017279E-06
  -1.22000003       1.32887365E-07
  -1.20000005       3.34576521E-06
  -1.18000007       7.11664484E-07
  -1.16000009       1.98450061E-06
  -1.14000010       4.74076069E-06
  -1.12000000       4.45330988E-06
  -1.10000002       1.41888240E-05
  -1.08000004       1.71502288E-05
  -1.05999994       4.38621028E-05
  -1.03999996       6.53835523E-05
  -1.01999998       1.09829227E-04
  -1.00000000       2.08774421E-04
 -0.980000019       2.81419168E-04
 -0.960000038       5.13074687E-04
 -0.940000057       7.73380627E-04
 -0.920000076       1.14510150E-03
 -0.899999976       1.91339303E-03
 -0.879999995       2.69106589E-03
 -0.860000014       4.09879535E-03
 -0.840000033       6.01106789E-03
 -0.820000052       8.23101960E-03
 -0.800000072       1.17621701E-02
 -0.779999971       1.59236845E-02
 -0.759999990       2.18377616E-02
 -0.740000010       3.02532483E-02
 -0.720000029       4.16345373E-02
 -0.700000048       5.76395243E-02
 -0.680000067       7.76320621E-02
 -0.660000086      0.102497190    
 -0.639999986      0.129231587    
 -0.620000005      0.157687142    
 -0.600000024      0.189338446    
 -0.580000043      0.225091547    
 -0.560000062      0.279002160    
 -0.540000081      0.357407272    
 -0.519999981      0.467445344    
 -0.500000000      0.608432651    
 -0.480000019      0.752062619    
 -0.460000038      0.871190071    
 -0.440000057      0.932207048    
 -0.420000076      0.929701328    
 -0.400000095      0.903118610    
 -0.379999995      0.930860996    
 -0.360000014       1.10865998    
 -0.340000033       1.47644067    
 -0.320000052       2.00170112    
 -0.300000072       2.52125359    
 -0.280000091       2.81668282    
 -0.259999990       2.72775316    
 -0.240000010       2.21727347    
 -0.220000029       1.49811602    
 -0.200000048      0.930482209    
 -0.180000067      0.888497829    
 -0.160000086       1.54744864    
 -0.139999986       2.74900031    
 -0.120000005       4.03395796    
 -0.100000024       4.78423262    
  -8.00000429E-02   4.62605762    
  -6.00000620E-02   3.50960851    
  -4.00000811E-02   1.92181385    
  -2.00001001E-02  0.518870652    
   0.00000000       4.53724293E-03
   1.99999809E-02   1.00110074E-05
   3.99999619E-02   3.55218572E-06
   5.99999428E-02   6.65386210E-07
   7.99999237E-02   4.63168107E-07
   9.99999046E-02   8.62384937E-08
  0.119999886       2.73252653E-07
  0.139999866       7.53044276E-08
  0.159999847       2.95373610E-07
  0.180000067       1.38543498E-07
  0.200000048       3.68585745E-07
  0.220000029       2.30585215E-07
  0.240000010       4.64064726E-07
  0.259999990       3.43685599E-07
  0.279999971       5.74393994E-07
  0.299999952       4.77170204E-07
  0.319999933       6.92337437E-07
  0.339999914       6.35358788E-07
  0.359999895       8.16444299E-07
  0.379999876       8.16772058E-07
  0.399999857       9.46748003E-07
  0.419999838       1.02062654E-06
  0.440000057       1.07938695E-06
  0.460000038       1.23320365E-06
  0.480000019       1.21490200E-06
  0.500000000       1.43872944E-06
  0.519999981       1.35705591E-06
  0.539999962       1.62446850E-06
  0.559999943       1.52672067E-06
  0.579999924       1.79000574E-06
  0.599999905       1.74171078E-06
  0.619999886       1.93388155E-06
  0.639999866       1.98567886E-06
  0.659999847       2.04035496E-06
  0.679999828       2.21528717E-06
  0.700000048       2.12018972E-06
  0.720000029       2.40957797E-06
  0.740000010       2.23226107E-06
  0.759999990       2.57477404E-06
  0.779999971       2.41272573E-06
  0.799999952       2.66251709E-06
  0.819999933       2.61029027E-06
  0.839999914       2.64910341E-06
  0.859999895       2.81171083E-06
  0.879999876       2.62779827E-06
  0.899999857       3.02178296E-06
  0.919999838       2.65830158E-06
  0.939999819       3.09742541E-06
  0.960000038       2.73709202E-06
  0.980000019       3.01190425E-06
   1.00000000       2.95318091E-06
   1.01999998       2.84619409E-06
   1.03999996       3.22070923E-06
   1.05999994       2.63209358E-06
   1.07999992       3.32023683E-06
   1.09999990       2.61055766E-06
   1.11999989       3.20271056E-06
   1.13999987       2.87969692E-06
   1.15999985       2.75664229E-06
   1.17999983       3.24739221E-06
   1.19999981       2.35692391E-06
   1.22000003       3.41982741E-06
   1.24000001       2.33887636E-06
   1.25999999       3.04472883E-06
   1.27999997       2.73882893E-06
   1.29999995       2.44109583E-06
   1.31999993       3.17996751E-06
   1.33999991       1.99387614E-06
   1.35999990       3.18258162E-06
   1.37999988       2.09552422E-06
   1.39999986       2.71939189E-06
   1.41999984       2.50249195E-06
   1.43999982       2.07061817E-06
   1.46000004       2.89646937E-06
   1.48000002       1.69208943E-06
   1.50000000       2.85607757E-06
   1.51999998       1.75962691E-06
   1.53999996       2.42419787E-06
   1.55999994       2.19905701E-06
   1.57999992       1.71439933E-06
   1.59999990       2.66431471E-06
   1.61999989       1.31824356E-06
   1.63999987       2.58225259E-06
   1.65999985       1.49250536E-06
   1.67999983       2.04611570E-06
   1.69999981       1.99381066E-06
   1.72000003       1.36160804E-06
   1.74000001       2.40642657E-06
   1.75999999       1.02455829E-06
   1.77999997       2.31232298E-06
   1.79999995       1.26840541E-06
   1.81999993       1.69557234E-06
   1.83999991       1.84553539E-06
   1.85999990       1.04451271E-06
   1.87999988       2.18712648E-06
   1.89999986       7.99412703E-07
   1.91999984       2.03686545E-06
   1.93999982       1.11073416E-06
   1.95999980       1.41279929E-06
   1.98000002       1.71030911E-06
   2.00000000       7.50333697E-07
   2.01999998       2.06158575E-06
   2.03999996       6.24089182E-07
   2.05999994       1.75947491E-06
   2.07999992       1.02714591E-06
   2.09999990       1.11973088E-06
   2.11999989       1.63579648E-06
   2.13999987       5.30661453E-07
   2.15999985       1.92626362E-06
   2.17999983       5.05613514E-07
   2.19999981       1.50523374E-06
   2.21999979       1.00879629E-06
   2.23999977       8.65286779E-07
   2.25999975       1.57563977E-06
   2.27999973       3.54409508E-07
   2.29999971       1.79199458E-06
   2.31999969       4.45853715E-07
   2.33999968       1.27962505E-06
   2.36000013       1.01611568E-06
   2.38000011       6.39342261E-07
   2.40000010       1.55125406E-06
   2.42000008       2.14283517E-07
   2.44000006       1.66515144E-06
   2.46000004       4.43137822E-07
   2.48000002       1.05904678E-06
   2.50000000       1.02981812E-06
   2.51999998       4.46632555E-07
   2.53999996       1.56167948E-06
   2.55999994       1.20805893E-07
   2.57999992       1.52316306E-06
   2.59999990       4.83951226E-07
   2.61999989       8.75746821E-07
   2.63999987       1.06349285E-06
   2.65999985       2.81070470E-07
   2.67999983       1.56469503E-06
   2.69999981       9.52519343E-08
   2.71999979       1.31615184E-06
   2.73999977       5.23234803E-07
   2.75999975       7.30073793E-07
   2.77999973       1.19569961E-06
   2.79999971       1.31587370E-07
   2.81999969       1.53058363E-06
   2.83999968       1.10280901E-07
   2.85999966       1.20614880E-06
   2.88000011       6.10517020E-07
   2.90000010       5.58543888E-07
   2.92000008       1.29451325E-06
   2.94000006       4.79710494E-08
   2.96000004       1.44411877E-06
   2.98000002       1.39802268E-07
   3.00000000       1.08629831E-06
   3.01999998       7.56137240E-07
   3.03999996       3.88254108E-07
   3.05999994       1.34433981E-06
   3.07999992       4.71021933E-09
   3.09999990       1.13383066E-06
