  -2.00000000       3.53827363E-06
  -1.98000002       1.72939212E-06
  -1.96000004       3.31969545E-07
  -1.94000006       3.48372032E-06
  -1.91999996       6.91085802E-07
  -1.89999998       1.48152503E-06
  -1.88000000       3.07342953E-06
  -1.86000001       4.52018583E-08
  -1.84000003       2.87328044E-06
  -1.82000005       2.13558724E-06
  -1.79999995       1.96614423E-07
  -1.77999997       3.54961071E-06
  -1.75999999       8.41610074E-07
  -1.74000001       1.15842772E-06
  -1.72000003       3.64951256E-06
  -1.70000005       1.23645862E-07
  -1.68000007       2.35244238E-06
  -1.65999997       2.80144650E-06
  -1.63999999       2.10402675E-07
  -1.62000000       3.26012560E-06
  -1.60000002       1.38100529E-06
  -1.58000004       1.06927132E-06
  -1.55999994       3.75500485E-06
  -1.53999996       4.48512083E-07
  -1.51999998       2.09038853E-06
  -1.50000000       3.17811282E-06
  -1.48000002       3.50104841E-07
  -1.46000004       3.04861942E-06
  -1.44000006       2.05552669E-06
  -1.42000008       1.13203259E-06
  -1.40000010       3.47066725E-06
  -1.38000000       8.99816257E-07
  -1.36000001       2.30728824E-06
  -1.34000003       3.03169327E-06
  -1.31999993       5.06361800E-07
  -1.29999995       3.16705882E-06
  -1.27999997       1.73353737E-06
  -1.25999999       1.46580408E-06
  -1.24000001       2.62631056E-06
  -1.22000003       2.40686944E-07
  -1.20000005       3.33934645E-06
  -1.18000007       7.73638192E-07
  -1.16000009       1.92547327E-06
  -1.14000010       5.48238404E-06
  -1.12000000       4.07088737E-06
  -1.10000002       1.54166883E-05
  -1.08000004       1.95286084E-05
  -1.05999994       4.32881279E-05
  -1.03999996       7.20660173E-05
  -1.01999998       1.15617819E-04
  -1.00000000       2.13675783E-04
 -0.980000019       3.01894645E-04
 -0.960000038       5.30792633E-04
 -0.940000057       8.02653958E-04
 -0.920000076       1.19989458E-03
 -0.899999976       1.97724090E-03
 -0.879999995       2.78525497E-03
 -0.860000014       4.24337387E-03
 -0.840000033       6.19529933E-03
 -0.820000052       8.45860969E-03
 -0.800000072       1.21213142E-02
 -0.779999971       1.63555034E-02
 -0.759999990       2.23847870E-02
 -0.740000010       3.11329421E-02
 -0.720000029       4.26028520E-02
 -0.700000048       5.89493848E-02
 -0.680000067       7.93867260E-02
 -0.660000086      0.104232252    
 -0.639999986      0.131491542    
 -0.620000005      0.160232127    
 -0.600000024      0.192119002    
 -0.580000043      0.228833452    
 -0.560000062      0.283660024    
 -0.540000081      0.363175750    
 -0.519999981      0.474164009    
 -0.500000000      0.615920842    
 -0.480000019      0.758693576    
 -0.460000038      0.876732051    
 -0.440000057      0.937144458    
 -0.420000076      0.933240891    
 -0.400000095      0.908707857    
 -0.379999995      0.939338207    
 -0.360000014       1.11964202    
 -0.340000033       1.48977447    
 -0.320000052       2.01285744    
 -0.300000072       2.52665329    
 -0.280000091       2.81425023    
 -0.259999990       2.71907496    
 -0.240000010       2.20610690    
 -0.220000029       1.49038804    
 -0.200000048      0.930843055    
 -0.180000067      0.894177020    
 -0.160000086       1.55459869    
 -0.139999986       2.74978304    
 -0.120000005       4.02213335    
 -0.100000024       4.76195717    
  -8.00000429E-02   4.59820747    
  -6.00000620E-02   3.48543406    
  -4.00000811E-02   1.90765917    
  -2.00001001E-02  0.514830530    
   0.00000000       4.49692970E-03
   1.99999809E-02   1.03006478E-05
   3.99999619E-02   3.13486339E-06
   5.99999428E-02   8.86487669E-07
   7.99999237E-02   2.69961674E-07
   9.99999046E-02   2.19957599E-07
  0.119999886       1.50698952E-07
  0.139999866       1.66720298E-07
  0.159999847       2.09183241E-07
  0.180000067       2.04307440E-07
  0.200000048       3.06547548E-07
  0.220000029       2.78381634E-07
  0.240000010       4.21766032E-07
  0.259999990       3.77105749E-07
  0.279999971       5.48333674E-07
  0.299999952       4.97287033E-07
  0.319999933       6.79101163E-07
  0.339999914       6.40235100E-07
  0.359999895       8.11043549E-07
  0.379999876       8.04814306E-07
  0.399999857       9.44334658E-07
  0.419999838       9.94088168E-07
  0.440000057       1.08163476E-06
  0.460000038       1.20278139E-06
  0.480000019       1.22747224E-06
  0.500000000       1.41660712E-06
  0.519999981       1.38273253E-06
  0.539999962       1.60794389E-06
  0.559999943       1.55150633E-06
  0.579999924       1.76140952E-06
  0.599999905       1.74919535E-06
  0.619999886       1.88783383E-06
  0.639999866       1.98750217E-06
  0.659999847       2.00551335E-06
  0.679999828       2.23524194E-06
  0.700000048       2.11389738E-06
  0.720000029       2.42497617E-06
  0.740000010       2.23044026E-06
  0.759999990       2.53459734E-06
  0.779999971       2.42294800E-06
  0.799999952       2.58866203E-06
  0.819999933       2.68351982E-06
  0.839999914       2.57959664E-06
  0.859999895       2.90330945E-06
  0.879999876       2.54655197E-06
  0.899999857       3.03362413E-06
  0.919999838       2.64429605E-06
  0.939999819       3.03760453E-06
  0.960000038       2.87314720E-06
  0.980000019       2.85533383E-06
   1.00000000       3.12436759E-06
   1.01999998       2.64687196E-06
   1.03999996       3.33220851E-06
   1.05999994       2.62267304E-06
   1.07999992       3.24866778E-06
   1.09999990       2.79223514E-06
   1.11999989       2.90676553E-06
   1.13999987       3.16443720E-06
   1.15999985       2.53518692E-06
   1.17999983       3.38501832E-06
   1.19999981       2.34565596E-06
   1.22000003       3.25345559E-06
   1.24000001       2.59825038E-06
   1.25999999       2.75959928E-06
   1.27999997       3.02309058E-06
   1.29999995       2.19035337E-06
   1.31999993       3.30539024E-06
   1.33999991       2.03401191E-06
   1.35999990       3.02189801E-06
   1.37999988       2.33405967E-06
   1.39999986       2.42920305E-06
   1.41999984       2.80712743E-06
   1.43999982       1.84474754E-06
   1.46000004       3.00581132E-06
   1.48000002       1.72169393E-06
   1.50000000       2.71657768E-06
   1.51999998       2.01584680E-06
   1.53999996       2.10345183E-06
   1.55999994       2.49710979E-06
   1.57999992       1.51959500E-06
   1.59999990       2.72834063E-06
   1.61999989       1.37304778E-06
   1.63999987       2.43798581E-06
   1.65999985       1.72908244E-06
   1.67999983       1.77113179E-06
   1.69999981       2.26757402E-06
   1.72000003       1.16812430E-06
   1.74000001       2.49181971E-06
   1.75999999       1.10472115E-06
   1.77999997       2.10253802E-06
   1.79999995       1.52911298E-06
   1.81999993       1.45812714E-06
   1.83999991       2.03960280E-06
   1.85999990       9.07121148E-07
   1.87999988       2.24753489E-06
   1.89999986       8.70720896E-07
   1.91999984       1.87474382E-06
   1.93999982       1.35538687E-06
   1.95999980       1.14939394E-06
   1.98000002       1.92209563E-06
   2.00000000       6.62742025E-07
   2.01999998       2.03531863E-06
   2.03999996       7.26923531E-07
   2.05999994       1.59486729E-06
   2.07999992       1.24777978E-06
   2.09999990       9.25473785E-07
   2.11999989       1.80145321E-06
   2.13999987       4.64636003E-07
   2.15999985       1.86203613E-06
   2.17999983       6.30520674E-07
   2.19999981       1.36645235E-06
   2.21999979       1.18313835E-06
   2.23999977       7.10602080E-07
   2.25999975       1.69684745E-06
   2.27999973       3.13847693E-07
   2.29999971       1.72708155E-06
   2.31999969       5.75910690E-07
   2.33999968       1.15140847E-06
   2.36000013       1.15688954E-06
   2.38000011       5.19102741E-07
   2.40000010       1.63657069E-06
   2.42000008       2.07208672E-07
   2.44000006       1.57656041E-06
   2.46000004       5.62007585E-07
   2.48000002       9.55732730E-07
   2.50000000       1.15958858E-06
   2.51999998       3.55729355E-07
   2.53999996       1.61908793E-06
   2.55999994       1.43678619E-07
   2.57999992       1.41627424E-06
   2.59999990       5.67828181E-07
   2.61999989       7.86522435E-07
   2.63999987       1.18036144E-06
   2.65999985       2.10651280E-07
   2.67999983       1.59393494E-06
   2.69999981       1.28333596E-07
   2.71999979       1.28112106E-06
   2.73999977       5.94836308E-07
   2.75999975       6.61960939E-07
   2.77999973       1.26399266E-06
   2.79999971       1.00779623E-07
   2.81999969       1.50032906E-06
   2.83999968       1.30738954E-07
   2.85999966       1.16550893E-06
   2.88000011       6.68778739E-07
   2.90000010       4.98178792E-07
   2.92000008       1.30038734E-06
   2.94000006       3.94893718E-08
   2.96000004       1.45668616E-06
   2.98000002       1.63923289E-07
   3.00000000       1.05188485E-06
   3.01999998       7.68650068E-07
   3.03999996       3.86711434E-07
   3.05999994       1.38592429E-06
   3.07999992       2.43856091E-09
   3.09999990       9.13050087E-07
