  -2.00000000       3.08617018E-06
  -1.98000002       1.92479592E-06
  -1.96000004       3.69799750E-07
  -1.94000006       3.38079258E-06
  -1.91999996       7.78401500E-07
  -1.89999998       1.47292121E-06
  -1.88000000       3.03771048E-06
  -1.86000001       7.34043368E-08
  -1.84000003       2.83113195E-06
  -1.82000005       2.20504580E-06
  -1.79999995       1.73884629E-07
  -1.77999997       3.49335733E-06
  -1.75999999       9.62835202E-07
  -1.74000001       1.11305826E-06
  -1.72000003       3.57316048E-06
  -1.70000005       1.85881049E-07
  -1.68000007       2.39343899E-06
  -1.65999997       2.77415643E-06
  -1.63999999       1.12077025E-07
  -1.62000000       3.42856811E-06
  -1.60000002       1.40352608E-06
  -1.58000004       7.92595699E-07
  -1.55999994       4.02412570E-06
  -1.53999996       4.58688902E-07
  -1.51999998       1.83238376E-06
  -1.50000000       3.46519369E-06
  -1.48000002       2.09928416E-07
  -1.46000004       3.02941680E-06
  -1.44000006       2.25726535E-06
  -1.42000008       7.44293288E-07
  -1.40000010       3.79821086E-06
  -1.38000000       9.86349391E-07
  -1.36000001       1.76790127E-06
  -1.34000003       3.59332034E-06
  -1.31999993       4.13152037E-07
  -1.29999995       2.77497611E-06
  -1.27999997       2.22435233E-06
  -1.25999999       1.15705745E-06
  -1.24000001       2.66788538E-06
  -1.22000003       4.28067978E-07
  -1.20000005       3.09459165E-06
  -1.18000007       1.00282705E-06
  -1.16000009       2.04366324E-06
  -1.14000010       6.21287063E-06
  -1.12000000       3.58268949E-06
  -1.10000002       1.77075071E-05
  -1.08000004       2.23158695E-05
  -1.05999994       4.24821919E-05
  -1.03999996       8.32147052E-05
  -1.01999998       1.21544726E-04
  -1.00000000       2.21739378E-04
 -0.980000019       3.34812852E-04
 -0.960000038       5.48499520E-04
 -0.940000057       8.51236982E-04
 -0.920000076       1.28113432E-03
 -0.899999976       2.05242145E-03
 -0.879999995       2.93995300E-03
 -0.860000014       4.44016373E-03
 -0.840000033       6.44051377E-03
 -0.820000052       8.81529599E-03
 -0.800000072       1.26007218E-02
 -0.779999971       1.69632491E-02
 -0.759999990       2.31910031E-02
 -0.740000010       3.23372222E-02
 -0.720000029       4.39644903E-02
 -0.700000048       6.08166158E-02
 -0.680000067       8.18155780E-02
 -0.660000086      0.106618695    
 -0.639999986      0.134719267    
 -0.620000005      0.163732842    
 -0.600000024      0.195940048    
 -0.580000043      0.234227628    
 -0.560000062      0.289995313    
 -0.540000081      0.371168971    
 -0.519999981      0.483657122    
 -0.500000000      0.625959575    
 -0.480000019      0.767894149    
 -0.460000038      0.884417057    
 -0.440000057      0.943719327    
 -0.420000076      0.938225865    
 -0.400000095      0.916563034    
 -0.379999995      0.951006651    
 -0.360000014       1.13456142    
 -0.340000033       1.50838315    
 -0.320000052       2.02766609    
 -0.300000072       2.53361058    
 -0.280000091       2.81122279    
 -0.259999990       2.70650268    
 -0.240000010       2.19094205    
 -0.220000029       1.48011851    
 -0.200000048      0.931224763    
 -0.180000067      0.901879430    
 -0.160000086       1.56438088    
 -0.139999986       2.75082898    
 -0.120000005       4.00512409    
 -0.100000024       4.73196411    
  -8.00000429E-02   4.55992603    
  -6.00000620E-02   3.45201111    
  -4.00000811E-02   1.88882017    
  -2.00001001E-02  0.509118974    
   0.00000000       4.43968643E-03
   1.99999809E-02   1.05220615E-05
   3.99999619E-02   2.77170693E-06
   5.99999428E-02   1.09638961E-06
   7.99999237E-02   8.88030343E-08
   9.99999046E-02   3.66157934E-07
  0.119999886       1.69069274E-08
  0.139999866       2.85997601E-07
  0.159999847       9.47954391E-08
  0.180000067       3.09991464E-07
  0.200000048       2.01676031E-07
  0.220000029       3.73988996E-07
  0.240000010       3.24022494E-07
  0.259999990       4.61583028E-07
  0.279999971       4.58693648E-07
  0.299999952       5.67460120E-07
  0.319999933       6.03829051E-07
  0.339999914       6.90714103E-07
  0.359999895       7.59239413E-07
  0.379999876       8.31527018E-07
  0.399999857       9.24752555E-07
  0.419999838       9.91459729E-07
  0.440000057       1.09886491E-06
  0.460000038       1.16513718E-06
  0.480000019       1.27376552E-06
  0.500000000       1.34202674E-06
  0.519999981       1.44555429E-06
  0.539999962       1.50842470E-06
  0.559999943       1.61814000E-06
  0.579999924       1.66989435E-06
  0.599999905       1.80719235E-06
  0.619999886       1.83652764E-06
  0.639999866       2.01133344E-06
  0.659999847       2.00158524E-06
  0.679999828       2.19367712E-06
  0.700000048       2.14802594E-06
  0.720000029       2.32513094E-06
  0.740000010       2.30799219E-06
  0.759999990       2.42264650E-06
  0.779999971       2.52667405E-06
  0.799999952       2.49167419E-06
  0.819999933       2.74585432E-06
  0.839999914       2.51284200E-06
  0.859999895       2.88624506E-06
  0.879999876       2.57556167E-06
  0.899999857       2.94241772E-06
  0.919999838       2.78373523E-06
  0.939999819       2.85569377E-06
  0.960000038       3.04493301E-06
  0.980000019       2.65417111E-06
   1.00000000       3.26110217E-06
   1.01999998       2.59158742E-06
   1.03999996       3.28998431E-06
   1.05999994       2.77314552E-06
   1.07999992       2.96696726E-06
   1.09999990       3.12570478E-06
   1.11999989       2.57822262E-06
   1.13999987       3.44064392E-06
   1.15999985       2.39523933E-06
   1.17999983       3.32141508E-06
   1.19999981       2.59412332E-06
   1.22000003       2.87842113E-06
   1.24000001       3.04453579E-06
   1.25999999       2.33478704E-06
   1.27999997       3.30203602E-06
   1.29999995       2.11281576E-06
   1.31999993       3.18403659E-06
   1.33999991       2.31285526E-06
   1.35999990       2.62483422E-06
   1.37999988       2.75723664E-06
   1.39999986       2.07041603E-06
   1.41999984       3.04517403E-06
   1.43999982       1.75178070E-06
   1.46000004       2.94817232E-06
   1.48000002       1.95769621E-06
   1.50000000       2.35687889E-06
   1.51999998       2.44731882E-06
   1.53999996       1.72487262E-06
   1.55999994       2.77134313E-06
   1.57999992       1.42109957E-06
   1.59999990       2.64349342E-06
   1.61999989       1.63230129E-06
   1.63999987       2.07076368E-06
   1.65999985       2.12348823E-06
   1.67999983       1.43544946E-06
   1.69999981       2.50323615E-06
   1.72000003       1.08888935E-06
   1.74000001       2.42061242E-06
   1.75999999       1.35088351E-06
   1.77999997       1.76163746E-06
   1.79999995       1.91184949E-06
   1.81999993       1.13829196E-06
   1.83999991       2.23978236E-06
   1.85999990       8.64925937E-07
   1.87999988       2.14468196E-06
   1.89999986       1.10277051E-06
   1.91999984       1.57492377E-06
   1.93999982       1.70103453E-06
   1.95999980       8.67765266E-07
   1.98000002       2.09741893E-06
   2.00000000       6.50201969E-07
   2.01999998       1.90862238E-06
   2.03999996       9.48907143E-07
   2.05999994       1.32913146E-06
   2.07999992       1.53509347E-06
   2.09999990       6.84210931E-07
   2.11999989       1.96950850E-06
   2.13999987       4.69562423E-07
   2.15999985       1.71520321E-06
   2.17999983       8.57938801E-07
   2.19999981       1.11799864E-06
   2.21999979       1.41622900E-06
   2.23999977       5.26399845E-07
   2.25999975       1.83156499E-06
   2.27999973       3.38062705E-07
   2.29999971       1.57359739E-06
   2.31999969       7.89310093E-07
   2.33999968       9.37215361E-07
   2.36000013       1.34242316E-06
   2.38000011       3.78976125E-07
   2.40000010       1.73970193E-06
   2.42000008       2.54203655E-07
   2.44000006       1.42172223E-06
   2.46000004       7.36695029E-07
   2.48000002       7.90791205E-07
   2.50000000       1.31405966E-06
   2.51999998       2.46300033E-07
   2.53999996       1.68260601E-06
   2.55999994       2.11505395E-07
   2.57999992       1.27806811E-06
   2.59999990       6.87961574E-07
   2.61999989       6.75607453E-07
   2.63999987       1.32415505E-06
   2.65999985       1.34101541E-07
   2.67999983       1.58235378E-06
   2.69999981       1.91350665E-07
   2.71999979       1.19855520E-06
   2.73999977       6.95393339E-07
   2.75999975       5.66659025E-07
   2.77999973       1.37006884E-06
   2.79999971       6.95702980E-08
   2.81999969       1.47167725E-06
   2.83999968       1.62369460E-07
   2.85999966       1.13753981E-06
   2.88000011       7.67088466E-07
   2.90000010       4.23698793E-07
   2.92000008       1.31059471E-06
   2.94000006       3.18788160E-08
   2.96000004       1.48367587E-06
   2.98000002       2.00096252E-07
   3.00000000       9.99885060E-07
   3.01999998       7.80601056E-07
   3.03999996       3.80208661E-07
   3.05999994       1.41501448E-06
   3.07999992       1.04741793E-09
   3.09999990       1.17654156E-06
