  -2.00000000       1.39240980E-10
  -1.98000002       1.21926663E-10
  -1.96000004       8.79120873E-11
  -1.94000006       3.42877116E-11
  -1.92000008       6.40616241E-11
  -1.90000010       9.44519879E-11
  -1.88000011       2.69604825E-11
  -1.86000013       6.64917565E-11
  -1.84000015       1.14917978E-10
  -1.82000017       4.56107062E-11
  -1.80000019       7.63730884E-11
  -1.78000021       3.50413934E-11
  -1.76000023       4.00278491E-11
  -1.74000025       1.16057809E-10
  -1.72000027       4.42301820E-11
  -1.70000029       2.88714261E-11
  -1.68000031       1.04124912E-11
  -1.66000032       2.24764252E-11
  -1.64000034       4.21654517E-11
  -1.62000036       2.79825260E-11
  -1.60000038       1.51195029E-11
  -1.58000040       2.50457485E-11
  -1.56000042       1.89125191E-11
  -1.54000044       6.35955134E-12
  -1.52000046       1.26988862E-11
  -1.50000048       6.64721186E-12
  -1.48000050       1.10210226E-11
  -1.46000051       7.12694487E-11
  -1.44000053       4.08276017E-12
  -1.42000055       4.37693493E-11
  -1.40000057       1.65318148E-10
  -1.38000059       1.76890835E-10
  -1.36000061       1.35786937E-10
  -1.34000063       3.95505712E-11
  -1.32000065       2.61095867E-11
  -1.30000067       6.27660077E-11
  -1.28000069       4.38394945E-11
  -1.26000071       3.51761849E-11
  -1.24000072       2.84243656E-10
  -1.22000074       3.03163550E-10
  -1.20000076       1.39515802E-10
  -1.18000078       8.81298645E-10
  -1.16000080       2.15582152E-09
  -1.14000082       6.82133283E-09
  -1.12000084       2.15176179E-08
  -1.10000086       6.51382663E-08
  -1.08000088       1.78360096E-07
  -1.06000090       4.95499876E-07
  -1.04000092       1.34035463E-06
  -1.02000093       3.50543041E-06
  -1.00000095       8.84995643E-06
 -0.980000973       2.15676828E-05
 -0.960000992       5.08505982E-05
 -0.940001011       1.16321316E-04
 -0.920001030       2.57587788E-04
 -0.900001049       5.53392805E-04
 -0.880001068       1.15053740E-03
 -0.860001087       2.31677457E-03
 -0.840001106       4.51992126E-03
 -0.820001125       8.54303595E-03
 -0.800001144       1.56322494E-02
 -0.780001163       2.77144760E-02
 -0.760001183       4.75965030E-02
 -0.740001202       7.91654810E-02
 -0.720001221      0.127532855    
 -0.700001240      0.199020788    
 -0.680001259      0.300789803    
 -0.660001278      0.440383106    
 -0.640001297      0.624487460    
 -0.620001316      0.857724845    
 -0.600001335       1.14116049    
 -0.580001354       1.47054422    
 -0.560001373       1.83540285    
 -0.540001392       2.21894979    
 -0.520001411       2.59847450    
 -0.500001431       2.94723153    
 -0.480001420       3.23787713    
 -0.460001409       3.44560671    
 -0.440001398       3.55140543    
 -0.420001388       3.54558349    
 -0.400001377       3.42866206    
 -0.380001366       3.21134377    
 -0.360001355       2.91339540    
 -0.340001345       2.56022596    
 -0.320001334       2.17909288    
 -0.300001323       1.79651392    
 -0.280001312       1.43466043    
 -0.260001302       1.10954440    
 -0.240001306      0.831328511    
 -0.220001310      0.603283465    
 -0.200001314      0.423894465    
 -0.180001318      0.288806647    
 -0.160001323      0.190200612    
 -0.140001327      0.121724233    
 -0.120001331       7.50612617E-02
 -0.100001335       4.52902131E-02
  -8.00013393E-02   2.58315150E-02
  -6.00013398E-02   1.51228216E-02
  -4.00013402E-02   7.76823843E-03
  -2.00013407E-02   3.95594956E-03
  -1.34110451E-06   3.06634512E-03
   1.99986584E-02   9.67607717E-04
   3.99986580E-02   2.52676662E-04
   5.99986576E-02   8.25943571E-05
   7.99986571E-02   3.50121918E-05
   9.99986529E-02   1.94029108E-05
  0.119998649       1.31616671E-05
  0.139998645       9.25418226E-06
  0.159998640       5.07217283E-06
  0.179998636       1.61915318E-06
  0.199998632       2.75023353E-07
  0.219998628       1.47263066E-07
  0.239998624       9.27768085E-08
  0.259998620       1.64684835E-08
  0.279998630       3.78053500E-09
  0.299998641       4.83297269E-09
  0.319998652       7.23903770E-10
  0.339998662       1.13833665E-10
  0.359998673       6.49650278E-10
  0.379998684       1.04643988E-10
  0.399998695       2.19148796E-10
  0.419998705       4.79345418E-11
  0.439998716       6.00717323E-11
  0.459998727       6.58975166E-11
  0.479998738       2.04774999E-11
  0.499998748       5.01861122E-11
  0.519998729       2.02106026E-10
  0.539998710       1.38968989E-10
  0.559998691       1.10360859E-10
  0.579998672       9.72626701E-11
  0.599998653       2.52505256E-11
  0.619998634       2.99947012E-11
  0.639998615       3.91242767E-11
  0.659998596       2.08060773E-11
  0.679998577       5.31621969E-11
  0.699998558       9.18691234E-11
  0.719998538       4.02487731E-11
  0.739998519       7.35299668E-11
  0.759998500       3.56373230E-11
  0.779998481       1.79602062E-11
  0.799998462       7.35897038E-11
  0.819998443       6.93831728E-11
  0.839998424       3.64760236E-11
  0.859998405       4.67538612E-11
  0.879998386       3.68492598E-11
  0.899998367       5.54719153E-11
  0.919998348       2.82031534E-11
  0.939998329       3.07358410E-11
  0.959998310       4.95519840E-11
  0.979998291       1.08484791E-10
  0.999998271       1.04258872E-10
   1.01999831       4.69160821E-11
   1.03999829       2.28842102E-11
   1.05999827       1.24411537E-10
   1.07999825       1.31856845E-10
   1.09999824       2.23891031E-10
   1.11999822       1.63720926E-10
   1.13999820       1.61479913E-10
   1.15999818       1.67452816E-10
   1.17999816       1.80221116E-10
   1.19999814       1.01606140E-10
   1.21999812       3.36626560E-11
   1.23999810       2.61842527E-11
   1.25999808       4.24752282E-11
   1.27999806       2.76503039E-12
   1.29999804       1.20855947E-11
   1.31999803       2.60917850E-11
   1.33999801       2.30622535E-11
   1.35999799       2.42702906E-11
   1.37999797       1.17839818E-11
   1.39999795       4.89631599E-11
   1.41999793       1.44628295E-10
   1.43999791       7.96426466E-11
   1.45999789       8.20954763E-11
   1.47999787       1.54204316E-10
   1.49999785       8.84472010E-11
   1.51999784       3.46243520E-11
   1.53999782       3.16757835E-11
   1.55999780       2.92391701E-11
   1.57999778       4.47313228E-11
   1.59999776       3.33449830E-11
   1.61999774       5.26483683E-11
   1.63999772       2.56600314E-11
   1.65999770       9.13143346E-12
   1.67999768       9.64892749E-12
   1.69999766       2.41828675E-11
   1.71999764       2.39134979E-11
   1.73999763       4.07588338E-11
   1.75999761       4.47919063E-11
   1.77999759       7.40732736E-12
   1.79999757       8.31694713E-11
   1.81999755       4.31015779E-11
   1.83999753       1.04452003E-11
   1.85999751       2.09130473E-11
   1.87999749       7.95385893E-12
   1.89999747       3.86828347E-11
   1.91999745       2.96740410E-11
   1.93999743       1.52287072E-11
   1.95999742       1.26946453E-10
   1.97999740       9.39373024E-11
   1.99999738       1.15864714E-10
   2.01999736       1.77706721E-11
   2.03999734       6.09512441E-11
   2.05999732       1.67194494E-10
   2.07999730       4.82174266E-11
   2.09999728       8.18567523E-12
   2.11999726       4.48281412E-11
   2.13999724       7.04432138E-11
   2.15999722       7.02939928E-11
   2.17999721       8.57092175E-13
   2.19999719       1.37124090E-10
   2.21999717       1.39986356E-10
   2.23999715       2.74136252E-11
   2.25999713       1.12533094E-10
   2.27999711       6.75976983E-11
   2.29999709       2.63833382E-11
   2.31999707       2.15405471E-12
   2.33999705       1.58604258E-11
   2.35999703       2.66322502E-11
   2.37999701       5.66737768E-11
   2.39999700       5.21780431E-11
   2.41999698       4.44295711E-11
   2.43999696       5.99277503E-11
   2.45999694       2.65621414E-11
   2.47999692       1.58942304E-11
   2.49999690       4.19892983E-12
   2.51999688       1.70141679E-13
   2.53999686       1.88317122E-11
   2.55999684       1.66279490E-11
   2.57999682       6.07741808E-12
   2.59999681       5.08594521E-11
   2.61999679       1.04828882E-10
   2.63999677       4.13388976E-11
   2.65999675       8.90476148E-12
   2.67999673       9.60803225E-12
   2.69999671       1.12855888E-11
   2.71999669       9.39153182E-12
   2.73999667       4.05345137E-13
   2.75999665       3.57449660E-11
   2.77999663       8.08863324E-11
   2.79999661       1.65975358E-11
   2.81999660       3.95219404E-12
   2.83999658       5.95543337E-11
   2.85999656       8.77749123E-11
   2.87999654       9.26685118E-11
   2.89999652       5.68874427E-11
   2.91999650       6.30507729E-11
   2.93999648       4.61930008E-11
   2.95999646       1.20934356E-11
   2.97999644       3.43910525E-11
   2.99999642       1.40852233E-10
   3.01999640       1.14844634E-10
   3.03999639       1.43579412E-10
   3.05999637       2.08542392E-10
   3.07999635       1.72792183E-10
   3.09999633       1.74306486E-10
