  -2.00000000       7.58891505E-10
  -1.98000002       5.49800039E-10
  -1.96000004       1.93818850E-09
  -1.94000006       1.69325154E-09
  -1.92000008       1.37488954E-09
  -1.90000010       2.20871010E-09
  -1.88000011       1.18279764E-09
  -1.86000013       1.26962163E-09
  -1.84000015       1.54737256E-09
  -1.82000017       6.25503815E-10
  -1.80000019       3.95491973E-10
  -1.78000021       6.96885716E-10
  -1.76000023       5.88917526E-10
  -1.74000025       1.93382838E-10
  -1.72000027       9.72848135E-10
  -1.70000029       1.40931566E-09
  -1.68000031       1.21189847E-09
  -1.66000032       1.42265577E-09
  -1.64000034       5.26072386E-09
  -1.62000036       2.24080865E-09
  -1.60000038       3.16680926E-09
  -1.58000040       9.37169808E-09
  -1.56000042       2.55811328E-09
  -1.54000044       6.36847508E-09
  -1.52000046       1.46697969E-08
  -1.50000048       3.97321315E-10
  -1.48000050       1.74113932E-08
  -1.46000051       9.16816489E-09
  -1.44000053       3.85760002E-09
  -1.42000055       2.22347936E-08
  -1.40000057       1.41718470E-09
  -1.38000059       1.58831472E-08
  -1.36000061       1.08211609E-08
  -1.34000063       6.61354038E-09
  -1.32000065       1.00681108E-08
  -1.30000067       1.20025001E-09
  -1.28000069       1.61073448E-08
  -1.26000071       4.43203474E-09
  -1.24000072       1.37008804E-08
  -1.22000074       4.30876845E-09
  -1.20000076       2.63304738E-08
  -1.18000078       1.42424703E-08
  -1.16000080       1.87588842E-08
  -1.14000082       3.01444425E-09
  -1.12000084       1.20468524E-08
  -1.10000086       1.14682530E-08
  -1.08000088       3.78873288E-08
  -1.06000090       2.02650359E-08
  -1.04000092       3.81296736E-08
  -1.02000093       1.19261312E-08
  -1.00000095       2.40767655E-08
 -0.980000973       3.04063263E-08
 -0.960000992       5.02804163E-08
 -0.940001011       6.87935895E-08
 -0.920001030       3.19105951E-08
 -0.900001049       8.95955665E-08
 -0.880001068       4.35568133E-08
 -0.860001087       1.07313326E-07
 -0.840001106       6.47969856E-08
 -0.820001125       7.44772137E-08
 -0.800001144       2.07930881E-07
 -0.780001163       1.35316284E-07
 -0.760001183       2.71217544E-07
 -0.740001202       3.47998849E-07
 -0.720001221       1.88112793E-07
 -0.700001240       7.23085350E-07
 -0.680001259       1.17173761E-06
 -0.660001278       1.19095340E-07
 -0.640001297       3.08894460E-06
 -0.620001316       8.49398839E-06
 -0.600001335       1.91165236E-06
 -0.580001354       2.19086705E-05
 -0.560001373       8.20514906E-05
 -0.540001392       4.19441494E-05
 -0.520001411       1.63539240E-04
 -0.500001431       7.23923615E-04
 -0.480001420       5.05459320E-04
 -0.460001409       1.01543404E-03
 -0.440001398       5.23871882E-03
 -0.420001388       4.41093184E-03
 -0.400001377       4.79200855E-03
 -0.380001366       2.98783332E-02
 -0.360001355       2.98832823E-02
 -0.340001345       1.65026207E-02
 -0.320001334      0.130385652    
 -0.300001323      0.157510117    
 -0.280001312       4.38778996E-02
 -0.260001302      0.424991786    
 -0.240001306      0.634616256    
 -0.220001310      0.115717955    
 -0.200001314       1.01694381    
 -0.180001318       1.92711425    
 -0.160001323      0.367419660    
 -0.140001327       1.76346707    
 -0.120001331       4.40975904    
 -0.100001335       1.13373303    
  -8.00013393E-02   2.15732574    
  -6.00013398E-02   7.63107347    
  -4.00013402E-02   2.76820421    
  -2.00013407E-02   1.76223755    
  -1.34110451E-06   9.84874058    
   1.99986584E-02   6.29655313    
   3.99986580E-02   3.25380111    
   5.99986576E-02   1.83953381    
   7.99986571E-02   1.01754379    
   9.99986529E-02  0.566969693    
  0.119998649      0.308177531    
  0.139998645      0.163452178    
  0.159998640       8.52726474E-02
  0.179998636       4.25905064E-02
  0.199998632       2.10289396E-02
  0.219998628       9.93089378E-03
  0.239998624       4.58468823E-03
  0.259998620       2.03616451E-03
  0.279998630       8.66381335E-04
  0.299998641       3.72676906E-04
  0.319998652       1.35744180E-04
  0.339998662       5.32155100E-05
  0.359998673       2.23994557E-05
  0.379998684       5.01185968E-06
  0.399998695       2.64196046E-06
  0.419998705       2.55143505E-06
  0.439998716       6.61489423E-07
  0.459998727       1.62670915E-06
  0.479998738       2.87195508E-06
  0.499998748       1.14653415E-06
  0.519998729       1.08530844E-06
  0.539998710       1.27841292E-06
  0.559998691       1.09061534E-06
  0.579998672       1.00043201E-06
  0.599998653       1.14086720E-06
  0.619998634       1.19174058E-06
  0.639998615       1.01569503E-06
  0.659998596       9.77284117E-07
  0.679998577       1.07483106E-06
  0.699998558       1.08089694E-06
  0.719998538       9.51313723E-07
  0.739998519       9.10031247E-07
  0.759998500       9.81623884E-07
  0.779998481       8.80664459E-07
  0.799998462       7.01732688E-07
  0.819998443       5.59735668E-07
  0.839998424       4.95448603E-07
  0.859998405       4.62145749E-07
  0.879998386       4.00297864E-07
  0.899998367       3.69588236E-07
  0.919998348       3.09358683E-07
  0.939998329       2.69635137E-07
  0.959998310       1.83798363E-07
  0.979998291       1.21921403E-07
  0.999998271       1.08203530E-07
   1.01999831       1.29514916E-07
   1.03999829       1.23218243E-07
   1.05999827       1.02022732E-07
   1.07999825       5.63380276E-08
   1.09999824       4.87071574E-08
   1.11999822       5.90963580E-08
   1.13999820       5.71174397E-08
   1.15999818       4.03061833E-08
   1.17999816       2.50467824E-08
   1.19999814       3.70094213E-08
   1.21999812       4.12898409E-08
   1.23999810       2.10658104E-08
   1.25999808       2.10686828E-08
   1.27999806       2.06491340E-08
   1.29999804       2.58972790E-08
   1.31999803       1.01807620E-08
   1.33999801       9.73010561E-09
   1.35999799       2.60656403E-08
   1.37999797       1.39053880E-08
   1.39999795       6.15285023E-09
   1.41999793       1.97353938E-08
   1.43999791       2.15421352E-08
   1.45999789       2.51785548E-09
   1.47999787       1.03414521E-08
   1.49999785       2.26582912E-08
   1.51999784       1.62851577E-09
   1.53999782       5.70937830E-09
   1.55999780       1.67183085E-08
   1.57999778       1.69637515E-09
   1.59999776       2.38111197E-09
   1.61999774       1.10031078E-08
   1.63999772       1.11621523E-09
   1.65999770       1.66250902E-09
   1.67999768       5.13537213E-09
   1.69999766       5.34253586E-10
   1.71999764       5.20498422E-10
   1.73999763       2.87947111E-09
   1.75999761       1.41650927E-10
   1.77999759       5.69246594E-10
   1.79999757       4.87371921E-10
   1.81999755       3.05665465E-10
   1.83999753       6.22814078E-10
   1.85999751       7.60821628E-10
   1.87999749       1.74970996E-10
   1.89999747       1.16241194E-09
   1.91999745       1.29982136E-09
   1.93999743       8.28291533E-11
   1.95999742       3.92397059E-10
   1.97999740       1.82273496E-09
   1.99999738       3.55320356E-10
   2.01999736       3.73997638E-10
   2.03999734       2.46805132E-09
   2.05999732       8.35765512E-10
   2.07999730       3.87277099E-10
   2.09999728       2.68656586E-09
   2.11999726       1.03939446E-09
   2.13999724       3.24112348E-10
   2.15999722       1.99034011E-09
   2.17999721       1.37416145E-09
   2.19999719       7.61732233E-10
   2.21999717       6.45295151E-10
   2.23999715       9.55495350E-10
   2.25999713       1.43230261E-09
   2.27999711       1.48745460E-10
   2.29999709       7.07573555E-10
   2.31999707       2.16465357E-09
   2.33999705       2.65967266E-11
   2.35999703       4.07584411E-10
   2.37999701       2.20298180E-09
   2.39999700       9.57323179E-11
   2.41999698       3.78623355E-10
   2.43999696       2.47549625E-09
   2.45999694       1.43970211E-10
   2.47999692       7.20209670E-10
   2.49999690       3.18755511E-09
   2.51999688       1.02057462E-09
   2.53999686       6.51469045E-10
   2.55999684       2.44136800E-09
   2.57999682       1.04120101E-09
   2.59999681       4.73079353E-10
   2.61999679       2.78367690E-10
   2.63999677       1.93536076E-10
   2.65999675       3.82586435E-10
   2.67999673       5.97393246E-10
   2.69999671       4.23355406E-10
   2.71999669       2.07309725E-10
   2.73999667       2.96329905E-10
   2.75999665       2.36233338E-10
   2.77999663       4.23847929E-10
   2.79999661       5.75064441E-10
   2.81999660       2.19965712E-10
   2.83999658       6.18935070E-10
   2.85999656       4.73502459E-10
   2.87999654       1.64537842E-10
   2.89999652       4.19356272E-10
   2.91999650       2.47461690E-10
   2.93999648       6.46191434E-11
   2.95999646       4.57663407E-10
   2.97999644       3.21811744E-10
   2.99999642       1.60413835E-10
   3.01999640       1.39137549E-10
   3.03999639       1.70814626E-10
   3.05999637       1.16295314E-10
   3.07999635       6.27217167E-11
   3.09999633       1.06797238E-09
