  -2.00000000       1.23041035E-08
  -1.98000002       3.76916098E-08
  -1.96000004       1.02934372E-07
  -1.94000006       4.48624320E-08
  -1.92000008       6.59800889E-08
  -1.90000010       1.27254168E-07
  -1.88000011       4.31982379E-08
  -1.86000013       1.00734098E-07
  -1.84000015       1.20785188E-07
  -1.82000017       2.70098752E-08
  -1.80000019       6.28751806E-08
  -1.78000021       7.11245889E-08
  -1.76000023       2.71513869E-08
  -1.74000025       1.10735598E-07
  -1.72000027       1.32075655E-07
  -1.70000029       1.08840929E-07
  -1.68000031       1.89787571E-07
  -1.66000032       1.59431877E-07
  -1.64000034       1.01409498E-07
  -1.62000036       1.75715527E-07
  -1.60000038       1.22175038E-07
  -1.58000040       1.14056334E-07
  -1.56000042       1.76948873E-07
  -1.54000044       1.08948242E-07
  -1.52000046       3.03937156E-07
  -1.50000048       6.97611256E-07
  -1.48000050       1.27451506E-06
  -1.46000051       3.03594629E-06
  -1.44000053       5.65931714E-06
  -1.42000055       1.00438974E-05
  -1.40000057       1.94065251E-05
  -1.38000059       3.50930022E-05
  -1.36000061       6.19169514E-05
  -1.34000063       1.10047411E-04
  -1.32000065       1.87453392E-04
  -1.30000067       3.12230026E-04
  -1.28000069       5.15549735E-04
  -1.26000071       8.32107675E-04
  -1.24000072       1.32438657E-03
  -1.22000074       2.08393601E-03
  -1.20000076       3.22427112E-03
  -1.18000078       4.91882162E-03
  -1.16000080       7.39886099E-03
  -1.14000082       1.09478440E-02
  -1.12000084       1.59740616E-02
  -1.10000086       2.29859985E-02
  -1.08000088       3.26234214E-02
  -1.06000090       4.56663333E-02
  -1.04000092       6.30296469E-02
  -1.02000093       8.58620852E-02
  -1.00000095      0.115269810    
 -0.980000973      0.152536556    
 -0.960000992      0.199160233    
 -0.940001011      0.256230563    
 -0.920001030      0.324933887    
 -0.900001049      0.406668097    
 -0.880001068      0.501597464    
 -0.860001087      0.610005796    
 -0.840001106      0.732050121    
 -0.820001125      0.865983963    
 -0.800001144       1.00995553    
 -0.780001163       1.16212142    
 -0.760001183       1.31840765    
 -0.740001202       1.47465944    
 -0.720001221       1.62748706    
 -0.700001240       1.77143180    
 -0.680001259       1.90124106    
 -0.660001278       2.01325536    
 -0.640001297       2.10260701    
 -0.620001316       2.16487622    
 -0.600001335       2.19776273    
 -0.580001354       2.19911981    
 -0.560001373       2.16742134    
 -0.540001392       2.10359645    
 -0.520001411       2.00977206    
 -0.500001431       1.88855207    
 -0.480001420       1.74421275    
 -0.460001409       1.58251154    
 -0.440001398       1.40910780    
 -0.420001388       1.22972679    
 -0.400001377       1.05059803    
 -0.380001366      0.877538204    
 -0.360001355      0.714907408    
 -0.340001345      0.566368997    
 -0.320001334      0.435226560    
 -0.300001323      0.323033869    
 -0.280001312      0.230030611    
 -0.260001302      0.155992031    
 -0.240001306       9.97318104E-02
 -0.220001310       5.90868741E-02
 -0.200001314       3.16102393E-02
 -0.180001318       1.45429168E-02
 -0.160001323       5.24630584E-03
 -0.140001327       1.50756014E-03
 -0.120001331       1.05695322E-03
 -0.100001335       2.32802168E-03
  -8.00013393E-02   4.62293765E-03
  -6.00013398E-02   6.51380746E-03
  -4.00013402E-02   7.19738705E-03
  -2.00013407E-02   8.31984542E-03
  -1.34110451E-06   9.69847757E-03
   1.99986584E-02   1.03915762E-02
   3.99986580E-02   2.60027759E-02
   5.99986576E-02   5.60498461E-02
   7.99986571E-02   9.63232443E-02
   9.99986529E-02  0.142629460    
  0.119998649      0.189690351    
  0.139998645      0.234584153    
  0.159998640      0.276245296    
  0.179998636      0.315872371    
  0.199998632      0.350641161    
  0.219998628      0.373632669    
  0.239998624      0.376993835    
  0.259998620      0.363760084    
  0.279998630      0.348908216    
  0.299998641      0.346603394    
  0.319998652      0.350480020    
  0.339998662      0.334536940    
  0.359998673      0.282251835    
  0.379998684      0.214254513    
  0.399998695      0.176042512    
  0.419998705      0.186436862    
  0.439998716      0.209041566    
  0.459998727      0.186124116    
  0.479998738      0.109888673    
  0.499998748       3.93756852E-02
  0.519998729       2.86774635E-02
  0.539998710       2.67669875E-02
  0.559998691       2.47864369E-02
  0.579998672       2.24616081E-02
  0.599998653       2.03271657E-02
  0.619998634       1.83512494E-02
  0.639998615       1.63560603E-02
  0.659998596       1.44975297E-02
  0.679998577       1.27893817E-02
  0.699998558       1.11491000E-02
  0.719998538       9.66941752E-03
  0.739998519       8.31583515E-03
  0.759998500       7.07552582E-03
  0.779998481       5.99338301E-03
  0.799998462       5.01514459E-03
  0.819998443       4.16057324E-03
  0.839998424       3.43287620E-03
  0.859998405       2.78925989E-03
  0.879998386       2.25387281E-03
  0.899998367       1.80627033E-03
  0.919998348       1.42187381E-03
  0.939998329       1.11843378E-03
  0.959998310       8.68973788E-04
  0.979998291       6.62434439E-04
  0.999998271       5.07467892E-04
   1.01999831       3.80947633E-04
   1.03999829       2.81727203E-04
   1.05999827       2.10658822E-04
   1.07999825       1.52793844E-04
   1.09999824       1.10138681E-04
   1.11999822       8.07178367E-05
   1.13999820       5.64259026E-05
   1.15999818       4.04131679E-05
   1.17999816       2.90504195E-05
   1.19999814       1.98945036E-05
   1.21999812       1.48864619E-05
   1.23999810       1.03643179E-05
   1.25999808       7.28929399E-06
   1.27999806       6.06545427E-06
   1.29999804       4.00565750E-06
   1.31999803       3.26348436E-06
   1.33999801       2.87471676E-06
   1.35999799       1.85685303E-06
   1.37999797       1.84235364E-06
   1.39999795       1.49090715E-06
   1.41999793       1.09911900E-06
   1.43999791       1.17700722E-06
   1.45999789       8.40888561E-07
   1.47999787       8.64366484E-07
   1.49999785       8.31917305E-07
   1.51999784       5.82687392E-07
   1.53999782       8.80122457E-07
   1.55999780       6.63035053E-07
   1.57999778       6.10386223E-07
   1.59999776       9.97058123E-07
   1.61999774       6.58759006E-07
   1.63999772       7.73051681E-07
   1.65999770       1.01936382E-06
   1.67999768       6.09847291E-07
   1.69999766       7.55859787E-07
   1.71999764       7.01798228E-07
   1.73999763       4.96367193E-07
   1.75999761       6.28766657E-07
   1.77999759       4.86896283E-07
   1.79999757       6.36685343E-07
   1.81999755       5.35863364E-07
   1.83999753       6.06290484E-07
   1.85999751       6.90584216E-07
   1.87999749       4.22052153E-07
   1.89999747       6.84160966E-07
   1.91999745       4.31021363E-07
   1.93999743       3.28021486E-07
   1.95999742       4.70710830E-07
   1.97999740       3.39411258E-07
   1.99999738       3.62785897E-07
   2.01999736       3.94628444E-07
   2.03999734       3.47044448E-07
   2.05999732       2.71765970E-07
   2.07999730       2.90508353E-07
   2.09999728       2.37966830E-07
   2.11999726       1.47259030E-07
   2.13999724       2.83522496E-07
   2.15999722       2.75933587E-07
   2.17999721       1.58218882E-07
   2.19999719       2.73996278E-07
   2.21999717       1.18028261E-07
   2.23999715       8.97124224E-08
   2.25999713       1.58919420E-07
   2.27999711       1.45794189E-07
   2.29999709       1.08998705E-07
   2.31999707       1.59770920E-07
   2.33999705       1.50170578E-07
   2.35999703       4.12292920E-08
   2.37999701       1.32788301E-07
   2.39999700       3.68399604E-08
   2.41999698       6.16861939E-08
   2.43999696       1.13017997E-07
   2.45999694       1.17832627E-07
   2.47999692       4.28110276E-08
   2.49999690       8.54570104E-08
   2.51999688       2.65488715E-08
   2.53999686       3.41565851E-08
   2.55999684       1.08416010E-07
   2.57999682       6.95112021E-08
   2.59999681       3.39246569E-08
   2.61999679       6.37698747E-08
   2.63999677       2.87039015E-08
   2.65999675       3.16277280E-08
   2.67999673       8.94937600E-08
   2.69999671       4.25167350E-08
   2.71999669       2.40754616E-08
   2.73999667       9.24440613E-08
   2.75999665       1.91302565E-08
   2.77999663       2.95474241E-08
   2.79999661       4.32234124E-08
   2.81999660       3.96886932E-08
   2.83999658       1.17402230E-08
   2.85999656       1.38320985E-07
   2.87999654       6.13496987E-09
   2.89999652       2.04993391E-08
   2.91999650       3.20427489E-08
   2.93999648       2.29465282E-08
   2.95999646       1.81087554E-08
   2.97999644       9.24985741E-08
   2.99999642       3.92021882E-08
   3.01999640       3.64278385E-08
   3.03999639       9.70101226E-08
   3.05999637       7.84960807E-09
   3.07999635       3.39538566E-08
   3.09999633       5.20632817E-08
