  -2.00000000       1.44763970E-08
  -1.98000002       1.85816340E-08
  -1.96000004       3.02362025E-07
  -1.94000006       1.65140293E-07
  -1.92000008       1.74915908E-06
  -1.90000010       1.97211693E-06
  -1.88000011       5.72759063E-06
  -1.86000013       8.71669636E-06
  -1.84000015       1.65518159E-05
  -1.82000017       2.77161980E-05
  -1.80000019       4.64449040E-05
  -1.78000021       7.79848851E-05
  -1.76000023       1.24325685E-04
  -1.74000025       2.05979159E-04
  -1.72000027       3.13578523E-04
  -1.70000029       5.03755233E-04
  -1.68000031       7.50328414E-04
  -1.66000032       1.15350622E-03
  -1.64000034       1.69808813E-03
  -1.62000036       2.51673302E-03
  -1.60000038       3.65033140E-03
  -1.58000040       5.25361067E-03
  -1.56000042       7.48975668E-03
  -1.54000044       1.05082477E-02
  -1.52000046       1.46705266E-02
  -1.50000048       2.01166943E-02
  -1.48000050       2.74500567E-02
  -1.46000051       3.68206128E-02
  -1.44000053       4.90821116E-02
  -1.42000055       6.45421073E-02
  -1.40000057       8.40554237E-02
  -1.38000059      0.108374976    
  -1.36000061      0.138123065    
  -1.34000063      0.174476817    
  -1.32000065      0.217788428    
  -1.30000067      0.269420654    
  -1.28000069      0.329389304    
  -1.26000071      0.398921371    
  -1.24000072      0.477706224    
  -1.22000074      0.566123128    
  -1.20000076      0.664160192    
  -1.18000078      0.770371377    
  -1.16000080      0.885010004    
  -1.14000082       1.00547779    
  -1.12000084       1.13087034    
  -1.10000086       1.25819790    
  -1.08000088       1.38550985    
  -1.06000090       1.50942934    
  -1.04000092       1.62640500    
  -1.02000093       1.73436069    
  -1.00000095       1.82821703    
 -0.980000973       1.90624225    
 -0.960000992       1.96470213    
 -0.940001011       2.00180292    
 -0.920001030       2.01537490    
 -0.900001049       2.00387192    
 -0.880001068       1.96824813    
 -0.860001087       1.90730035    
 -0.840001106       1.82342458    
 -0.820001125       1.71827805    
 -0.800001144       1.59468365    
 -0.780001163       1.45646513    
 -0.760001183       1.30700886    
 -0.740001202       1.15177512    
 -0.720001221      0.994441390    
 -0.700001240      0.840114594    
 -0.680001259      0.692960680    
 -0.660001278      0.556309044    
 -0.640001297      0.433777958    
 -0.620001316      0.326639771    
 -0.600001335      0.236370996    
 -0.580001354      0.163265571    
 -0.560001373      0.106253915    
 -0.540001392       6.41404241E-02
 -0.520001411       3.49536836E-02
 -0.500001431       1.64505932E-02
 -0.480001420       6.18377002E-03
 -0.460001409       1.87137863E-03
 -0.440001398       1.46894250E-03
 -0.420001388       3.19952308E-03
 -0.400001377       5.75257884E-03
 -0.380001366       8.15657526E-03
 -0.360001355       9.97172855E-03
 -0.340001345       1.09424843E-02
 -0.320001334       1.10119022E-02
 -0.300001323       1.04419086E-02
 -0.280001312       9.40860435E-03
 -0.260001302       8.09827168E-03
 -0.240001306       6.78092148E-03
 -0.220001310       5.59166307E-03
 -0.200001314       4.60835639E-03
 -0.180001318       3.88533459E-03
 -0.160001323       3.40415747E-03
 -0.140001327       3.08096083E-03
 -0.120001331       2.84528895E-03
 -0.100001335       2.65680649E-03
  -8.00013393E-02   2.45995144E-03
  -6.00013398E-02   2.22681486E-03
  -4.00013402E-02   2.01068819E-03
  -2.00013407E-02   1.80548127E-03
  -1.34110451E-06   1.58766564E-03
   1.99986584E-02   1.79092109E-03
   3.99986580E-02   5.55806281E-03
   5.99986576E-02   1.48596279E-02
   7.99986571E-02   3.20858024E-02
   9.99986529E-02   5.79131246E-02
  0.119998649       8.76204520E-02
  0.139998645      0.112371974    
  0.159998640      0.124125235    
  0.179998636      0.124324791    
  0.199998632      0.126004487    
  0.219998628      0.148270026    
  0.239998624      0.200729728    
  0.259998620      0.271063536    
  0.279998630      0.325074434    
  0.299998641      0.327790082    
  0.319998652      0.272068381    
  0.339998662      0.193738788    
  0.359998673      0.154454768    
  0.379998684      0.197866708    
  0.399998695      0.310831308    
  0.419998705      0.421568334    
  0.439998716      0.446334124    
  0.459998727      0.352421165    
  0.479998738      0.190814137    
  0.499998748       6.79571182E-02
  0.519998729       5.34161478E-02
  0.539998710       5.40240221E-02
  0.559998691       5.41092381E-02
  0.579998672       5.35419509E-02
  0.599998653       5.31391539E-02
  0.619998634       5.25371656E-02
  0.639998615       5.17980792E-02
  0.659998596       5.09582534E-02
  0.679998577       4.99037690E-02
  0.699998558       4.88154627E-02
  0.719998538       4.75588478E-02
  0.739998519       4.61008772E-02
  0.759998500       4.46631834E-02
  0.779998481       4.30248454E-02
  0.799998462       4.12471443E-02
  0.819998443       3.95110548E-02
  0.839998424       3.75825353E-02
  0.859998405       3.55913527E-02
  0.879998386       3.36574838E-02
  0.899998367       3.15644518E-02
  0.919998348       2.94904858E-02
  0.939998329       2.74853520E-02
  0.959998310       2.53837258E-02
  0.979998291       2.33593751E-02
  0.999998271       2.14202013E-02
   1.01999831       1.94524042E-02
   1.03999829       1.75962057E-02
   1.05999827       1.58593506E-02
   1.07999825       1.41259069E-02
   1.09999824       1.25473775E-02
   1.11999822       1.10930465E-02
   1.13999820       9.66317207E-03
   1.15999818       8.43362045E-03
   1.17999816       7.28307851E-03
   1.19999814       6.20536972E-03
   1.21999812       5.31902304E-03
   1.23999810       4.46657976E-03
   1.25999808       3.73404170E-03
   1.27999806       3.12840124E-03
   1.29999804       2.55738548E-03
   1.31999803       2.10185302E-03
   1.33999801       1.71057798E-03
   1.35999799       1.36755861E-03
   1.37999797       1.09649589E-03
   1.39999795       8.69120762E-04
   1.41999793       6.77827047E-04
   1.43999791       5.29358920E-04
   1.45999789       4.11433575E-04
   1.47999787       3.07678274E-04
   1.49999785       2.40013891E-04
   1.51999784       1.78815797E-04
   1.53999782       1.31045294E-04
   1.55999780       1.02624188E-04
   1.57999778       7.20096505E-05
   1.59999776       5.48835415E-05
   1.61999774       4.03337835E-05
   1.63999772       2.92766490E-05
   1.65999770       2.20940310E-05
   1.67999768       1.59708161E-05
   1.69999766       1.25182460E-05
   1.71999764       8.57043779E-06
   1.73999763       7.12848259E-06
   1.75999761       4.89344393E-06
   1.77999759       3.95311235E-06
   1.79999757       2.84538623E-06
   1.81999755       2.23471829E-06
   1.83999753       1.84920259E-06
   1.85999751       1.33124081E-06
   1.87999749       1.18307639E-06
   1.89999747       8.48906268E-07
   1.91999745       9.53866220E-07
   1.93999743       5.25110181E-07
   1.95999742       9.60266334E-07
   1.97999740       5.24524296E-07
   1.99999738       7.88333239E-07
   2.01999736       7.03614830E-07
   2.03999734       7.06011917E-07
   2.05999732       7.59580132E-07
   2.07999730       8.45698764E-07
   2.09999728       5.70394036E-07
   2.11999726       7.68018253E-07
   2.13999724       5.15859369E-07
   2.15999722       4.24895774E-07
   2.17999721       7.14716691E-07
   2.19999719       2.54516067E-07
   2.21999717       8.45414036E-07
   2.23999715       3.60420017E-07
   2.25999713       7.51968173E-07
   2.27999711       5.41668271E-07
   2.29999709       5.59765169E-07
   2.31999707       4.99613350E-07
   2.33999705       6.40873168E-07
   2.35999703       2.88428708E-07
   2.37999701       7.54672612E-07
   2.39999700       2.05290334E-07
   2.41999698       7.12027827E-07
   2.43999696       3.32736874E-07
   2.45999694       4.50438563E-07
   2.47999692       5.06473214E-07
   2.49999690       2.51885950E-07
   2.51999688       4.66979571E-07
   2.53999686       2.09037708E-07
   2.55999684       4.27186677E-07
   2.57999682       2.24094521E-07
   2.59999681       4.32508131E-07
   2.61999679       2.16265406E-07
   2.63999677       4.38440424E-07
   2.65999675       1.63181255E-07
   2.67999673       3.96007891E-07
   2.69999671       7.41191784E-08
   2.71999669       3.62019250E-07
   2.73999667       2.40276403E-08
   2.75999665       4.20187291E-07
   2.77999663       3.49906699E-08
   2.79999661       4.99608802E-07
   2.81999660       6.01338357E-08
   2.83999658       4.05392257E-07
   2.85999656       4.28813713E-08
   2.87999654       2.46632538E-07
   2.89999652       5.69337004E-08
   2.91999650       1.81922317E-07
   2.93999648       1.53461215E-07
   2.95999646       1.42084289E-07
   2.97999644       2.63709353E-07
   2.99999642       7.72381767E-08
   3.01999640       2.90261426E-07
   3.03999639       2.06219770E-08
   3.05999637       3.05481620E-07
   3.07999635       2.72228018E-08
   3.09999633       1.64493017E-07
