  -2.00000000       1.38068788E-06
  -1.98000002       1.32496507E-06
  -1.96000004       1.33600588E-06
  -1.94000006       1.34945390E-06
  -1.92000008       1.35322171E-06
  -1.90000010       1.34421532E-06
  -1.88000011       1.35113123E-06
  -1.86000013       1.36286928E-06
  -1.84000015       1.37800612E-06
  -1.82000017       1.38023518E-06
  -1.80000019       1.37673521E-06
  -1.78000021       1.37392885E-06
  -1.76000023       1.38242297E-06
  -1.74000025       1.38627570E-06
  -1.72000027       1.39462770E-06
  -1.70000029       1.38962514E-06
  -1.68000031       1.38282701E-06
  -1.66000032       1.38554333E-06
  -1.64000034       1.39759391E-06
  -1.62000036       1.39824544E-06
  -1.60000038       1.39276221E-06
  -1.58000040       1.39792064E-06
  -1.56000042       1.39935355E-06
  -1.54000044       1.40915540E-06
  -1.52000046       1.40785676E-06
  -1.50000048       1.41181749E-06
  -1.48000050       1.41597445E-06
  -1.46000051       1.41607256E-06
  -1.44000053       1.42629551E-06
  -1.42000055       1.41690384E-06
  -1.40000057       1.43056081E-06
  -1.38000059       1.43282273E-06
  -1.36000061       1.43949308E-06
  -1.34000063       1.43121838E-06
  -1.32000065       1.43752209E-06
  -1.30000067       1.42260637E-06
  -1.28000069       1.46787784E-06
  -1.26000071       1.40955740E-06
  -1.24000072       1.53395604E-06
  -1.22000074       1.31839670E-06
  -1.20000076       1.69842167E-06
  -1.18000078       1.11151041E-06
  -1.16000080       2.11400675E-06
  -1.14000082       9.42705810E-07
  -1.12000084       2.75538696E-06
  -1.10000086       2.96139842E-06
  -1.08000088       3.39718008E-06
  -1.06000090       1.65020974E-05
  -1.04000092       1.22789279E-05
  -1.02000093       6.81025049E-05
  -1.00000095       1.00307683E-04
 -0.980000973       2.41874965E-04
 -0.960000992       5.53070102E-04
 -0.940001011       9.65293613E-04
 -0.920001030       2.14180467E-03
 -0.900001049       3.96725116E-03
 -0.880001068       7.19494093E-03
 -0.860001087       1.35820992E-02
 -0.840001106       2.32600365E-02
 -0.820001125       3.93951796E-02
 -0.800001144       6.62608221E-02
 -0.780001163      0.105171353    
 -0.760001183      0.162931025    
 -0.740001202      0.248284906    
 -0.720001221      0.363131106    
 -0.700001240      0.513899505    
 -0.680001259      0.711889923    
 -0.660001278      0.956048131    
 -0.640001297       1.23923957    
 -0.620001316       1.56191885    
 -0.600001335       1.91768909    
 -0.580001354       2.28151226    
 -0.560001373       2.62690854    
 -0.540001392       2.93793535    
 -0.520001411       3.19654059    
 -0.500001431       3.37541127    
 -0.480001420       3.45253754    
 -0.460001409       3.42409158    
 -0.440001398       3.29937196    
 -0.420001388       3.09015036    
 -0.400001377       2.80926013    
 -0.380001366       2.47550464    
 -0.360001355       2.11435890    
 -0.340001345       1.75236750    
 -0.320001334       1.41093922    
 -0.300001323       1.10395288    
 -0.280001312      0.838826954    
 -0.260001302      0.618348777    
 -0.240001306      0.441907823    
 -0.220001310      0.306157470    
 -0.200001314      0.205724403    
 -0.180001318      0.134166703    
 -0.160001323       8.49570855E-02
 -0.140001327       5.22297025E-02
 -0.120001331       3.11549716E-02
 -0.100001335       1.80129129E-02
  -8.00013393E-02   1.00811357E-02
  -6.00013398E-02   5.45202987E-03
  -4.00013402E-02   2.83874595E-03
  -2.00013407E-02   1.40466308E-03
  -1.34110451E-06   6.52428134E-04
   1.99986584E-02   4.28866100E-04
   3.99986580E-02   1.97083500E-04
   5.99986576E-02   8.90269221E-05
   7.99986571E-02   4.19460121E-05
   9.99986529E-02   2.10328490E-05
  0.119998649       1.15226694E-05
  0.139998645       7.05757930E-06
  0.159998640       4.85342252E-06
  0.179998636       3.68442602E-06
  0.199998632       3.00313900E-06
  0.219998628       2.56311228E-06
  0.239998624       2.24997234E-06
  0.259998620       2.01068406E-06
  0.279998630       1.83421196E-06
  0.299998641       1.70995952E-06
  0.319998652       1.62552658E-06
  0.339998662       1.55900216E-06
  0.359998673       1.50579160E-06
  0.379998684       1.47032404E-06
  0.399998695       1.45039201E-06
  0.419998705       1.43720524E-06
  0.439998716       1.42289434E-06
  0.459998727       1.41143414E-06
  0.479998738       1.40914995E-06
  0.499998748       1.41025487E-06
  0.519998729       1.41048326E-06
  0.539998710       1.41569274E-06
  0.559998691       1.41680300E-06
  0.579998672       1.41713804E-06
  0.599998653       1.41849432E-06
  0.619998634       1.42362592E-06
  0.639998615       1.42797103E-06
  0.659998596       1.43475870E-06
  0.679998577       1.44061437E-06
  0.699998558       1.45222441E-06
  0.719998538       1.46184709E-06
  0.739998519       1.45686727E-06
  0.759998500       1.46257571E-06
  0.779998481       1.47401522E-06
  0.799998462       1.48490619E-06
  0.819998443       1.49350728E-06
  0.839998424       1.49394020E-06
  0.859998405       1.49871641E-06
  0.879998386       1.51141671E-06
  0.899998367       1.52023324E-06
  0.919998348       1.52019845E-06
  0.939998329       1.52136795E-06
  0.959998310       1.51874599E-06
  0.979998291       1.54100121E-06
  0.999998271       1.54153304E-06
   1.01999831       1.55867542E-06
   1.03999829       1.55526357E-06
   1.05999827       1.55118914E-06
   1.07999825       1.55335033E-06
   1.09999824       1.56239753E-06
   1.11999822       1.57386694E-06
   1.13999820       1.57879697E-06
   1.15999818       1.57886427E-06
   1.17999816       1.57915917E-06
   1.19999814       1.59185322E-06
   1.21999812       1.59237004E-06
   1.23999810       1.59647482E-06
   1.25999808       1.60988623E-06
   1.27999806       1.61499656E-06
   1.29999804       1.61440903E-06
   1.31999803       1.61771482E-06
   1.33999801       1.61271259E-06
   1.35999799       1.61150854E-06
   1.37999797       1.62028164E-06
   1.39999795       1.63532934E-06
   1.41999793       1.64676385E-06
   1.43999791       1.64013636E-06
   1.45999789       1.64319954E-06
   1.47999787       1.63990831E-06
   1.49999785       1.64999256E-06
   1.51999784       1.66590269E-06
   1.53999782       1.67031089E-06
   1.55999780       1.67197868E-06
   1.57999778       1.65879385E-06
   1.59999776       1.65492600E-06
   1.61999774       1.65178574E-06
   1.63999772       1.67078213E-06
   1.65999770       1.68011229E-06
   1.67999768       1.70624980E-06
   1.69999766       1.70002897E-06
   1.71999764       1.68866029E-06
   1.73999763       1.68776091E-06
   1.75999761       1.69069017E-06
   1.77999759       1.69534133E-06
   1.79999757       1.69296152E-06
   1.81999755       1.69720840E-06
   1.83999753       1.70088151E-06
   1.85999751       1.71004478E-06
   1.87999749       1.72392492E-06
   1.89999747       1.71623196E-06
   1.91999745       1.70532780E-06
   1.93999743       1.70759222E-06
   1.95999742       1.71705346E-06
   1.97999740       1.72701573E-06
   1.99999738       1.73616490E-06
   2.01999736       1.74328284E-06
   2.03999734       1.73864896E-06
   2.05999732       1.73746037E-06
   2.07999730       1.73435626E-06
   2.09999728       1.74070465E-06
   2.11999726       1.73237265E-06
   2.13999724       1.75609262E-06
   2.15999722       1.75252455E-06
   2.17999721       1.75144316E-06
   2.19999719       1.74885645E-06
   2.21999717       1.76387528E-06
   2.23999715       1.77057416E-06
   2.25999713       1.77067238E-06
   2.27999711       1.77315110E-06
   2.29999709       1.76192214E-06
   2.31999707       1.76742162E-06
   2.33999705       1.77254105E-06
   2.35999703       1.79708275E-06
   2.37999701       1.78708513E-06
   2.39999700       1.78583787E-06
   2.41999698       1.78253811E-06
   2.43999696       1.78105904E-06
   2.45999694       1.80518487E-06
   2.47999692       1.80615984E-06
   2.49999690       1.80367397E-06
   2.51999688       1.80844972E-06
   2.53999686       1.79666642E-06
   2.55999684       1.80096731E-06
   2.57999682       1.80189238E-06
   2.59999681       1.82043846E-06
   2.61999679       1.83019336E-06
   2.63999677       1.83150451E-06
   2.65999675       1.81771395E-06
   2.67999673       1.82861686E-06
   2.69999671       1.83326324E-06
   2.71999669       1.84686417E-06
   2.73999667       1.82944223E-06
   2.75999665       1.83122188E-06
   2.77999663       1.82454221E-06
   2.79999661       1.85230545E-06
   2.81999660       1.87591218E-06
   2.83999658       1.87843420E-06
   2.85999656       1.84684995E-06
   2.87999654       1.82347776E-06
   2.89999652       1.82950578E-06
   2.91999650       1.87775834E-06
   2.93999648       1.89087723E-06
   2.95999646       1.90637024E-06
   2.97999644       1.91702316E-06
   2.99999642       1.92032962E-06
   3.01999640       1.91390723E-06
   3.03999639       1.90873016E-06
   3.05999637       1.93534220E-06
   3.07999635       1.97549434E-06
   3.09999633       1.93104665E-06
