  -2.00000000       1.15531293E-06
  -1.98000002       1.06476443E-06
  -1.96000004       1.06374864E-06
  -1.94000006       1.07356061E-06
  -1.92000008       1.07753749E-06
  -1.90000010       1.07078711E-06
  -1.88000011       1.07301787E-06
  -1.86000013       1.07856420E-06
  -1.84000015       1.09402970E-06
  -1.82000017       1.10114422E-06
  -1.80000019       1.09975088E-06
  -1.78000021       1.09226505E-06
  -1.76000023       1.10063831E-06
  -1.74000025       1.10366705E-06
  -1.72000027       1.11041322E-06
  -1.70000029       1.10727819E-06
  -1.68000031       1.10147391E-06
  -1.66000032       1.10239876E-06
  -1.64000034       1.11121608E-06
  -1.62000036       1.10981682E-06
  -1.60000038       1.10809538E-06
  -1.58000040       1.11347697E-06
  -1.56000042       1.11351437E-06
  -1.54000044       1.12332270E-06
  -1.52000046       1.12121427E-06
  -1.50000048       1.12812324E-06
  -1.48000050       1.13203748E-06
  -1.46000051       1.12694943E-06
  -1.44000053       1.13766851E-06
  -1.42000055       1.12766168E-06
  -1.40000057       1.13924557E-06
  -1.38000059       1.14120269E-06
  -1.36000061       1.14640625E-06
  -1.34000063       1.14002853E-06
  -1.32000065       1.14538864E-06
  -1.30000067       1.12778753E-06
  -1.28000069       1.16552098E-06
  -1.26000071       1.11957070E-06
  -1.24000072       1.22423751E-06
  -1.22000074       1.05521065E-06
  -1.20000076       1.33311585E-06
  -1.18000078       9.56277518E-07
  -1.16000080       1.52790608E-06
  -1.14000082       1.16629280E-06
  -1.12000084       1.56361421E-06
  -1.10000086       3.87062255E-06
  -1.08000088       1.61499270E-06
  -1.06000090       1.65778565E-05
  -1.04000092       1.30004501E-05
  -1.02000093       5.98544102E-05
  -1.00000095       1.08011664E-04
 -0.980000973       2.18433313E-04
 -0.960000992       5.40439796E-04
 -0.940001011       9.42672312E-04
 -0.920001030       2.01446144E-03
 -0.900001049       3.87107441E-03
 -0.880001068       6.89822761E-03
 -0.860001087       1.29671171E-02
 -0.840001106       2.25051474E-02
 -0.820001125       3.78008038E-02
 -0.800001144       6.35471791E-02
 -0.780001163      0.101520941    
 -0.760001183      0.156910896    
 -0.740001202      0.238966420    
 -0.720001221      0.350979149    
 -0.700001240      0.497307658    
 -0.680001259      0.688776910    
 -0.660001278      0.927460849    
 -0.640001297       1.20601535    
 -0.620001316       1.52236784    
 -0.600001335       1.87231851    
 -0.580001354       2.23469329    
 -0.560001373       2.58196926    
 -0.540001392       2.89553404    
 -0.520001411       3.15873933    
 -0.500001431       3.34712076    
 -0.480001420       3.43779016    
 -0.460001409       3.42326903    
 -0.440001398       3.31075549    
 -0.420001388       3.11243939    
 -0.400001377       2.84167719    
 -0.380001366       2.51633859    
 -0.360001355       2.16037130    
 -0.340001345       1.79965723    
 -0.320001334       1.45616913    
 -0.300001323       1.14494169    
 -0.280001312      0.874460399    
 -0.260001302      0.648236811    
 -0.240001306      0.466122478    
 -0.220001310      0.325092375    
 -0.200001314      0.220001459    
 -0.180001318      0.144541368    
 -0.160001323       9.22192484E-02
 -0.140001327       5.71227781E-02
 -0.120001331       3.43244746E-02
 -0.100001335       1.99830830E-02
  -8.00013393E-02   1.12534333E-02
  -6.00013398E-02   6.11675205E-03
  -4.00013402E-02   3.19344434E-03
  -2.00013407E-02   1.57625729E-03
  -1.34110451E-06   7.31091946E-04
   1.99986584E-02   4.87687561E-04
   3.99986580E-02   2.24936011E-04
   5.99986576E-02   9.98016258E-05
   7.99986571E-02   4.58357354E-05
   9.99986529E-02   2.22704402E-05
  0.119998649       1.17435229E-05
  0.139998645       6.88705222E-06
  0.159998640       4.52764243E-06
  0.179998636       3.29042700E-06
  0.199998632       2.57732404E-06
  0.219998628       2.12652799E-06
  0.239998624       1.81734231E-06
  0.259998620       1.59170702E-06
  0.279998630       1.43106445E-06
  0.299998641       1.32281843E-06
  0.319998652       1.25508780E-06
  0.339998662       1.20533457E-06
  0.359998673       1.16534852E-06
  0.379998684       1.13897318E-06
  0.399998695       1.12755902E-06
  0.419998705       1.12472992E-06
  0.439998716       1.12091004E-06
  0.459998727       1.11656050E-06
  0.479998738       1.11963607E-06
  0.499998748       1.12599957E-06
  0.519998729       1.13200667E-06
  0.539998710       1.14317368E-06
  0.559998691       1.14956015E-06
  0.579998672       1.15582804E-06
  0.599998653       1.15910052E-06
  0.619998634       1.16743468E-06
  0.639998615       1.17490936E-06
  0.659998596       1.18574758E-06
  0.679998577       1.19151798E-06
  0.699998558       1.20770710E-06
  0.719998538       1.22268170E-06
  0.739998519       1.22043389E-06
  0.759998500       1.22614404E-06
  0.779998481       1.23562631E-06
  0.799998462       1.24922678E-06
  0.819998443       1.26061673E-06
  0.839998424       1.26476743E-06
  0.859998405       1.26918053E-06
  0.879998386       1.28208433E-06
  0.899998367       1.29350724E-06
  0.919998348       1.29828823E-06
  0.939998329       1.29826913E-06
  0.959998310       1.29470891E-06
  0.979998291       1.31251215E-06
  0.999998271       1.32072807E-06
   1.01999831       1.33551055E-06
   1.03999829       1.34001959E-06
   1.05999827       1.33155766E-06
   1.07999825       1.33278547E-06
   1.09999824       1.34371760E-06
   1.11999822       1.35344214E-06
   1.13999820       1.36234257E-06
   1.15999818       1.36556673E-06
   1.17999816       1.36447488E-06
   1.19999814       1.37644327E-06
   1.21999812       1.37876441E-06
   1.23999810       1.37854931E-06
   1.25999808       1.39634619E-06
   1.27999806       1.40568454E-06
   1.29999804       1.40412965E-06
   1.31999803       1.40447924E-06
   1.33999801       1.40565498E-06
   1.35999799       1.39939050E-06
   1.37999797       1.40747557E-06
   1.39999795       1.41782607E-06
   1.41999793       1.43398017E-06
   1.43999791       1.43088027E-06
   1.45999789       1.43513273E-06
   1.47999787       1.43045895E-06
   1.49999785       1.43724799E-06
   1.51999784       1.45429021E-06
   1.53999782       1.46402510E-06
   1.55999780       1.47142839E-06
   1.57999778       1.45723425E-06
   1.59999776       1.44889475E-06
   1.61999774       1.44359490E-06
   1.63999772       1.45731781E-06
   1.65999770       1.46223420E-06
   1.67999768       1.49785569E-06
   1.69999766       1.49312802E-06
   1.71999764       1.48477136E-06
   1.73999763       1.48079448E-06
   1.75999761       1.48448112E-06
   1.77999759       1.49244966E-06
   1.79999757       1.49033417E-06
   1.81999755       1.49219363E-06
   1.83999753       1.49458447E-06
   1.85999751       1.50070150E-06
   1.87999749       1.51940026E-06
   1.89999747       1.51355459E-06
   1.91999745       1.50416668E-06
   1.93999743       1.50271217E-06
   1.95999742       1.51110078E-06
   1.97999740       1.51742199E-06
   1.99999738       1.52791608E-06
   2.01999736       1.53922792E-06
   2.03999734       1.53650342E-06
   2.05999732       1.53747305E-06
   2.07999730       1.52763641E-06
   2.09999728       1.53702354E-06
   2.11999726       1.52882478E-06
   2.13999724       1.55183739E-06
   2.15999722       1.55018279E-06
   2.17999721       1.54940278E-06
   2.19999719       1.54521342E-06
   2.21999717       1.55740020E-06
   2.23999715       1.56377143E-06
   2.25999713       1.56714509E-06
   2.27999711       1.57266720E-06
   2.29999709       1.56006456E-06
   2.31999707       1.56211468E-06
   2.33999705       1.56582007E-06
   2.35999703       1.58988246E-06
   2.37999701       1.58396824E-06
   2.39999700       1.58846012E-06
   2.41999698       1.58026592E-06
   2.43999696       1.57650572E-06
   2.45999694       1.59300589E-06
   2.47999692       1.60085267E-06
   2.49999690       1.60647483E-06
   2.51999688       1.60298555E-06
   2.53999686       1.59184003E-06
   2.55999684       1.59979288E-06
   2.57999682       1.59951048E-06
   2.59999681       1.60936520E-06
   2.61999679       1.62600804E-06
   2.63999677       1.63013362E-06
   2.65999675       1.61168225E-06
   2.67999673       1.62303047E-06
   2.69999671       1.63025470E-06
   2.71999669       1.64771677E-06
   2.73999667       1.63421419E-06
   2.75999665       1.63035008E-06
   2.77999663       1.61915227E-06
   2.79999661       1.63697007E-06
   2.81999660       1.67090366E-06
   2.83999658       1.68246811E-06
   2.85999656       1.65842744E-06
   2.87999654       1.62549009E-06
   2.89999652       1.62290439E-06
   2.91999650       1.66589973E-06
   2.93999648       1.68238955E-06
   2.95999646       1.69917791E-06
   2.97999644       1.72277657E-06
   2.99999642       1.72819000E-06
   3.01999640       1.71975523E-06
   3.03999639       1.71297131E-06
   3.05999637       1.73166325E-06
   3.07999635       1.76217429E-06
   3.09999633       1.67888368E-06
