  -2.00000000       1.20534708E-06
  -1.98000002       1.12462328E-06
  -1.96000004       1.12788734E-06
  -1.94000006       1.13943611E-06
  -1.92000008       1.14363002E-06
  -1.90000010       1.13615818E-06
  -1.88000011       1.13978660E-06
  -1.86000013       1.14725742E-06
  -1.84000015       1.16294916E-06
  -1.82000017       1.16886747E-06
  -1.80000019       1.16692775E-06
  -1.78000021       1.16050114E-06
  -1.76000023       1.16894307E-06
  -1.74000025       1.17225363E-06
  -1.72000027       1.17967897E-06
  -1.70000029       1.17603145E-06
  -1.68000031       1.16987087E-06
  -1.66000032       1.17130514E-06
  -1.64000034       1.18112030E-06
  -1.62000036       1.18024479E-06
  -1.60000038       1.17745742E-06
  -1.58000040       1.18289961E-06
  -1.56000042       1.18329569E-06
  -1.54000044       1.19329763E-06
  -1.52000046       1.19133824E-06
  -1.50000048       1.19751815E-06
  -1.48000050       1.20149480E-06
  -1.46000051       1.19777906E-06
  -1.44000053       1.20861228E-06
  -1.42000055       1.19849210E-06
  -1.40000057       1.21077096E-06
  -1.38000059       1.21294192E-06
  -1.36000061       1.21873973E-06
  -1.34000063       1.21176095E-06
  -1.32000065       1.21736957E-06
  -1.30000067       1.20000391E-06
  -1.28000069       1.24061285E-06
  -1.26000071       1.19014442E-06
  -1.24000072       1.30254330E-06
  -1.22000074       1.11725569E-06
  -1.20000076       1.42823842E-06
  -1.18000078       9.87707381E-07
  -1.16000080       1.68185170E-06
  -1.14000082       1.10295423E-06
  -1.12000084       1.85818544E-06
  -1.10000086       3.67222106E-06
  -1.08000088       1.97815621E-06
  -1.06000090       1.67169528E-05
  -1.04000092       1.25766455E-05
  -1.02000093       6.21531726E-05
  -1.00000095       1.06015541E-04
 -0.980000973       2.23820840E-04
 -0.960000992       5.44627197E-04
 -0.940001011       9.46712447E-04
 -0.920001030       2.04672827E-03
 -0.900001049       3.89634236E-03
 -0.880001068       6.96777599E-03
 -0.860001087       1.31242992E-02
 -0.840001106       2.26958245E-02
 -0.820001125       3.81926335E-02
 -0.800001144       6.42402619E-02
 -0.780001163      0.102452934    
 -0.760001183      0.158425823    
 -0.740001202      0.241353005    
 -0.720001221      0.354113907    
 -0.700001240      0.501540720    
 -0.680001259      0.694678366    
 -0.660001278      0.934795082    
 -0.640001297       1.21445179    
 -0.620001316       1.53223503    
 -0.600001335       1.88349497    
 -0.580001354       2.24598384    
 -0.560001373       2.59231472    
 -0.540001392       2.90462804    
 -0.520001411       3.16609001    
 -0.500001431       3.35153413    
 -0.480001420       3.43825841    
 -0.460001409       3.41978049    
 -0.440001398       3.30398059    
 -0.420001388       3.10301161    
 -0.400001377       2.83005142    
 -0.380001366       2.50309849    
 -0.360001355       2.14640856    
 -0.340001345       1.78597593    
 -0.320001334       1.44358838    
 -0.300001323       1.13393772    
 -0.280001312      0.865197241    
 -0.260001302      0.640679777    
 -0.240001306      0.460132480    
 -0.220001310      0.320479929    
 -0.200001314      0.216556117    
 -0.180001318      0.142047852    
 -0.160001323       9.04735178E-02
 -0.140001327       5.59425876E-02
 -0.120001331       3.35558206E-02
 -0.100001335       1.95020400E-02
  -8.00013393E-02   1.09650996E-02
  -6.00013398E-02   5.95208816E-03
  -4.00013402E-02   3.10507650E-03
  -2.00013407E-02   1.53339549E-03
  -1.34110451E-06   7.11178698E-04
   1.99986584E-02   4.72574087E-04
   3.99986580E-02   2.17547524E-04
   5.99986576E-02   9.68755776E-05
   7.99986571E-02   4.47573111E-05
   9.99986529E-02   2.19187059E-05
  0.119998649       1.16761003E-05
  0.139998645       6.93144239E-06
  0.159998640       4.61720265E-06
  0.179998636       3.39969711E-06
  0.199998632       2.69507814E-06
  0.219998628       2.24596533E-06
  0.239998624       1.93411324E-06
  0.259998620       1.70319856E-06
  0.279998630       1.53692054E-06
  0.299998641       1.42310705E-06
  0.319998652       1.34967866E-06
  0.339998662       1.29410637E-06
  0.359998673       1.24950577E-06
  0.379998684       1.22005406E-06
  0.399998695       1.20591892E-06
  0.419998705       1.19974550E-06
  0.439998716       1.19229151E-06
  0.459998727       1.18537594E-06
  0.479998738       1.18670516E-06
  0.499998748       1.19140839E-06
  0.519998729       1.19551805E-06
  0.539998710       1.20489392E-06
  0.559998691       1.20963125E-06
  0.579998672       1.21393145E-06
  0.599998653       1.21629114E-06
  0.619998634       1.22358631E-06
  0.639998615       1.23003815E-06
  0.659998596       1.23962161E-06
  0.679998577       1.24527105E-06
  0.699998558       1.26024452E-06
  0.719998538       1.27364467E-06
  0.739998519       1.27019871E-06
  0.759998500       1.27581200E-06
  0.779998481       1.28591194E-06
  0.799998462       1.29891384E-06
  0.819998443       1.30946876E-06
  0.839998424       1.31233026E-06
  0.859998405       1.31664115E-06
  0.879998386       1.32963817E-06
  0.899998367       1.34038589E-06
  0.919998348       1.34360585E-06
  0.939998329       1.34362017E-06
  0.959998310       1.34006143E-06
  0.979998291       1.35939945E-06
  0.999998271       1.36555559E-06
   1.01999831       1.38117082E-06
   1.03999829       1.38340147E-06
   1.05999827       1.37577649E-06
   1.07999825       1.37702762E-06
   1.09999824       1.38751921E-06
   1.11999822       1.39801705E-06
   1.13999820       1.40593681E-06
   1.15999818       1.40813461E-06
   1.17999816       1.40710813E-06
   1.19999814       1.41925841E-06
   1.21999812       1.42104295E-06
   1.23999810       1.42206761E-06
   1.25999808       1.43888496E-06
   1.27999806       1.44708542E-06
   1.29999804       1.44567912E-06
   1.31999803       1.44680280E-06
   1.33999801       1.44616911E-06
   1.35999799       1.44119429E-06
   1.37999797       1.44946989E-06
   1.39999795       1.46108596E-06
   1.41999793       1.47606386E-06
   1.43999791       1.47197068E-06
   1.45999789       1.47615719E-06
   1.47999787       1.47169249E-06
   1.49999785       1.47919354E-06
   1.51999784       1.49595201E-06
   1.53999782       1.50426945E-06
   1.55999780       1.51023255E-06
   1.57999778       1.49608525E-06
   1.59999776       1.48888660E-06
   1.61999774       1.48407639E-06
   1.63999772       1.49941707E-06
   1.65999770       1.50539393E-06
   1.67999768       1.53877102E-06
   1.69999766       1.53373719E-06
   1.71999764       1.52456107E-06
   1.73999763       1.52124585E-06
   1.75999761       1.52444670E-06
   1.77999759       1.53145959E-06
   1.79999757       1.52939833E-06
   1.81999755       1.53206668E-06
   1.83999753       1.53478663E-06
   1.85999751       1.54170448E-06
   1.87999749       1.55926500E-06
   1.89999747       1.55276132E-06
   1.91999745       1.54286101E-06
   1.93999743       1.54250074E-06
   1.95999742       1.55121302E-06
   1.97999740       1.55843566E-06
   1.99999738       1.56854048E-06
   2.01999736       1.57884847E-06
   2.03999734       1.57558668E-06
   2.05999732       1.57596958E-06
   2.07999730       1.56787712E-06
   2.09999728       1.57648606E-06
   2.11999726       1.56798706E-06
   2.13999724       1.59154251E-06
   2.15999722       1.58930470E-06
   2.17999721       1.58842806E-06
   2.19999719       1.58458988E-06
   2.21999717       1.59775357E-06
   2.23999715       1.60427612E-06
   2.25999713       1.60667310E-06
   2.27999711       1.61130549E-06
   2.29999709       1.59877857E-06
   2.31999707       1.60191360E-06
   2.33999705       1.60614900E-06
   2.35999703       1.63070331E-06
   2.37999701       1.62331639E-06
   2.39999700       1.62612923E-06
   2.41999698       1.61923617E-06
   2.43999696       1.61609660E-06
   2.45999694       1.63496907E-06
   2.47999692       1.64096036E-06
   2.49999690       1.64447692E-06
   2.51999688       1.64330220E-06
   2.53999686       1.63153322E-06
   2.55999684       1.63837012E-06
   2.57999682       1.63846903E-06
   2.59999681       1.65109543E-06
   2.61999679       1.66601205E-06
   2.63999677       1.66927373E-06
   2.65999675       1.65171241E-06
   2.67999673       1.66317420E-06
   2.69999671       1.66986672E-06
   2.71999669       1.68648899E-06
   2.73999667       1.67136238E-06
   2.75999665       1.66896871E-06
   2.77999663       1.65902145E-06
   2.79999661       1.68007739E-06
   2.81999660       1.71157990E-06
   2.83999658       1.72059958E-06
   2.85999656       1.69402324E-06
   2.87999654       1.66335167E-06
   2.89999652       1.66312918E-06
   2.91999650       1.70815269E-06
   2.93999648       1.72378702E-06
   2.95999646       1.74038394E-06
   2.97999644       1.76066817E-06
   2.99999642       1.76557364E-06
   3.01999640       1.75773664E-06
   3.03999639       1.75145271E-06
   3.05999637       1.77294714E-06
   3.07999635       1.80769803E-06
   3.09999633       1.73648027E-06
