  -2.00000000       1.24549658E-07
  -1.98000002       6.80196948E-08
  -1.96000004       4.22737685E-08
  -1.94000006       3.31745724E-08
  -1.92000008       3.06653689E-08
  -1.90000010       3.13076498E-08
  -1.88000011       2.80800485E-08
  -1.86000013       2.47315555E-08
  -1.84000015       2.43386218E-08
  -1.82000017       2.73355969E-08
  -1.80000019       2.89388957E-08
  -1.78000021       2.71815939E-08
  -1.76000023       2.66609472E-08
  -1.74000025       2.64608833E-08
  -1.72000027       2.57866013E-08
  -1.70000029       2.68877560E-08
  -1.68000031       2.75224039E-08
  -1.66000032       2.68025477E-08
  -1.64000034       2.50855017E-08
  -1.62000036       2.42005527E-08
  -1.60000038       2.62527173E-08
  -1.58000040       2.69482658E-08
  -1.56000042       2.68879852E-08
  -1.54000044       2.72159415E-08
  -1.52000046       2.74133338E-08
  -1.50000048       2.94028517E-08
  -1.48000050       2.94645766E-08
  -1.46000051       2.73092144E-08
  -1.44000053       2.76970340E-08
  -1.42000055       2.78714882E-08
  -1.40000057       2.77880083E-08
  -1.38000059       2.80741510E-08
  -1.36000061       2.81440755E-08
  -1.34000063       2.91063422E-08
  -1.32000065       2.89161317E-08
  -1.30000067       2.75524190E-08
  -1.28000069       2.53626968E-08
  -1.26000071       3.12140180E-08
  -1.24000072       2.69969238E-08
  -1.22000074       4.45848229E-08
  -1.20000076       1.91670217E-08
  -1.18000078       9.80578889E-08
  -1.16000080       2.26546284E-08
  -1.14000082       3.80975337E-07
  -1.12000084       3.00984368E-07
  -1.10000086       1.75773448E-06
  -1.08000088       2.86887598E-06
  -1.06000090       8.43014277E-06
  -1.04000092       1.90241080E-05
  -1.02000093       4.14708848E-05
  -1.00000095       9.81247140E-05
 -0.980000973       1.98571375E-04
 -0.960000992       4.29901265E-04
 -0.940001011       8.63116584E-04
 -0.920001030       1.68729876E-03
 -0.900001049       3.27345962E-03
 -0.880001068       6.02685381E-03
 -0.860001087       1.09084928E-02
 -0.840001106       1.92087442E-02
 -0.820001125       3.25921290E-02
 -0.800001144       5.40575944E-02
 -0.780001163       8.70756060E-02
 -0.760001183      0.135771230    
 -0.740001202      0.206215590    
 -0.720001221      0.304424256    
 -0.700001240      0.435655028    
 -0.680001259      0.606148422    
 -0.660001278      0.820178092    
 -0.640001297       1.07701468    
 -0.620001316       1.37326813    
 -0.600001335       1.70249414    
 -0.580001354       2.05078149    
 -0.560001373       2.39803457    
 -0.540001392       2.72355151    
 -0.520001411       3.00663304    
 -0.500001431       3.22494245    
 -0.480001420       3.35868526    
 -0.460001409       3.39679289    
 -0.440001398       3.33808947    
 -0.420001388       3.18823767    
 -0.400001377       2.95816183    
 -0.380001366       2.66498017    
 -0.360001355       2.33137250    
 -0.340001345       1.98168564    
 -0.320001334       1.63746810    
 -0.300001323       1.31512463    
 -0.280001312       1.02596760    
 -0.260001302      0.776929736    
 -0.240001306      0.571024895    
 -0.220001310      0.407587379    
 -0.200001314      0.282842845    
 -0.180001318      0.191016600    
 -0.160001323      0.125588208    
 -0.140001327       8.03350359E-02
 -0.120001331       4.99171875E-02
 -0.100001335       3.00584026E-02
  -8.00013393E-02   1.74893998E-02
  -6.00013398E-02   9.79013368E-03
  -4.00013402E-02   5.21874195E-03
  -2.00013407E-02   2.58702971E-03
  -1.34110451E-06   1.23009214E-03
   1.99986584E-02   8.42362060E-04
   3.99986580E-02   4.05656581E-04
   5.99986576E-02   1.73712106E-04
   7.99986571E-02   7.35929934E-05
   9.99986529E-02   3.19117207E-05
  0.119998649       1.43582593E-05
  0.139998645       6.78641709E-06
  0.159998640       3.39494886E-06
  0.179998636       1.78553296E-06
  0.199998632       9.73417855E-07
  0.219998628       5.42013424E-07
  0.239998624       3.01788674E-07
  0.259998620       1.62364543E-07
  0.279998630       8.19726580E-08
  0.299998641       3.85238224E-08
  0.319998652       1.75407262E-08
  0.339998662       8.71788242E-09
  0.359998673       7.43238582E-09
  0.379998684       1.07377209E-08
  0.399998695       1.66392216E-08
  0.419998705       2.47624090E-08
  0.439998716       3.51739224E-08
  0.459998727       4.58727811E-08
  0.479998738       5.50404238E-08
  0.499998748       6.38873345E-08
  0.519998729       7.39829247E-08
  0.539998710       8.32801916E-08
  0.559998691       9.34982438E-08
  0.579998672       1.04266412E-07
  0.599998653       1.12856199E-07
  0.619998634       1.20287410E-07
  0.639998615       1.27794564E-07
  0.659998596       1.35322210E-07
  0.679998577       1.41717990E-07
  0.699998558       1.48567679E-07
  0.719998538       1.56157199E-07
  0.739998519       1.66700360E-07
  0.759998500       1.71096332E-07
  0.779998481       1.71876565E-07
  0.799998462       1.76109637E-07
  0.819998443       1.81683518E-07
  0.839998424       1.90325778E-07
  0.859998405       1.95045970E-07
  0.879998386       1.96476321E-07
  0.899998367       2.00981646E-07
  0.919998348       2.10101476E-07
  0.939998329       2.13198135E-07
  0.959998310       2.16981675E-07
  0.979998291       2.10162554E-07
  0.999998271       2.21273424E-07
   1.01999831       2.20184603E-07
   1.03999829       2.31695665E-07
   1.05999827       2.33346569E-07
   1.07999825       2.34678794E-07
   1.09999824       2.36561405E-07
   1.11999822       2.34952878E-07
   1.13999820       2.40991966E-07
   1.15999818       2.48180640E-07
   1.17999816       2.50468815E-07
   1.19999814       2.48320191E-07
   1.21999812       2.52383984E-07
   1.23999810       2.50996436E-07
   1.25999808       2.55002362E-07
   1.27999806       2.62104237E-07
   1.29999804       2.64777185E-07
   1.31999803       2.63196114E-07
   1.33999801       2.71051221E-07
   1.35999799       2.68351613E-07
   1.37999797       2.67233247E-07
   1.39999795       2.61011905E-07
   1.41999793       2.64659292E-07
   1.43999791       2.74811441E-07
   1.45999789       2.77372919E-07
   1.47999787       2.79984647E-07
   1.49999785       2.76128389E-07
   1.51999784       2.75317404E-07
   1.53999782       2.84808891E-07
   1.55999780       2.93744051E-07
   1.57999778       2.98127532E-07
   1.59999776       2.92833676E-07
   1.61999774       2.90623632E-07
   1.63999772       2.80407619E-07
   1.65999770       2.77864473E-07
   1.67999768       2.82743542E-07
   1.69999766       2.91281481E-07
   1.71999764       3.01374598E-07
   1.73999763       2.99118568E-07
   1.75999761       3.00306397E-07
   1.77999759       3.03427072E-07
   1.79999757       3.05215991E-07
   1.81999755       3.02988013E-07
   1.83999753       3.02419522E-07
   1.85999751       2.99453546E-07
   1.87999749       3.01476348E-07
   1.89999747       3.09378635E-07
   1.91999745       3.15760559E-07
   1.93999743       3.11250062E-07
   1.95999742       3.07581075E-07
   1.97999740       3.02837663E-07
   1.99999738       3.04612058E-07
   2.01999736       3.10691973E-07
   2.03999734       3.16600619E-07
   2.05999732       3.21946004E-07
   2.07999730       3.15064511E-07
   2.09999728       3.16018543E-07
   2.11999726       3.21579193E-07
   2.13999724       3.16609061E-07
   2.15999722       3.20822551E-07
   2.17999721       3.22412319E-07
   2.19999719       3.23275401E-07
   2.21999717       3.17506135E-07
   2.23999715       3.17491697E-07
   2.25999713       3.23907159E-07
   2.27999711       3.28815673E-07
   2.29999709       3.31299105E-07
   2.31999707       3.26056067E-07
   2.33999705       3.24975304E-07
   2.35999703       3.19711518E-07
   2.37999701       3.30279903E-07
   2.39999700       3.39376243E-07
   2.41999698       3.35694978E-07
   2.43999696       3.34012640E-07
   2.45999694       3.18567913E-07
   2.47999692       3.29151987E-07
   2.49999690       3.43356334E-07
   2.51999688       3.33686756E-07
   2.53999686       3.36934846E-07
   2.55999684       3.40784936E-07
   2.57999682       3.42007553E-07
   2.59999681       3.28354417E-07
   2.61999679       3.35765264E-07
   2.63999677       3.40386066E-07
   2.65999675       3.42346283E-07
   2.67999673       3.42328434E-07
   2.69999671       3.47320679E-07
   2.71999669       3.48945150E-07
   2.73999667       3.60699147E-07
   2.75999665       3.51398484E-07
   2.77999663       3.48263228E-07
   2.79999661       3.33045506E-07
   2.81999660       3.43650896E-07
   2.83999658       3.59425741E-07
   2.85999656       3.78956457E-07
   2.87999654       3.71565363E-07
   2.89999652       3.56820692E-07
   2.91999650       3.38469903E-07
   2.93999648       3.46638018E-07
   2.95999646       3.55339637E-07
   2.97999644       3.77934271E-07
   2.99999642       3.85568228E-07
   3.01999640       3.86803720E-07
   3.03999639       3.84187246E-07
   3.05999637       3.63079465E-07
   3.07999635       3.18933161E-07
   3.09999633       2.17094296E-07
