  -2.00000000       1.11142572E-06
  -1.98000002       9.71058284E-07
  -1.96000004       8.60382272E-07
  -1.94000006       8.51504467E-07
  -1.92000008       9.07331696E-07
  -1.90000010       9.78661660E-07
  -1.88000011       1.02030151E-06
  -1.86000013       1.04443257E-06
  -1.84000015       1.05188280E-06
  -1.82000017       1.08946210E-06
  -1.80000019       1.13740600E-06
  -1.78000021       1.17922059E-06
  -1.76000023       1.17705929E-06
  -1.74000025       1.17570676E-06
  -1.72000027       1.18090679E-06
  -1.70000029       1.20910784E-06
  -1.68000031       1.24064195E-06
  -1.66000032       1.24448650E-06
  -1.64000034       1.22581025E-06
  -1.62000036       1.23313521E-06
  -1.60000038       1.25694544E-06
  -1.58000040       1.28113015E-06
  -1.56000042       1.29720343E-06
  -1.54000044       1.30004184E-06
  -1.52000046       1.32274454E-06
  -1.50000048       1.33025435E-06
  -1.48000050       1.33602180E-06
  -1.46000051       1.35086043E-06
  -1.44000053       1.33791491E-06
  -1.42000055       1.37017344E-06
  -1.40000057       1.37550614E-06
  -1.38000059       1.37812538E-06
  -1.36000061       1.39691656E-06
  -1.34000063       1.41746045E-06
  -1.32000065       1.43609429E-06
  -1.30000067       1.43405623E-06
  -1.28000069       1.43458044E-06
  -1.26000071       1.42015585E-06
  -1.24000072       1.48015988E-06
  -1.22000074       1.45342813E-06
  -1.20000076       1.63642198E-06
  -1.18000078       1.29539205E-06
  -1.16000080       2.05980132E-06
  -1.14000082       7.81653682E-07
  -1.12000084       3.54747317E-06
  -1.10000086       1.32035026E-07
  -1.08000088       7.21139531E-06
  -1.06000090       4.59342118E-06
  -1.04000092       1.51265649E-05
  -1.02000093       3.88877888E-05
  -1.00000095       4.88280384E-05
 -0.980000973       1.70850864E-04
 -0.960000992       2.58800166E-04
 -0.940001011       5.80748310E-04
 -0.920001030       1.18577981E-03
 -0.900001049       2.02228595E-03
 -0.880001068       4.08529304E-03
 -0.860001087       7.17404112E-03
 -0.840001106       1.22772949E-02
 -0.820001125       2.17584632E-02
 -0.800001144       3.55266966E-02
 -0.780001163       5.69871329E-02
 -0.760001183       9.13028792E-02
 -0.740001202      0.138956279    
 -0.720001221      0.205867067    
 -0.700001240      0.301518172    
 -0.680001259      0.426158935    
 -0.660001278      0.582571208    
 -0.640001297      0.781681538    
 -0.620001316       1.02237928    
 -0.600001335       1.29310966    
 -0.580001354       1.59216678    
 -0.560001373       1.91731596    
 -0.540001392       2.24657488    
 -0.520001411       2.55282664    
 -0.500001431       2.82330871    
 -0.480001420       3.04876065    
 -0.460001409       3.20781136    
 -0.440001398       3.27815127    
 -0.420001388       3.25512242    
 -0.400001377       3.14943957    
 -0.380001366       2.97248840    
 -0.360001355       2.73204947    
 -0.340001345       2.43991709    
 -0.320001334       2.11680770    
 -0.300001323       1.78726912    
 -0.280001312       1.47138762    
 -0.260001302       1.18135107    
 -0.240001306      0.923537195    
 -0.220001310      0.701625645    
 -0.200001314      0.517617881    
 -0.180001318      0.371245921    
 -0.160001323      0.259497404    
 -0.140001327      0.177210212    
 -0.120001331      0.118363179    
 -0.100001335       7.72333518E-02
  -8.00013393E-02   4.89878021E-02
  -6.00013398E-02   2.97805611E-02
  -4.00013402E-02   1.68752354E-02
  -2.00013407E-02   8.83779395E-03
  -1.34110451E-06   4.58699511E-03
   1.99986584E-02   3.40850884E-03
   3.99986580E-02   1.94667582E-03
   5.99986576E-02   1.00255792E-03
   7.99986571E-02   4.76468471E-04
   9.99986529E-02   2.21922252E-04
  0.119998649       1.06441963E-04
  0.139998645       5.39878638E-05
  0.159998640       2.93360608E-05
  0.179998636       1.71862994E-05
  0.199998632       1.08502027E-05
  0.219998628       7.33601155E-06
  0.239998624       5.28323244E-06
  0.259998620       4.03621470E-06
  0.279998630       3.23249355E-06
  0.299998641       2.67537780E-06
  0.319998652       2.26819088E-06
  0.339998662       1.98353837E-06
  0.359998673       1.77674849E-06
  0.379998684       1.60227080E-06
  0.399998695       1.44991589E-06
  0.419998705       1.33386163E-06
  0.439998716       1.25773386E-06
  0.459998727       1.19826984E-06
  0.479998738       1.13299336E-06
  0.499998748       1.07457856E-06
  0.519998729       1.03736068E-06
  0.539998710       1.00500313E-06
  0.559998691       9.83716177E-07
  0.579998672       9.66347898E-07
  0.599998653       9.48286583E-07
  0.619998634       9.25625216E-07
  0.639998615       9.06486378E-07
  0.659998596       8.91493812E-07
  0.679998577       8.89885655E-07
  0.699998558       8.79943343E-07
  0.719998538       8.73322506E-07
  0.739998519       8.86824466E-07
  0.759998500       8.80743357E-07
  0.779998481       8.63382752E-07
  0.799998462       8.50709853E-07
  0.819998443       8.51785330E-07
  0.839998424       8.63792309E-07
  0.859998405       8.73608542E-07
  0.879998386       8.65010918E-07
  0.899998367       8.60165699E-07
  0.919998348       8.70998804E-07
  0.939998329       8.76946615E-07
  0.959998310       8.82689903E-07
  0.979998291       8.59515637E-07
  0.999998271       8.66615665E-07
   1.01999831       8.73672150E-07
   1.03999829       8.83439270E-07
   1.05999827       9.00964721E-07
   1.07999825       9.00017540E-07
   1.09999824       8.87529723E-07
   1.11999822       8.79832726E-07
   1.13999820       8.85350744E-07
   1.15999818       9.02593911E-07
   1.17999816       9.13776432E-07
   1.19999814       9.01446128E-07
   1.21999812       9.02879719E-07
   1.23999810       9.12265364E-07
   1.25999808       9.11268387E-07
   1.27999806       9.23763082E-07
   1.29999804       9.34989089E-07
   1.31999803       9.39670201E-07
   1.33999801       9.37970242E-07
   1.35999799       9.41943711E-07
   1.37999797       9.33551803E-07
   1.39999795       9.23875177E-07
   1.41999793       9.20325874E-07
   1.43999791       9.51084928E-07
   1.45999789       9.60900479E-07
   1.47999787       9.72444241E-07
   1.49999785       9.65384515E-07
   1.51999784       9.52716164E-07
   1.53999782       9.68614017E-07
   1.55999780       9.88736929E-07
   1.57999778       1.01315072E-06
   1.59999776       1.00408363E-06
   1.61999774       9.86844952E-07
   1.63999772       9.65851314E-07
   1.65999770       9.73529495E-07
   1.67999768       9.53493554E-07
   1.69999766       9.94470156E-07
   1.71999764       1.02984461E-06
   1.73999763       1.03315472E-06
   1.75999761       1.02501963E-06
   1.77999759       1.01993146E-06
   1.79999757       1.01856995E-06
   1.81999755       1.02066588E-06
   1.83999753       1.02421848E-06
   1.85999751       1.02639285E-06
   1.87999749       1.00847274E-06
   1.89999747       1.04115884E-06
   1.91999745       1.06838877E-06
   1.93999743       1.06773643E-06
   1.95999742       1.04485753E-06
   1.97999740       1.03792274E-06
   1.99999738       1.03990317E-06
   2.01999736       1.05518313E-06
   2.03999734       1.07271740E-06
   2.05999732       1.08934478E-06
   2.07999730       1.09249345E-06
   2.09999728       1.07269489E-06
   2.11999726       1.09193024E-06
   2.13999724       1.07922801E-06
   2.15999722       1.08524853E-06
   2.17999721       1.09464929E-06
   2.19999719       1.10760720E-06
   2.21999717       1.09171754E-06
   2.23999715       1.09164046E-06
   2.25999713       1.11032466E-06
   2.27999711       1.12014118E-06
   2.29999709       1.14049396E-06
   2.31999707       1.13713088E-06
   2.33999705       1.13105170E-06
   2.35999703       1.10497706E-06
   2.37999701       1.13660633E-06
   2.39999700       1.15585533E-06
   2.41999698       1.17162097E-06
   2.43999696       1.17107538E-06
   2.45999694       1.13868202E-06
   2.47999692       1.14353122E-06
   2.49999690       1.16061653E-06
   2.51999688       1.18489891E-06
   2.53999686       1.19831191E-06
   2.55999684       1.18612843E-06
   2.57999682       1.19870424E-06
   2.59999681       1.18697506E-06
   2.61999679       1.17700597E-06
   2.63999677       1.18221544E-06
   2.65999675       1.23186601E-06
   2.67999673       1.23852101E-06
   2.69999671       1.24919995E-06
   2.71999669       1.23069594E-06
   2.73999667       1.25868246E-06
   2.75999665       1.26384907E-06
   2.77999663       1.26819941E-06
   2.79999661       1.25868632E-06
   2.81999660       1.22856363E-06
   2.83999658       1.26977204E-06
   2.85999656       1.34401796E-06
   2.87999654       1.40789564E-06
   2.89999652       1.38247333E-06
   2.91999650       1.30222918E-06
   2.93999648       1.31466004E-06
   2.95999646       1.40019949E-06
   2.97999644       1.48081995E-06
   2.99999642       1.58122873E-06
   3.01999640       1.70786541E-06
   3.03999639       1.83990335E-06
   3.05999637       1.90312437E-06
   3.07999635       1.76706817E-06
   3.09999633       1.52952191E-06
