  -2.00000000       4.19364852E-07
  -1.98000002       5.34382082E-07
  -1.96000004       6.06942308E-07
  -1.94000006       7.08513767E-07
  -1.92000008       8.53699078E-07
  -1.90000010       9.74466730E-07
  -1.88000011       1.05217180E-06
  -1.86000013       1.08891106E-06
  -1.84000015       1.08918459E-06
  -1.82000017       1.10186807E-06
  -1.80000019       1.15193143E-06
  -1.78000021       1.20396476E-06
  -1.76000023       1.19938386E-06
  -1.74000025       1.16531737E-06
  -1.72000027       1.16414674E-06
  -1.70000029       1.18899663E-06
  -1.68000031       1.21751111E-06
  -1.66000032       1.21775952E-06
  -1.64000034       1.20179880E-06
  -1.62000036       1.19980234E-06
  -1.60000038       1.20860375E-06
  -1.58000040       1.23835457E-06
  -1.56000042       1.25446707E-06
  -1.54000044       1.27207716E-06
  -1.52000046       1.28347403E-06
  -1.50000048       1.27154544E-06
  -1.48000050       1.28104614E-06
  -1.46000051       1.29589739E-06
  -1.44000053       1.29852356E-06
  -1.42000055       1.30760600E-06
  -1.40000057       1.32613116E-06
  -1.38000059       1.33414369E-06
  -1.36000061       1.35692972E-06
  -1.34000063       1.37516599E-06
  -1.32000065       1.38970529E-06
  -1.30000067       1.39147812E-06
  -1.28000069       1.41301700E-06
  -1.26000071       1.35514153E-06
  -1.24000072       1.44637852E-06
  -1.22000074       1.37716609E-06
  -1.20000076       1.60719105E-06
  -1.18000078       1.39460735E-06
  -1.16000080       1.62634365E-06
  -1.14000082       1.72295324E-06
  -1.12000084       1.31357137E-06
  -1.10000086       3.86646298E-06
  -1.08000088       3.53853579E-07
  -1.06000090       1.14428831E-05
  -1.04000092       4.48766605E-06
  -1.02000093       3.07217269E-05
  -1.00000095       4.93189946E-05
 -0.980000973       8.74743346E-05
 -0.960000992       2.41868853E-04
 -0.940001011       3.58506746E-04
 -0.920001030       8.23899521E-04
 -0.900001049       1.52584491E-03
 -0.880001068       2.61634216E-03
 -0.860001087       5.11109130E-03
 -0.840001106       8.59311689E-03
 -0.820001125       1.45213576E-02
 -0.800001144       2.50204355E-02
 -0.780001163       3.97076942E-02
 -0.760001183       6.26053214E-02
 -0.740001202       9.82738882E-02
 -0.720001221      0.146376729    
 -0.700001240      0.213345379    
 -0.680001259      0.307929277    
 -0.660001278      0.428602010    
 -0.640001297      0.578137994    
 -0.620001316      0.768125653    
 -0.600001335      0.996130645    
 -0.580001354       1.24985158    
 -0.560001373       1.53007102    
 -0.540001392       1.83741188    
 -0.520001411       2.14978886    
 -0.500001431       2.43982697    
 -0.480001420       2.69893909    
 -0.460001409       2.92262292    
 -0.440001398       3.08902717    
 -0.420001388       3.17219162    
 -0.400001377       3.16735554    
 -0.380001366       3.08871889    
 -0.360001355       2.94774842    
 -0.340001345       2.74554324    
 -0.320001334       2.48591638    
 -0.300001323       2.18684077    
 -0.280001312       1.87520516    
 -0.260001302       1.57330739    
 -0.240001306       1.29224610    
 -0.220001310       1.03558314    
 -0.200001314      0.806011081    
 -0.180001318      0.607842445    
 -0.160001323      0.444993645    
 -0.140001327      0.318165332    
 -0.120001331      0.224043459    
 -0.100001335      0.156404436    
  -8.00013393E-02  0.107650839    
  -6.00013398E-02   7.09874779E-02
  -4.00013402E-02   4.32891846E-02
  -2.00013407E-02   2.40681637E-02
  -1.34110451E-06   1.26237990E-02
   1.99986584E-02   1.01272175E-02
   3.99986580E-02   6.05122838E-03
   5.99986576E-02   3.33188544E-03
   7.99986571E-02   1.70944049E-03
   9.99986529E-02   8.13321851E-04
  0.119998649       3.66348366E-04
  0.139998645       1.60710770E-04
  0.159998640       7.00112432E-05
  0.179998636       3.06638758E-05
  0.199998632       1.36908438E-05
  0.219998628       6.38481561E-06
  0.239998624       3.23987365E-06
  0.259998620       1.89416164E-06
  0.279998630       1.35563027E-06
  0.299998641       1.15570242E-06
  0.319998652       1.07739777E-06
  0.339998662       1.04897867E-06
  0.359998673       1.05589027E-06
  0.379998684       1.06692323E-06
  0.399998695       1.05541710E-06
  0.419998705       1.03861055E-06
  0.439998716       1.03838465E-06
  0.459998727       1.05134393E-06
  0.479998738       1.04178991E-06
  0.499998748       1.01964054E-06
  0.519998729       1.00704835E-06
  0.539998710       9.99632448E-07
  0.559998691       9.97126676E-07
  0.579998672       9.88941565E-07
  0.599998653       9.76039246E-07
  0.619998634       9.55240921E-07
  0.639998615       9.32440969E-07
  0.659998596       9.14613224E-07
  0.679998577       9.18839248E-07
  0.699998558       9.04954447E-07
  0.719998538       8.91736192E-07
  0.739998519       8.96418214E-07
  0.759998500       8.80501261E-07
  0.779998481       8.51221330E-07
  0.799998462       8.29800626E-07
  0.819998443       8.30994338E-07
  0.839998424       8.37668892E-07
  0.859998405       8.38574465E-07
  0.879998386       8.15513943E-07
  0.899998367       7.95640801E-07
  0.919998348       7.96361860E-07
  0.939998329       7.92158175E-07
  0.959998310       7.80983044E-07
  0.979998291       7.50260142E-07
  0.999998271       7.56338977E-07
   1.01999831       7.69769258E-07
   1.03999829       7.63812864E-07
   1.05999827       7.61275487E-07
   1.07999825       7.39757866E-07
   1.09999824       7.12771282E-07
   1.11999822       7.02413843E-07
   1.13999820       7.05853893E-07
   1.15999818       7.16384761E-07
   1.17999816       7.17761111E-07
   1.19999814       6.96508380E-07
   1.21999812       6.83314511E-07
   1.23999810       6.82009954E-07
   1.25999808       6.81751771E-07
   1.27999806       6.89242540E-07
   1.29999804       6.83631470E-07
   1.31999803       6.65180153E-07
   1.33999801       6.48977448E-07
   1.35999799       6.45709804E-07
   1.37999797       6.41610029E-07
   1.39999795       6.34371816E-07
   1.41999793       6.34407513E-07
   1.43999791       6.55028657E-07
   1.45999789       6.47069044E-07
   1.47999787       6.36754919E-07
   1.49999785       6.12563383E-07
   1.51999784       5.90370291E-07
   1.53999782       6.08252662E-07
   1.55999780       6.23649441E-07
   1.57999778       6.22312996E-07
   1.59999776       5.88452735E-07
   1.61999774       5.65473044E-07
   1.63999772       5.64372044E-07
   1.65999770       5.88736611E-07
   1.67999768       5.87245950E-07
   1.69999766       6.12160818E-07
   1.71999764       6.18029958E-07
   1.73999763       5.77210358E-07
   1.75999761       5.49387607E-07
   1.77999759       5.42227212E-07
   1.79999757       5.43657507E-07
   1.81999755       5.50072969E-07
   1.83999753       5.52015706E-07
   1.85999751       5.53939572E-07
   1.87999749       5.38207303E-07
   1.89999747       5.58678153E-07
   1.91999745       5.64455888E-07
   1.93999743       5.42195721E-07
   1.95999742       5.12900669E-07
   1.97999740       5.12505267E-07
   1.99999738       5.19943285E-07
   2.01999736       5.35729839E-07
   2.03999734       5.35152026E-07
   2.05999732       5.33581670E-07
   2.07999730       5.04105060E-07
   2.09999728       4.81594043E-07
   2.11999726       4.99610053E-07
   2.13999724       5.00528301E-07
   2.15999722       4.95351912E-07
   2.17999721       4.93021389E-07
   2.19999719       4.94536096E-07
   2.21999717       4.81728478E-07
   2.23999715       4.77030483E-07
   2.25999713       4.86636509E-07
   2.27999711       4.86718136E-07
   2.29999709       4.80142091E-07
   2.31999707       4.63790172E-07
   2.33999705       4.54179428E-07
   2.35999703       4.39896525E-07
   2.37999701       4.58525392E-07
   2.39999700       4.71307175E-07
   2.41999698       4.63917360E-07
   2.43999696       4.44789492E-07
   2.45999694       4.08135094E-07
   2.47999692       4.27210125E-07
   2.49999690       4.49599725E-07
   2.51999688       4.36415149E-07
   2.53999686       4.14800411E-07
   2.55999684       4.08392310E-07
   2.57999682       4.21495173E-07
   2.59999681       4.11116758E-07
   2.61999679       4.07264196E-07
   2.63999677       3.98965653E-07
   2.65999675       4.10192229E-07
   2.67999673       3.93545008E-07
   2.69999671       3.78757818E-07
   2.71999669       3.59428697E-07
   2.73999667       3.78166334E-07
   2.75999665       3.60853193E-07
   2.77999663       3.46081606E-07
   2.79999661       3.33306048E-07
   2.81999660       3.28180988E-07
   2.83999658       3.46863970E-07
   2.85999656       3.51094371E-07
   2.87999654       3.20519490E-07
   2.89999652       2.66270803E-07
   2.91999650       2.22321205E-07
   2.93999648       2.34484446E-07
   2.95999646       2.43705472E-07
   2.97999644       2.08822200E-07
   2.99999642       1.46454994E-07
   3.01999640       1.05831170E-07
   3.03999639       1.23041261E-07
   3.05999637       1.97502771E-07
   3.07999635       2.68708675E-07
   3.09999633       3.70662349E-07
