  -2.00000000       3.93473101E-07
  -1.98000002       3.33337226E-07
  -1.96000004       3.48902574E-07
  -1.94000006       3.55573007E-07
  -1.92000008       3.67699585E-07
  -1.90000010       4.27152827E-07
  -1.88000011       5.24225641E-07
  -1.86000013       6.21779463E-07
  -1.84000015       6.96345694E-07
  -1.82000017       7.24952088E-07
  -1.80000019       7.51572657E-07
  -1.78000021       7.96560983E-07
  -1.76000023       8.62669083E-07
  -1.74000025       9.11305165E-07
  -1.72000027       9.30043257E-07
  -1.70000029       9.28769282E-07
  -1.68000031       9.22097115E-07
  -1.66000032       9.45530644E-07
  -1.64000034       9.87787416E-07
  -1.62000036       1.00909438E-06
  -1.60000038       1.00908892E-06
  -1.58000040       1.01484818E-06
  -1.56000042       1.04448566E-06
  -1.54000044       1.07854748E-06
  -1.52000046       1.09050757E-06
  -1.50000048       1.10150495E-06
  -1.48000050       1.12017415E-06
  -1.46000051       1.14162083E-06
  -1.44000053       1.17872605E-06
  -1.42000055       1.17332775E-06
  -1.40000057       1.17561706E-06
  -1.38000059       1.21287633E-06
  -1.36000061       1.22472932E-06
  -1.34000063       1.24029805E-06
  -1.32000065       1.24947633E-06
  -1.30000067       1.30012256E-06
  -1.28000069       1.30585715E-06
  -1.26000071       1.38656765E-06
  -1.24000072       1.26763416E-06
  -1.22000074       1.45091246E-06
  -1.20000076       1.18213393E-06
  -1.18000078       1.74957700E-06
  -1.16000080       1.05942001E-06
  -1.14000082       2.17321394E-06
  -1.12000084       1.18195294E-06
  -1.10000086       2.51987490E-06
  -1.08000088       4.07523021E-06
  -1.06000090       2.47981984E-06
  -1.04000092       1.72689106E-05
  -1.02000093       9.84382768E-06
  -1.00000095       5.68745600E-05
 -0.980000973       7.93663130E-05
 -0.960000992       1.67622580E-04
 -0.940001011       3.88758926E-04
 -0.920001030       6.02077867E-04
 -0.900001049       1.32664538E-03
 -0.880001068       2.33470253E-03
 -0.860001087       4.01319144E-03
 -0.840001106       7.50851538E-03
 -0.820001125       1.23072872E-02
 -0.800001144       2.04258412E-02
 -0.780001163       3.41258273E-02
 -0.760001183       5.29538430E-02
 -0.740001202       8.17862377E-02
 -0.720001221      0.125327930    
 -0.700001240      0.182888329    
 -0.680001259      0.261486650    
 -0.660001278      0.369940758    
 -0.640001297      0.505321980    
 -0.620001316      0.669588983    
 -0.600001335      0.873686969    
 -0.580001354       1.11327398    
 -0.560001373       1.37373805    
 -0.540001392       1.65465343    
 -0.520001411       1.95636737    
 -0.500001431       2.25624633    
 -0.480001420       2.52689409    
 -0.460001409       2.76059675    
 -0.440001398       2.95449996    
 -0.420001388       3.08872294    
 -0.400001377       3.13954568    
 -0.380001366       3.10461116    
 -0.360001355       3.00018120    
 -0.340001345       2.83901238    
 -0.320001334       2.62322474    
 -0.300001323       2.35772705    
 -0.280001312       2.06086850    
 -0.260001302       1.75821364    
 -0.240001306       1.46936393    
 -0.220001310       1.20262289    
 -0.200001314      0.959932089    
 -0.180001318      0.743553221    
 -0.160001323      0.557967007    
 -0.140001327      0.407355666    
 -0.120001331      0.292546868    
 -0.100001335      0.209376752    
  -8.00013393E-02  0.148882285    
  -6.00013398E-02  0.101756938    
  -4.00013402E-02   6.42587245E-02
  -2.00013407E-02   3.62560190E-02
  -1.34110451E-06   1.89760681E-02
   1.99986584E-02   1.55779887E-02
   3.99986580E-02   9.61553026E-03
   5.99986576E-02   5.46634058E-03
   7.99986571E-02   2.95640528E-03
   9.99986529E-02   1.51100056E-03
  0.119998649       7.31767388E-04
  0.139998645       3.42827174E-04
  0.159998640       1.59229312E-04
  0.179998636       7.47643644E-05
  0.199998632       3.60698941E-05
  0.219998628       1.82038693E-05
  0.239998624       9.78996832E-06
  0.259998620       5.70199472E-06
  0.279998630       3.63074241E-06
  0.299998641       2.56380258E-06
  0.319998652       1.99469696E-06
  0.339998662       1.64537209E-06
  0.359998673       1.41185490E-06
  0.379998684       1.26871896E-06
  0.399998695       1.17960508E-06
  0.419998705       1.09551058E-06
  0.439998716       1.00100317E-06
  0.459998727       9.29417467E-07
  0.479998738       8.95125652E-07
  0.499998748       8.66042740E-07
  0.519998729       8.16312138E-07
  0.539998710       7.72372402E-07
  0.559998691       7.39843642E-07
  0.579998672       7.15696842E-07
  0.599998653       6.96523841E-07
  0.619998634       6.76125580E-07
  0.639998615       6.48697721E-07
  0.659998596       6.22226366E-07
  0.679998577       5.97783526E-07
  0.699998558       5.83446081E-07
  0.719998538       5.69038775E-07
  0.739998519       5.47921559E-07
  0.759998500       5.45275100E-07
  0.779998481       5.42139617E-07
  0.799998462       5.22062066E-07
  0.819998443       4.94400751E-07
  0.839998424       4.76770992E-07
  0.859998405       4.72436255E-07
  0.879998386       4.81455174E-07
  0.899998367       4.72358806E-07
  0.919998348       4.51757444E-07
  0.939998329       4.40625087E-07
  0.959998310       4.46228995E-07
  0.979998291       4.51853538E-07
  0.999998271       4.14983077E-07
   1.01999831       4.00276804E-07
   1.03999829       3.96928272E-07
   1.05999827       4.05796158E-07
   1.07999825       4.13793629E-07
   1.09999824       4.05487953E-07
   1.11999822       3.90233851E-07
   1.13999820       3.77485321E-07
   1.15999818       3.68303404E-07
   1.17999816       3.63511560E-07
   1.19999814       3.67234605E-07
   1.21999812       3.65836144E-07
   1.23999810       3.61631521E-07
   1.25999808       3.50605603E-07
   1.27999806       3.38016548E-07
   1.29999804       3.40386833E-07
   1.31999803       3.54883525E-07
   1.33999801       3.52453185E-07
   1.35999799       3.43378048E-07
   1.37999797       3.30804170E-07
   1.39999795       3.24857893E-07
   1.41999793       3.18313681E-07
   1.43999791       3.04593357E-07
   1.45999789       3.16517884E-07
   1.47999787       3.20327530E-07
   1.49999785       3.26799892E-07
   1.51999784       3.30815425E-07
   1.53999782       3.03699608E-07
   1.55999780       2.93936154E-07
   1.57999778       3.01653500E-07
   1.59999776       3.20371612E-07
   1.61999774       3.16931875E-07
   1.63999772       3.01623828E-07
   1.65999770       2.76196658E-07
   1.67999768       2.70259022E-07
   1.69999766       2.65974137E-07
   1.71999764       2.71208705E-07
   1.73999763       3.05120182E-07
   1.75999761       3.09614620E-07
   1.77999759       2.96529635E-07
   1.79999757       2.78966354E-07
   1.81999755       2.68870849E-07
   1.83999753       2.66815874E-07
   1.85999751       2.62024145E-07
   1.87999749       2.67385474E-07
   1.89999747       2.56321130E-07
   1.91999745       2.56353189E-07
   1.93999743       2.71707933E-07
   1.95999742       2.81101080E-07
   1.97999740       2.67516640E-07
   1.99999738       2.56108763E-07
   2.01999736       2.45873565E-07
   2.03999734       2.48323374E-07
   2.05999732       2.49369322E-07
   2.07999730       2.70567170E-07
   2.09999728       2.72779545E-07
   2.11999726       2.47897816E-07
   2.13999724       2.40058483E-07
   2.15999722       2.41814888E-07
   2.17999721       2.43488216E-07
   2.19999719       2.40769538E-07
   2.21999717       2.42264576E-07
   2.23999715       2.40365722E-07
   2.25999713       2.31951006E-07
   2.27999711       2.30380294E-07
   2.29999709       2.36552069E-07
   2.31999707       2.43893197E-07
   2.33999705       2.40781930E-07
   2.35999703       2.40372117E-07
   2.37999701       2.24437599E-07
   2.39999700       2.15527393E-07
   2.41999698       2.20671978E-07
   2.43999696       2.31062629E-07
   2.45999694       2.51432340E-07
   2.47999692       2.23391851E-07
   2.49999690       2.00612249E-07
   2.51999688       2.15426269E-07
   2.53999686       2.35331242E-07
   2.55999684       2.27854159E-07
   2.57999682       2.09348670E-07
   2.59999681       2.08087968E-07
   2.61999679       2.04733766E-07
   2.63999677       2.07910574E-07
   2.65999675       1.98789195E-07
   2.67999673       2.09903533E-07
   2.69999671       2.19859444E-07
   2.71999669       2.22979452E-07
   2.73999667       1.96777506E-07
   2.75999665       2.00423671E-07
   2.77999663       2.06217251E-07
   2.79999661       2.05089378E-07
   2.81999660       2.00743514E-07
   2.83999658       1.78165649E-07
   2.85999656       1.70882089E-07
   2.87999654       1.88327391E-07
   2.89999652       2.21826497E-07
   2.91999650       2.53128917E-07
   2.93999648       2.38172021E-07
   2.95999646       2.15187697E-07
   2.97999644       2.60021807E-07
   2.99999642       3.79532139E-07
   3.01999640       5.50200411E-07
   3.03999639       6.99862596E-07
   3.05999637       7.34218645E-07
   3.07999635       7.15883914E-07
   3.09999633       5.87619013E-07
