  -2.00000000       3.90823118E-07
  -1.98000002       3.23150118E-07
  -1.96000004       2.37820871E-07
  -1.94000006       1.87857566E-07
  -1.92000008       1.54017428E-07
  -1.90000010       1.07727423E-07
  -1.88000011       6.27359285E-08
  -1.86000013       3.27158212E-08
  -1.84000015       1.96162535E-08
  -1.82000017       2.04018153E-08
  -1.80000019       2.02393942E-08
  -1.78000021       1.68655649E-08
  -1.76000023       1.64106346E-08
  -1.74000025       2.54134793E-08
  -1.72000027       3.32578871E-08
  -1.70000029       3.50179867E-08
  -1.68000031       3.66600013E-08
  -1.66000032       3.91954629E-08
  -1.64000034       4.48719248E-08
  -1.62000036       5.21960501E-08
  -1.60000038       5.70395962E-08
  -1.58000040       5.66415785E-08
  -1.56000042       5.66561198E-08
  -1.54000044       5.61376758E-08
  -1.52000046       6.16273539E-08
  -1.50000048       7.24821234E-08
  -1.48000050       7.64986794E-08
  -1.46000051       7.97381006E-08
  -1.44000053       8.28109350E-08
  -1.42000055       8.89540885E-08
  -1.40000057       9.02551918E-08
  -1.38000059       9.21430896E-08
  -1.36000061       9.39582776E-08
  -1.34000063       9.54770201E-08
  -1.32000065       1.03526347E-07
  -1.30000067       1.08083086E-07
  -1.28000069       1.21642032E-07
  -1.26000071       1.31088669E-07
  -1.24000072       1.45297008E-07
  -1.22000074       1.19448842E-07
  -1.20000076       1.55364020E-07
  -1.18000078       1.04658589E-07
  -1.16000080       3.13975903E-07
  -1.14000082       5.50228059E-08
  -1.12000084       8.68526968E-07
  -1.10000086       1.66054775E-07
  -1.08000088       2.81691155E-06
  -1.06000090       2.58857926E-06
  -1.04000092       9.28738427E-06
  -1.02000093       1.81002815E-05
  -1.00000095       3.44135296E-05
 -0.980000973       8.55822000E-05
 -0.960000992       1.44819802E-04
 -0.940001011       3.20421910E-04
 -0.920001030       5.95051970E-04
 -0.900001049       1.09461206E-03
 -0.880001068       2.10039550E-03
 -0.860001087       3.62427696E-03
 -0.840001106       6.41121855E-03
 -0.820001125       1.10526476E-02
 -0.800001144       1.80783458E-02
 -0.780001163       2.96910107E-02
 -0.760001183       4.72594425E-02
 -0.740001202       7.25747570E-02
 -0.720001221      0.110369965    
 -0.700001240      0.163420007    
 -0.680001259      0.234267935    
 -0.660001278      0.330054045    
 -0.640001297      0.454539448    
 -0.620001316      0.607176840    
 -0.600001335      0.792730510    
 -0.580001354       1.01450157    
 -0.560001373       1.26451862    
 -0.540001392       1.53475225    
 -0.520001411       1.82344520    
 -0.500001431       2.11952209    
 -0.480001420       2.39945984    
 -0.460001409       2.64586616    
 -0.440001398       2.85241270    
 -0.420001388       3.00771308    
 -0.400001377       3.09194613    
 -0.380001366       3.09466887    
 -0.360001355       3.02388120    
 -0.340001345       2.89265180    
 -0.320001334       2.70594764    
 -0.300001323       2.46633101    
 -0.280001312       2.18678451    
 -0.260001302       1.89102364    
 -0.240001306       1.60158491    
 -0.220001310       1.33026302    
 -0.200001314       1.07977009    
 -0.180001318      0.851298273    
 -0.160001323      0.649256825    
 -0.140001327      0.480275720    
 -0.120001331      0.349184304    
 -0.100001335      0.254365981    
  -8.00013393E-02  0.185665235    
  -6.00013398E-02  0.131070897    
  -4.00013402E-02   8.54704157E-02
  -2.00013407E-02   4.89880368E-02
  -1.34110451E-06   2.57022865E-02
   1.99986584E-02   2.12099198E-02
   3.99986580E-02   1.32379672E-02
   5.99986576E-02   7.57764373E-03
   7.99986571E-02   4.14070208E-03
   9.99986529E-02   2.16412032E-03
  0.119998649       1.07657618E-03
  0.139998645       5.15636115E-04
  0.159998640       2.43128074E-04
  0.179998636       1.15267889E-04
  0.199998632       5.58493666E-05
  0.219998628       2.80213862E-05
  0.239998624       1.47199307E-05
  0.259998620       8.16631928E-06
  0.279998630       4.77324147E-06
  0.299998641       2.94727852E-06
  0.319998652       1.93971505E-06
  0.339998662       1.36670133E-06
  0.359998673       1.00744444E-06
  0.379998684       7.64371293E-07
  0.399998695       6.07599020E-07
  0.419998705       5.09116319E-07
  0.439998716       4.42250382E-07
  0.459998727       3.78370459E-07
  0.479998738       3.24559039E-07
  0.499998748       2.89778313E-07
  0.519998729       2.73650386E-07
  0.539998710       2.56453944E-07
  0.559998691       2.36834751E-07
  0.579998672       2.20249234E-07
  0.599998653       2.08216449E-07
  0.619998634       2.02209108E-07
  0.639998615       2.04437058E-07
  0.659998596       2.05128700E-07
  0.679998577       1.99054384E-07
  0.699998558       1.93777524E-07
  0.719998538       1.90907514E-07
  0.739998519       1.91292628E-07
  0.759998500       1.84611366E-07
  0.779998481       1.83492830E-07
  0.799998462       1.92691047E-07
  0.819998443       2.01431661E-07
  0.839998424       2.01801541E-07
  0.859998405       1.95371868E-07
  0.879998386       1.85330009E-07
  0.899998367       1.91682645E-07
  0.919998348       2.01947799E-07
  0.939998329       2.06654278E-07
  0.959998310       1.97090216E-07
  0.979998291       1.93401618E-07
  0.999998271       2.17431534E-07
   1.01999831       2.20137792E-07
   1.03999829       2.17766683E-07
   1.05999827       2.06586520E-07
   1.07999825       2.00893027E-07
   1.09999824       2.12969482E-07
   1.11999822       2.27443564E-07
   1.13999820       2.31692553E-07
   1.15999818       2.31781300E-07
   1.17999816       2.32214759E-07
   1.19999814       2.29817786E-07
   1.21999812       2.31935388E-07
   1.23999810       2.34488041E-07
   1.25999808       2.41532092E-07
   1.27999806       2.49762479E-07
   1.29999804       2.46193395E-07
   1.31999803       2.34500163E-07
   1.33999801       2.39448894E-07
   1.35999799       2.48567147E-07
   1.37999797       2.60017714E-07
   1.39999795       2.65222440E-07
   1.41999793       2.66813885E-07
   1.43999791       2.74110107E-07
   1.45999789       2.59411621E-07
   1.47999787       2.58105416E-07
   1.49999785       2.59495636E-07
   1.51999784       2.61743253E-07
   1.53999782       2.88249424E-07
   1.55999780       2.90904865E-07
   1.57999778       2.78638282E-07
   1.59999776       2.66044879E-07
   1.61999774       2.79006258E-07
   1.63999772       2.95139927E-07
   1.65999770       3.14970890E-07
   1.67999768       3.16365231E-07
   1.69999766       3.08994629E-07
   1.71999764       3.00533230E-07
   1.73999763       2.71430338E-07
   1.75999761       2.79441366E-07
   1.77999759       3.02173106E-07
   1.79999757       3.25601349E-07
   1.81999755       3.30859535E-07
   1.83999753       3.26530539E-07
   1.85999751       3.29960983E-07
   1.87999749       3.25115082E-07
   1.89999747       3.31715825E-07
   1.91999745       3.28930696E-07
   1.93999743       3.14957305E-07
   1.95999742       3.15135424E-07
   1.97999740       3.37950581E-07
   1.99999738       3.48851415E-07
   2.01999736       3.52247071E-07
   2.03999734       3.46209077E-07
   2.05999732       3.45523205E-07
   2.07999730       3.26533268E-07
   2.09999728       3.36703692E-07
   2.11999726       3.69948850E-07
   2.13999724       3.76470041E-07
   2.15999722       3.72682678E-07
   2.17999721       3.67619066E-07
   2.19999719       3.70348374E-07
   2.21999717       3.73536892E-07
   2.23999715       3.79627664E-07
   2.25999713       3.88000444E-07
   2.27999711       3.88806740E-07
   2.29999709       3.79728874E-07
   2.31999707       3.75672954E-07
   2.33999705       3.90320025E-07
   2.35999703       4.01613676E-07
   2.37999701       4.19426669E-07
   2.39999700       4.21529705E-07
   2.41999698       4.13051254E-07
   2.43999696       4.05634211E-07
   2.45999694       3.91957258E-07
   2.47999692       4.38947950E-07
   2.49999690       4.76029726E-07
   2.51999688       4.36566893E-07
   2.53999686       4.08451456E-07
   2.55999684       4.36448545E-07
   2.57999682       4.66289947E-07
   2.59999681       4.71239645E-07
   2.61999679       4.83318502E-07
   2.63999677       4.84438203E-07
   2.65999675       4.92028335E-07
   2.67999673       4.73943857E-07
   2.69999671       4.63689901E-07
   2.71999669       4.84523071E-07
   2.73999667       5.45249577E-07
   2.75999665       5.39991618E-07
   2.77999663       5.34487071E-07
   2.79999661       5.49380104E-07
   2.81999660       5.99380428E-07
   2.83999658       6.40488452E-07
   2.85999656       6.40078213E-07
   2.87999654       6.07884260E-07
   2.89999652       6.26072847E-07
   2.91999650       7.13753593E-07
   2.93999648       8.77501520E-07
   2.95999646       9.94246307E-07
   2.97999644       1.02415493E-06
   2.99999642       9.87415433E-07
   3.01999640       9.15776923E-07
   3.03999639       7.90607714E-07
   3.05999637       6.83460826E-07
   3.07999635       5.71509929E-07
   3.09999633       4.85479177E-07
