  -2.00000000       4.99721693E-07
  -1.98000002       4.75852232E-07
  -1.96000004       4.03864476E-07
  -1.94000006       3.51527063E-07
  -1.92000008       3.30137880E-07
  -1.90000010       2.86861564E-07
  -1.88000011       2.28094450E-07
  -1.86000013       1.69085098E-07
  -1.84000015       1.19704396E-07
  -1.82000017       9.11878786E-08
  -1.80000019       8.37767828E-08
  -1.78000021       7.68636994E-08
  -1.76000023       5.79220050E-08
  -1.74000025       3.64449413E-08
  -1.72000027       2.97311491E-08
  -1.70000029       3.19071525E-08
  -1.68000031       3.47699292E-08
  -1.66000032       3.07637720E-08
  -1.64000034       2.32616060E-08
  -1.62000036       1.89911713E-08
  -1.60000038       1.88373779E-08
  -1.58000040       1.92393266E-08
  -1.56000042       1.58963509E-08
  -1.54000044       1.32789131E-08
  -1.52000046       1.15136638E-08
  -1.50000048       9.93523930E-09
  -1.48000050       9.25809918E-09
  -1.46000051       7.99492117E-09
  -1.44000053       6.02846528E-09
  -1.42000055       6.84870383E-09
  -1.40000057       7.67784858E-09
  -1.38000059       5.34551159E-09
  -1.36000061       4.90869523E-09
  -1.34000063       4.57849847E-09
  -1.32000065       5.34456923E-09
  -1.30000067       4.00721101E-09
  -1.28000069       6.54487309E-09
  -1.26000071       5.33219646E-09
  -1.24000072       1.57642805E-08
  -1.22000074       2.25419639E-09
  -1.20000076       2.46473917E-08
  -1.18000078       5.28137134E-09
  -1.16000080       9.86341320E-08
  -1.14000082       4.86658855E-08
  -1.12000084       4.27437726E-07
  -1.10000086       4.85571604E-07
  -1.08000088       1.86625346E-06
  -1.06000090       3.28623059E-06
  -1.04000092       8.03640251E-06
  -1.02000093       1.75668629E-05
  -1.00000095       3.47975583E-05
 -0.980000973       7.85777884E-05
 -0.960000992       1.47001629E-04
 -0.940001011       3.02906119E-04
 -0.920001030       5.76710736E-04
 -0.900001049       1.06813293E-03
 -0.880001068       2.00469373E-03
 -0.860001087       3.52311926E-03
 -0.840001106       6.18656306E-03
 -0.820001125       1.06237605E-02
 -0.800001144       1.75101161E-02
 -0.780001163       2.86339466E-02
 -0.760001183       4.55594212E-02
 -0.740001202       7.02332184E-02
 -0.720001221      0.106665023    
 -0.700001240      0.157937154    
 -0.680001259      0.226987019    
 -0.660001278      0.319935560    
 -0.640001297      0.440693736    
 -0.620001316      0.589818776    
 -0.600001335      0.771391213    
 -0.580001354      0.988230705    
 -0.560001373       1.23397315    
 -0.540001392       1.50130510    
 -0.520001411       1.78750563    
 -0.500001431       2.08181334    
 -0.480001420       2.36219025    
 -0.460001409       2.61135864    
 -0.440001398       2.82220745    
 -0.420001388       2.98352766    
 -0.400001377       3.07592416    
 -0.380001366       3.08820772    
 -0.360001355       3.02719235    
 -0.340001345       2.90550423    
 -0.320001334       2.72784114    
 -0.300001323       2.49572706    
 -0.280001312       2.22096682    
 -0.260001302       1.92725098    
 -0.240001306       1.63821101    
 -0.220001310       1.36657977    
 -0.200001314       1.11496282    
 -0.180001318      0.883814037    
 -0.160001323      0.677228272    
 -0.140001327      0.502593100    
 -0.120001331      0.366290271    
 -0.100001335      0.267848790    
  -8.00013393E-02  0.196851090    
  -6.00013398E-02  0.140316799    
  -4.00013402E-02   9.24148336E-02
  -2.00013407E-02   5.32773994E-02
  -1.34110451E-06   2.80253310E-02
   1.99986584E-02   2.31975224E-02
   3.99986580E-02   1.45350415E-02
   5.99986576E-02   8.34004488E-03
   7.99986571E-02   4.56291856E-03
   9.99986529E-02   2.39177188E-03
  0.119998649       1.19408348E-03
  0.139998645       5.72798366E-04
  0.159998640       2.69606768E-04
  0.179998636       1.27212959E-04
  0.199998632       6.11970681E-05
  0.219998628       3.04138412E-05
  0.239998624       1.57863506E-05
  0.259998620       8.63307105E-06
  0.279998630       4.97076826E-06
  0.299998641       3.01263162E-06
  0.319998652       1.93457527E-06
  0.339998662       1.33250296E-06
  0.359998673       9.69980647E-07
  0.379998684       7.28596149E-07
  0.399998695       5.68240466E-07
  0.419998705       4.71642409E-07
  0.439998716       4.18773425E-07
  0.459998727       3.74142644E-07
  0.479998738       3.27499890E-07
  0.499998748       2.94455702E-07
  0.519998729       2.84990335E-07
  0.539998710       2.79220529E-07
  0.559998691       2.71349506E-07
  0.579998672       2.62377881E-07
  0.599998653       2.55870873E-07
  0.619998634       2.54458229E-07
  0.639998615       2.58504258E-07
  0.659998596       2.62979484E-07
  0.679998577       2.71744057E-07
  0.699998558       2.70752508E-07
  0.719998538       2.71051874E-07
  0.739998519       2.79837366E-07
  0.759998500       2.77549276E-07
  0.779998481       2.73928521E-07
  0.799998462       2.80563313E-07
  0.819998443       2.98358373E-07
  0.839998424       3.09717251E-07
  0.859998405       3.11730616E-07
  0.879998386       3.00321517E-07
  0.899998367       3.00678266E-07
  0.919998348       3.14848535E-07
  0.939998329       3.26234897E-07
  0.959998310       3.21679011E-07
  0.979998291       3.13658632E-07
  0.999998271       3.36372437E-07
   1.01999831       3.57370624E-07
   1.03999829       3.53677081E-07
   1.05999827       3.50953940E-07
   1.07999825       3.43198849E-07
   1.09999824       3.41792912E-07
   1.11999822       3.57798683E-07
   1.13999820       3.70119011E-07
   1.15999818       3.80970675E-07
   1.17999816       3.88548784E-07
   1.19999814       3.81452963E-07
   1.21999812       3.77163019E-07
   1.23999810       3.85417167E-07
   1.25999808       3.97503356E-07
   1.27999806       4.09916680E-07
   1.29999804       4.08124976E-07
   1.31999803       3.94414656E-07
   1.33999801       3.91770755E-07
   1.35999799       4.05347038E-07
   1.37999797       4.20253173E-07
   1.39999795       4.27367183E-07
   1.41999793       4.33926260E-07
   1.43999791       4.48437106E-07
   1.45999789       4.39914515E-07
   1.47999787       4.33959173E-07
   1.49999785       4.25329404E-07
   1.51999784       4.19272823E-07
   1.53999782       4.50600311E-07
   1.55999780       4.71472305E-07
   1.57999778       4.68086739E-07
   1.59999776       4.43234228E-07
   1.61999774       4.37426451E-07
   1.63999772       4.64970867E-07
   1.65999770       5.00054000E-07
   1.67999768       5.00418537E-07
   1.69999766       5.10397001E-07
   1.71999764       5.06668641E-07
   1.73999763       4.62778956E-07
   1.75999761       4.51855186E-07
   1.77999759       4.72046821E-07
   1.79999757       4.99692533E-07
   1.81999755       5.19853927E-07
   1.83999753       5.24991492E-07
   1.85999751       5.30688965E-07
   1.87999749       5.16024045E-07
   1.89999747       5.33748789E-07
   1.91999745       5.39706093E-07
   1.93999743       5.21317816E-07
   1.95999742       5.00450881E-07
   1.97999740       5.22216396E-07
   1.99999738       5.42991529E-07
   2.01999736       5.62995695E-07
   2.03999734       5.56848136E-07
   2.05999732       5.55988152E-07
   2.07999730       5.30902184E-07
   2.09999728       5.25648375E-07
   2.11999726       5.67165557E-07
   2.13999724       5.88482465E-07
   2.15999722       5.82333257E-07
   2.17999721       5.80326798E-07
   2.19999719       5.85178100E-07
   2.21999717       5.84283271E-07
   2.23999715       5.88318301E-07
   2.25999713       6.05914181E-07
   2.27999711       6.09998096E-07
   2.29999709       6.01116653E-07
   2.31999707       5.95084373E-07
   2.33999705       6.01096701E-07
   2.35999703       6.07215497E-07
   2.37999701       6.35008462E-07
   2.39999700       6.55176905E-07
   2.41999698       6.52368328E-07
   2.43999696       6.31498892E-07
   2.45999694       6.04029481E-07
   2.47999692       6.56555244E-07
   2.49999690       6.99761188E-07
   2.51999688       6.82338225E-07
   2.53999686       6.43711360E-07
   2.55999684       6.56386419E-07
   2.57999682       6.98557415E-07
   2.59999681       7.15768977E-07
   2.61999679       7.23371954E-07
   2.63999677       7.18537763E-07
   2.65999675       7.42237660E-07
   2.67999673       7.27976214E-07
   2.69999671       7.09697872E-07
   2.71999669       7.18585113E-07
   2.73999667       7.86207977E-07
   2.75999665       7.96621066E-07
   2.77999663       7.91934383E-07
   2.79999661       8.12691553E-07
   2.81999660       8.45901468E-07
   2.83999658       9.12684527E-07
   2.85999656       9.38480582E-07
   2.87999654       9.23935602E-07
   2.89999652       9.07201525E-07
   2.91999650       9.58019996E-07
   2.93999648       1.13831402E-06
   2.95999646       1.31222441E-06
   2.97999644       1.32728837E-06
   2.99999642       1.20516347E-06
   3.01999640       1.02087154E-06
   3.03999639       8.19507306E-07
   3.05999637       6.92853519E-07
   3.07999635       5.75777904E-07
   3.09999633       5.45035221E-07
