  -2.00000000       1.07564085E-06
  -1.98000002       1.18457967E-06
  -1.96000004       1.36359051E-06
  -1.94000006       1.48307561E-06
  -1.92000008       1.53017072E-06
  -1.90000010       1.62345668E-06
  -1.88000011       1.72427656E-06
  -1.86000013       1.78325445E-06
  -1.84000015       1.78274138E-06
  -1.82000017       1.72226930E-06
  -1.80000019       1.63472941E-06
  -1.78000021       1.58826140E-06
  -1.76000023       1.59334036E-06
  -1.74000025       1.61233561E-06
  -1.72000027       1.55869373E-06
  -1.70000029       1.47393291E-06
  -1.68000031       1.40561963E-06
  -1.66000032       1.39394365E-06
  -1.64000034       1.40307543E-06
  -1.62000036       1.39645101E-06
  -1.60000038       1.36157360E-06
  -1.58000040       1.33543926E-06
  -1.56000042       1.34749769E-06
  -1.54000044       1.34990773E-06
  -1.52000046       1.34261859E-06
  -1.50000048       1.33360618E-06
  -1.48000050       1.31363436E-06
  -1.46000051       1.30930152E-06
  -1.44000053       1.31045874E-06
  -1.42000055       1.29396938E-06
  -1.40000057       1.26703367E-06
  -1.38000059       1.28128772E-06
  -1.36000061       1.28256045E-06
  -1.34000063       1.27148803E-06
  -1.32000065       1.26832424E-06
  -1.30000067       1.26586463E-06
  -1.28000069       1.28263036E-06
  -1.26000071       1.27876967E-06
  -1.24000072       1.27177839E-06
  -1.22000074       1.19710285E-06
  -1.20000076       1.29058492E-06
  -1.18000078       1.13501858E-06
  -1.16000080       1.65959398E-06
  -1.14000082       7.69045073E-07
  -1.12000084       2.58140199E-06
  -1.10000086       1.19161861E-07
  -1.08000088       5.07425057E-06
  -1.06000090       1.69770442E-06
  -1.04000092       9.78409480E-06
  -1.02000093       1.78711816E-05
  -1.00000095       2.34902745E-05
 -0.980000973       8.29307537E-05
 -0.960000992       1.05444255E-04
 -0.940001011       2.68408301E-04
 -0.920001030       4.93009458E-04
 -0.900001049       8.39542889E-04
 -0.880001068       1.73411693E-03
 -0.860001087       2.86788517E-03
 -0.840001106       5.03998064E-03
 -0.820001125       8.92469566E-03
 -0.800001144       1.42738447E-02
 -0.780001163       2.35253889E-02
 -0.760001183       3.80015522E-02
 -0.740001202       5.78930378E-02
 -0.720001221       8.83284062E-02
 -0.700001240      0.132392719    
 -0.680001259      0.189882487    
 -0.660001278      0.268102169    
 -0.640001297      0.373522788    
 -0.620001316      0.503159165    
 -0.600001335      0.660294175    
 -0.580001354      0.854678392    
 -0.560001373       1.08150470    
 -0.540001392       1.32768953    
 -0.520001411       1.59343326    
 -0.500001431       1.87897241    
 -0.480001420       2.16280031    
 -0.460001409       2.41877270    
 -0.440001398       2.64168429    
 -0.420001388       2.83325887    
 -0.400001377       2.97570944    
 -0.380001366       3.04193473    
 -0.360001355       3.02630758    
 -0.340001345       2.94691420    
 -0.320001334       2.81842542    
 -0.300001323       2.63795710    
 -0.280001312       2.40137243    
 -0.260001302       2.12322187    
 -0.240001306       1.83362162    
 -0.220001310       1.55809271    
 -0.200001314       1.30462551    
 -0.180001318       1.06832790    
 -0.160001323      0.845062912    
 -0.140001327      0.641258419    
 -0.120001331      0.472678959    
 -0.100001335      0.349869907    
  -8.00013393E-02  0.264404684    
  -6.00013398E-02  0.197843954    
  -4.00013402E-02  0.137186185    
  -2.00013407E-02   8.16363543E-02
  -1.34110451E-06   4.34799157E-02
   1.99986584E-02   3.69990915E-02
   3.99986580E-02   2.39549614E-02
   5.99986576E-02   1.42174205E-02
   7.99986571E-02   7.99174886E-03
   9.99986529E-02   4.32234863E-03
  0.119998649       2.23714579E-03
  0.139998645       1.10193447E-03
  0.159998640       5.20213973E-04
  0.179998636       2.38913432E-04
  0.199998632       1.08335676E-04
  0.219998628       4.90409002E-05
  0.239998624       2.23407151E-05
  0.259998620       1.03179718E-05
  0.279998630       4.90750563E-06
  0.299998641       2.44204080E-06
  0.319998652       1.31840579E-06
  0.339998662       8.24491224E-07
  0.359998673       6.31375030E-07
  0.379998684       5.82001405E-07
  0.399998695       5.94657593E-07
  0.419998705       6.26983422E-07
  0.439998716       6.58237468E-07
  0.459998727       7.09570998E-07
  0.479998738       7.84592828E-07
  0.499998748       8.50994923E-07
  0.519998729       8.84131794E-07
  0.539998710       9.17578120E-07
  0.559998691       9.63773118E-07
  0.579998672       1.01678154E-06
  0.599998653       1.06118114E-06
  0.619998634       1.09001724E-06
  0.639998615       1.10668293E-06
  0.659998596       1.12982559E-06
  0.679998577       1.15209218E-06
  0.699998558       1.19350068E-06
  0.719998538       1.22790175E-06
  0.739998519       1.24271617E-06
  0.759998500       1.27740066E-06
  0.779998481       1.30427748E-06
  0.799998462       1.30869842E-06
  0.819998443       1.30130559E-06
  0.839998424       1.31993920E-06
  0.859998405       1.35701782E-06
  0.879998386       1.41066380E-06
  0.899998367       1.41549765E-06
  0.919998348       1.40090856E-06
  0.939998329       1.39438680E-06
  0.959998310       1.44134572E-06
  0.979998291       1.47591118E-06
  0.999998271       1.44080832E-06
   1.01999831       1.43758496E-06
   1.03999829       1.47708749E-06
   1.05999827       1.51721724E-06
   1.07999825       1.54701593E-06
   1.09999824       1.53227018E-06
   1.11999822       1.49698792E-06
   1.13999820       1.51051893E-06
   1.15999818       1.53477572E-06
   1.17999816       1.55001760E-06
   1.19999814       1.57503439E-06
   1.21999812       1.58935813E-06
   1.23999810       1.58665796E-06
   1.25999808       1.58318653E-06
   1.27999806       1.57903958E-06
   1.29999804       1.60184084E-06
   1.31999803       1.64033111E-06
   1.33999801       1.64336063E-06
   1.35999799       1.62580773E-06
   1.37999797       1.61243702E-06
   1.39999795       1.61768492E-06
   1.41999793       1.64047810E-06
   1.43999791       1.64733194E-06
   1.45999789       1.69610996E-06
   1.47999787       1.70375290E-06
   1.49999785       1.69379598E-06
   1.51999784       1.69370628E-06
   1.53999782       1.64099254E-06
   1.55999780       1.65118195E-06
   1.57999778       1.70146336E-06
   1.59999776       1.73873366E-06
   1.61999774       1.72141517E-06
   1.63999772       1.68294218E-06
   1.65999770       1.66359462E-06
   1.67999768       1.70134649E-06
   1.69999766       1.74752222E-06
   1.71999764       1.77100878E-06
   1.73999763       1.83043937E-06
   1.75999761       1.79773201E-06
   1.77999759       1.73341232E-06
   1.79999757       1.69080431E-06
   1.81999755       1.70995554E-06
   1.83999753       1.75449009E-06
   1.85999751       1.76647427E-06
   1.87999749       1.79825372E-06
   1.89999747       1.79519873E-06
   1.91999745       1.80660788E-06
   1.93999743       1.83703298E-06
   1.95999742       1.83817235E-06
   1.97999740       1.78147820E-06
   1.99999738       1.77429752E-06
   2.01999736       1.79865151E-06
   2.03999734       1.83523878E-06
   2.05999732       1.84226451E-06
   2.07999730       1.88099489E-06
   2.09999728       1.85769102E-06
   2.11999726       1.78850223E-06
   2.13999724       1.79821507E-06
   2.15999722       1.83664008E-06
   2.17999721       1.86773468E-06
   2.19999719       1.87534044E-06
   2.21999717       1.87776152E-06
   2.23999715       1.87251521E-06
   2.25999713       1.86593002E-06
   2.27999711       1.88222896E-06
   2.29999709       1.91906543E-06
   2.31999707       1.92917537E-06
   2.33999705       1.89927232E-06
   2.35999703       1.87941521E-06
   2.37999701       1.86490104E-06
   2.39999700       1.89996445E-06
   2.41999698       1.93251367E-06
   2.43999696       1.95799930E-06
   2.45999694       1.98470048E-06
   2.47999692       1.89499553E-06
   2.49999690       1.84823068E-06
   2.51999688       1.95758707E-06
   2.53999686       2.04029971E-06
   2.55999684       1.98424118E-06
   2.57999682       1.94266386E-06
   2.59999681       1.95233952E-06
   2.61999679       1.96486690E-06
   2.63999677       1.98671205E-06
   2.65999675       1.98941893E-06
   2.67999673       2.04716662E-06
   2.69999671       2.10009284E-06
   2.71999669       2.05676565E-06
   2.73999667       1.96311316E-06
   2.75999665       2.01432090E-06
   2.77999663       2.09563063E-06
   2.79999661       2.10647067E-06
   2.81999660       2.05374590E-06
   2.83999658       2.05807919E-06
   2.85999656       2.16521698E-06
   2.87999654       2.29159150E-06
   2.89999652       2.26680481E-06
   2.91999650       2.13155909E-06
   2.93999648       1.95411781E-06
   2.95999646       1.87508601E-06
   2.97999644       1.76720187E-06
   2.99999642       1.52541645E-06
   3.01999640       1.26822044E-06
   3.03999639       1.15208263E-06
   3.05999637       1.09997063E-06
   3.07999635       1.17564230E-06
   3.09999633       1.20918025E-06
