  -2.00000000       2.14913484E-06
  -1.98000002       2.31831518E-06
  -1.96000004       2.58042110E-06
  -1.94000006       2.82800488E-06
  -1.92000008       2.96499479E-06
  -1.90000010       2.94695269E-06
  -1.88000011       2.93326752E-06
  -1.86000013       2.93346579E-06
  -1.84000015       2.90332173E-06
  -1.82000017       2.78789230E-06
  -1.80000019       2.57409260E-06
  -1.78000021       2.35225548E-06
  -1.76000023       2.24240398E-06
  -1.74000025       2.22659924E-06
  -1.72000027       2.19371577E-06
  -1.70000029       2.05309857E-06
  -1.68000031       1.91993081E-06
  -1.66000032       1.82257997E-06
  -1.64000034       1.81145811E-06
  -1.62000036       1.82428619E-06
  -1.60000038       1.81165740E-06
  -1.58000040       1.77982690E-06
  -1.56000042       1.72395153E-06
  -1.54000044       1.68827694E-06
  -1.52000046       1.68866120E-06
  -1.50000048       1.70606404E-06
  -1.48000050       1.68718873E-06
  -1.46000051       1.63361324E-06
  -1.44000053       1.59674869E-06
  -1.42000055       1.57699776E-06
  -1.40000057       1.57135969E-06
  -1.38000059       1.53401083E-06
  -1.36000061       1.51018469E-06
  -1.34000063       1.50270182E-06
  -1.32000065       1.49438529E-06
  -1.30000067       1.47666844E-06
  -1.28000069       1.46745674E-06
  -1.26000071       1.44057378E-06
  -1.24000072       1.44928458E-06
  -1.22000074       1.36963877E-06
  -1.20000076       1.32470188E-06
  -1.18000078       1.35017990E-06
  -1.16000080       1.27228645E-06
  -1.14000082       1.78661730E-06
  -1.12000084       7.60208707E-07
  -1.10000086       3.09036227E-06
  -1.08000088       2.23171686E-08
  -1.06000090       6.79408731E-06
  -1.04000092       2.47900516E-06
  -1.02000093       1.44923206E-05
  -1.00000095       2.42532351E-05
 -0.980000973       3.66708664E-05
 -0.960000992       1.07805499E-04
 -0.940001011       1.46185761E-04
 -0.920001030       3.41755687E-04
 -0.900001049       6.06856251E-04
 -0.880001068       1.03111519E-03
 -0.860001087       2.00398313E-03
 -0.840001106       3.28426063E-03
 -0.820001125       5.62575040E-03
 -0.800001144       9.62588005E-03
 -0.780001163       1.52522968E-02
 -0.760001183       2.45305561E-02
 -0.740001202       3.86344567E-02
 -0.720001221       5.81507310E-02
 -0.700001240       8.68864581E-02
 -0.680001259      0.127620459    
 -0.660001278      0.181489006    
 -0.640001297      0.253692091    
 -0.620001316      0.349344581    
 -0.600001335      0.468739837    
 -0.580001354      0.613072574    
 -0.560001373      0.786704421    
 -0.540001392      0.989467502    
 -0.520001411       1.21461678    
 -0.500001431       1.45706689    
 -0.480001420       1.71580875    
 -0.460001409       1.98242331    
 -0.440001398       2.23601890    
 -0.420001388       2.45912099    
 -0.400001377       2.64993691    
 -0.380001366       2.80665207    
 -0.360001355       2.90979576    
 -0.340001345       2.93780160    
 -0.320001334       2.89430666    
 -0.300001323       2.80253434    
 -0.280001312       2.67333055    
 -0.260001302       2.49437881    
 -0.240001306       2.25640035    
 -0.220001310       1.98059022    
 -0.200001314       1.71108282    
 -0.180001318       1.47641778    
 -0.160001323       1.26079011    
 -0.140001327       1.03010392    
 -0.120001331      0.790322602    
 -0.100001335      0.588466227    
  -8.00013393E-02  0.457316220    
  -6.00013398E-02  0.378433704    
  -4.00013402E-02  0.297077179    
  -2.00013407E-02  0.193185404    
  -1.34110451E-06  0.104345083    
   1.99986584E-02   9.29754376E-02
   3.99986580E-02   6.26417920E-02
   5.99986576E-02   3.91888656E-02
   7.99986571E-02   2.34180279E-02
   9.99986529E-02   1.35882339E-02
  0.119998649       7.77069200E-03
  0.139998645       4.39533405E-03
  0.159998640       2.44778767E-03
  0.179998636       1.34048052E-03
  0.199998632       7.26547907E-04
  0.219998628       3.94238334E-04
  0.239998624       2.16852190E-04
  0.259998620       1.22346886E-04
  0.279998630       7.14169291E-05
  0.299998641       4.35805450E-05
  0.319998652       2.79799096E-05
  0.339998662       1.88777813E-05
  0.359998673       1.33419007E-05
  0.379998684       9.89901491E-06
  0.399998695       7.74113960E-06
  0.419998705       6.29298620E-06
  0.439998716       5.23656763E-06
  0.459998727       4.45398973E-06
  0.479998738       3.93961318E-06
  0.499998748       3.58508305E-06
  0.519998729       3.28317833E-06
  0.539998710       2.99702810E-06
  0.559998691       2.77416439E-06
  0.579998672       2.62583580E-06
  0.599998653       2.51454185E-06
  0.619998634       2.39484712E-06
  0.639998615       2.29946590E-06
  0.659998596       2.21340997E-06
  0.679998577       2.12097689E-06
  0.699998558       2.07682774E-06
  0.719998538       2.04739945E-06
  0.739998519       2.01174885E-06
  0.759998500       1.96955170E-06
  0.779998481       1.95049165E-06
  0.799998462       1.92670154E-06
  0.819998443       1.87756496E-06
  0.839998424       1.83650855E-06
  0.859998405       1.82582176E-06
  0.879998386       1.83988209E-06
  0.899998367       1.85714327E-06
  0.919998348       1.82998133E-06
  0.939998329       1.78773598E-06
  0.959998310       1.75700973E-06
  0.979998291       1.78461801E-06
  0.999998271       1.79462472E-06
   1.01999831       1.74321121E-06
   1.03999829       1.75679304E-06
   1.05999827       1.76423919E-06
   1.07999825       1.76690696E-06
   1.09999824       1.80045618E-06
   1.11999822       1.77994900E-06
   1.13999820       1.73527928E-06
   1.15999818       1.72448017E-06
   1.17999816       1.72945431E-06
   1.19999814       1.76491346E-06
   1.21999812       1.80599079E-06
   1.23999810       1.80035317E-06
   1.25999808       1.75442722E-06
   1.27999806       1.74847071E-06
   1.29999804       1.75380455E-06
   1.31999803       1.79399126E-06
   1.33999801       1.81181940E-06
   1.35999799       1.79577705E-06
   1.37999797       1.76584899E-06
   1.39999795       1.77618404E-06
   1.41999793       1.77308391E-06
   1.43999791       1.81348673E-06
   1.45999789       1.80757070E-06
   1.47999787       1.82893177E-06
   1.49999785       1.85719819E-06
   1.51999784       1.85209979E-06
   1.53999782       1.84454052E-06
   1.55999780       1.77161212E-06
   1.57999778       1.75432785E-06
   1.59999776       1.84274586E-06
   1.61999774       1.92689754E-06
   1.63999772       1.85594411E-06
   1.65999770       1.82041106E-06
   1.67999768       1.83815246E-06
   1.69999766       1.85349393E-06
   1.71999764       1.89296179E-06
   1.73999763       1.95012240E-06
   1.75999761       1.98052385E-06
   1.77999759       1.94783979E-06
   1.79999757       1.88643469E-06
   1.81999755       1.83214081E-06
   1.83999753       1.83786494E-06
   1.85999751       1.90794935E-06
   1.87999749       1.97062377E-06
   1.89999747       1.97860322E-06
   1.91999745       1.96042333E-06
   1.93999743       1.95959933E-06
   1.95999742       2.02101910E-06
   1.97999740       2.02825981E-06
   1.99999738       1.96746169E-06
   2.01999736       1.91676918E-06
   2.03999734       1.96744941E-06
   2.05999732       2.02462820E-06
   2.07999730       2.04446178E-06
   2.09999728       2.07890480E-06
   2.11999726       2.04550429E-06
   2.13999724       1.97311260E-06
   2.15999722       1.99862461E-06
   2.17999721       2.05037827E-06
   2.19999719       2.10023109E-06
   2.21999717       2.11667407E-06
   2.23999715       2.12642817E-06
   2.25999713       2.11039651E-06
   2.27999711       2.11196789E-06
   2.29999709       2.14006059E-06
   2.31999707       2.15927730E-06
   2.33999705       2.18036348E-06
   2.35999703       2.18311129E-06
   2.37999701       2.18743958E-06
   2.39999700       2.12877330E-06
   2.41999698       2.14991655E-06
   2.43999696       2.24548762E-06
   2.45999694       2.29747388E-06
   2.47999692       2.26643010E-06
   2.49999690       2.24653763E-06
   2.51999688       2.20644233E-06
   2.53999686       2.31276408E-06
   2.55999684       2.42235274E-06
   2.57999682       2.38919324E-06
   2.59999681       2.32115281E-06
   2.61999679       2.32750926E-06
   2.63999677       2.40311942E-06
   2.65999675       2.45230376E-06
   2.67999673       2.46929267E-06
   2.69999671       2.53319922E-06
   2.71999669       2.60344586E-06
   2.73999667       2.61051241E-06
   2.75999665       2.58892487E-06
   2.77999663       2.61910213E-06
   2.79999661       2.74324839E-06
   2.81999660       2.90829598E-06
   2.83999658       2.98277337E-06
   2.85999656       3.04348987E-06
   2.87999654       3.25356245E-06
   2.89999652       3.62927403E-06
   2.91999650       3.85601425E-06
   2.93999648       3.70566136E-06
   2.95999646       3.29423506E-06
   2.97999644       2.97704969E-06
   2.99999642       2.85963165E-06
   3.01999640       2.79344999E-06
   3.03999639       2.67068845E-06
   3.05999637       2.63433094E-06
   3.07999635       2.73295132E-06
   3.09999633       2.77840741E-06
