  -2.00000000       1.41413511E-06
  -1.98000002       1.19325296E-06
  -1.96000004       1.24715700E-06
  -1.94000006       1.41231556E-06
  -1.92000008       1.64308403E-06
  -1.90000010       1.79919834E-06
  -1.88000011       1.86830084E-06
  -1.86000013       1.93937467E-06
  -1.84000015       2.00874160E-06
  -1.82000017       2.02747742E-06
  -1.80000019       2.01769080E-06
  -1.78000021       1.94091126E-06
  -1.76000023       1.81412895E-06
  -1.74000025       1.67969745E-06
  -1.72000027       1.64474829E-06
  -1.70000029       1.64056723E-06
  -1.68000031       1.57085981E-06
  -1.66000032       1.45325464E-06
  -1.64000034       1.36814185E-06
  -1.62000036       1.33760773E-06
  -1.60000038       1.35573714E-06
  -1.58000040       1.33182925E-06
  -1.56000042       1.27045621E-06
  -1.54000044       1.22696611E-06
  -1.52000046       1.21368748E-06
  -1.50000048       1.22677147E-06
  -1.48000050       1.23971756E-06
  -1.46000051       1.21318431E-06
  -1.44000053       1.17931302E-06
  -1.42000055       1.16251863E-06
  -1.40000057       1.15002013E-06
  -1.38000059       1.11749591E-06
  -1.36000061       1.07448670E-06
  -1.34000063       1.05880827E-06
  -1.32000065       1.06156904E-06
  -1.30000067       1.07740505E-06
  -1.28000069       1.04662900E-06
  -1.26000071       1.08371057E-06
  -1.24000072       9.91295451E-07
  -1.22000074       1.11393479E-06
  -1.20000076       8.83818529E-07
  -1.18000078       1.10866233E-06
  -1.16000080       7.28860698E-07
  -1.14000082       1.24779228E-06
  -1.12000084       1.05836057E-06
  -1.10000086       1.14424915E-06
  -1.08000088       2.83940471E-06
  -1.06000090       8.09077903E-07
  -1.04000092       9.20631373E-06
  -1.02000093       4.82536734E-06
  -1.00000095       2.59167191E-05
 -0.980000973       3.69499503E-05
 -0.960000992       7.19082600E-05
 -0.940001011       1.66769038E-04
 -0.920001030       2.50038021E-04
 -0.900001049       5.41994348E-04
 -0.880001068       9.34645417E-04
 -0.860001087       1.60014804E-03
 -0.840001106       2.95406906E-03
 -0.820001125       4.79332916E-03
 -0.800001144       8.00059270E-03
 -0.780001163       1.32874846E-02
 -0.760001183       2.07216758E-02
 -0.740001202       3.25308815E-02
 -0.720001221       5.03472760E-02
 -0.700001240       7.46727064E-02
 -0.680001259      0.109432876    
 -0.660001278      0.157988340    
 -0.640001297      0.220667571    
 -0.620001316      0.301924556    
 -0.600001335      0.408400595    
 -0.580001354      0.539846897    
 -0.560001373      0.695004106    
 -0.540001392      0.879116476    
 -0.520001411       1.09239364    
 -0.500001431       1.32284296    
 -0.480001420       1.56300938    
 -0.460001409       1.81668568    
 -0.440001398       2.07631254    
 -0.420001388       2.31480765    
 -0.400001377       2.51458597    
 -0.380001366       2.68218970    
 -0.360001355       2.81814337    
 -0.340001345       2.89612412    
 -0.320001334       2.89305305    
 -0.300001323       2.82288766    
 -0.280001312       2.71776986    
 -0.260001302       2.58335638    
 -0.240001306       2.39447665    
 -0.220001310       2.14014149    
 -0.200001314       1.85973072    
 -0.180001318       1.61333358    
 -0.160001323       1.40864313    
 -0.140001327       1.19348872    
 -0.120001331      0.942739308    
 -0.100001335      0.703958511    
  -8.00013393E-02  0.543804824    
  -6.00013398E-02  0.461200744    
  -4.00013402E-02  0.379587024    
  -2.00013407E-02  0.255724579    
  -1.34110451E-06  0.138834134    
   1.99986584E-02  0.126023948    
   3.99986580E-02   8.66099596E-02
   5.99986576E-02   5.54648302E-02
   7.99986571E-02   3.41809914E-02
   9.99986529E-02   2.05151718E-02
  0.119998649       1.21208178E-02
  0.139998645       7.08448188E-03
  0.159998640       4.07683197E-03
  0.179998636       2.29377788E-03
  0.199998632       1.26038282E-03
  0.219998628       6.80480327E-04
  0.239998624       3.64873384E-04
  0.259998620       1.96659195E-04
  0.279998630       1.07601045E-04
  0.299998641       6.04138804E-05
  0.319998652       3.51537674E-05
  0.339998662       2.13461317E-05
  0.359998673       1.35358723E-05
  0.379998684       8.96058827E-06
  0.399998695       6.22158814E-06
  0.419998705       4.54308201E-06
  0.439998716       3.47621994E-06
  0.459998727       2.73380329E-06
  0.479998738       2.20382708E-06
  0.499998748       1.85915712E-06
  0.519998729       1.64661265E-06
  0.539998710       1.47855167E-06
  0.559998691       1.32577622E-06
  0.579998672       1.20246023E-06
  0.599998653       1.12425721E-06
  0.619998634       1.08304368E-06
  0.639998615       1.05117465E-06
  0.659998596       1.01063085E-06
  0.679998577       9.80371055E-07
  0.699998558       9.43751047E-07
  0.719998538       9.29545081E-07
  0.739998519       9.37334562E-07
  0.759998500       9.37697735E-07
  0.779998481       9.38143216E-07
  0.799998462       9.43503892E-07
  0.819998443       9.57859129E-07
  0.839998424       9.49933622E-07
  0.859998405       9.38165954E-07
  0.879998386       9.24898188E-07
  0.899998367       9.52315816E-07
  0.919998348       9.93511662E-07
  0.939998329       1.02668423E-06
  0.959998310       9.95850655E-07
  0.979998291       9.79798756E-07
  0.999998271       1.01802766E-06
   1.01999831       1.05442803E-06
   1.03999829       1.03260004E-06
   1.05999827       1.02758190E-06
   1.07999825       1.03878585E-06
   1.09999824       1.07741789E-06
   1.11999822       1.13941360E-06
   1.13999820       1.12248995E-06
   1.15999818       1.09437747E-06
   1.17999816       1.10295719E-06
   1.19999814       1.11959685E-06
   1.21999812       1.13127635E-06
   1.23999810       1.16700551E-06
   1.25999808       1.19118704E-06
   1.27999806       1.20153163E-06
   1.29999804       1.20097150E-06
   1.31999803       1.20021866E-06
   1.33999801       1.22340532E-06
   1.35999799       1.25148972E-06
   1.37999797       1.27168596E-06
   1.39999795       1.26901296E-06
   1.41999793       1.26661280E-06
   1.43999791       1.25605550E-06
   1.45999789       1.25852648E-06
   1.47999787       1.28547185E-06
   1.49999785       1.33981132E-06
   1.51999784       1.36825759E-06
   1.53999782       1.38548899E-06
   1.55999780       1.38015093E-06
   1.57999778       1.34530933E-06
   1.59999776       1.33371805E-06
   1.61999774       1.35709888E-06
   1.63999772       1.45166837E-06
   1.65999770       1.46384536E-06
   1.67999768       1.41065800E-06
   1.69999766       1.38342125E-06
   1.71999764       1.42978013E-06
   1.73999763       1.45085835E-06
   1.75999761       1.51313589E-06
   1.77999759       1.58841112E-06
   1.79999757       1.59106105E-06
   1.81999755       1.52564110E-06
   1.83999753       1.47317269E-06
   1.85999751       1.48117363E-06
   1.87999749       1.49640732E-06
   1.89999747       1.54887459E-06
   1.91999745       1.59256683E-06
   1.93999743       1.60754382E-06
   1.95999742       1.61399305E-06
   1.97999740       1.67108374E-06
   1.99999738       1.68616509E-06
   2.01999736       1.64960079E-06
   2.03999734       1.61379671E-06
   2.05999732       1.64638288E-06
   2.07999730       1.66471375E-06
   2.09999728       1.69203554E-06
   2.11999726       1.76122649E-06
   2.13999724       1.76426829E-06
   2.15999722       1.70565318E-06
   2.17999721       1.70490705E-06
   2.19999719       1.73586614E-06
   2.21999717       1.76723506E-06
   2.23999715       1.80301492E-06
   2.25999713       1.85074487E-06
   2.27999711       1.84864791E-06
   2.29999709       1.81320559E-06
   2.31999707       1.83786563E-06
   2.33999705       1.88708361E-06
   2.35999703       1.93892629E-06
   2.37999701       1.93950723E-06
   2.39999700       1.91867343E-06
   2.41999698       1.92352445E-06
   2.43999696       1.90343303E-06
   2.45999694       1.93571668E-06
   2.47999692       2.05440097E-06
   2.49999690       2.09443147E-06
   2.51999688       2.05139486E-06
   2.53999686       1.99442275E-06
   2.55999684       2.06252730E-06
   2.57999682       2.15452496E-06
   2.59999681       2.20733682E-06
   2.61999679       2.16697504E-06
   2.63999677       2.15680484E-06
   2.65999675       2.24053110E-06
   2.67999673       2.29386933E-06
   2.69999671       2.24924429E-06
   2.71999669       2.36459391E-06
   2.73999667       2.52600353E-06
   2.75999665       2.53937469E-06
   2.77999663       2.46650416E-06
   2.79999661       2.55576811E-06
   2.81999660       2.74890385E-06
   2.83999658       2.90254593E-06
   2.85999656       2.94455094E-06
   2.87999654       3.02053218E-06
   2.89999652       3.14664112E-06
   2.91999650       3.20499771E-06
   2.93999648       3.01828914E-06
   2.95999646       2.57791544E-06
   2.97999644       2.10773806E-06
   2.99999642       1.92344237E-06
   3.01999640       2.03416153E-06
   3.03999639       2.30547789E-06
   3.05999637       2.56962062E-06
   3.07999635       2.56082512E-06
   3.09999633       2.31832701E-06
