  -2.00000000       5.70781197E-07
  -1.98000002       3.80139909E-07
  -1.96000004       3.81907597E-07
  -1.94000006       4.73802487E-07
  -1.92000008       6.16083867E-07
  -1.90000010       7.35593517E-07
  -1.88000011       7.92307503E-07
  -1.86000013       8.39053087E-07
  -1.84000015       8.82780228E-07
  -1.82000017       9.03645628E-07
  -1.80000019       9.20436150E-07
  -1.78000021       8.97079303E-07
  -1.76000023       8.15536964E-07
  -1.74000025       7.11303187E-07
  -1.72000027       6.73732927E-07
  -1.70000029       6.84357246E-07
  -1.68000031       6.57085650E-07
  -1.66000032       5.94315622E-07
  -1.64000034       5.30584373E-07
  -1.62000036       4.98469547E-07
  -1.60000038       5.02313810E-07
  -1.58000040       4.88536102E-07
  -1.56000042       4.61718116E-07
  -1.54000044       4.37885376E-07
  -1.52000046       4.25252949E-07
  -1.50000048       4.24386826E-07
  -1.48000050       4.30567809E-07
  -1.46000051       4.25483250E-07
  -1.44000053       4.09341624E-07
  -1.42000055       3.99021474E-07
  -1.40000057       3.84737234E-07
  -1.38000059       3.69958769E-07
  -1.36000061       3.49402256E-07
  -1.34000063       3.34787700E-07
  -1.32000065       3.37037136E-07
  -1.30000067       3.41034678E-07
  -1.28000069       3.35013198E-07
  -1.26000071       3.41281975E-07
  -1.24000072       3.12318917E-07
  -1.22000074       3.40880632E-07
  -1.20000076       3.03674597E-07
  -1.18000078       2.97380495E-07
  -1.16000080       3.02722270E-07
  -1.14000082       2.59214545E-07
  -1.12000084       7.23412143E-07
  -1.10000086       1.55804571E-07
  -1.08000088       2.14401393E-06
  -1.06000090       8.82428935E-07
  -1.04000092       6.28058569E-06
  -1.02000093       7.76625075E-06
  -1.00000095       1.88602589E-05
 -0.980000973       4.01538236E-05
 -0.960000992       6.60516162E-05
 -0.940001011       1.51324522E-04
 -0.920001030       2.55507999E-04
 -0.900001049       4.85185650E-04
 -0.880001068       8.98848637E-04
 -0.860001087       1.52101601E-03
 -0.840001106       2.72150640E-03
 -0.820001125       4.60288767E-03
 -0.800001144       7.55796721E-03
 -0.780001163       1.25055462E-02
 -0.760001183       1.98458955E-02
 -0.740001202       3.07198726E-02
 -0.720001221       4.72457856E-02
 -0.700001240       7.05690831E-02
 -0.680001259      0.102970593    
 -0.660001278      0.148726687    
 -0.640001297      0.210032031    
 -0.620001316      0.288422316    
 -0.600001335      0.389123142    
 -0.580001354      0.515262187    
 -0.560001373      0.664716899    
 -0.540001392      0.839695394    
 -0.520001411       1.04538155    
 -0.500001431       1.27468884    
 -0.480001420       1.51366079    
 -0.460001409       1.76049721    
 -0.440001398       2.01546359    
 -0.420001388       2.25873709    
 -0.400001377       2.46595335    
 -0.380001366       2.63647342    
 -0.360001355       2.77755284    
 -0.340001345       2.87120986    
 -0.320001334       2.88804436    
 -0.300001323       2.82994056    
 -0.280001312       2.73007798    
 -0.260001302       2.60608220    
 -0.240001306       2.43593240    
 -0.220001310       2.19619370    
 -0.200001314       1.91601515    
 -0.180001318       1.66363490    
 -0.160001323       1.46072412    
 -0.140001327       1.25317359    
 -0.120001331       1.00165415    
 -0.100001335      0.749360859    
  -8.00013393E-02  0.576814055    
  -6.00013398E-02  0.493097067    
  -4.00013402E-02  0.413523972    
  -2.00013407E-02  0.282645762    
  -1.34110451E-06  0.153943464    
   1.99986584E-02  0.140445814    
   3.99986580E-02   9.69488546E-02
   5.99986576E-02   6.23839051E-02
   7.99986571E-02   3.87573875E-02
   9.99986529E-02   2.35449169E-02
  0.119998649       1.41195767E-02
  0.139998645       8.39815941E-03
  0.159998640       4.92951553E-03
  0.179998636       2.82955659E-03
  0.199998632       1.58078631E-03
  0.219998628       8.61814944E-04
  0.239998624       4.62352386E-04
  0.259998620       2.46692915E-04
  0.279998630       1.32155910E-04
  0.299998641       7.17802322E-05
  0.319998652       3.99108067E-05
  0.339998662       2.29096568E-05
  0.359998673       1.36093595E-05
  0.379998684       8.35983155E-06
  0.399998695       5.32674630E-06
  0.419998705       3.54649137E-06
  0.439998716       2.47050616E-06
  0.459998727       1.76013191E-06
  0.479998738       1.26981899E-06
  0.499998748       9.57223506E-07
  0.519998729       7.66480014E-07
  0.539998710       6.25128564E-07
  0.559998691       5.03962440E-07
  0.579998672       4.08435312E-07
  0.599998653       3.46448530E-07
  0.619998634       3.12834288E-07
  0.639998615       2.86749355E-07
  0.659998596       2.60000434E-07
  0.679998577       2.42316560E-07
  0.699998558       2.21063033E-07
  0.719998538       2.11310208E-07
  0.739998519       2.13649102E-07
  0.759998500       2.16795115E-07
  0.779998481       2.17328790E-07
  0.799998462       2.21385449E-07
  0.819998443       2.32907880E-07
  0.839998424       2.35747521E-07
  0.859998405       2.32969072E-07
  0.879998386       2.26791769E-07
  0.899998367       2.36351340E-07
  0.919998348       2.60470898E-07
  0.939998329       2.86268715E-07
  0.959998310       2.85666289E-07
  0.979998291       2.73380067E-07
  0.999998271       2.87865248E-07
   1.01999831       3.16945972E-07
   1.03999829       3.11551446E-07
   1.05999827       3.09804392E-07
   1.07999825       3.20047576E-07
   1.09999824       3.33993540E-07
   1.11999822       3.68104423E-07
   1.13999820       3.79145007E-07
   1.15999818       3.72551909E-07
   1.17999816       3.76522479E-07
   1.19999814       3.78596781E-07
   1.21999812       3.78101959E-07
   1.23999810       3.99309727E-07
   1.25999808       4.31774509E-07
   1.27999806       4.43426842E-07
   1.29999804       4.47001469E-07
   1.31999803       4.37362161E-07
   1.33999801       4.48846549E-07
   1.35999799       4.70776399E-07
   1.37999797       4.95670747E-07
   1.39999795       4.94377048E-07
   1.41999793       4.97758947E-07
   1.43999791       4.80258564E-07
   1.45999789       4.90265393E-07
   1.47999787       5.05705202E-07
   1.49999785       5.29653562E-07
   1.51999784       5.54705593E-07
   1.53999782       5.63758704E-07
   1.55999780       5.89066019E-07
   1.57999778       5.85644443E-07
   1.59999776       5.49117999E-07
   1.61999774       5.38477877E-07
   1.63999772       6.15199042E-07
   1.65999770       6.38969595E-07
   1.67999768       6.12667634E-07
   1.69999766       5.95528775E-07
   1.71999764       6.08843209E-07
   1.73999763       6.15069837E-07
   1.75999761       6.49995741E-07
   1.77999759       7.04022170E-07
   1.79999757       7.29872795E-07
   1.81999755       7.14295197E-07
   1.83999753       6.83985320E-07
   1.85999751       6.58955855E-07
   1.87999749       6.54110067E-07
   1.89999747       6.86453177E-07
   1.91999745       7.26214751E-07
   1.93999743       7.48214632E-07
   1.95999742       7.40228018E-07
   1.97999740       7.67307029E-07
   1.99999738       8.04121953E-07
   2.01999736       8.07542563E-07
   2.03999734       7.70984798E-07
   2.05999732       7.66778271E-07
   2.07999730       7.80938080E-07
   2.09999728       7.92601270E-07
   2.11999726       8.45749071E-07
   2.13999724       8.80092614E-07
   2.15999722       8.47428225E-07
   2.17999721       8.27923202E-07
   2.19999719       8.29520047E-07
   2.21999717       8.51188702E-07
   2.23999715       8.79850518E-07
   2.25999713       9.20423304E-07
   2.27999711       9.26854057E-07
   2.29999709       9.02840782E-07
   2.31999707       9.14285181E-07
   2.33999705       9.45450381E-07
   2.35999703       9.80945856E-07
   2.37999701       9.82276447E-07
   2.39999700       1.00123430E-06
   2.41999698       1.00087436E-06
   2.43999696       9.60494049E-07
   2.45999694       9.72201178E-07
   2.47999692       1.06165180E-06
   2.49999690       1.10613428E-06
   2.51999688       1.10772316E-06
   2.53999686       1.04380706E-06
   2.55999684       1.04615845E-06
   2.57999682       1.12463988E-06
   2.59999681       1.19903586E-06
   2.61999679       1.19044159E-06
   2.63999677       1.16588831E-06
   2.65999675       1.20304810E-06
   2.67999673       1.25314455E-06
   2.69999671       1.23079769E-06
   2.71999669       1.29251634E-06
   2.73999667       1.41330656E-06
   2.75999665       1.45375293E-06
   2.77999663       1.43601312E-06
   2.79999661       1.46664593E-06
   2.81999660       1.57242198E-06
   2.83999658       1.69267128E-06
   2.85999656       1.76444121E-06
   2.87999654       1.78186235E-06
   2.89999652       1.76317337E-06
   2.91999650       1.72740158E-06
   2.93999648       1.59320928E-06
   2.95999646       1.33196954E-06
   2.97999644       1.05257470E-06
   2.99999642       9.13345559E-07
   3.01999640       9.78236244E-07
   3.03999639       1.21467190E-06
   3.05999637       1.43376019E-06
   3.07999635       1.40016812E-06
   3.09999633       1.14595434E-06
