  -2.00000000       7.90168599E-07
  -1.98000002       5.76790342E-07
  -1.96000004       5.84657641E-07
  -1.94000006       6.93458389E-07
  -1.92000008       8.61008175E-07
  -1.90000010       9.96628046E-07
  -1.88000011       1.06064658E-06
  -1.86000013       1.11625457E-06
  -1.84000015       1.16915896E-06
  -1.82000017       1.19292918E-06
  -1.80000019       1.20805817E-06
  -1.78000021       1.17476418E-06
  -1.76000023       1.08022414E-06
  -1.74000025       9.63476396E-07
  -1.72000027       9.24772280E-07
  -1.70000029       9.34891602E-07
  -1.68000031       8.98122607E-07
  -1.66000032       8.20035723E-07
  -1.64000034       7.47197817E-07
  -1.62000036       7.13061922E-07
  -1.60000038       7.20766195E-07
  -1.58000040       7.04143758E-07
  -1.56000042       6.68321547E-07
  -1.54000044       6.38643826E-07
  -1.52000046       6.24839856E-07
  -1.50000048       6.26789301E-07
  -1.48000050       6.35178424E-07
  -1.46000051       6.25664825E-07
  -1.44000053       6.04718934E-07
  -1.42000055       5.92326785E-07
  -1.40000057       5.77215928E-07
  -1.38000059       5.57978638E-07
  -1.36000061       5.31073795E-07
  -1.34000063       5.14891212E-07
  -1.32000065       5.17506749E-07
  -1.30000067       5.24557663E-07
  -1.28000069       5.12862641E-07
  -1.26000071       5.26644897E-07
  -1.24000072       4.81111044E-07
  -1.22000074       5.33272498E-07
  -1.20000076       4.51880680E-07
  -1.18000078       4.92104164E-07
  -1.16000080       4.19123865E-07
  -1.14000082       4.69797158E-07
  -1.12000084       8.65803031E-07
  -1.10000086       3.00004842E-07
  -1.08000088       2.47493585E-06
  -1.06000090       6.56664497E-07
  -1.04000092       7.21611787E-06
  -1.02000093       6.95890049E-06
  -1.00000095       2.04111293E-05
 -0.980000973       4.01971047E-05
 -0.960000992       6.62567109E-05
 -0.940001011       1.57106246E-04
 -0.920001030       2.53681064E-04
 -0.900001049       4.98634705E-04
 -0.880001068       9.12924297E-04
 -0.860001087       1.53576862E-03
 -0.840001106       2.78525287E-03
 -0.820001125       4.66302363E-03
 -0.800001144       7.67336832E-03
 -0.780001163       1.27531746E-02
 -0.760001183       2.01333743E-02
 -0.740001202       3.12226787E-02
 -0.720001221       4.81150821E-02
 -0.700001240       7.16425255E-02
 -0.680001259      0.104553133    
 -0.660001278      0.151185408    
 -0.640001297      0.213109314    
 -0.620001316      0.292440057    
 -0.600001335      0.394943446    
 -0.580001354      0.522593141    
 -0.560001373      0.673095405    
 -0.540001392      0.850057602    
 -0.520001411       1.05809200    
 -0.500001431       1.28838193    
 -0.480001420       1.52799618    
 -0.460001409       1.77676427    
 -0.440001398       2.03307867    
 -0.420001388       2.27485371    
 -0.400001377       2.47957110    
 -0.380001366       2.64918995    
 -0.360001355       2.78933382    
 -0.340001345       2.87902856    
 -0.320001334       2.89004850    
 -0.300001323       2.82802463    
 -0.280001312       2.72655892    
 -0.260001302       2.59992266    
 -0.240001306       2.42462516    
 -0.220001310       2.18050480    
 -0.200001314       1.89997864    
 -0.180001318       1.64928770    
 -0.160001323       1.44593823    
 -0.140001327       1.23610210    
 -0.120001331      0.984624326    
 -0.100001335      0.736215830    
  -8.00013393E-02  0.567359507    
  -6.00013398E-02  0.483975500    
  -4.00013402E-02  0.403679907    
  -2.00013407E-02  0.274751604    
  -1.34110451E-06  0.149483725    
   1.99986584E-02  0.136171907    
   3.99986580E-02   9.38845798E-02
   5.99986576E-02   6.03405386E-02
   7.99986571E-02   3.74117792E-02
   9.99986529E-02   2.26546638E-02
  0.119998649       1.35300197E-02
  0.139998645       8.00783560E-03
  0.159998640       4.67347493E-03
  0.179998636       2.66651064E-03
  0.199998632       1.48179475E-03
  0.219998628       8.04859970E-04
  0.239998624       4.31170105E-04
  0.259998620       2.30337857E-04
  0.279998630       1.23897771E-04
  0.299998641       6.77882636E-05
  0.319998652       3.80993260E-05
  0.339998662       2.21782448E-05
  0.359998673       1.33991325E-05
  0.379998684       8.39668610E-06
  0.399998695       5.47796208E-06
  0.419998705       3.74422075E-06
  0.439998716       2.68238477E-06
  0.459998727       1.97133727E-06
  0.479998738       1.47439459E-06
  0.499998748       1.15482453E-06
  0.519998729       9.60107968E-07
  0.539998710       8.14903444E-07
  0.559998691       6.87910017E-07
  0.579998672       5.85810255E-07
  0.599998653       5.19816751E-07
  0.619998634       4.85925227E-07
  0.639998615       4.59824548E-07
  0.659998596       4.30892669E-07
  0.679998577       4.11662967E-07
  0.699998558       3.86528654E-07
  0.719998538       3.75826261E-07
  0.739998519       3.80652551E-07
  0.759998500       3.84838842E-07
  0.779998481       3.85900591E-07
  0.799998462       3.91060865E-07
  0.819998443       4.05214450E-07
  0.839998424       4.06572013E-07
  0.859998405       4.01461193E-07
  0.879998386       3.92585690E-07
  0.899998367       4.06775371E-07
  0.919998348       4.37715670E-07
  0.939998329       4.68330967E-07
  0.959998310       4.60483875E-07
  0.979998291       4.45115091E-07
  0.999998271       4.66373507E-07
   1.01999831       5.00788076E-07
   1.03999829       4.90310754E-07
   1.05999827       4.87150885E-07
   1.07999825       4.98411680E-07
   1.09999824       5.18953641E-07
   1.11999822       5.63079197E-07
   1.13999820       5.68150710E-07
   1.15999818       5.55102758E-07
   1.17999816       5.60423985E-07
   1.19999814       5.65981850E-07
   1.21999812       5.67699999E-07
   1.23999810       5.94240930E-07
   1.25999808       6.27690440E-07
   1.27999806       6.39537177E-07
   1.29999804       6.41842689E-07
   1.31999803       6.32813055E-07
   1.33999801       6.47861441E-07
   1.35999799       6.73129648E-07
   1.37999797       6.98974020E-07
   1.39999795       6.96661346E-07
   1.41999793       6.98757276E-07
   1.43999791       6.80800383E-07
   1.45999789       6.89862588E-07
   1.47999787       7.08890184E-07
   1.49999785       7.41892109E-07
   1.51999784       7.69514429E-07
   1.53999782       7.80785513E-07
   1.55999780       8.00603402E-07
   1.57999778       7.88651846E-07
   1.59999776       7.54860253E-07
   1.61999774       7.51017978E-07
   1.63999772       8.39273241E-07
   1.65999770       8.61695639E-07
   1.67999768       8.25697384E-07
   1.69999766       8.04289527E-07
   1.71999764       8.27001486E-07
   1.73999763       8.36708239E-07
   1.75999761       8.80316520E-07
   1.77999759       9.43705288E-07
   1.79999757       9.65390541E-07
   1.81999755       9.35803257E-07
   1.83999753       8.97470443E-07
   1.85999751       8.78860817E-07
   1.87999749       8.78434662E-07
   1.89999747       9.18112164E-07
   1.91999745       9.61539172E-07
   1.93999743       9.82724146E-07
   1.95999742       9.76837100E-07
   1.97999740       1.01328737E-06
   1.99999738       1.04723370E-06
   2.01999736       1.04023843E-06
   2.03999734       1.00053330E-06
   2.05999732       1.00543309E-06
   2.07999730       1.02161312E-06
   2.09999728       1.03745026E-06
   2.11999726       1.09830660E-06
   2.13999724       1.12701446E-06
   2.15999722       1.08438792E-06
   2.17999721       1.06823666E-06
   2.19999719       1.07730568E-06
   2.21999717       1.10254371E-06
   2.23999715       1.13439376E-06
   2.25999713       1.17938441E-06
   2.27999711       1.18353933E-06
   2.29999709       1.15424962E-06
   2.31999707       1.16961849E-06
   2.33999705       1.20678283E-06
   2.35999703       1.24853443E-06
   2.37999701       1.24923827E-06
   2.39999700       1.25931751E-06
   2.41999698       1.26016289E-06
   2.43999696       1.22127028E-06
   2.45999694       1.23846633E-06
   2.47999692       1.34095797E-06
   2.49999690       1.38619100E-06
   2.51999688       1.37627910E-06
   2.53999686       1.30912963E-06
   2.55999684       1.32764035E-06
   2.57999682       1.41456314E-06
   2.59999681       1.48801143E-06
   2.61999679       1.46914101E-06
   2.63999677       1.44548176E-06
   2.65999675       1.49667449E-06
   2.67999673       1.55018893E-06
   2.69999671       1.51858353E-06
   2.71999669       1.59673073E-06
   2.73999667       1.73409535E-06
   2.75999665       1.76890933E-06
   2.77999663       1.73385001E-06
   2.79999661       1.77996890E-06
   2.81999660       1.91201389E-06
   2.83999658       2.04501248E-06
   2.85999656       2.11032989E-06
   2.87999654       2.14222882E-06
   2.89999652       2.15740329E-06
   2.91999650       2.14242891E-06
   2.93999648       1.99126680E-06
   2.95999646       1.67841461E-06
   2.97999644       1.34088543E-06
   2.99999642       1.18355661E-06
   3.01999640       1.26296845E-06
   3.03999639       1.52045197E-06
   3.05999637       1.76008371E-06
   3.07999635       1.72988609E-06
   3.09999633       1.46762932E-06
