  -2.00000000       1.21865878E-06
  -1.98000002       1.36744961E-06
  -1.96000004       1.73735145E-06
  -1.94000006       2.13610997E-06
  -1.92000008       2.44874263E-06
  -1.90000010       2.64075334E-06
  -1.88000011       2.64116807E-06
  -1.86000013       2.57774695E-06
  -1.84000015       2.50187145E-06
  -1.82000017       2.39380120E-06
  -1.80000019       2.28692670E-06
  -1.78000021       2.14956526E-06
  -1.76000023       1.95907091E-06
  -1.74000025       1.78331220E-06
  -1.72000027       1.74188074E-06
  -1.70000029       1.78115693E-06
  -1.68000031       1.74259492E-06
  -1.66000032       1.64482833E-06
  -1.64000034       1.58051205E-06
  -1.62000036       1.60844581E-06
  -1.60000038       1.70032831E-06
  -1.58000040       1.72624482E-06
  -1.56000042       1.70226008E-06
  -1.54000044       1.67734879E-06
  -1.52000046       1.69516977E-06
  -1.50000048       1.74527884E-06
  -1.48000050       1.78837297E-06
  -1.46000051       1.78555320E-06
  -1.44000053       1.75774551E-06
  -1.42000055       1.76249137E-06
  -1.40000057       1.76829587E-06
  -1.38000059       1.77261541E-06
  -1.36000061       1.75791536E-06
  -1.34000063       1.75226205E-06
  -1.32000065       1.79831625E-06
  -1.30000067       1.82275915E-06
  -1.28000069       1.84603903E-06
  -1.26000071       1.84483838E-06
  -1.24000072       1.83579459E-06
  -1.22000074       1.83975419E-06
  -1.20000076       1.85896249E-06
  -1.18000078       1.71697661E-06
  -1.16000080       1.96586939E-06
  -1.14000082       1.52709947E-06
  -1.12000084       2.95398991E-06
  -1.10000086       7.49005437E-07
  -1.08000088       5.09770689E-06
  -1.06000090       1.20174775E-07
  -1.04000092       9.66190146E-06
  -1.02000093       6.16982607E-06
  -1.00000095       1.71530883E-05
 -0.980000973       4.06940999E-05
 -0.960000992       4.31832013E-05
 -0.940001011       1.46405742E-04
 -0.920001030       1.90147286E-04
 -0.900001049       4.05496336E-04
 -0.880001068       7.58455484E-04
 -0.860001087       1.16982847E-03
 -0.840001106       2.27967510E-03
 -0.820001125       3.65189486E-03
 -0.800001144       5.95440390E-03
 -0.780001163       1.01700928E-02
 -0.760001183       1.56774819E-02
 -0.740001202       2.46812738E-02
 -0.720001221       3.85897160E-02
 -0.700001240       5.68000488E-02
 -0.680001259       8.35203975E-02
 -0.660001278      0.121339887    
 -0.640001297      0.169952825    
 -0.620001316      0.235559508    
 -0.600001335      0.322470456    
 -0.580001354      0.428374410    
 -0.560001373      0.556824088    
 -0.540001392      0.712699533    
 -0.520001411      0.892459095    
 -0.500001431       1.09430933    
 -0.480001420       1.31864667    
 -0.460001409       1.55629325    
 -0.440001398       1.79693735    
 -0.420001388       2.03704429    
 -0.400001377       2.26485014    
 -0.380001366       2.46051431    
 -0.360001355       2.61918449    
 -0.340001345       2.74604869    
 -0.320001334       2.82570291    
 -0.300001323       2.82985973    
 -0.280001312       2.76305699    
 -0.260001302       2.66700745    
 -0.240001306       2.55769420    
 -0.220001310       2.38860536    
 -0.200001314       2.12816453    
 -0.180001318       1.84821224    
 -0.160001323       1.64076650    
 -0.140001327       1.47591662    
 -0.120001331       1.24880052    
 -0.100001335      0.949936271    
  -8.00013393E-02  0.712732434    
  -6.00013398E-02  0.615869582    
  -4.00013402E-02  0.553357124    
  -2.00013407E-02  0.400742084    
  -1.34110451E-06  0.222330660    
   1.99986584E-02  0.209500030    
   3.99986580E-02  0.148733124    
   5.99986576E-02   9.77981761E-02
   7.99986571E-02   6.19900078E-02
   9.99986529E-02   3.85979004E-02
  0.119998649       2.38565560E-02
  0.139998645       1.47480881E-02
  0.159998640       9.12464503E-03
  0.179998636       5.60449809E-03
  0.199998632       3.37999687E-03
  0.219998628       1.98829896E-03
  0.239998624       1.14147866E-03
  0.259998620       6.43204839E-04
  0.279998630       3.59023892E-04
  0.299998641       2.00371680E-04
  0.319998652       1.13029841E-04
  0.339998662       6.53403695E-05
  0.359998673       3.92423135E-05
  0.379998684       2.46923573E-05
  0.399998695       1.63433924E-05
  0.419998705       1.15108378E-05
  0.439998716       8.69406995E-06
  0.459998727       6.94020218E-06
  0.479998738       5.71422061E-06
  0.499998748       4.87355055E-06
  0.519998729       4.34745152E-06
  0.539998710       3.98731390E-06
  0.559998691       3.64607104E-06
  0.579998672       3.32665172E-06
  0.599998653       3.09111897E-06
  0.619998634       2.94560914E-06
  0.639998615       2.80461609E-06
  0.659998596       2.65414860E-06
  0.679998577       2.52487030E-06
  0.699998558       2.39115093E-06
  0.719998538       2.29822149E-06
  0.739998519       2.23649477E-06
  0.759998500       2.17349339E-06
  0.779998481       2.09660516E-06
  0.799998462       2.02232081E-06
  0.819998443       1.96736119E-06
  0.839998424       1.89420552E-06
  0.859998405       1.82360634E-06
  0.879998386       1.76259778E-06
  0.899998367       1.74051786E-06
  0.919998348       1.73310184E-06
  0.939998329       1.70611838E-06
  0.959998310       1.60332138E-06
  0.979998291       1.53519750E-06
  0.999998271       1.54223414E-06
   1.01999831       1.54267593E-06
   1.03999829       1.47906871E-06
   1.05999827       1.43399745E-06
   1.07999825       1.40931775E-06
   1.09999824       1.40736756E-06
   1.11999822       1.42443173E-06
   1.13999820       1.35087714E-06
   1.15999818       1.27605585E-06
   1.17999816       1.26289444E-06
   1.19999814       1.27632336E-06
   1.21999812       1.26683904E-06
   1.23999810       1.26417126E-06
   1.25999808       1.23316079E-06
   1.27999806       1.19328195E-06
   1.29999804       1.15885507E-06
   1.31999803       1.14416048E-06
   1.33999801       1.14624891E-06
   1.35999799       1.13086026E-06
   1.37999797       1.10746339E-06
   1.39999795       1.08125982E-06
   1.41999793       1.07219626E-06
   1.43999791       1.05346930E-06
   1.45999789       1.03691411E-06
   1.47999787       1.03102661E-06
   1.49999785       1.04770288E-06
   1.51999784       1.03671312E-06
   1.53999782       1.00293664E-06
   1.55999780       9.58337068E-07
   1.57999778       9.16753663E-07
   1.59999776       9.20978209E-07
   1.61999774       9.38431185E-07
   1.63999772       9.81193239E-07
   1.65999770       9.51771938E-07
   1.67999768       8.87549788E-07
   1.69999766       8.56137035E-07
   1.71999764       8.93564106E-07
   1.73999763       8.95852509E-07
   1.75999761       8.99917609E-07
   1.77999759       9.06786568E-07
   1.79999757       8.55235214E-07
   1.81999755       7.79939285E-07
   1.83999753       7.51758876E-07
   1.85999751       7.83548501E-07
   1.87999749       8.11621305E-07
   1.89999747       8.27892904E-07
   1.91999745       8.20468017E-07
   1.93999743       7.92830065E-07
   1.95999742       7.73540535E-07
   1.97999740       7.75417618E-07
   1.99999738       7.53402219E-07
   2.01999736       6.99884197E-07
   2.03999734       6.81709480E-07
   2.05999732       7.15083445E-07
   2.07999730       7.22160848E-07
   2.09999728       7.15295187E-07
   2.11999726       7.18906790E-07
   2.13999724       6.86578403E-07
   2.15999722       6.34931382E-07
   2.17999721       6.42857458E-07
   2.19999719       6.66425194E-07
   2.21999717       6.67007612E-07
   2.23999715       6.59800378E-07
   2.25999713       6.61284446E-07
   2.27999711       6.36411130E-07
   2.29999709       5.98810516E-07
   2.31999707       5.96863629E-07
   2.33999705       6.05259061E-07
   2.35999703       6.14864803E-07
   2.37999701       5.89639797E-07
   2.39999700       5.56907708E-07
   2.41999698       5.53540815E-07
   2.43999696       5.39463429E-07
   2.45999694       5.48913988E-07
   2.47999692       5.70955535E-07
   2.49999690       5.48753746E-07
   2.51999688       5.08027028E-07
   2.53999686       4.85080534E-07
   2.55999684       5.06372089E-07
   2.57999682       5.23592632E-07
   2.59999681       5.15823501E-07
   2.61999679       4.55002265E-07
   2.63999677       4.27371305E-07
   2.65999675       4.47327125E-07
   2.67999673       4.55582040E-07
   2.69999671       3.99566517E-07
   2.71999669       4.10884212E-07
   2.73999667       4.37877048E-07
   2.75999665       3.99749979E-07
   2.77999663       3.43787406E-07
   2.79999661       3.46218542E-07
   2.81999660       4.07706210E-07
   2.83999658       4.68384513E-07
   2.85999656       5.55059216E-07
   2.87999654       6.88108742E-07
   2.89999652       8.68009465E-07
   2.91999650       1.06332959E-06
   2.93999648       1.14278839E-06
   2.95999646       1.02226204E-06
   2.97999644       8.10353413E-07
   2.99999642       6.77541948E-07
   3.01999640       7.05759987E-07
   3.03999639       9.04716501E-07
   3.05999637       1.18330001E-06
   3.07999635       1.42330896E-06
   3.09999633       1.55534951E-06
