  -2.00000000       1.50883830E-06
  -1.98000002       1.50165511E-06
  -1.96000004       1.78264474E-06
  -1.94000006       2.20416723E-06
  -1.92000008       2.58318141E-06
  -1.90000010       2.89758009E-06
  -1.88000011       3.01554087E-06
  -1.86000013       2.99636099E-06
  -1.84000015       2.93101130E-06
  -1.82000017       2.85968395E-06
  -1.80000019       2.79872438E-06
  -1.78000021       2.69286579E-06
  -1.76000023       2.48064634E-06
  -1.74000025       2.24318296E-06
  -1.72000027       2.13057228E-06
  -1.70000029       2.15281580E-06
  -1.68000031       2.13981548E-06
  -1.66000032       2.05396236E-06
  -1.64000034       1.94916879E-06
  -1.62000036       1.92989091E-06
  -1.60000038       1.98857492E-06
  -1.58000040       2.01896501E-06
  -1.56000042       2.01986472E-06
  -1.54000044       1.99629289E-06
  -1.52000046       2.00154295E-06
  -1.50000048       2.02831484E-06
  -1.48000050       2.06754203E-06
  -1.46000051       2.09557220E-06
  -1.44000053       2.07748531E-06
  -1.42000055       2.07436892E-06
  -1.40000057       2.05485912E-06
  -1.38000059       2.05357105E-06
  -1.36000061       2.04866478E-06
  -1.34000063       2.02412775E-06
  -1.32000065       2.07185053E-06
  -1.30000067       2.08503889E-06
  -1.28000069       2.15419323E-06
  -1.26000071       2.10071175E-06
  -1.24000072       2.17412935E-06
  -1.22000074       2.02383444E-06
  -1.20000076       2.29532907E-06
  -1.18000078       1.79639028E-06
  -1.16000080       2.49037248E-06
  -1.14000082       1.39522638E-06
  -1.12000084       3.53766177E-06
  -1.10000086       8.99068027E-07
  -1.08000088       4.92475192E-06
  -1.06000090       1.86605848E-06
  -1.04000092       6.36560708E-06
  -1.02000093       1.18418966E-05
  -1.00000095       9.05757497E-06
 -0.980000973       4.69601582E-05
 -0.960000992       3.87405125E-05
 -0.940001011       1.30864646E-04
 -0.920001030       2.06249839E-04
 -0.900001049       3.44516884E-04
 -0.880001068       7.48253253E-04
 -0.860001087       1.10848004E-03
 -0.840001106       2.09139590E-03
 -0.820001125       3.58893164E-03
 -0.800001144       5.59901074E-03
 -0.780001163       9.61034372E-03
 -0.760001183       1.50385955E-02
 -0.740001202       2.29743160E-02
 -0.720001221       3.61270756E-02
 -0.700001240       5.38347773E-02
 -0.680001259       7.88295865E-02
 -0.660001278      0.115493737    
 -0.640001297      0.162813440    
 -0.620001316      0.223910645    
 -0.600001335      0.305494219    
 -0.580001354      0.407479167    
 -0.560001373      0.531112194    
 -0.540001392      0.681830347    
 -0.520001411      0.857619941    
 -0.500001431       1.05392027    
 -0.480001420       1.27078867    
 -0.460001409       1.50320566    
 -0.440001398       1.74193382    
 -0.420001388       1.98203504    
 -0.400001377       2.21240115    
 -0.380001366       2.41241217    
 -0.360001355       2.57487988    
 -0.340001345       2.70826221    
 -0.320001334       2.80254316    
 -0.300001323       2.82437921    
 -0.280001312       2.76679468    
 -0.260001302       2.67361212    
 -0.240001306       2.57698989    
 -0.220001310       2.43212390    
 -0.200001314       2.18519592    
 -0.180001318       1.89686239    
 -0.160001323       1.68028104    
 -0.140001327       1.52597475    
 -0.120001331       1.31406343    
 -0.100001335       1.00906372    
  -8.00013393E-02  0.752601445    
  -6.00013398E-02  0.649269462    
  -4.00013402E-02  0.592590392    
  -2.00013407E-02  0.435132265    
  -1.34110451E-06  0.242036238    
   1.99986584E-02  0.229899064    
   3.99986580E-02  0.164748952    
   5.99986576E-02  0.109401606    
   7.99986571E-02   6.99919984E-02
   9.99986529E-02   4.39501293E-02
  0.119998649       2.73439363E-02
  0.139998645       1.69756003E-02
  0.159998640       1.05397515E-02
  0.179998636       6.50694175E-03
  0.199998632       3.95460473E-03
  0.219998628       2.34889542E-03
  0.239998624       1.36236963E-03
  0.259998620       7.75069522E-04
  0.279998630       4.36272559E-04
  0.299998641       2.45188683E-04
  0.319998652       1.39021737E-04
  0.339998662       8.05544696E-05
  0.359998673       4.83538970E-05
  0.379998684       3.03386805E-05
  0.399998695       1.99705937E-05
  0.419998705       1.39198992E-05
  0.439998716       1.03617167E-05
  0.459998727       8.17499222E-06
  0.479998738       6.67778568E-06
  0.499998748       5.62229206E-06
  0.519998729       4.93760444E-06
  0.539998710       4.49824347E-06
  0.559998691       4.11537712E-06
  0.579998672       3.74097044E-06
  0.599998653       3.44703813E-06
  0.619998634       3.26348345E-06
  0.639998615       3.09928987E-06
  0.659998596       2.93814924E-06
  0.679998577       2.79502478E-06
  0.699998558       2.64413461E-06
  0.719998538       2.52677410E-06
  0.739998519       2.44748617E-06
  0.759998500       2.38531561E-06
  0.779998481       2.30115666E-06
  0.799998462       2.22563131E-06
  0.819998443       2.16937997E-06
  0.839998424       2.09638119E-06
  0.859998405       2.01552098E-06
  0.879998386       1.93700475E-06
  0.899998367       1.89986952E-06
  0.919998348       1.89557989E-06
  0.939998329       1.88722856E-06
  0.959998310       1.80640484E-06
  0.979998291       1.70451096E-06
  0.999998271       1.69392263E-06
   1.01999831       1.70876160E-06
   1.03999829       1.65112453E-06
   1.05999827       1.59029526E-06
   1.07999825       1.56892884E-06
   1.09999824       1.56153646E-06
   1.11999822       1.57939712E-06
   1.13999820       1.53388828E-06
   1.15999818       1.45483750E-06
   1.17999816       1.42718488E-06
   1.19999814       1.42561623E-06
   1.21999812       1.40460588E-06
   1.23999810       1.40631505E-06
   1.25999808       1.40919883E-06
   1.27999806       1.37367147E-06
   1.29999804       1.33519677E-06
   1.31999803       1.29412774E-06
   1.33999801       1.29441435E-06
   1.35999799       1.28894237E-06
   1.37999797       1.28545491E-06
   1.39999795       1.25276426E-06
   1.41999793       1.24074359E-06
   1.43999791       1.19555148E-06
   1.45999789       1.18522462E-06
   1.47999787       1.19001368E-06
   1.49999785       1.20748825E-06
   1.51999784       1.21320886E-06
   1.53999782       1.16624403E-06
   1.55999780       1.14560464E-06
   1.57999778       1.11555426E-06
   1.59999776       1.06633649E-06
   1.61999774       1.06024720E-06
   1.63999772       1.15091859E-06
   1.65999770       1.14543593E-06
   1.67999768       1.07121116E-06
   1.69999766       1.02123022E-06
   1.71999764       1.04469882E-06
   1.73999763       1.05147387E-06
   1.75999761       1.07527603E-06
   1.77999759       1.09757195E-06
   1.79999757       1.06330276E-06
   1.81999755       9.86361783E-07
   1.83999753       9.35456853E-07
   1.85999751       9.27916744E-07
   1.87999749       9.51174854E-07
   1.89999747       9.85656698E-07
   1.91999745       1.00410864E-06
   1.93999743       9.94817469E-07
   1.95999742       9.61833280E-07
   1.97999740       9.49811863E-07
   1.99999738       9.53405788E-07
   2.01999736       9.14937573E-07
   2.03999734       8.69220742E-07
   2.05999732       8.76487377E-07
   2.07999730       8.93829792E-07
   2.09999728       8.89084617E-07
   2.11999726       9.09440757E-07
   2.13999724       9.03352486E-07
   2.15999722       8.47237573E-07
   2.17999721       8.26972439E-07
   2.19999719       8.34226796E-07
   2.21999717       8.44981003E-07
   2.23999715       8.54800874E-07
   2.25999713       8.71151883E-07
   2.27999711       8.49881530E-07
   2.29999709       7.98710289E-07
   2.31999707       7.87784586E-07
   2.33999705       8.07908179E-07
   2.35999703       8.22572417E-07
   2.37999701       7.93845913E-07
   2.39999700       7.82347968E-07
   2.41999698       7.69447013E-07
   2.43999696       7.27318650E-07
   2.45999694       7.33339391E-07
   2.47999692       7.80581274E-07
   2.49999690       7.83489156E-07
   2.51999688       7.55792996E-07
   2.53999686       6.99228906E-07
   2.55999684       6.88563659E-07
   2.57999682       7.30505803E-07
   2.59999681       7.57543773E-07
   2.61999679       7.08633650E-07
   2.63999677       6.59912246E-07
   2.65999675       6.61741183E-07
   2.67999673       6.85662997E-07
   2.69999671       6.44111992E-07
   2.71999669       6.48356092E-07
   2.73999667       6.93779612E-07
   2.75999665       6.75413048E-07
   2.77999663       6.52106507E-07
   2.79999661       6.43271392E-07
   2.81999660       7.17058015E-07
   2.83999658       8.40164944E-07
   2.85999656       1.04152730E-06
   2.87999654       1.21971971E-06
   2.89999652       1.36748338E-06
   2.91999650       1.51828635E-06
   2.93999648       1.57827276E-06
   2.95999646       1.44505350E-06
   2.97999644       1.21339792E-06
   2.99999642       1.01371165E-06
   3.01999640       1.05197125E-06
   3.03999639       1.38581186E-06
   3.05999637       1.83168765E-06
   3.07999635       2.13333033E-06
   3.09999633       2.11567385E-06
