  -2.00000000       1.52224197E-06
  -1.98000002       1.49117818E-06
  -1.96000004       1.75127650E-06
  -1.94000006       2.16619264E-06
  -1.92000008       2.54785937E-06
  -1.90000010       2.87432931E-06
  -1.88000011       3.00961369E-06
  -1.86000013       2.99942258E-06
  -1.84000015       2.93740845E-06
  -1.82000017       2.87339481E-06
  -1.80000019       2.82090878E-06
  -1.78000021       2.72231637E-06
  -1.76000023       2.51184360E-06
  -1.74000025       2.27014266E-06
  -1.72000027       2.14822762E-06
  -1.70000029       2.16606713E-06
  -1.68000031       2.15776572E-06
  -1.66000032       2.07626726E-06
  -1.64000034       1.96757446E-06
  -1.62000036       1.94093172E-06
  -1.60000038       1.99273495E-06
  -1.58000040       2.02377782E-06
  -1.56000042       2.02839601E-06
  -1.54000044       2.00568275E-06
  -1.52000046       2.00876502E-06
  -1.50000048       2.03131003E-06
  -1.48000050       2.06922596E-06
  -1.46000051       2.10153485E-06
  -1.44000053       2.08568053E-06
  -1.42000055       2.08056190E-06
  -1.40000057       2.05733727E-06
  -1.38000059       2.05551896E-06
  -1.36000061       2.05289916E-06
  -1.34000063       2.02617662E-06
  -1.32000065       2.07151788E-06
  -1.30000067       2.08308870E-06
  -1.28000069       2.15730165E-06
  -1.26000071       2.09903760E-06
  -1.24000072       2.18143214E-06
  -1.22000074       2.01412968E-06
  -1.20000076       2.30982823E-06
  -1.18000078       1.78170637E-06
  -1.16000080       2.50528296E-06
  -1.14000082       1.37670736E-06
  -1.12000084       3.51370204E-06
  -1.10000086       9.75190915E-07
  -1.08000088       4.73067757E-06
  -1.06000090       2.22424092E-06
  -1.04000092       5.74827072E-06
  -1.02000093       1.25639435E-05
  -1.00000095       8.18357694E-06
 -0.980000973       4.69253500E-05
 -0.960000992       3.91397589E-05
 -0.940001011       1.27388514E-04
 -0.920001030       2.09511127E-04
 -0.900001049       3.39434948E-04
 -0.880001068       7.48090213E-04
 -0.860001087       1.10970868E-03
 -0.840001106       2.05838727E-03
 -0.820001125       3.54999583E-03
 -0.800001144       5.50292106E-03
 -0.780001163       9.45935491E-03
 -0.760001183       1.49645349E-02
 -0.740001202       2.29483992E-02
 -0.720001221       3.61262821E-02
 -0.700001240       5.37093543E-02
 -0.680001259       7.80098736E-02
 -0.660001278      0.113798358    
 -0.640001297      0.160796240    
 -0.620001316      0.222147569    
 -0.600001335      0.304263592    
 -0.580001354      0.406261325    
 -0.560001373      0.528307855    
 -0.540001392      0.676464379    
 -0.520001411      0.850817680    
 -0.500001431       1.04746723    
 -0.480001420       1.26503253    
 -0.460001409       1.49707389    
 -0.440001398       1.73443377    
 -0.420001388       1.97352612    
 -0.400001377       2.20431876    
 -0.380001366       2.40557694    
 -0.360001355       2.56882000    
 -0.340001345       2.70278049    
 -0.320001334       2.79882932    
 -0.300001323       2.82333589    
 -0.280001312       2.76733518    
 -0.260001302       2.67441511    
 -0.240001306       2.57923460    
 -0.220001310       2.43787265    
 -0.200001314       2.19333053    
 -0.180001318       1.90401113    
 -0.160001323       1.68585253    
 -0.140001327       1.53284180    
 -0.120001331       1.32328498    
 -0.100001335       1.01764429    
  -8.00013393E-02  0.758411944    
  -6.00013398E-02  0.654095054    
  -4.00013402E-02  0.598334849    
  -2.00013407E-02  0.440232188    
  -1.34110451E-06  0.244954467    
   1.99986584E-02  0.232903361    
   3.99986580E-02  0.167103022    
   5.99986576E-02  0.111117177    
   7.99986571E-02   7.11909011E-02
   9.99986529E-02   4.47667688E-02
  0.119998649       2.78854258E-02
  0.139998645       1.73249170E-02
  0.159998640       1.07613364E-02
  0.179998636       6.64680405E-03
  0.199998632       4.04259609E-03
  0.219998628       2.40370701E-03
  0.239998624       1.39595848E-03
  0.259998620       7.95273343E-04
  0.279998630       4.48205858E-04
  0.299998641       2.52112630E-04
  0.319998652       1.42974750E-04
  0.339998662       8.27831973E-05
  0.359998673       4.96063985E-05
  0.379998684       3.10497853E-05
  0.399998695       2.03794953E-05
  0.419998705       1.41531709E-05
  0.439998716       1.04894634E-05
  0.459998727       8.24351537E-06
  0.479998738       6.71533780E-06
  0.499998748       5.63789308E-06
  0.519998729       4.93558673E-06
  0.539998710       4.48635819E-06
  0.559998691       4.10177199E-06
  0.579998672       3.72659224E-06
  0.599998653       3.42931594E-06
  0.619998634       3.24163784E-06
  0.639998615       3.07653681E-06
  0.659998596       2.91689048E-06
  0.679998577       2.77360300E-06
  0.699998558       2.62255594E-06
  0.719998538       2.50388234E-06
  0.739998519       2.42385886E-06
  0.759998500       2.36333335E-06
  0.779998481       2.27998225E-06
  0.799998462       2.20529978E-06
  0.819998443       2.14906481E-06
  0.839998424       2.07738503E-06
  0.859998405       1.99737792E-06
  0.879998386       1.91830668E-06
  0.899998367       1.87990713E-06
  0.919998348       1.87523449E-06
  0.939998329       1.86896000E-06
  0.959998310       1.79319431E-06
  0.979998291       1.68942199E-06
  0.999998271       1.67615451E-06
   1.01999831       1.69160580E-06
   1.03999829       1.63641005E-06
   1.05999827       1.57497652E-06
   1.07999825       1.55488226E-06
   1.09999824       1.54750830E-06
   1.11999822       1.56382089E-06
   1.13999820       1.52274526E-06
   1.15999818       1.44524131E-06
   1.17999816       1.41603766E-06
   1.19999814       1.41241264E-06
   1.21999812       1.39068675E-06
   1.23999810       1.39234237E-06
   1.25999808       1.39952215E-06
   1.27999806       1.36588153E-06
   1.29999804       1.32768992E-06
   1.31999803       1.28362387E-06
   1.33999801       1.28316094E-06
   1.35999799       1.27949829E-06
   1.37999797       1.27884448E-06
   1.39999795       1.24611893E-06
   1.41999793       1.23329698E-06
   1.43999791       1.18623450E-06
   1.45999789       1.17698505E-06
   1.47999787       1.18294543E-06
   1.49999785       1.19958690E-06
   1.51999784       1.20752668E-06
   1.53999782       1.16018441E-06
   1.55999780       1.14285808E-06
   1.57999778       1.11527174E-06
   1.59999776       1.06029245E-06
   1.61999774       1.05135234E-06
   1.63999772       1.14458533E-06
   1.65999770       1.14276895E-06
   1.67999768       1.07027347E-06
   1.69999766       1.01927787E-06
   1.71999764       1.03896366E-06
   1.73999763       1.04633318E-06
   1.75999761       1.07229255E-06
   1.77999759       1.09521670E-06
   1.79999757       1.06438335E-06
   1.81999755       9.90205081E-07
   1.83999753       9.37768959E-07
   1.85999751       9.24706796E-07
   1.87999749       9.46228681E-07
   1.89999747       9.81549647E-07
   1.91999745       1.00252487E-06
   1.93999743       9.96365202E-07
   1.95999742       9.63381581E-07
   1.97999740       9.49804132E-07
   1.99999738       9.56431677E-07
   2.01999736       9.21254525E-07
   2.03999734       8.72748785E-07
   2.05999732       8.75191233E-07
   2.07999730       8.93628908E-07
   2.09999728       8.89982516E-07
   2.11999726       9.11566644E-07
   2.13999724       9.09034043E-07
   2.15999722       8.55026030E-07
   2.17999721       8.31106831E-07
   2.19999719       8.35268168E-07
   2.21999717       8.47021568E-07
   2.23999715       8.58937653E-07
   2.25999713       8.76286435E-07
   2.27999711       8.56480142E-07
   2.29999709       8.05866250E-07
   2.31999707       7.93802542E-07
   2.33999705       8.14285841E-07
   2.35999703       8.28137217E-07
   2.37999701       8.00227099E-07
   2.39999700       7.92552157E-07
   2.41999698       7.78593233E-07
   2.43999696       7.34279240E-07
   2.45999694       7.39056532E-07
   2.47999692       7.87424199E-07
   2.49999690       7.94433390E-07
   2.51999688       7.69942801E-07
   2.53999686       7.10424899E-07
   2.55999684       6.94875098E-07
   2.57999682       7.38267090E-07
   2.59999681       7.69353790E-07
   2.61999679       7.25088000E-07
   2.63999677       6.75045726E-07
   2.65999675       6.72900796E-07
   2.67999673       6.97456585E-07
   2.69999671       6.61071340E-07
   2.71999669       6.63286585E-07
   2.73999667       7.08555604E-07
   2.75999665       6.94689277E-07
   2.77999663       6.79506570E-07
   2.79999661       6.69797885E-07
   2.81999660       7.42257441E-07
   2.83999658       8.72364694E-07
   2.85999656       1.08838196E-06
   2.87999654       1.27033968E-06
   2.89999652       1.40984207E-06
   2.91999650       1.55023793E-06
   2.93999648       1.60648506E-06
   2.95999646       1.47653634E-06
   2.97999644       1.25076917E-06
   2.99999642       1.04902165E-06
   3.01999640       1.08927770E-06
   3.03999639       1.43580939E-06
   3.05999637       1.89983223E-06
   3.07999635       2.20488755E-06
   3.09999633       2.16104036E-06
