  -2.00000000       7.37891412E-07
  -1.98000002       9.89231012E-07
  -1.96000004       1.29075818E-06
  -1.94000006       1.58956016E-06
  -1.92000008       1.76371634E-06
  -1.90000010       1.80324002E-06
  -1.88000011       1.73000058E-06
  -1.86000013       1.52437906E-06
  -1.84000015       1.28790714E-06
  -1.82000017       1.13695341E-06
  -1.80000019       1.04773574E-06
  -1.78000021       9.61051342E-07
  -1.76000023       8.63394860E-07
  -1.74000025       7.75600427E-07
  -1.72000027       7.46028888E-07
  -1.70000029       8.01790918E-07
  -1.68000031       9.01744841E-07
  -1.66000032       9.51844811E-07
  -1.64000034       9.49686296E-07
  -1.62000036       9.70732458E-07
  -1.60000038       1.04174433E-06
  -1.58000040       1.14024829E-06
  -1.56000042       1.20892457E-06
  -1.54000044       1.22485892E-06
  -1.52000046       1.23425286E-06
  -1.50000048       1.24179394E-06
  -1.48000050       1.28151305E-06
  -1.46000051       1.34438324E-06
  -1.44000053       1.37250731E-06
  -1.42000055       1.37021539E-06
  -1.40000057       1.35689629E-06
  -1.38000059       1.36882170E-06
  -1.36000061       1.41314956E-06
  -1.34000063       1.43064130E-06
  -1.32000065       1.44907017E-06
  -1.30000067       1.50048243E-06
  -1.28000069       1.56737690E-06
  -1.26000071       1.59621391E-06
  -1.24000072       1.60261300E-06
  -1.22000074       1.59993488E-06
  -1.20000076       1.62173262E-06
  -1.18000078       1.72278453E-06
  -1.16000080       1.49849461E-06
  -1.14000082       2.07098378E-06
  -1.12000084       1.21308426E-06
  -1.10000086       3.56446685E-06
  -1.08000088       3.63839547E-07
  -1.06000090       6.26227848E-06
  -1.04000092       9.82406277E-07
  -1.02000093       1.08164422E-05
  -1.00000095       1.29284408E-05
 -0.980000973       1.77563979E-05
 -0.960000992       6.07987058E-05
 -0.940001011       5.52230085E-05
 -0.920001030       1.79336901E-04
 -0.900001049       2.59741209E-04
 -0.880001068       4.49572282E-04
 -0.860001087       9.19893442E-04
 -0.840001106       1.31099287E-03
 -0.820001125       2.46191351E-03
 -0.800001144       4.09265561E-03
 -0.780001163       6.25099754E-03
 -0.760001183       1.06902933E-02
 -0.740001202       1.62648726E-02
 -0.720001221       2.42168307E-02
 -0.700001240       3.77814919E-02
 -0.680001259       5.50601631E-02
 -0.660001278       7.92744905E-02
 -0.640001297      0.115757339    
 -0.620001316      0.160407051    
 -0.600001335      0.216842011    
 -0.580001354      0.295626193    
 -0.560001373      0.391601562    
 -0.540001392      0.503112614    
 -0.520001411      0.643888772    
 -0.500001431      0.809421778    
 -0.480001420      0.985331953    
 -0.460001409       1.18310869    
 -0.440001398       1.40856922    
 -0.420001388       1.63342106    
 -0.400001377       1.84591448    
 -0.380001366       2.06646991    
 -0.360001355       2.28204060    
 -0.340001345       2.44560432    
 -0.320001334       2.56169105    
 -0.300001323       2.67499614    
 -0.280001312       2.75343227    
 -0.260001302       2.71728754    
 -0.240001306       2.61510730    
 -0.220001310       2.56335020    
 -0.200001314       2.49494219    
 -0.180001318       2.25965166    
 -0.160001323       1.94547915    
 -0.140001327       1.78257656    
 -0.120001331       1.71083677    
 -0.100001335       1.44928133    
  -8.00013393E-02   1.05819225    
  -6.00013398E-02  0.874427557    
  -4.00013402E-02  0.878826320    
  -2.00013407E-02  0.715969265    
  -1.34110451E-06  0.406704485    
   1.99986584E-02  0.404095918    
   3.99986580E-02  0.303378642    
   5.99986576E-02  0.212000564    
   7.99986571E-02  0.143032506    
   9.99986529E-02   9.51122940E-02
  0.119998649       6.29578531E-02
  0.139998645       4.15265784E-02
  0.159998640       2.72310115E-02
  0.179998636       1.76862609E-02
  0.199998632       1.13046998E-02
  0.219998628       7.05057848E-03
  0.239998624       4.25762031E-03
  0.259998620       2.47955183E-03
  0.279998630       1.39320118E-03
  0.299998641       7.58132141E-04
  0.319998652       4.01649013E-04
  0.339998662       2.08091384E-04
  0.359998673       1.05761421E-04
  0.379998684       5.29120298E-05
  0.399998695       2.61281675E-05
  0.419998705       1.26557115E-05
  0.439998716       5.90594618E-06
  0.459998727       2.60557499E-06
  0.479998738       1.07486903E-06
  0.499998748       4.06290809E-07
  0.519998729       1.29882295E-07
  0.539998710       5.79021950E-08
  0.559998691       9.96058347E-08
  0.579998672       1.72012022E-07
  0.599998653       2.47367211E-07
  0.619998634       3.31864953E-07
  0.639998615       4.27198160E-07
  0.659998596       5.15797751E-07
  0.679998577       5.87001523E-07
  0.699998558       6.47204615E-07
  0.719998538       7.02412080E-07
  0.739998519       7.65531126E-07
  0.759998500       8.32492162E-07
  0.779998481       8.78506796E-07
  0.799998462       9.23839821E-07
  0.819998443       9.61359319E-07
  0.839998424       9.92355126E-07
  0.859998405       1.01961734E-06
  0.879998386       1.03833122E-06
  0.899998367       1.07713436E-06
  0.919998348       1.12016153E-06
  0.939998329       1.17552474E-06
  0.959998310       1.19632011E-06
  0.979998291       1.15492162E-06
  0.999998271       1.17872025E-06
   1.01999831       1.24352096E-06
   1.03999829       1.27535134E-06
   1.05999827       1.25934127E-06
   1.07999825       1.28548959E-06
   1.09999824       1.32122295E-06
   1.11999822       1.34231561E-06
   1.13999820       1.36196900E-06
   1.15999818       1.33701292E-06
   1.17999816       1.33619267E-06
   1.19999814       1.37607992E-06
   1.21999812       1.39949236E-06
   1.23999810       1.42674412E-06
   1.25999808       1.46566492E-06
   1.27999806       1.45753700E-06
   1.29999804       1.44126329E-06
   1.31999803       1.42004149E-06
   1.33999801       1.45058743E-06
   1.35999799       1.47637195E-06
   1.37999797       1.50507196E-06
   1.39999795       1.50631990E-06
   1.41999793       1.52292978E-06
   1.43999791       1.50854453E-06
   1.45999789       1.51286122E-06
   1.47999787       1.55076873E-06
   1.49999785       1.57662498E-06
   1.51999784       1.60566537E-06
   1.53999782       1.54597274E-06
   1.55999780       1.55210887E-06
   1.57999778       1.58944533E-06
   1.59999776       1.53655537E-06
   1.61999774       1.55630585E-06
   1.63999772       1.68496263E-06
   1.65999770       1.71000329E-06
   1.67999768       1.63435141E-06
   1.69999766       1.57920772E-06
   1.71999764       1.60987770E-06
   1.73999763       1.64614335E-06
   1.75999761       1.69828786E-06
   1.77999759       1.70972419E-06
   1.79999757       1.67809912E-06
   1.81999755       1.62304707E-06
   1.83999753       1.60653235E-06
   1.85999751       1.63999232E-06
   1.87999749       1.72667671E-06
   1.89999747       1.78707762E-06
   1.91999745       1.79504673E-06
   1.93999743       1.77347454E-06
   1.95999742       1.73215540E-06
   1.97999740       1.69106102E-06
   1.99999738       1.72759314E-06
   2.01999736       1.72157797E-06
   2.03999734       1.70338092E-06
   2.05999732       1.75262448E-06
   2.07999730       1.82205031E-06
   2.09999728       1.82701524E-06
   2.11999726       1.83377745E-06
   2.13999724       1.82447366E-06
   2.15999722       1.77923994E-06
   2.17999721       1.77444610E-06
   2.19999719       1.81853363E-06
   2.21999717       1.85066540E-06
   2.23999715       1.86689704E-06
   2.25999713       1.88809418E-06
   2.27999711       1.87144997E-06
   2.29999709       1.81382075E-06
   2.31999707       1.80888537E-06
   2.33999705       1.88610284E-06
   2.35999703       1.92158927E-06
   2.37999701       1.89783987E-06
   2.39999700       1.90678304E-06
   2.41999698       1.92367042E-06
   2.43999696       1.90767810E-06
   2.45999694       1.95505777E-06
   2.47999692       2.00613613E-06
   2.49999690       1.99867782E-06
   2.51999688       1.96126803E-06
   2.53999686       1.94471181E-06
   2.55999684       1.97874692E-06
   2.57999682       2.08554525E-06
   2.59999681       2.14503393E-06
   2.61999679       2.06137247E-06
   2.63999677       2.02016849E-06
   2.65999675       2.09012001E-06
   2.67999673       2.20054608E-06
   2.69999671       2.15564160E-06
   2.71999669       2.18418563E-06
   2.73999667       2.29162879E-06
   2.75999665       2.21781420E-06
   2.77999663       2.13136536E-06
   2.79999661       2.05715924E-06
   2.81999660       2.02748265E-06
   2.83999658       1.76352148E-06
   2.85999656       1.43088062E-06
   2.87999654       1.20958691E-06
   2.89999652       1.18202161E-06
   2.91999650       1.30710816E-06
   2.93999648       1.44916521E-06
   2.95999646       1.45853812E-06
   2.97999644       1.39516010E-06
   2.99999642       1.24870849E-06
   3.01999640       1.07216010E-06
   3.03999639       8.25364737E-07
   3.05999637       5.66600193E-07
   3.07999635       5.77315348E-07
   3.09999633       7.55510655E-07
