  -2.00000000       1.97342374E-07
  -1.98000002       2.67145936E-07
  -1.96000004       4.30662595E-07
  -1.94000006       6.46961155E-07
  -1.92000008       8.80610685E-07
  -1.90000010       1.04112678E-06
  -1.88000011       1.11902295E-06
  -1.86000013       1.07861138E-06
  -1.84000015       9.56009330E-07
  -1.82000017       8.57756731E-07
  -1.80000019       7.78775870E-07
  -1.78000021       6.95299434E-07
  -1.76000023       6.13033421E-07
  -1.74000025       5.29814429E-07
  -1.72000027       4.35754629E-07
  -1.70000029       3.83154799E-07
  -1.68000031       4.18137517E-07
  -1.66000032       4.85156363E-07
  -1.64000034       5.17590479E-07
  -1.62000036       4.94120115E-07
  -1.60000038       4.80985250E-07
  -1.58000040       5.36080677E-07
  -1.56000042       6.17718285E-07
  -1.54000044       6.75723868E-07
  -1.52000046       6.89469573E-07
  -1.50000048       6.78118965E-07
  -1.48000050       6.95538802E-07
  -1.46000051       7.51841242E-07
  -1.44000053       8.04309138E-07
  -1.42000055       8.09683911E-07
  -1.40000057       7.99983127E-07
  -1.38000059       8.00501027E-07
  -1.36000061       8.22806612E-07
  -1.34000063       8.57777650E-07
  -1.32000065       8.62814716E-07
  -1.30000067       9.12182884E-07
  -1.28000069       9.28451470E-07
  -1.26000071       1.03164655E-06
  -1.24000072       9.68874133E-07
  -1.22000074       1.10754763E-06
  -1.20000076       8.85289069E-07
  -1.18000078       1.29052648E-06
  -1.16000080       7.72152646E-07
  -1.14000082       1.59297508E-06
  -1.12000084       5.91513810E-07
  -1.10000086       2.30392993E-06
  -1.08000088       1.20473283E-06
  -1.06000090       2.61926107E-06
  -1.04000092       5.18332581E-06
  -1.02000093       2.91601145E-06
  -1.00000095       1.89555376E-05
 -0.980000973       1.10786987E-05
 -0.960000992       5.23326526E-05
 -0.940001011       6.89745284E-05
 -0.920001030       1.28749642E-04
 -0.900001049       2.82538531E-04
 -0.880001068       3.84523562E-04
 -0.860001087       8.12127895E-04
 -0.840001106       1.29837065E-03
 -0.820001125       2.10273871E-03
 -0.800001144       3.82828247E-03
 -0.780001163       5.82333794E-03
 -0.760001183       9.41841863E-03
 -0.740001202       1.50813190E-02
 -0.720001221       2.20691450E-02
 -0.700001240       3.38742696E-02
 -0.680001259       5.10285646E-02
 -0.660001278       7.27462023E-02
 -0.640001297      0.104864985    
 -0.620001316      0.147711083    
 -0.600001335      0.199573219    
 -0.580001354      0.270513922    
 -0.560001373      0.362570286    
 -0.540001392      0.467975795    
 -0.520001411      0.595814586    
 -0.500001431      0.753173053    
 -0.480001420      0.925251722    
 -0.460001409       1.11149406    
 -0.440001398       1.32593882    
 -0.420001388       1.55107450    
 -0.400001377       1.76195431    
 -0.380001366       1.97469330    
 -0.360001355       2.19651270    
 -0.340001345       2.37824106    
 -0.320001334       2.49741173    
 -0.300001323       2.61057901    
 -0.280001312       2.72182560    
 -0.260001302       2.72516823    
 -0.240001306       2.61892438    
 -0.220001310       2.55793786    
 -0.200001314       2.53700542    
 -0.180001318       2.35535884    
 -0.160001323       2.02322555    
 -0.140001327       1.82634449    
 -0.120001331       1.78682601    
 -0.100001335       1.56704283    
  -8.00013393E-02   1.15052497    
  -6.00013398E-02  0.933997452    
  -4.00013402E-02  0.956414938    
  -2.00013407E-02  0.800337136    
  -1.34110451E-06  0.456006110    
   1.99986584E-02  0.456933200    
   3.99986580E-02  0.346977919    
   5.99986576E-02  0.246314585    
   7.99986571E-02  0.169205382    
   9.99986529E-02  0.114396118    
  0.119998649       7.67040253E-02
  0.139998645       5.10271043E-02
  0.159998640       3.36239040E-02
  0.179998636       2.19205394E-02
  0.199998632       1.41038643E-02
  0.219998628       8.90844222E-03
  0.239998624       5.48735028E-03
  0.259998620       3.28088785E-03
  0.279998630       1.90182065E-03
  0.299998641       1.07166276E-03
  0.319998652       5.89960604E-04
  0.339998662       3.18967068E-04
  0.359998673       1.70136205E-04
  0.379998684       9.00582309E-05
  0.399998695       4.76019486E-05
  0.419998705       2.52013961E-05
  0.439998716       1.33461317E-05
  0.459998727       7.06404080E-06
  0.479998738       3.76856883E-06
  0.499998748       2.07611242E-06
  0.519998729       1.17079026E-06
  0.539998710       6.66571680E-07
  0.559998691       4.13857208E-07
  0.579998672       3.19278541E-07
  0.599998653       2.77283334E-07
  0.619998634       2.49039488E-07
  0.639998615       2.47293798E-07
  0.659998596       2.66454890E-07
  0.679998577       2.91929297E-07
  0.699998558       3.14749627E-07
  0.719998538       3.32247737E-07
  0.739998519       3.51552814E-07
  0.759998500       3.71979837E-07
  0.779998481       4.00921010E-07
  0.799998462       4.29770580E-07
  0.819998443       4.48413772E-07
  0.839998424       4.60022022E-07
  0.859998405       4.73262958E-07
  0.879998386       4.77345736E-07
  0.899998367       4.94386143E-07
  0.919998348       5.01690010E-07
  0.939998329       5.26489544E-07
  0.959998310       5.65301889E-07
  0.979998291       5.65772552E-07
  0.999998271       5.43221972E-07
   1.01999831       5.51999108E-07
   1.03999829       5.81395909E-07
   1.05999827       5.90093293E-07
   1.07999825       6.01348290E-07
   1.09999824       6.15504348E-07
   1.11999822       6.07678260E-07
   1.13999820       6.31629518E-07
   1.15999818       6.52102756E-07
   1.17999816       6.38400934E-07
   1.19999814       6.22520304E-07
   1.21999812       6.34756702E-07
   1.23999810       6.51724690E-07
   1.25999808       6.84556881E-07
   1.27999806       7.02320733E-07
   1.29999804       6.92985282E-07
   1.31999803       6.64750985E-07
   1.33999801       6.53071879E-07
   1.35999799       6.75810668E-07
   1.37999797       7.11073710E-07
   1.39999795       7.21351853E-07
   1.41999793       7.03591468E-07
   1.43999791       6.94006076E-07
   1.45999789       6.99978386E-07
   1.47999787       7.31228852E-07
   1.49999785       7.41055658E-07
   1.51999784       7.49691594E-07
   1.53999782       7.36673826E-07
   1.55999780       7.42536770E-07
   1.57999778       7.50577783E-07
   1.59999776       7.07899687E-07
   1.61999774       7.10408813E-07
   1.63999772       7.59238674E-07
   1.65999770       8.05540651E-07
   1.67999768       8.03755825E-07
   1.69999766       7.66542712E-07
   1.71999764       7.24799065E-07
   1.73999763       7.51276787E-07
   1.75999761       8.09125538E-07
   1.77999759       8.09722962E-07
   1.79999757       8.08251400E-07
   1.81999755       7.91667844E-07
   1.83999753       7.54734913E-07
   1.85999751       7.30511260E-07
   1.87999749       7.63177695E-07
   1.89999747       8.18244132E-07
   1.91999745       8.58723922E-07
   1.93999743       8.69692713E-07
   1.95999742       8.39346171E-07
   1.97999740       7.94881203E-07
   1.99999738       8.00376313E-07
   2.01999736       8.26623022E-07
   2.03999734       8.05243985E-07
   2.05999732       7.91883508E-07
   2.07999730       8.30786973E-07
   2.09999728       8.58196699E-07
   2.11999726       8.65484139E-07
   2.13999724       8.76189631E-07
   2.15999722       8.81564347E-07
   2.17999721       8.37897346E-07
   2.19999719       8.20582216E-07
   2.21999717       8.49725723E-07
   2.23999715       8.89871274E-07
   2.25999713       9.05037211E-07
   2.27999711       9.00031353E-07
   2.29999709       8.66032678E-07
   2.31999707       8.42875238E-07
   2.33999705       8.80202151E-07
   2.35999703       8.90327158E-07
   2.37999701       9.00430791E-07
   2.39999700       9.21706885E-07
   2.41999698       9.08972424E-07
   2.43999696       8.94187053E-07
   2.45999694       9.01413102E-07
   2.47999692       9.35911260E-07
   2.49999690       9.78055709E-07
   2.51999688       9.73153647E-07
   2.53999686       9.24011033E-07
   2.55999684       9.13107158E-07
   2.57999682       9.78307639E-07
   2.59999681       1.02960985E-06
   2.61999679       1.03170078E-06
   2.63999677       9.89654382E-07
   2.65999675       9.75523562E-07
   2.67999673       1.02936031E-06
   2.69999671       1.06919663E-06
   2.71999669       1.05988545E-06
   2.73999667       1.09024791E-06
   2.75999665       1.04755441E-06
   2.77999663       1.00432078E-06
   2.79999661       8.83797725E-07
   2.81999660       7.85050759E-07
   2.83999658       6.29691840E-07
   2.85999656       4.97518897E-07
   2.87999654       4.01534805E-07
   2.89999652       3.93737196E-07
   2.91999650       4.83137285E-07
   2.93999648       5.90177763E-07
   2.95999646       5.97603901E-07
   2.97999644       5.05993000E-07
   2.99999642       3.37650221E-07
   3.01999640       2.17102084E-07
   3.03999639       1.19531080E-07
   3.05999637       1.11584491E-07
   3.07999635       2.45292085E-07
   3.09999633       3.11495739E-07
