  -2.00000000       4.22820222E-07
  -1.98000002       5.24246957E-07
  -1.96000004       5.21211234E-07
  -1.94000006       4.45089995E-07
  -1.92000008       3.08206893E-07
  -1.90000010       1.67906038E-07
  -1.88000011       6.85550674E-08
  -1.86000013       1.32582167E-08
  -1.84000015       1.29219098E-08
  -1.82000017       4.26079581E-08
  -1.80000019       7.48714442E-08
  -1.78000021       1.09637668E-07
  -1.76000023       1.44891672E-07
  -1.74000025       1.80261850E-07
  -1.72000027       2.29048524E-07
  -1.70000029       2.67364157E-07
  -1.68000031       2.54134534E-07
  -1.66000032       2.03544730E-07
  -1.64000034       1.64948418E-07
  -1.62000036       1.73499870E-07
  -1.60000038       1.96043018E-07
  -1.58000040       1.87287398E-07
  -1.56000042       1.49358655E-07
  -1.54000044       1.10763359E-07
  -1.52000046       9.57410720E-08
  -1.50000048       9.49976382E-08
  -1.48000050       9.33838322E-08
  -1.46000051       8.17192074E-08
  -1.44000053       6.58410997E-08
  -1.42000055       5.77159973E-08
  -1.40000057       5.46191679E-08
  -1.38000059       5.40371268E-08
  -1.36000061       5.45063692E-08
  -1.34000063       4.65523264E-08
  -1.32000065       3.97490112E-08
  -1.30000067       3.55768535E-08
  -1.28000069       3.34789441E-08
  -1.26000071       2.34855140E-08
  -1.24000072       1.86178450E-08
  -1.22000074       1.45768064E-08
  -1.20000076       2.35278161E-08
  -1.18000078       2.53508450E-08
  -1.16000080       2.55486245E-08
  -1.14000082       8.01245008E-08
  -1.12000084       7.54227401E-08
  -1.10000086       3.97438754E-07
  -1.08000088       4.79384596E-07
  -1.06000090       1.15851924E-06
  -1.04000092       2.49455934E-06
  -1.02000093       4.70304894E-06
  -1.00000095       1.02931190E-05
 -0.980000973       1.76006743E-05
 -0.960000992       3.64617517E-05
 -0.940001011       6.67337299E-05
 -0.920001030       1.18450997E-04
 -0.900001049       2.27670433E-04
 -0.880001068       3.85691586E-04
 -0.860001087       6.94545102E-04
 -0.840001106       1.19442772E-03
 -0.820001125       1.93962315E-03
 -0.800001144       3.27043026E-03
 -0.780001163       5.20568155E-03
 -0.760001183       8.28293245E-03
 -0.740001202       1.33308107E-02
 -0.720001221       2.02255379E-02
 -0.700001240       3.03904954E-02
 -0.680001259       4.52588871E-02
 -0.660001278       6.48937896E-02
 -0.640001297       9.31598023E-02
 -0.620001316      0.132573590    
 -0.600001335      0.181008518    
 -0.580001354      0.243968040    
 -0.560001373      0.327189952    
 -0.540001392      0.425365508    
 -0.520001411      0.542500079    
 -0.500001431      0.689019680    
 -0.480001420      0.853308320    
 -0.460001409       1.02663767    
 -0.440001398       1.22766197    
 -0.420001388       1.45202541    
 -0.400001377       1.66181433    
 -0.380001366       1.86064088    
 -0.360001355       2.08342528    
 -0.340001345       2.29367781    
 -0.320001334       2.42377090    
 -0.300001323       2.52028155    
 -0.280001312       2.65579724    
 -0.260001302       2.72745228    
 -0.240001306       2.63700986    
 -0.220001310       2.54166532    
 -0.200001314       2.55333829    
 -0.180001318       2.45882726    
 -0.160001323       2.13191748    
 -0.140001327       1.88170004    
 -0.120001331       1.86697018    
 -0.100001335       1.71048594    
  -8.00013393E-02   1.26988637    
  -6.00013398E-02   1.00532401    
  -4.00013402E-02   1.05259013    
  -2.00013407E-02  0.913762033    
  -1.34110451E-06  0.524382889    
   1.99986584E-02  0.530406773    
   3.99986580E-02  0.406448424    
   5.99986576E-02  0.292357087    
   7.99986571E-02  0.204727590    
   9.99986529E-02  0.141647249    
  0.119998649       9.72207636E-02
  0.139998645       6.59639612E-02
  0.159998640       4.40243259E-02
  0.179998636       2.88479310E-02
  0.199998632       1.85719021E-02
  0.219998628       1.17448447E-02
  0.239998624       7.28067290E-03
  0.259998620       4.41435678E-03
  0.279998630       2.61658221E-03
  0.299998641       1.52024056E-03
  0.319998652       8.70117918E-04
  0.339998662       4.93653293E-04
  0.359998673       2.79362372E-04
  0.379998684       1.58858922E-04
  0.399998695       9.14272096E-05
  0.419998705       5.36468833E-05
  0.439998716       3.23186941E-05
  0.459998727       2.00470968E-05
  0.479998738       1.28277334E-05
  0.499998748       8.53420897E-06
  0.519998729       5.94746825E-06
  0.539998710       4.32062052E-06
  0.559998691       3.20262689E-06
  0.579998672       2.44132593E-06
  0.599998653       1.95491998E-06
  0.619998634       1.63183893E-06
  0.639998615       1.35904008E-06
  0.659998596       1.13953854E-06
  0.679998577       9.72028715E-07
  0.699998558       8.50152787E-07
  0.719998538       7.56083978E-07
  0.739998519       6.73681825E-07
  0.759998500       6.05177490E-07
  0.779998481       5.36448965E-07
  0.799998462       4.77622962E-07
  0.819998443       4.35154874E-07
  0.839998424       4.05508843E-07
  0.859998405       3.75877363E-07
  0.879998386       3.55320850E-07
  0.899998367       3.25266484E-07
  0.919998348       3.08365316E-07
  0.939998329       2.83967125E-07
  0.959998310       2.47979841E-07
  0.979998291       2.28714597E-07
  0.999998271       2.38226093E-07
   1.01999831       2.33880201E-07
   1.03999829       2.11846825E-07
   1.05999827       1.91563032E-07
   1.07999825       1.81450446E-07
   1.09999824       1.73898712E-07
   1.11999822       1.74516217E-07
   1.13999820       1.62552880E-07
   1.15999818       1.40863250E-07
   1.17999816       1.41249402E-07
   1.19999814       1.54231614E-07
   1.21999812       1.47745936E-07
   1.23999810       1.38838885E-07
   1.25999808       1.27680380E-07
   1.27999806       1.14202109E-07
   1.29999804       1.11879103E-07
   1.31999803       1.17745344E-07
   1.33999801       1.28936961E-07
   1.35999799       1.22063739E-07
   1.37999797       1.09289246E-07
   1.39999795       1.03254244E-07
   1.41999793       1.11865845E-07
   1.43999791       1.12031913E-07
   1.45999789       1.05204791E-07
   1.47999787       1.01613594E-07
   1.49999785       1.01828384E-07
   1.51999784       1.06068171E-07
   1.53999782       9.12540727E-08
   1.55999780       9.14629439E-08
   1.57999778       1.06059872E-07
   1.59999776       1.01199653E-07
   1.61999774       1.02925654E-07
   1.63999772       1.20798106E-07
   1.65999770       1.13767427E-07
   1.67999768       9.05583022E-08
   1.69999766       8.50478301E-08
   1.71999764       1.04738106E-07
   1.73999763       1.08084159E-07
   1.75999761       1.09093314E-07
   1.77999759       1.08494433E-07
   1.79999757       1.00650979E-07
   1.81999755       9.47180965E-08
   1.83999753       1.01716026E-07
   1.85999751       1.18971592E-07
   1.87999749       1.38079983E-07
   1.89999747       1.39730858E-07
   1.91999745       1.25984030E-07
   1.93999743       1.14766834E-07
   1.95999742       1.10320336E-07
   1.97999740       1.06849996E-07
   1.99999738       1.22796905E-07
   2.01999736       1.23979333E-07
   2.03999734       1.24814633E-07
   2.05999732       1.43176365E-07
   2.07999730       1.60329051E-07
   2.09999728       1.57074354E-07
   2.11999726       1.51893474E-07
   2.13999724       1.46643927E-07
   2.15999722       1.38949389E-07
   2.17999721       1.44247423E-07
   2.19999719       1.64569300E-07
   2.21999717       1.73663565E-07
   2.23999715       1.74461988E-07
   2.25999713       1.79475023E-07
   2.27999711       1.79388266E-07
   2.29999709       1.68264862E-07
   2.31999707       1.70808278E-07
   2.33999705       2.03530490E-07
   2.35999703       2.14970086E-07
   2.37999701       2.11145903E-07
   2.39999700       2.17234671E-07
   2.41999698       2.25813309E-07
   2.43999696       2.29910739E-07
   2.45999694       2.51161623E-07
   2.47999692       2.66037659E-07
   2.49999690       2.70109581E-07
   2.51999688       2.62518512E-07
   2.53999686       2.64219665E-07
   2.55999684       2.85221887E-07
   2.57999682       3.38890572E-07
   2.59999681       3.76249716E-07
   2.61999679       3.65805079E-07
   2.63999677       3.63203782E-07
   2.65999675       4.04356683E-07
   2.67999673       4.82021619E-07
   2.69999671       5.27438033E-07
   2.71999669       5.82038069E-07
   2.73999667       6.97093526E-07
   2.75999665       7.60529304E-07
   2.77999663       8.63518267E-07
   2.79999661       9.50933270E-07
   2.81999660       1.06074538E-06
   2.83999658       1.00553075E-06
   2.85999656       8.44907902E-07
   2.87999654       6.78353672E-07
   2.89999652       6.14766236E-07
   2.91999650       6.63992637E-07
   2.93999648       7.77123944E-07
   2.95999646       8.85816235E-07
   2.97999644       1.03477669E-06
   2.99999642       1.14714521E-06
   3.01999640       1.20680659E-06
   3.03999639       1.04375283E-06
   3.05999637       6.04505146E-07
   3.07999635       3.49616926E-07
   3.09999633       3.62522286E-07
