  -2.00000000       1.31026979E-06
  -1.98000002       1.46541822E-06
  -1.96000004       1.98399653E-06
  -1.94000006       2.48817128E-06
  -1.92000008       2.69664429E-06
  -1.90000010       2.61066316E-06
  -1.88000011       2.24369455E-06
  -1.86000013       1.81152427E-06
  -1.84000015       1.51382017E-06
  -1.82000017       1.39128315E-06
  -1.80000019       1.46266586E-06
  -1.78000021       1.70811347E-06
  -1.76000023       1.99073406E-06
  -1.74000025       2.25877329E-06
  -1.72000027       2.45328738E-06
  -1.70000029       2.60872866E-06
  -1.68000031       2.79995129E-06
  -1.66000032       3.02864646E-06
  -1.64000034       3.15570242E-06
  -1.62000036       3.04122659E-06
  -1.60000038       2.82146311E-06
  -1.58000040       2.73573914E-06
  -1.56000042       2.82335213E-06
  -1.54000044       2.87395096E-06
  -1.52000046       2.75465845E-06
  -1.50000048       2.53823259E-06
  -1.48000050       2.40591498E-06
  -1.46000051       2.41280145E-06
  -1.44000053       2.45464457E-06
  -1.42000055       2.44585362E-06
  -1.40000057       2.39003111E-06
  -1.38000059       2.33944752E-06
  -1.36000061       2.28766930E-06
  -1.34000063       2.29141210E-06
  -1.32000065       2.35356515E-06
  -1.30000067       2.28298222E-06
  -1.28000069       2.28962381E-06
  -1.26000071       2.22760377E-06
  -1.24000072       2.37168342E-06
  -1.22000074       2.08587221E-06
  -1.20000076       2.29226680E-06
  -1.18000078       1.81726909E-06
  -1.16000080       2.51949655E-06
  -1.14000082       1.65267159E-06
  -1.12000084       2.73380283E-06
  -1.10000086       1.64663834E-06
  -1.08000088       2.82199790E-06
  -1.06000090       3.35880509E-06
  -1.04000092       1.64990342E-06
  -1.02000093       8.92483968E-06
  -1.00000095       1.70933299E-06
 -0.980000973       2.33483042E-05
 -0.960000992       1.61294247E-05
 -0.940001011       4.86641220E-05
 -0.920001030       8.64799513E-05
 -0.900001049       1.14004906E-04
 -0.880001068       2.72280042E-04
 -0.860001087       3.84077372E-04
 -0.840001106       7.26882892E-04
 -0.820001125       1.24910439E-03
 -0.800001144       1.85265066E-03
 -0.780001163       3.11929616E-03
 -0.760001183       4.90868138E-03
 -0.740001202       7.66101619E-03
 -0.720001221       1.21209174E-02
 -0.700001240       1.80428959E-02
 -0.680001259       2.62870975E-02
 -0.660001278       3.88299450E-02
 -0.640001297       5.65189868E-02
 -0.620001316       7.90590420E-02
 -0.600001335      0.109709159    
 -0.580001354      0.152006999    
 -0.560001373      0.202834353    
 -0.540001392      0.266555011    
 -0.520001411      0.352961391    
 -0.500001431      0.451274246    
 -0.480001420      0.558554232    
 -0.460001409      0.701442122    
 -0.440001398      0.867524505    
 -0.420001388       1.01715016    
 -0.400001377       1.19297850    
 -0.380001366       1.42823935    
 -0.360001355       1.61811125    
 -0.340001345       1.75419402    
 -0.320001334       1.99056041    
 -0.300001323       2.22784972    
 -0.280001312       2.27381778    
 -0.260001302       2.35586667    
 -0.240001306       2.59802938    
 -0.220001310       2.60673404    
 -0.200001314       2.41532111    
 -0.180001318       2.53319788    
 -0.160001323       2.61942720    
 -0.140001327       2.21120334    
 -0.120001331       2.00772047    
 -0.100001335       2.23290896    
  -8.00013393E-02   1.93242109    
  -6.00013398E-02   1.34978259    
  -4.00013402E-02   1.44868004    
  -2.00013407E-02   1.49737847    
  -1.34110451E-06  0.893038869    
   1.99986584E-02  0.955318689    
   3.99986580E-02  0.772506714    
   5.99986576E-02  0.588383853    
   7.99986571E-02  0.440420210    
   9.99986529E-02  0.328718752    
  0.119998649      0.244269386    
  0.139998645      0.179253668    
  0.159998640      0.128809169    
  0.179998636       9.01379958E-02
  0.199998632       6.13982789E-02
  0.219998628       4.09049839E-02
  0.239998624       2.68568899E-02
  0.259998620       1.74936410E-02
  0.279998630       1.13397902E-02
  0.299998641       7.31011899E-03
  0.319998652       4.67214966E-03
  0.339998662       2.95136706E-03
  0.359998673       1.83962763E-03
  0.379998684       1.13133818E-03
  0.399998695       6.87914609E-04
  0.419998705       4.15169488E-04
  0.439998716       2.49872101E-04
  0.459998727       1.50962544E-04
  0.479998738       9.22882246E-05
  0.499998748       5.77005558E-05
  0.519998729       3.70610433E-05
  0.539998710       2.46164909E-05
  0.559998691       1.71521515E-05
  0.579998672       1.26703035E-05
  0.599998653       9.76520369E-06
  0.619998634       7.82406005E-06
  0.639998615       6.54140922E-06
  0.659998596       5.70540124E-06
  0.679998577       5.12059478E-06
  0.699998558       4.62670232E-06
  0.719998538       4.24794416E-06
  0.739998519       3.93745313E-06
  0.759998500       3.68765382E-06
  0.779998481       3.51021458E-06
  0.799998462       3.34318725E-06
  0.819998443       3.19155015E-06
  0.839998424       3.03816091E-06
  0.859998405       2.90979824E-06
  0.879998386       2.80115614E-06
  0.899998367       2.74330364E-06
  0.919998348       2.66755160E-06
  0.939998329       2.56718477E-06
  0.959998310       2.51167035E-06
  0.979998291       2.46519335E-06
  0.999998271       2.34078925E-06
   1.01999831       2.25349868E-06
   1.03999829       2.23006055E-06
   1.05999827       2.22649078E-06
   1.07999825       2.17581032E-06
   1.09999824       2.10913663E-06
   1.11999822       2.04507091E-06
   1.13999820       1.96920564E-06
   1.15999818       1.97026839E-06
   1.17999816       1.93804476E-06
   1.19999814       1.85222245E-06
   1.21999812       1.83486407E-06
   1.23999810       1.82742417E-06
   1.25999808       1.80689119E-06
   1.27999806       1.78432879E-06
   1.29999804       1.73984733E-06
   1.31999803       1.67423764E-06
   1.33999801       1.60847094E-06
   1.35999799       1.60380637E-06
   1.37999797       1.65133031E-06
   1.39999795       1.63937636E-06
   1.41999793       1.57056422E-06
   1.43999791       1.49835842E-06
   1.45999789       1.50771530E-06
   1.47999787       1.50134906E-06
   1.49999785       1.46769730E-06
   1.51999784       1.40432883E-06
   1.53999782       1.42805811E-06
   1.55999780       1.40838029E-06
   1.57999778       1.32469972E-06
   1.59999776       1.35116943E-06
   1.61999774       1.35148616E-06
   1.63999772       1.31292506E-06
   1.65999770       1.31484319E-06
   1.67999768       1.33842241E-06
   1.69999766       1.26541272E-06
   1.71999764       1.15009027E-06
   1.73999763       1.16294996E-06
   1.75999761       1.21681421E-06
   1.77999759       1.21459391E-06
   1.79999757       1.19106619E-06
   1.81999755       1.15236526E-06
   1.83999753       1.12252803E-06
   1.85999751       1.09405858E-06
   1.87999749       1.08943152E-06
   1.89999747       1.10038991E-06
   1.91999745       1.11919132E-06
   1.93999743       1.07106109E-06
   1.95999742       9.96201379E-07
   1.97999740       9.55199198E-07
   1.99999738       9.20552282E-07
   2.01999736       9.57957809E-07
   2.03999734       9.76197043E-07
   2.05999732       9.58575697E-07
   2.07999730       9.53190522E-07
   2.09999728       9.46807290E-07
   2.11999726       8.98483506E-07
   2.13999724       8.57777877E-07
   2.15999722       8.60150067E-07
   2.17999721       8.27015754E-07
   2.19999719       7.68949917E-07
   2.21999717       7.76289426E-07
   2.23999715       8.10718689E-07
   2.25999713       7.98356382E-07
   2.27999711       7.53144491E-07
   2.29999709       7.30863746E-07
   2.31999707       7.13242343E-07
   2.33999705       6.65258995E-07
   2.35999703       6.66225560E-07
   2.37999701       6.85112752E-07
   2.39999700       6.61810589E-07
   2.41999698       6.17368357E-07
   2.43999696       5.97429732E-07
   2.45999694       5.56034252E-07
   2.47999692       5.32745730E-07
   2.49999690       5.25891039E-07
   2.51999688       4.96022096E-07
   2.53999686       4.31030543E-07
   2.55999684       4.09682229E-07
   2.57999682       3.86339252E-07
   2.59999681       3.48206754E-07
   2.61999679       3.37145707E-07
   2.63999677       2.86196354E-07
   2.65999675       2.07411304E-07
   2.67999673       1.68868070E-07
   2.69999671       1.82501452E-07
   2.71999669       2.00188850E-07
   2.73999667       2.47803740E-07
   2.75999665       3.81161698E-07
   2.77999663       5.05601804E-07
   2.79999661       5.55803126E-07
   2.81999660       5.34682442E-07
   2.83999658       4.95120105E-07
   2.85999656       4.61561797E-07
   2.87999654       4.36095519E-07
   2.89999652       4.70231498E-07
   2.91999650       5.99510429E-07
   2.93999648       8.78112530E-07
   2.95999646       1.23626819E-06
   2.97999644       1.42342094E-06
   2.99999642       1.35173536E-06
   3.01999640       1.08311201E-06
   3.03999639       9.44852388E-07
   3.05999637       1.27056921E-06
   3.07999635       1.80196332E-06
   3.09999633       1.89931586E-06
