  -2.00000000       2.78240663E-07
  -1.98000002       4.09962013E-07
  -1.96000004       4.57212394E-07
  -1.94000006       3.87005542E-07
  -1.92000008       2.31360261E-07
  -1.90000010       7.51483213E-08
  -1.88000011       9.30826971E-09
  -1.86000013       2.94189331E-08
  -1.84000015       1.04925235E-07
  -1.82000017       1.84521639E-07
  -1.80000019       2.20021349E-07
  -1.78000021       2.28823481E-07
  -1.76000023       2.10678806E-07
  -1.74000025       1.66188386E-07
  -1.72000027       1.10781784E-07
  -1.70000029       6.71058729E-08
  -1.68000031       3.91245720E-08
  -1.66000032       2.17920384E-08
  -1.64000034       1.51627422E-08
  -1.62000036       1.67673164E-08
  -1.60000038       2.81342718E-08
  -1.58000040       3.75124038E-08
  -1.56000042       3.53077070E-08
  -1.54000044       2.49380925E-08
  -1.52000046       1.69433871E-08
  -1.50000048       2.35072317E-08
  -1.48000050       3.82006426E-08
  -1.46000051       4.83860241E-08
  -1.44000053       4.35500596E-08
  -1.42000055       2.97051859E-08
  -1.40000057       1.69705832E-08
  -1.38000059       1.25120030E-08
  -1.36000061       1.49033426E-08
  -1.34000063       1.86074907E-08
  -1.32000065       1.73359567E-08
  -1.30000067       1.01656905E-08
  -1.28000069       3.50718099E-09
  -1.26000071       6.15129681E-09
  -1.24000072       6.08895157E-09
  -1.22000074       1.54491335E-08
  -1.20000076       1.22823129E-09
  -1.18000078       2.78573999E-08
  -1.16000080       9.65602487E-10
  -1.14000082       1.19168007E-07
  -1.12000084       3.35482504E-08
  -1.10000086       2.67227279E-07
  -1.08000088       2.88380022E-07
  -1.06000090       6.82405528E-07
  -1.04000092       1.67326527E-06
  -1.02000093       1.81487417E-06
  -1.00000095       5.76035382E-06
 -0.980000973       6.31945522E-06
 -0.960000992       1.86934103E-05
 -0.940001011       2.72255184E-05
 -0.920001030       5.26373697E-05
 -0.900001049       9.93989161E-05
 -0.880001068       1.34648682E-04
 -0.860001087       2.73343612E-04
 -0.840001106       4.27849911E-04
 -0.820001125       7.66331039E-04
 -0.800001144       1.27521332E-03
 -0.780001163       1.77769433E-03
 -0.760001183       3.08009051E-03
 -0.740001202       4.78466786E-03
 -0.720001221       7.15691084E-03
 -0.700001240       1.13086896E-02
 -0.680001259       1.59467198E-02
 -0.660001278       2.37175003E-02
 -0.640001297       3.55094858E-02
 -0.620001316       4.80598882E-02
 -0.600001335       6.85518906E-02
 -0.580001354       9.68803316E-02
 -0.560001373      0.126206353    
 -0.540001392      0.172138035    
 -0.520001411      0.232132688    
 -0.500001431      0.288937986    
 -0.480001420      0.375359654    
 -0.460001409      0.487634391    
 -0.440001398      0.577244520    
 -0.420001388      0.711067319    
 -0.400001377      0.896712661    
 -0.380001366       1.00868630    
 -0.360001355       1.16846991    
 -0.340001345       1.43960190    
 -0.320001334       1.55063176    
 -0.300001323       1.66218281    
 -0.280001312       2.00949192    
 -0.260001302       2.10504746    
 -0.240001306       2.05326915    
 -0.220001310       2.42723680    
 -0.200001314       2.51755047    
 -0.180001318       2.21460605    
 -0.160001323       2.53496575    
 -0.140001327       2.66099453    
 -0.120001331       2.07262754    
 -0.100001335       2.26786661    
  -8.00013393E-02   2.52219319    
  -6.00013398E-02   1.72727060    
  -4.00013402E-02   1.68481290    
  -2.00013407E-02   2.06470847    
  -1.34110451E-06   1.28188467    
   1.99986584E-02   1.43115282    
   3.99986580E-02   1.21122324    
   5.99986576E-02  0.974482894    
   7.99986571E-02  0.775345266    
   9.99986529E-02  0.614747167    
  0.119998649      0.482815892    
  0.139998645      0.372879803    
  0.159998640      0.282383949    
  0.179998636      0.209940910    
  0.199998632      0.153518975    
  0.219998628      0.110496946    
  0.239998624       7.82839730E-02
  0.259998620       5.46191670E-02
  0.279998630       3.75727378E-02
  0.299998641       2.55082324E-02
  0.319998652       1.70952510E-02
  0.339998662       1.13003850E-02
  0.359998673       7.35772448E-03
  0.379998684       4.71477257E-03
  0.399998695       2.97344523E-03
  0.419998705       1.84742257E-03
  0.439998716       1.13304134E-03
  0.459998727       6.88312983E-04
  0.479998738       4.15522227E-04
  0.499998748       2.50067184E-04
  0.519998729       1.50879874E-04
  0.539998710       9.17498764E-05
  0.559998691       5.64893671E-05
  0.579998672       3.53294781E-05
  0.599998653       2.24817431E-05
  0.619998634       1.47280325E-05
  0.639998615       9.98969426E-06
  0.659998596       6.97261521E-06
  0.679998577       5.01459044E-06
  0.699998558       3.68650853E-06
  0.719998538       2.83494887E-06
  0.739998519       2.25037161E-06
  0.759998500       1.83055624E-06
  0.779998481       1.49913626E-06
  0.799998462       1.25030908E-06
  0.819998443       1.05823290E-06
  0.839998424       9.18467094E-07
  0.859998405       7.92618096E-07
  0.879998386       6.93532456E-07
  0.899998367       6.18160414E-07
  0.919998348       5.36417360E-07
  0.939998329       4.78305992E-07
  0.959998310       4.38605639E-07
  0.979998291       3.85795090E-07
  0.999998271       3.38815198E-07
   1.01999831       3.33620989E-07
   1.03999829       3.11330865E-07
   1.05999827       2.57371738E-07
   1.07999825       2.22816738E-07
   1.09999824       2.13626095E-07
   1.11999822       2.00846642E-07
   1.13999820       1.76002899E-07
   1.15999818       1.70772239E-07
   1.17999816       1.52177691E-07
   1.19999814       1.32182194E-07
   1.21999812       1.26144911E-07
   1.23999810       1.13313980E-07
   1.25999808       9.79015269E-08
   1.27999806       8.65839880E-08
   1.29999804       8.02694444E-08
   1.31999803       8.07994454E-08
   1.33999801       7.74307694E-08
   1.35999799       6.36047517E-08
   1.37999797       5.50047048E-08
   1.39999795       4.79408122E-08
   1.41999793       4.26580335E-08
   1.43999791       3.87047905E-08
   1.45999789       3.53944287E-08
   1.47999787       3.62054635E-08
   1.49999785       3.32671561E-08
   1.51999784       2.53552290E-08
   1.53999782       2.31638069E-08
   1.55999780       2.13820286E-08
   1.57999778       1.61765037E-08
   1.59999776       1.87779428E-08
   1.61999774       1.48111559E-08
   1.63999772       9.00136499E-09
   1.65999770       7.59787966E-09
   1.67999768       1.18050911E-08
   1.69999766       9.31264843E-09
   1.71999764       5.10172660E-09
   1.73999763       8.35353031E-09
   1.75999761       1.31652769E-08
   1.77999759       1.22042429E-08
   1.79999757       1.01471045E-08
   1.81999755       6.01000494E-09
   1.83999753       8.60300364E-09
   1.85999751       9.42760270E-09
   1.87999749       9.02030095E-09
   1.89999747       1.07981553E-08
   1.91999745       1.51071937E-08
   1.93999743       1.51526756E-08
   1.95999742       1.32920563E-08
   1.97999740       1.51321551E-08
   1.99999738       1.91745979E-08
   2.01999736       2.60577142E-08
   2.03999734       3.70554822E-08
   2.05999732       4.08104874E-08
   2.07999730       4.01870288E-08
   2.09999728       3.50340557E-08
   2.11999726       3.47269058E-08
   2.13999724       3.59587062E-08
   2.15999722       4.18555111E-08
   2.17999721       5.40484066E-08
   2.19999719       5.61423512E-08
   2.21999717       6.15255686E-08
   2.23999715       8.03291726E-08
   2.25999713       9.07826490E-08
   2.27999711       8.64796093E-08
   2.29999709       9.56718367E-08
   2.31999707       1.04249402E-07
   2.33999705       9.99316043E-08
   2.35999703       1.14955192E-07
   2.37999701       1.32000949E-07
   2.39999700       1.51659947E-07
   2.41999698       1.68628489E-07
   2.43999696       1.67401154E-07
   2.45999694       1.79605124E-07
   2.47999692       2.08961467E-07
   2.49999690       2.37303794E-07
   2.51999688       2.72943197E-07
   2.53999686       3.24601103E-07
   2.55999684       3.65032378E-07
   2.57999682       4.23876031E-07
   2.59999681       5.08793846E-07
   2.61999679       6.18150523E-07
   2.63999677       7.22673917E-07
   2.65999675       7.65405673E-07
   2.67999673       8.22680420E-07
   2.69999671       8.67641688E-07
   2.71999669       7.83825044E-07
   2.73999667       6.57719681E-07
   2.75999665       5.92932167E-07
   2.77999663       6.11757287E-07
   2.79999661       6.59708689E-07
   2.81999660       8.38106246E-07
   2.83999658       1.03577690E-06
   2.85999656       1.24653718E-06
   2.87999654       1.30340914E-06
   2.89999652       1.15236583E-06
   2.91999650       8.99933752E-07
   2.93999648       7.10821155E-07
   2.95999646       6.41001236E-07
   2.97999644       7.42669442E-07
   2.99999642       9.35676212E-07
   3.01999640       9.65415893E-07
   3.03999639       7.21413642E-07
   3.05999637       4.05317621E-07
   3.07999635       2.54381007E-07
   3.09999633       2.93185366E-07
