  -2.00000000       2.23807092E-06
  -1.98000002       2.59365629E-06
  -1.96000004       2.90213529E-06
  -1.94000006       2.87123748E-06
  -1.92000008       2.42743295E-06
  -1.90000010       1.78084588E-06
  -1.88000011       1.38571374E-06
  -1.86000013       1.34834465E-06
  -1.84000015       1.62458093E-06
  -1.82000017       2.00218233E-06
  -1.80000019       2.28118779E-06
  -1.78000021       2.42457963E-06
  -1.76000023       2.39169253E-06
  -1.74000025       2.16698254E-06
  -1.72000027       1.84774080E-06
  -1.70000029       1.55529483E-06
  -1.68000031       1.33191304E-06
  -1.66000032       1.17096909E-06
  -1.64000034       1.07520430E-06
  -1.62000036       9.88780926E-07
  -1.60000038       8.93060189E-07
  -1.58000040       9.33736999E-07
  -1.56000042       1.13521776E-06
  -1.54000044       1.32906393E-06
  -1.52000046       1.36084884E-06
  -1.50000048       1.28038994E-06
  -1.48000050       1.29178716E-06
  -1.46000051       1.42381271E-06
  -1.44000053       1.57034799E-06
  -1.42000055       1.58844216E-06
  -1.40000057       1.54351039E-06
  -1.38000059       1.48586071E-06
  -1.36000061       1.45266108E-06
  -1.34000063       1.49817515E-06
  -1.32000065       1.51161566E-06
  -1.30000067       1.50172957E-06
  -1.28000069       1.37057248E-06
  -1.26000071       1.41955627E-06
  -1.24000072       1.35078619E-06
  -1.22000074       1.51289407E-06
  -1.20000076       1.22082281E-06
  -1.18000078       1.55082557E-06
  -1.16000080       1.09045948E-06
  -1.14000082       1.87749708E-06
  -1.12000084       9.82578513E-07
  -1.10000086       2.03982381E-06
  -1.08000088       1.23386133E-06
  -1.06000090       1.98641828E-06
  -1.04000092       3.64194420E-06
  -1.02000093       1.01264220E-06
  -1.00000095       1.01516034E-05
 -0.980000973       2.35530456E-06
 -0.960000992       2.39998935E-05
 -0.940001011       2.50804696E-05
 -0.920001030       4.57691640E-05
 -0.900001049       1.04709201E-04
 -0.880001068       1.02212420E-04
 -0.860001087       2.72269186E-04
 -0.840001106       4.09320550E-04
 -0.820001125       6.56601856E-04
 -0.800001144       1.21235265E-03
 -0.780001163       1.55231182E-03
 -0.760001183       2.79334630E-03
 -0.740001202       4.58835950E-03
 -0.720001221       6.19830983E-03
 -0.700001240       1.02468124E-02
 -0.680001259       1.49709303E-02
 -0.660001278       2.08184049E-02
 -0.640001297       3.25335786E-02
 -0.620001316       4.45986427E-02
 -0.600001335       6.05049245E-02
 -0.580001354       8.91996920E-02
 -0.560001373      0.117384285    
 -0.540001392      0.152986988    
 -0.520001411      0.214094684    
 -0.500001431      0.271086186    
 -0.480001420      0.336599350    
 -0.460001409      0.450529188    
 -0.440001398      0.548198342    
 -0.420001388      0.645451844    
 -0.400001377      0.831240475    
 -0.380001366      0.970664442    
 -0.360001355       1.07739592    
 -0.340001345       1.34251547    
 -0.320001334       1.51419711    
 -0.300001323       1.56056285    
 -0.280001312       1.88789189    
 -0.260001302       2.09174514    
 -0.240001306       1.97311389    
 -0.220001310       2.29670835    
 -0.200001314       2.53988171    
 -0.180001318       2.19481945    
 -0.160001323       2.43303037    
 -0.140001327       2.71445799    
 -0.120001331       2.11355972    
 -0.100001335       2.22674131    
  -8.00013393E-02   2.61117077    
  -6.00013398E-02   1.81063294    
  -4.00013402E-02   1.70740223    
  -2.00013407E-02   2.16461539    
  -1.34110451E-06   1.35739911    
   1.99986584E-02   1.53092730    
   3.99986580E-02   1.30611169    
   5.99986576E-02   1.05896616    
   7.99986571E-02  0.850814402    
   9.99986529E-02  0.682962835    
  0.119998649      0.543500960    
  0.139998645      0.424606502    
  0.159998640      0.324390173    
  0.179998636      0.242958859    
  0.199998632      0.179265887    
  0.219998628      0.130713120    
  0.239998624       9.41942260E-02
  0.259998620       6.69597462E-02
  0.279998630       4.68579344E-02
  0.299998641       3.22306231E-02
  0.319998652       2.17747018E-02
  0.339998662       1.44454092E-02
  0.359998673       9.41465981E-03
  0.379998684       6.03689905E-03
  0.399998695       3.81785585E-03
  0.419998705       2.38847872E-03
  0.439998716       1.48366566E-03
  0.459998727       9.19031911E-04
  0.479998738       5.69448923E-04
  0.499998748       3.54355667E-04
  0.519998729       2.22542731E-04
  0.539998710       1.41623997E-04
  0.559998691       9.18471924E-05
  0.579998672       6.09744093E-05
  0.599998653       4.14304886E-05
  0.619998634       2.90430708E-05
  0.639998615       2.10843482E-05
  0.659998596       1.59037099E-05
  0.679998577       1.23820391E-05
  0.699998558       9.87620388E-06
  0.719998538       8.18015451E-06
  0.739998519       6.94109303E-06
  0.759998500       6.04545858E-06
  0.779998481       5.36425387E-06
  0.799998462       4.82878340E-06
  0.819998443       4.38566531E-06
  0.839998424       4.04133516E-06
  0.859998405       3.72778550E-06
  0.879998386       3.47332207E-06
  0.899998367       3.30275179E-06
  0.919998348       3.14682438E-06
  0.939998329       2.93741732E-06
  0.959998310       2.80131007E-06
  0.979998291       2.70403621E-06
  0.999998271       2.60741535E-06
   1.01999831       2.48967626E-06
   1.03999829       2.43248428E-06
   1.05999827       2.37128052E-06
   1.07999825       2.27712371E-06
   1.09999824       2.19187609E-06
   1.11999822       2.13904241E-06
   1.13999820       2.06977165E-06
   1.15999818       2.03928198E-06
   1.17999816       2.03343166E-06
   1.19999814       1.96211113E-06
   1.21999812       1.91318986E-06
   1.23999810       1.87163857E-06
   1.25999808       1.82293479E-06
   1.27999806       1.77739742E-06
   1.29999804       1.77597178E-06
   1.31999803       1.74740433E-06
   1.33999801       1.70303451E-06
   1.35999799       1.67199426E-06
   1.37999797       1.68471570E-06
   1.39999795       1.65388940E-06
   1.41999793       1.60194190E-06
   1.43999791       1.50826804E-06
   1.45999789       1.56582996E-06
   1.47999787       1.58573812E-06
   1.49999785       1.53323117E-06
   1.51999784       1.47989113E-06
   1.53999782       1.51920312E-06
   1.55999780       1.51016525E-06
   1.57999778       1.41874170E-06
   1.59999776       1.44141370E-06
   1.61999774       1.45310526E-06
   1.63999772       1.37902907E-06
   1.65999770       1.35543428E-06
   1.67999768       1.40298221E-06
   1.69999766       1.37230791E-06
   1.71999764       1.31037882E-06
   1.73999763       1.33865353E-06
   1.75999761       1.36925132E-06
   1.77999759       1.36734866E-06
   1.79999757       1.32691014E-06
   1.81999755       1.24927601E-06
   1.83999753       1.27096109E-06
   1.85999751       1.27316434E-06
   1.87999749       1.24878727E-06
   1.89999747       1.24598068E-06
   1.91999745       1.25461099E-06
   1.93999743       1.22786639E-06
   1.95999742       1.20565483E-06
   1.97999740       1.21458334E-06
   1.99999738       1.23160783E-06
   2.01999736       1.24835640E-06
   2.03999734       1.25662802E-06
   2.05999732       1.21504479E-06
   2.07999730       1.18444200E-06
   2.09999728       1.13810268E-06
   2.11999726       1.10578640E-06
   2.13999724       1.09637972E-06
   2.15999722       1.15073976E-06
   2.17999721       1.20520292E-06
   2.19999719       1.16989474E-06
   2.21999717       1.14312115E-06
   2.23999715       1.17121999E-06
   2.25999713       1.14803470E-06
   2.27999711       1.08081178E-06
   2.29999709       1.09693565E-06
   2.31999707       1.11905422E-06
   2.33999705       1.07157939E-06
   2.35999703       1.09806285E-06
   2.37999701       1.11435156E-06
   2.39999700       1.08534630E-06
   2.41999698       1.05447180E-06
   2.43999696       1.03633124E-06
   2.45999694       1.05259767E-06
   2.47999692       1.09068003E-06
   2.49999690       1.10895417E-06
   2.51999688       1.10868029E-06
   2.53999686       1.13080387E-06
   2.55999684       1.18159869E-06
   2.57999682       1.26500026E-06
   2.59999681       1.38610847E-06
   2.61999679       1.58049249E-06
   2.63999677       1.80754660E-06
   2.65999675       1.99522515E-06
   2.67999673       2.24518794E-06
   2.69999671       2.45637079E-06
   2.71999669       2.41297175E-06
   2.73999667       2.27104283E-06
   2.75999665       2.15721070E-06
   2.77999663       2.16995022E-06
   2.79999661       2.25105009E-06
   2.81999660       2.63054721E-06
   2.83999658       3.08397011E-06
   2.85999656       3.61547654E-06
   2.87999654       3.89478055E-06
   2.89999652       3.74554406E-06
   2.91999650       3.33634580E-06
   2.93999648       3.03332376E-06
   2.95999646       3.02231774E-06
   2.97999644       3.47141963E-06
   2.99999642       3.96729320E-06
   3.01999640       3.88967328E-06
   3.03999639       3.24031589E-06
   3.05999637       2.66856068E-06
   3.07999635       2.58368027E-06
   3.09999633       2.76437481E-06
