  -2.00000000       4.74742819E-07
  -1.98000002       2.77213815E-07
  -1.96000004       3.80607901E-07
  -1.94000006       6.12620795E-07
  -1.92000008       7.82572044E-07
  -1.90000010       7.34710511E-07
  -1.88000011       5.02685793E-07
  -1.86000013       2.59339856E-07
  -1.84000015       1.15430474E-07
  -1.82000017       1.12592623E-07
  -1.80000019       2.24423147E-07
  -1.78000021       3.77038759E-07
  -1.76000023       5.06252320E-07
  -1.74000025       5.61406011E-07
  -1.72000027       5.33920172E-07
  -1.70000029       4.68438060E-07
  -1.68000031       3.71200855E-07
  -1.66000032       2.80087107E-07
  -1.64000034       1.97455591E-07
  -1.62000036       1.40412851E-07
  -1.60000038       1.04426142E-07
  -1.58000040       5.58500943E-08
  -1.56000042       1.90131040E-08
  -1.54000044       3.27622089E-08
  -1.52000046       7.44608357E-08
  -1.50000048       9.52855501E-08
  -1.48000050       8.48121928E-08
  -1.46000051       7.66210206E-08
  -1.44000053       1.02075987E-07
  -1.42000055       1.47088670E-07
  -1.40000057       1.81218368E-07
  -1.38000059       1.88462209E-07
  -1.36000061       1.67603403E-07
  -1.34000063       1.44080587E-07
  -1.32000065       1.50656533E-07
  -1.30000067       1.66693269E-07
  -1.28000069       2.00563605E-07
  -1.26000071       1.62532046E-07
  -1.24000072       1.76128736E-07
  -1.22000074       1.34190159E-07
  -1.20000076       2.26322072E-07
  -1.18000078       1.08955312E-07
  -1.16000080       2.89665479E-07
  -1.14000082       6.17858120E-08
  -1.12000084       5.20298215E-07
  -1.10000086       1.08023336E-07
  -1.08000088       7.58701617E-07
  -1.06000090       7.10390054E-07
  -1.04000092       1.10868052E-06
  -1.02000093       3.50998494E-06
  -1.00000095       1.78604159E-06
 -0.980000973       1.01071582E-05
 -0.960000992       8.90942920E-06
 -0.940001011       2.98432024E-05
 -0.920001030       4.36686569E-05
 -0.900001049       5.60567387E-05
 -0.880001068       1.32453788E-04
 -0.860001087       1.78799557E-04
 -0.840001106       3.95324838E-04
 -0.820001125       5.71934797E-04
 -0.800001144       8.00813606E-04
 -0.780001163       1.57271081E-03
 -0.760001183       2.20706454E-03
 -0.740001202       3.59270070E-03
 -0.720001221       5.63613512E-03
 -0.700001240       7.71678006E-03
 -0.680001259       1.27046155E-02
 -0.660001278       1.81350987E-02
 -0.640001297       2.47727334E-02
 -0.620001316       3.84187363E-02
 -0.600001335       5.15947565E-02
 -0.580001354       6.95425197E-02
 -0.560001373      0.101896599    
 -0.540001392      0.130080491    
 -0.520001411      0.170043796    
 -0.500001431      0.237891883    
 -0.480001420      0.288762063    
 -0.460001409      0.363681585    
 -0.440001398      0.489431113    
 -0.420001388      0.562713802    
 -0.400001377      0.681679964    
 -0.380001366      0.886891365    
 -0.360001355      0.963405728    
 -0.340001345       1.11678898    
 -0.320001334       1.41870046    
 -0.300001323       1.44972789    
 -0.280001312       1.59753549    
 -0.260001302       2.00324488    
 -0.240001306       1.91624522    
 -0.220001310       2.00248170    
 -0.200001314       2.49175954    
 -0.180001318       2.21663237    
 -0.160001323       2.20365620    
 -0.140001327       2.75421476    
 -0.120001331       2.22996616    
 -0.100001335       2.10684204    
  -8.00013393E-02   2.72821307    
  -6.00013398E-02   1.98207664    
  -4.00013402E-02   1.74010098    
  -2.00013407E-02   2.35189009    
  -1.34110451E-06   1.50023842    
   1.99986584E-02   1.71668828    
   3.99986580E-02   1.48976779    
   5.99986576E-02   1.23399556    
   7.99986571E-02   1.01414907    
   9.99986529E-02  0.830353439    
  0.119998649      0.672053218    
  0.139998645      0.534228742    
  0.159998640      0.416702569    
  0.179998636      0.319845140    
  0.199998632      0.242300227    
  0.219998628      0.181238309    
  0.239998624      0.133591995    
  0.259998620       9.68249366E-02
  0.279998630       6.89631626E-02
  0.299998641       4.83383350E-02
  0.319998652       3.34214494E-02
  0.339998662       2.28339098E-02
  0.359998673       1.54229924E-02
  0.379998684       1.02907401E-02
  0.399998695       6.77289488E-03
  0.419998705       4.39026067E-03
  0.439998716       2.80248025E-03
  0.459998727       1.76266814E-03
  0.479998738       1.09369995E-03
  0.499998748       6.71608199E-04
  0.519998729       4.09483415E-04
  0.539998710       2.48713332E-04
  0.559998691       1.51307991E-04
  0.579998672       9.26103821E-05
  0.599998653       5.73498874E-05
  0.619998634       3.59831611E-05
  0.639998615       2.30119185E-05
  0.659998596       1.51414306E-05
  0.679998577       1.02291515E-05
  0.699998558       7.13971758E-06
  0.719998538       5.09865549E-06
  0.739998519       3.74970341E-06
  0.759998500       2.84323551E-06
  0.779998481       2.23764982E-06
  0.799998462       1.80772281E-06
  0.819998443       1.47906167E-06
  0.839998424       1.21457128E-06
  0.859998405       1.03089042E-06
  0.879998386       8.76150636E-07
  0.899998367       7.55783958E-07
  0.919998348       6.72706960E-07
  0.939998329       5.91643811E-07
  0.959998310       5.08286860E-07
  0.979998291       4.65332846E-07
  0.999998271       4.31956437E-07
   1.01999831       3.73030844E-07
   1.03999829       3.30031810E-07
   1.05999827       3.29210110E-07
   1.07999825       3.16184668E-07
   1.09999824       2.79686276E-07
   1.11999822       2.50749309E-07
   1.13999820       2.47204667E-07
   1.15999818       2.25293178E-07
   1.17999816       2.14505363E-07
   1.19999814       2.18981981E-07
   1.21999812       2.04495933E-07
   1.23999810       1.93009853E-07
   1.25999808       1.88257857E-07
   1.27999806       1.88823407E-07
   1.29999804       1.76632028E-07
   1.31999803       1.63358081E-07
   1.33999801       1.58279576E-07
   1.35999799       1.69365492E-07
   1.37999797       1.67705622E-07
   1.39999795       1.65519310E-07
   1.41999793       1.61952684E-07
   1.43999791       1.77609508E-07
   1.45999789       1.59639654E-07
   1.47999787       1.46147286E-07
   1.49999785       1.56679960E-07
   1.51999784       1.72206654E-07
   1.53999782       1.63355267E-07
   1.55999780       1.63985803E-07
   1.57999778       1.86337246E-07
   1.59999776       1.69057216E-07
   1.61999774       1.65229167E-07
   1.63999772       1.93008702E-07
   1.65999770       2.00180096E-07
   1.67999768       1.72449589E-07
   1.69999766       1.76917553E-07
   1.71999764       1.98433526E-07
   1.73999763       1.88703396E-07
   1.75999761       1.81286097E-07
   1.77999759       1.94128702E-07
   1.79999757       2.17103945E-07
   1.81999755       2.45146992E-07
   1.83999753       2.29961856E-07
   1.85999751       2.18082505E-07
   1.87999749       2.26470632E-07
   1.89999747       2.30071905E-07
   1.91999745       2.36801753E-07
   1.93999743       2.51959108E-07
   1.95999742       2.58140631E-07
   1.97999740       2.56515250E-07
   1.99999738       2.54724569E-07
   2.01999736       2.63665271E-07
   2.03999734       2.84466068E-07
   2.05999732       3.18681344E-07
   2.07999730       3.24336384E-07
   2.09999728       3.33942950E-07
   2.11999726       3.42584997E-07
   2.13999724       3.46470301E-07
   2.15999722       3.19287096E-07
   2.17999721       3.00886086E-07
   2.19999719       3.40825380E-07
   2.21999717       3.83122455E-07
   2.23999715       3.84722711E-07
   2.25999713       4.14252980E-07
   2.27999711       4.62648444E-07
   2.29999709       4.51605104E-07
   2.31999707       4.39861395E-07
   2.33999705       4.77474373E-07
   2.35999703       4.72774303E-07
   2.37999701       4.79492371E-07
   2.39999700       5.35620075E-07
   2.41999698       5.97351004E-07
   2.43999696       6.31715750E-07
   2.45999694       6.40166775E-07
   2.47999692       6.51954394E-07
   2.49999690       7.07691186E-07
   2.51999688       8.19270554E-07
   2.53999686       9.44009514E-07
   2.55999684       1.05428842E-06
   2.57999682       1.18968376E-06
   2.59999681       1.38336839E-06
   2.61999679       1.53661972E-06
   2.63999677       1.67734481E-06
   2.65999675       1.82433587E-06
   2.67999673       1.71221359E-06
   2.69999671       1.48657944E-06
   2.71999669       1.41376086E-06
   2.73999667       1.45135220E-06
   2.75999665       1.56162696E-06
   2.77999663       1.75222658E-06
   2.79999661       2.14625834E-06
   2.81999660       2.42981537E-06
   2.83999658       2.54163751E-06
   2.85999656       2.44576108E-06
   2.87999654       2.16074045E-06
   2.89999652       1.83649252E-06
   2.91999650       1.67832354E-06
   2.93999648       1.76763581E-06
   2.95999646       2.10468420E-06
   2.97999644       2.32447678E-06
   2.99999642       1.98076191E-06
   3.01999640       1.36338849E-06
   3.03999639       1.11430370E-06
   3.05999637       1.28860665E-06
   3.07999635       1.48618028E-06
   3.09999633       1.16443812E-06
