  -2.00000000       1.86024607E-07
  -1.98000002       5.42283978E-08
  -1.96000004       1.11432826E-07
  -1.94000006       2.53334548E-07
  -1.92000008       3.59771462E-07
  -1.90000010       3.37293756E-07
  -1.88000011       2.07563673E-07
  -1.86000013       7.30490584E-08
  -1.84000015       5.72724534E-09
  -1.82000017       1.53556048E-08
  -1.80000019       7.66975887E-08
  -1.78000021       1.56456224E-07
  -1.76000023       2.19195059E-07
  -1.74000025       2.35697030E-07
  -1.72000027       2.08308123E-07
  -1.70000029       1.67273498E-07
  -1.68000031       1.16266833E-07
  -1.66000032       7.47531530E-08
  -1.64000034       4.03258085E-08
  -1.62000036       2.06260840E-08
  -1.60000038       1.42622749E-08
  -1.58000040       1.19104193E-08
  -1.56000042       1.96730561E-08
  -1.54000044       3.77839591E-08
  -1.52000046       4.52096209E-08
  -1.50000048       3.34925367E-08
  -1.48000050       2.46626737E-08
  -1.46000051       3.33518528E-08
  -1.44000053       5.65956100E-08
  -1.42000055       6.84762682E-08
  -1.40000057       6.76402934E-08
  -1.38000059       5.70241383E-08
  -1.36000061       4.07958858E-08
  -1.34000063       3.23588267E-08
  -1.32000065       3.46329081E-08
  -1.30000067       3.66341553E-08
  -1.28000069       4.12228793E-08
  -1.26000071       2.27500934E-08
  -1.24000072       2.55306478E-08
  -1.22000074       1.39711567E-08
  -1.20000076       4.14218846E-08
  -1.18000078       2.86689628E-09
  -1.16000080       6.55686492E-08
  -1.14000082       2.39973619E-09
  -1.12000084       1.87666060E-07
  -1.10000086       1.01851811E-07
  -1.08000088       3.31565360E-07
  -1.06000090       6.84902886E-07
  -1.04000092       7.47782622E-07
  -1.02000093       2.95424366E-06
  -1.00000095       2.60935303E-06
 -0.980000973       8.99898714E-06
 -0.960000992       1.05878562E-05
 -0.940001011       2.15183318E-05
 -0.920001030       4.13667658E-05
 -0.900001049       6.42205850E-05
 -0.880001068       1.45775499E-04
 -0.860001087       1.75454392E-04
 -0.840001106       3.20888794E-04
 -0.820001125       5.70469070E-04
 -0.800001144       8.66910501E-04
 -0.780001163       1.54452794E-03
 -0.760001183       2.09846208E-03
 -0.740001202       3.43457237E-03
 -0.720001221       5.66485338E-03
 -0.700001240       7.63407443E-03
 -0.680001259       1.22184977E-02
 -0.660001278       1.79116838E-02
 -0.640001297       2.43040305E-02
 -0.620001316       3.74429934E-02
 -0.600001335       5.09178005E-02
 -0.580001354       6.79145381E-02
 -0.560001373       9.97672752E-02
 -0.540001392      0.128402382    
 -0.520001411      0.165941522    
 -0.500001431      0.233638927    
 -0.480001420      0.285345703    
 -0.460001409      0.354927480    
 -0.440001398      0.481958538    
 -0.420001388      0.557339072    
 -0.400001377      0.665769219    
 -0.380001366      0.875146270    
 -0.360001355      0.957313776    
 -0.340001345       1.09288859    
 -0.320001334       1.40228713    
 -0.300001323       1.44516802    
 -0.280001312       1.56842101    
 -0.260001302       1.98544443    
 -0.240001306       1.91527700    
 -0.220001310       1.97239017    
 -0.200001314       2.47965312    
 -0.180001318       2.22342181    
 -0.160001323       2.17775083    
 -0.140001327       2.75072455    
 -0.120001331       2.24515462    
 -0.100001335       2.09380174    
  -8.00013393E-02   2.73647928    
  -6.00013398E-02   1.99975312    
  -4.00013402E-02   1.74122643    
  -2.00013407E-02   2.37017441    
  -1.34110451E-06   1.51547945    
   1.99986584E-02   1.73684049    
   3.99986580E-02   1.50896156    
   5.99986576E-02   1.25195253    
   7.99986571E-02   1.03157866    
   9.99986529E-02  0.847076833    
  0.119998649      0.687154830    
  0.139998645      0.547017932    
  0.159998640      0.427177191    
  0.179998636      0.328462571    
  0.199998632      0.249530986    
  0.219998628      0.187328756    
  0.239998624      0.138589621    
  0.259998620      0.100733913    
  0.279998630       7.18615651E-02
  0.299998641       5.03979623E-02
  0.319998652       3.48564349E-02
  0.339998662       2.38407142E-02
  0.359998673       1.61473900E-02
  0.379998684       1.08249849E-02
  0.399998695       7.16998149E-03
  0.419998705       4.68163006E-03
  0.439998716       3.01028672E-03
  0.459998727       1.90527574E-03
  0.479998738       1.18764467E-03
  0.499998748       7.31053588E-04
  0.519998729       4.45649552E-04
  0.539998710       2.69876298E-04
  0.559998691       1.63166100E-04
  0.579998672       9.88856409E-05
  0.599998653       6.04106281E-05
  0.619998634       3.72259310E-05
  0.639998615       2.32725979E-05
  0.659998596       1.48925928E-05
  0.679998577       9.74748309E-06
  0.699998558       6.57334613E-06
  0.719998538       4.51608275E-06
  0.739998519       3.18886782E-06
  0.759998500       2.31776153E-06
  0.779998481       1.74891397E-06
  0.799998462       1.35518496E-06
  0.819998443       1.06100515E-06
  0.839998424       8.30478939E-07
  0.859998405       6.72909891E-07
  0.879998386       5.42546388E-07
  0.899998367       4.44771302E-07
  0.919998348       3.78265042E-07
  0.939998329       3.12259516E-07
  0.959998310       2.48066442E-07
  0.979998291       2.15958039E-07
  0.999998271       1.91427532E-07
   1.01999831       1.48273656E-07
   1.03999829       1.18681115E-07
   1.05999827       1.15572810E-07
   1.07999825       1.03429898E-07
   1.09999824       7.88596637E-08
   1.11999822       6.12077926E-08
   1.13999820       5.72319863E-08
   1.15999818       4.46336976E-08
   1.17999816       3.89035897E-08
   1.19999814       3.86684675E-08
   1.21999812       3.06251238E-08
   1.23999810       2.47602792E-08
   1.25999808       2.19730172E-08
   1.27999806       2.15696918E-08
   1.29999804       1.69196692E-08
   1.31999803       1.29316264E-08
   1.33999801       1.24805331E-08
   1.35999799       1.55338391E-08
   1.37999797       1.48130690E-08
   1.39999795       1.50760666E-08
   1.41999793       1.72361201E-08
   1.43999791       2.64574140E-08
   1.45999789       1.83427602E-08
   1.47999787       1.51333008E-08
   1.49999785       2.23269705E-08
   1.51999784       2.89260846E-08
   1.53999782       2.54012971E-08
   1.55999780       2.78819261E-08
   1.57999778       4.04729619E-08
   1.59999776       4.21849258E-08
   1.61999774       3.91652897E-08
   1.63999772       5.16687102E-08
   1.65999770       5.79869379E-08
   1.67999768       5.30532809E-08
   1.69999766       5.72859733E-08
   1.71999764       6.62809256E-08
   1.73999763       6.63401920E-08
   1.75999761       6.93726889E-08
   1.77999759       7.06922805E-08
   1.79999757       8.15979959E-08
   1.81999755       1.07736383E-07
   1.83999753       1.01890151E-07
   1.85999751       1.02031372E-07
   1.87999749       1.15840301E-07
   1.89999747       1.17062314E-07
   1.91999745       1.19424826E-07
   1.93999743       1.28992866E-07
   1.95999742       1.39075084E-07
   1.97999740       1.45207608E-07
   1.99999738       1.45519351E-07
   2.01999736       1.51214550E-07
   2.03999734       1.57715888E-07
   2.05999732       1.76464084E-07
   2.07999730       1.96551682E-07
   2.09999728       2.23054570E-07
   2.11999726       2.37240997E-07
   2.13999724       2.39372753E-07
   2.15999722       2.25291359E-07
   2.17999721       2.07987057E-07
   2.19999719       2.28148608E-07
   2.21999717       2.64708660E-07
   2.23999715       2.73903709E-07
   2.25999713       2.97904705E-07
   2.27999711       3.40706464E-07
   2.29999709       3.45914884E-07
   2.31999707       3.49371504E-07
   2.33999705       3.73416185E-07
   2.35999703       3.83382684E-07
   2.37999701       4.02431539E-07
   2.39999700       4.37591694E-07
   2.41999698       4.86430736E-07
   2.43999696       5.43047463E-07
   2.45999694       5.65838036E-07
   2.47999692       5.81843665E-07
   2.49999690       6.39314067E-07
   2.51999688       7.38065978E-07
   2.53999686       8.38559458E-07
   2.55999684       9.61189926E-07
   2.57999682       1.08649567E-06
   2.59999681       1.22534084E-06
   2.61999679       1.33953017E-06
   2.63999677       1.42180079E-06
   2.65999675       1.48069023E-06
   2.67999673       1.34064578E-06
   2.69999671       1.13370697E-06
   2.71999669       1.08717063E-06
   2.73999667       1.13526789E-06
   2.75999665       1.27217936E-06
   2.77999663       1.46762659E-06
   2.79999661       1.78858943E-06
   2.81999660       1.96085875E-06
   2.83999658       1.97647500E-06
   2.85999656       1.78590778E-06
   2.87999654       1.48539084E-06
   2.89999652       1.23549614E-06
   2.91999650       1.16500451E-06
   2.93999648       1.28845022E-06
   2.95999646       1.53800772E-06
   2.97999644       1.58815703E-06
   2.99999642       1.22799645E-06
   3.01999640       7.72445787E-07
   3.03999639       6.66012340E-07
   3.05999637       8.19257707E-07
   3.07999635       9.11081884E-07
   3.09999633       6.17644901E-07
