  -2.00000000       5.21599929E-07
  -1.98000002       8.92504033E-07
  -1.96000004       1.30261958E-06
  -1.94000006       1.49606444E-06
  -1.92000008       1.37233656E-06
  -1.90000010       1.00740283E-06
  -1.88000011       7.16189845E-07
  -1.86000013       7.74767727E-07
  -1.84000015       1.09054997E-06
  -1.82000017       1.47738604E-06
  -1.80000019       1.77813411E-06
  -1.78000021       1.87823923E-06
  -1.76000023       1.77712707E-06
  -1.74000025       1.52647715E-06
  -1.72000027       1.21392020E-06
  -1.70000029       1.00895772E-06
  -1.68000031       9.10711492E-07
  -1.66000032       9.29821624E-07
  -1.64000034       1.03854484E-06
  -1.62000036       1.19031813E-06
  -1.60000038       1.31766637E-06
  -1.58000040       1.45161869E-06
  -1.56000042       1.70537953E-06
  -1.54000044       2.03442414E-06
  -1.52000046       2.20859329E-06
  -1.50000048       2.13494400E-06
  -1.48000050       1.99542251E-06
  -1.46000051       1.98338148E-06
  -1.44000053       2.09790460E-06
  -1.42000055       2.16366402E-06
  -1.40000057       2.09484460E-06
  -1.38000059       1.96186215E-06
  -1.36000061       1.83927239E-06
  -1.34000063       1.78879895E-06
  -1.32000065       1.81497830E-06
  -1.30000067       1.78790344E-06
  -1.28000069       1.76221874E-06
  -1.26000071       1.60071625E-06
  -1.24000072       1.64750759E-06
  -1.22000074       1.56296335E-06
  -1.20000076       1.70583110E-06
  -1.18000078       1.34777122E-06
  -1.16000080       1.72789953E-06
  -1.14000082       1.10945382E-06
  -1.12000084       2.13425665E-06
  -1.10000086       6.26330291E-07
  -1.08000088       2.52633822E-06
  -1.06000090       3.71841622E-07
  -1.04000092       3.31086653E-06
  -1.02000093       2.00106570E-06
  -1.00000095       4.23242363E-06
 -0.980000973       9.56759959E-06
 -0.960000992       6.34043818E-06
 -0.940001011       2.54444094E-05
 -0.920001030       2.97149218E-05
 -0.900001049       7.36889269E-05
 -0.880001068       1.09724031E-04
 -0.860001087       1.54107649E-04
 -0.840001106       2.90830038E-04
 -0.820001125       5.12144412E-04
 -0.800001144       7.91316212E-04
 -0.780001163       1.23525690E-03
 -0.760001183       1.95566076E-03
 -0.740001202       2.97515048E-03
 -0.720001221       4.87076864E-03
 -0.700001240       6.92058401E-03
 -0.680001259       1.01883169E-02
 -0.660001278       1.61174778E-02
 -0.640001297       2.14917511E-02
 -0.620001316       3.13250907E-02
 -0.600001335       4.66545410E-02
 -0.580001354       5.90570234E-02
 -0.560001373       8.45195651E-02
 -0.540001392      0.119198784    
 -0.520001411      0.143373758    
 -0.500001431      0.200300142    
 -0.480001420      0.268661201    
 -0.460001409      0.307037622    
 -0.440001398      0.418380678    
 -0.420001388      0.532365739    
 -0.400001377      0.580851793    
 -0.380001366      0.771326303    
 -0.360001355      0.927188456    
 -0.340001345      0.965903580    
 -0.320001334       1.26172864    
 -0.300001323       1.42203629    
 -0.280001312       1.40312064    
 -0.260001302       1.83372366    
 -0.240001306       1.92476809    
 -0.220001310       1.78939319    
 -0.200001314       2.35193467    
 -0.180001318       2.28407407    
 -0.160001323       2.02309561    
 -0.140001327       2.69000554    
 -0.120001331       2.34519529    
 -0.100001335       2.00282645    
  -8.00013393E-02   2.77310348    
  -6.00013398E-02   2.12350082    
  -4.00013402E-02   1.74284732    
  -2.00013407E-02   2.47719717    
  -1.34110451E-06   1.60695040    
   1.99986584E-02   1.86668932    
   3.99986580E-02   1.64037955    
   5.99986576E-02   1.37500000    
   7.99986571E-02   1.14662433    
   9.99986529E-02  0.956124663    
  0.119998649      0.788880289    
  0.139998645      0.637670696    
  0.159998640      0.503929794    
  0.179998636      0.391320825    
  0.199998632      0.300716668    
  0.219998628      0.229463443    
  0.239998624      0.173414767    
  0.259998620      0.129005656    
  0.279998630       9.39560011E-02
  0.299998641       6.68896064E-02
  0.319998652       4.66720983E-02
  0.339998662       3.20890956E-02
  0.359998673       2.18690764E-02
  0.379998684       1.48369400E-02
  0.399998695       1.00328242E-02
  0.419998705       6.75016083E-03
  0.439998716       4.50479565E-03
  0.459998727       2.96959374E-03
  0.479998738       1.92843890E-03
  0.499998748       1.23211870E-03
  0.519998729       7.74424872E-04
  0.539998710       4.79606242E-04
  0.559998691       2.93366931E-04
  0.579998672       1.77824797E-04
  0.599998653       1.07474720E-04
  0.619998634       6.48900095E-05
  0.639998615       3.94064409E-05
  0.659998596       2.42302995E-05
  0.679998577       1.52700068E-05
  0.699998558       1.00000216E-05
  0.719998538       6.76373065E-06
  0.739998519       4.83527720E-06
  0.759998500       3.66349991E-06
  0.779998481       2.96355165E-06
  0.799998462       2.53328949E-06
  0.819998443       2.24467726E-06
  0.839998424       2.02459637E-06
  0.859998405       1.90155538E-06
  0.879998386       1.79420715E-06
  0.899998367       1.72421289E-06
  0.919998348       1.69543659E-06
  0.939998329       1.64892481E-06
  0.959998310       1.57865395E-06
  0.979998291       1.58195428E-06
  0.999998271       1.59896786E-06
   1.01999831       1.54488271E-06
   1.03999829       1.50458845E-06
   1.05999827       1.54360816E-06
   1.07999825       1.53794940E-06
   1.09999824       1.48027266E-06
   1.11999822       1.44947637E-06
   1.13999820       1.47430319E-06
   1.15999818       1.44448882E-06
   1.17999816       1.45713682E-06
   1.19999814       1.47835942E-06
   1.21999812       1.44186322E-06
   1.23999810       1.41168391E-06
   1.25999808       1.39439919E-06
   1.27999806       1.40121335E-06
   1.29999804       1.42575107E-06
   1.31999803       1.41948919E-06
   1.33999801       1.38382495E-06
   1.35999799       1.40022519E-06
   1.37999797       1.41283931E-06
   1.39999795       1.39929386E-06
   1.41999793       1.35212576E-06
   1.43999791       1.32379148E-06
   1.45999789       1.38215444E-06
   1.47999787       1.40418706E-06
   1.49999785       1.36748122E-06
   1.51999784       1.35761866E-06
   1.53999782       1.37980931E-06
   1.55999780       1.37374468E-06
   1.57999778       1.34371135E-06
   1.59999776       1.31260765E-06
   1.61999774       1.34657159E-06
   1.63999772       1.33052265E-06
   1.65999770       1.32187006E-06
   1.67999768       1.33684114E-06
   1.69999766       1.34632683E-06
   1.71999764       1.34733853E-06
   1.73999763       1.35611504E-06
   1.75999761       1.34832464E-06
   1.77999759       1.35910432E-06
   1.79999757       1.33506171E-06
   1.81999755       1.26344571E-06
   1.83999753       1.30800993E-06
   1.85999751       1.34351001E-06
   1.87999749       1.31942352E-06
   1.89999747       1.33944206E-06
   1.91999745       1.34438324E-06
   1.93999743       1.33426283E-06
   1.95999742       1.32940727E-06
   1.97999740       1.33073206E-06
   1.99999738       1.34940217E-06
   2.01999736       1.34573929E-06
   2.03999734       1.33238393E-06
   2.05999732       1.30841363E-06
   2.07999730       1.29216323E-06
   2.09999728       1.28023692E-06
   2.11999726       1.29270188E-06
   2.13999724       1.32433297E-06
   2.15999722       1.39090037E-06
   2.17999721       1.45886520E-06
   2.19999719       1.41188502E-06
   2.21999717       1.33364358E-06
   2.23999715       1.34666186E-06
   2.25999713       1.33740082E-06
   2.27999711       1.30303124E-06
   2.29999709       1.35421806E-06
   2.31999707       1.41017995E-06
   2.33999705       1.41249541E-06
   2.35999703       1.45614956E-06
   2.37999701       1.49315031E-06
   2.39999700       1.46958439E-06
   2.41999698       1.43799002E-06
   2.43999696       1.44803028E-06
   2.45999694       1.52875089E-06
   2.47999692       1.61633193E-06
   2.49999690       1.63327343E-06
   2.51999688       1.58082651E-06
   2.53999686       1.54538543E-06
   2.55999684       1.53652365E-06
   2.57999682       1.48869935E-06
   2.59999681       1.33813933E-06
   2.61999679       1.19835784E-06
   2.63999677       1.01229989E-06
   2.65999675       7.85338784E-07
   2.67999673       7.50271397E-07
   2.69999671       8.41291808E-07
   2.71999669       8.85891836E-07
   2.73999667       9.27943063E-07
   2.75999665       9.54343818E-07
   2.77999663       9.23773939E-07
   2.79999661       7.00974567E-07
   2.81999660       4.77753929E-07
   2.83999658       2.86840987E-07
   2.85999656       1.66817586E-07
   2.87999654       1.75051625E-07
   2.89999652       2.33088485E-07
   2.91999650       2.62279201E-07
   2.93999648       2.05548901E-07
   2.95999646       5.96830887E-08
   2.97999644       2.84982562E-08
   2.99999642       1.46733356E-07
   3.01999640       2.16558448E-07
   3.03999639       1.61550190E-07
   3.05999637       9.34702484E-08
   3.07999635       2.06917747E-07
   3.09999633       4.72656097E-07
