  -2.00000000       4.55243907E-07
  -1.98000002       7.17818239E-07
  -1.96000004       1.15380419E-06
  -1.94000006       1.47783976E-06
  -1.92000008       1.48953950E-06
  -1.90000010       1.19069716E-06
  -1.88000011       8.19027491E-07
  -1.86000013       7.12730809E-07
  -1.84000015       9.07248250E-07
  -1.82000017       1.26748535E-06
  -1.80000019       1.64200230E-06
  -1.78000021       1.85850092E-06
  -1.76000023       1.85127578E-06
  -1.74000025       1.65662232E-06
  -1.72000027       1.35645803E-06
  -1.70000029       1.10361236E-06
  -1.68000031       9.37725702E-07
  -1.66000032       8.95558003E-07
  -1.64000034       9.44576982E-07
  -1.62000036       1.06253697E-06
  -1.60000038       1.19178662E-06
  -1.58000040       1.30420199E-06
  -1.56000042       1.50778055E-06
  -1.54000044       1.83066140E-06
  -1.52000046       2.08357301E-06
  -1.50000048       2.10619191E-06
  -1.48000050       1.98228577E-06
  -1.46000051       1.92002040E-06
  -1.44000053       2.00155046E-06
  -1.42000055       2.11522229E-06
  -1.40000057       2.11345014E-06
  -1.38000059       2.01374587E-06
  -1.36000061       1.86955299E-06
  -1.34000063       1.76803553E-06
  -1.32000065       1.78039420E-06
  -1.30000067       1.76886681E-06
  -1.28000069       1.79474455E-06
  -1.26000071       1.60413572E-06
  -1.24000072       1.64584458E-06
  -1.22000074       1.48904678E-06
  -1.20000076       1.72835621E-06
  -1.18000078       1.28778458E-06
  -1.16000080       1.73674755E-06
  -1.14000082       1.04201695E-06
  -1.12000084       2.05237961E-06
  -1.10000086       8.05342268E-07
  -1.08000088       2.06225513E-06
  -1.06000090       1.04620369E-06
  -1.04000092       2.06152959E-06
  -1.02000093       3.63287450E-06
  -1.00000095       2.07549238E-06
 -0.980000973       1.09152006E-05
 -0.960000992       5.28987903E-06
 -0.940001011       2.35993193E-05
 -0.920001030       3.35987934E-05
 -0.900001049       6.50184375E-05
 -0.880001068       1.09117143E-04
 -0.860001087       1.45124737E-04
 -0.840001106       2.80744629E-04
 -0.820001125       5.09781181E-04
 -0.800001144       7.46695150E-04
 -0.780001163       1.16724789E-03
 -0.760001183       1.93317351E-03
 -0.740001202       2.83033028E-03
 -0.720001221       4.63421782E-03
 -0.700001240       6.79183193E-03
 -0.680001259       9.60444007E-03
 -0.660001278       1.55166630E-02
 -0.640001297       2.10116748E-02
 -0.620001316       2.94189509E-02
 -0.600001335       4.52454351E-02
 -0.580001354       5.75514436E-02
 -0.560001373       7.94223249E-02
 -0.540001392      0.116204642    
 -0.520001411      0.139531001    
 -0.500001431      0.188688025    
 -0.480001420      0.263063908    
 -0.460001409      0.298749179    
 -0.440001398      0.396042049    
 -0.420001388      0.523344278    
 -0.400001377      0.565147042    
 -0.380001366      0.735457182    
 -0.360001355      0.915960729    
 -0.340001345      0.939291477    
 -0.320001334       1.21279895    
 -0.300001323       1.41519690    
 -0.280001312       1.36462140    
 -0.260001302       1.77585006    
 -0.240001306       1.93012500    
 -0.220001310       1.74647081    
 -0.200001314       2.29832911    
 -0.180001318       2.30153871    
 -0.160001323       1.98368037    
 -0.140001327       2.66215515    
 -0.120001331       2.37662029    
 -0.100001335       1.97433043    
  -8.00013393E-02   2.77432442    
  -6.00013398E-02   2.16042161    
  -4.00013402E-02   1.74309731    
  -2.00013407E-02   2.50728440    
  -1.34110451E-06   1.63223541    
   1.99986584E-02   1.90199006    
   3.99986580E-02   1.67838550    
   5.99986576E-02   1.41310024    
   7.99986571E-02   1.18264198    
   9.99986529E-02  0.989098012    
  0.119998649      0.818984032    
  0.139998645      0.665157557    
  0.159998640      0.528476417    
  0.179998636      0.412332714    
  0.199998632      0.317959666    
  0.219998628      0.243283704    
  0.239998624      0.184474200    
  0.259998620      0.137915581    
  0.279998630      0.101110972    
  0.299998641       7.25172982E-02
  0.319998652       5.09509407E-02
  0.339998662       3.52220014E-02
  0.359998673       2.40873471E-02
  0.379998684       1.63703784E-02
  0.399998695       1.10793198E-02
  0.419998705       7.46260723E-03
  0.439998716       4.99140285E-03
  0.459998727       3.30291013E-03
  0.479998738       2.15681223E-03
  0.499998748       1.38763560E-03
  0.519998729       8.79242376E-04
  0.539998710       5.49510412E-04
  0.559998691       3.39399383E-04
  0.579998672       2.07858568E-04
  0.599998653       1.26929401E-04
  0.619998634       7.74963482E-05
  0.639998615       4.75908528E-05
  0.659998596       2.95433674E-05
  0.679998577       1.87850255E-05
  0.699998558       1.23719410E-05
  0.719998538       8.39426957E-06
  0.739998519       5.98984298E-06
  0.759998500       4.50432344E-06
  0.779998481       3.59055298E-06
  0.799998462       3.01111550E-06
  0.819998443       2.62676576E-06
  0.839998424       2.32938828E-06
  0.859998405       2.15640853E-06
  0.879998386       2.01833132E-06
  0.899998367       1.90045421E-06
  0.919998348       1.83036502E-06
  0.939998329       1.78153732E-06
  0.959998310       1.69949658E-06
  0.979998291       1.67544533E-06
  0.999998271       1.66121833E-06
   1.01999831       1.61281696E-06
   1.03999829       1.55594535E-06
   1.05999827       1.58164301E-06
   1.07999825       1.57936256E-06
   1.09999824       1.51579366E-06
   1.11999822       1.46914044E-06
   1.13999820       1.48635718E-06
   1.15999818       1.45566946E-06
   1.17999816       1.44811770E-06
   1.19999814       1.47427295E-06
   1.21999812       1.44067212E-06
   1.23999810       1.39979841E-06
   1.25999808       1.37743632E-06
   1.27999806       1.38825976E-06
   1.29999804       1.39157567E-06
   1.31999803       1.37439667E-06
   1.33999801       1.34187860E-06
   1.35999799       1.36752612E-06
   1.37999797       1.37287316E-06
   1.39999795       1.34879531E-06
   1.41999793       1.29644775E-06
   1.43999791       1.29645457E-06
   1.45999789       1.32099967E-06
   1.47999787       1.31681259E-06
   1.49999785       1.30201772E-06
   1.51999784       1.30705098E-06
   1.53999782       1.30776255E-06
   1.55999780       1.29772059E-06
   1.57999778       1.29326179E-06
   1.59999776       1.23022278E-06
   1.61999774       1.24154849E-06
   1.63999772       1.26366274E-06
   1.65999770       1.26165787E-06
   1.67999768       1.22956067E-06
   1.69999766       1.23887833E-06
   1.71999764       1.26672944E-06
   1.73999763       1.26099189E-06
   1.75999761       1.23634766E-06
   1.77999759       1.25169106E-06
   1.79999757       1.23901930E-06
   1.81999755       1.18502032E-06
   1.83999753       1.20301638E-06
   1.85999751       1.21871381E-06
   1.87999749       1.19772324E-06
   1.89999747       1.21411358E-06
   1.91999745       1.22189044E-06
   1.93999743       1.21946982E-06
   1.95999742       1.21204903E-06
   1.97999740       1.20328377E-06
   1.99999738       1.21106234E-06
   2.01999736       1.20995981E-06
   2.03999734       1.21027529E-06
   2.05999732       1.20749519E-06
   2.07999730       1.16429339E-06
   2.09999728       1.12878956E-06
   2.11999726       1.13221608E-06
   2.13999724       1.17173238E-06
   2.15999722       1.22294307E-06
   2.17999721       1.28498016E-06
   2.19999719       1.27142573E-06
   2.21999717       1.20144432E-06
   2.23999715       1.18078253E-06
   2.25999713       1.17190268E-06
   2.27999711       1.15272599E-06
   2.29999709       1.17381103E-06
   2.31999707       1.20926325E-06
   2.33999705       1.24353755E-06
   2.35999703       1.26357736E-06
   2.37999701       1.27638543E-06
   2.39999700       1.27717760E-06
   2.41999698       1.25611177E-06
   2.43999696       1.23517600E-06
   2.45999694       1.29522641E-06
   2.47999692       1.37487109E-06
   2.49999690       1.38151722E-06
   2.51999688       1.32621915E-06
   2.53999686       1.29010834E-06
   2.55999684       1.23543862E-06
   2.57999682       1.16155661E-06
   2.59999681       1.02496767E-06
   2.61999679       8.76106810E-07
   2.63999677       7.06780099E-07
   2.65999675       5.50352411E-07
   2.67999673       5.48292974E-07
   2.69999671       6.41001691E-07
   2.71999669       6.85931013E-07
   2.73999667       7.19100910E-07
   2.75999665       7.06354513E-07
   2.77999663       6.36513505E-07
   2.79999661       4.30851259E-07
   2.81999660       2.51993868E-07
   2.83999658       1.20453805E-07
   2.85999656       7.12600325E-08
   2.87999654       1.07482109E-07
   2.89999652       1.41153905E-07
   2.91999650       1.32805184E-07
   2.93999648       6.83689052E-08
   2.95999646       1.39130951E-09
   2.97999644       7.17085200E-08
   2.99999642       1.91123775E-07
   3.01999640       1.75814478E-07
   3.03999639       8.54177244E-08
   3.05999637       9.84517001E-08
   3.07999635       3.27329246E-07
   3.09999633       5.58613692E-07
