  -2.00000000       5.31147180E-07
  -1.98000002       4.88651096E-07
  -1.96000004       2.94025455E-07
  -1.94000006       1.01352420E-07
  -1.92000008       2.15210001E-08
  -1.90000010       6.90516941E-08
  -1.88000011       1.90635731E-07
  -1.86000013       2.83997167E-07
  -1.84000015       2.93960397E-07
  -1.82000017       2.15854911E-07
  -1.80000019       1.04763373E-07
  -1.78000021       2.65076974E-08
  -1.76000023       1.73710601E-10
  -1.74000025       1.55270712E-08
  -1.72000027       6.16654958E-08
  -1.70000029       1.11853851E-07
  -1.68000031       1.54574408E-07
  -1.66000032       1.73649582E-07
  -1.64000034       1.85901158E-07
  -1.62000036       1.79599311E-07
  -1.60000038       1.51717003E-07
  -1.58000040       1.31026084E-07
  -1.56000042       1.33944326E-07
  -1.54000044       1.40461012E-07
  -1.52000046       1.18189355E-07
  -1.50000048       7.16082980E-08
  -1.48000050       3.20613651E-08
  -1.46000051       1.74218648E-08
  -1.44000053       2.23808492E-08
  -1.42000055       2.58860897E-08
  -1.40000057       1.99575485E-08
  -1.38000059       1.17730670E-08
  -1.36000061       2.21149898E-09
  -1.34000063       1.28853783E-09
  -1.32000065       6.60914568E-09
  -1.30000067       5.81081494E-09
  -1.28000069       6.44493658E-09
  -1.26000071       2.95448288E-09
  -1.24000072       1.63620282E-08
  -1.22000074       2.11976108E-08
  -1.20000076       4.70059547E-08
  -1.18000078       1.59357185E-08
  -1.16000080       9.11178333E-08
  -1.14000082       1.67083147E-08
  -1.12000084       2.62024088E-07
  -1.10000086       6.69217393E-09
  -1.08000088       6.33289574E-07
  -1.06000090       9.16076317E-08
  -1.04000092       1.68729184E-06
  -1.02000093       1.25926454E-06
  -1.00000095       4.07191146E-06
 -0.980000973       6.31738112E-06
 -0.960000992       6.45248019E-06
 -0.940001011       2.19866470E-05
 -0.920001030       2.70928813E-05
 -0.900001049       7.26016442E-05
 -0.880001068       7.22140394E-05
 -0.860001087       1.41516677E-04
 -0.840001106       2.87023548E-04
 -0.820001125       3.84822779E-04
 -0.800001144       7.30925472E-04
 -0.780001163       9.50846414E-04
 -0.760001183       1.69795053E-03
 -0.740001202       2.75127194E-03
 -0.720001221       3.57341650E-03
 -0.700001240       6.31593587E-03
 -0.680001259       8.72482546E-03
 -0.660001278       1.23650189E-02
 -0.640001297       1.99961700E-02
 -0.620001316       2.53900178E-02
 -0.600001335       3.74263451E-02
 -0.580001354       5.50439097E-02
 -0.560001373       6.68635368E-02
 -0.540001392       9.92603377E-02
 -0.520001411      0.133396864    
 -0.500001431      0.157320142    
 -0.480001420      0.231755555    
 -0.460001409      0.284585774    
 -0.440001398      0.330672413    
 -0.420001388      0.475923330    
 -0.400001377      0.535535693    
 -0.380001366      0.619828880    
 -0.360001355      0.860674024    
 -0.340001345      0.887686253    
 -0.320001334       1.03691900    
 -0.300001323       1.37249291    
 -0.280001312       1.29042053    
 -0.260001302       1.55603004    
 -0.240001306       1.92175257    
 -0.220001310       1.65148747    
 -0.200001314       2.09274864    
 -0.180001318       2.34956121    
 -0.160001323       1.87345850    
 -0.140001327       2.52930737    
 -0.120001331       2.48316264    
 -0.100001335       1.89277315    
  -8.00013393E-02   2.75117326    
  -6.00013398E-02   2.27305746    
  -4.00013402E-02   1.73362446    
  -2.00013407E-02   2.59920239    
  -1.34110451E-06   1.71693361    
   1.99986584E-02   2.01676440    
   3.99986580E-02   1.79587328    
   5.99986576E-02   1.53285873    
   7.99986571E-02   1.30362678    
   9.99986529E-02   1.10515380    
  0.119998649      0.924243927    
  0.139998645      0.758107603    
  0.159998640      0.610556543    
  0.179998636      0.484752476    
  0.199998632      0.380556017    
  0.219998628      0.295497954    
  0.239998624      0.226507306    
  0.259998620      0.170952320    
  0.279998630      0.126825094    
  0.299998641       9.25074667E-02
  0.319998652       6.64587244E-02
  0.339998662       4.71370220E-02
  0.359998673       3.30677107E-02
  0.379998684       2.29585953E-02
  0.399998695       1.57608353E-02
  0.419998705       1.06820380E-02
  0.439998716       7.13687204E-03
  0.459998727       4.69416659E-03
  0.479998738       3.04061640E-03
  0.499998748       1.94104132E-03
  0.519998729       1.22330093E-03
  0.539998710       7.63509015E-04
  0.559998691       4.73024236E-04
  0.579998672       2.92176992E-04
  0.599998653       1.80537230E-04
  0.619998634       1.12201225E-04
  0.639998615       7.03161568E-05
  0.659998596       4.45726328E-05
  0.679998577       2.88315623E-05
  0.699998558       1.90542778E-05
  0.719998538       1.29352429E-05
  0.739998519       9.02192369E-06
  0.759998500       6.48849391E-06
  0.779998481       4.79393293E-06
  0.799998462       3.62639548E-06
  0.819998443       2.83789223E-06
  0.839998424       2.29580701E-06
  0.859998405       1.87667820E-06
  0.879998386       1.58757018E-06
  0.899998367       1.34311017E-06
  0.919998348       1.13554893E-06
  0.939998329       9.92078640E-07
  0.959998310       9.04649482E-07
  0.979998291       7.84323333E-07
  0.999998271       6.78099298E-07
   1.01999831       6.20421872E-07
   1.03999829       5.83628662E-07
   1.05999827       5.07274763E-07
   1.07999825       4.57778924E-07
   1.09999824       4.44515678E-07
   1.11999822       4.22345209E-07
   1.13999820       3.72380896E-07
   1.15999818       3.51774361E-07
   1.17999816       3.27004699E-07
   1.19999814       2.87942129E-07
   1.21999812       2.76048638E-07
   1.23999810       2.74787681E-07
   1.25999808       2.65193961E-07
   1.27999806       2.37903834E-07
   1.29999804       2.17631126E-07
   1.31999803       2.06667877E-07
   1.33999801       2.03568106E-07
   1.35999799       1.81900973E-07
   1.37999797       1.68803282E-07
   1.39999795       1.70297966E-07
   1.41999793       1.78573160E-07
   1.43999791       1.58387792E-07
   1.45999789       1.47157806E-07
   1.47999787       1.47759252E-07
   1.49999785       1.35133106E-07
   1.51999784       1.24308073E-07
   1.53999782       1.24767780E-07
   1.55999780       1.21706506E-07
   1.57999778       1.09326891E-07
   1.59999776       1.27615181E-07
   1.61999774       1.32278927E-07
   1.63999772       1.05648859E-07
   1.65999770       9.68515153E-08
   1.67999768       1.16270783E-07
   1.69999766       1.10780732E-07
   1.71999764       9.12219846E-08
   1.73999763       9.30124600E-08
   1.75999761       1.00121149E-07
   1.77999759       9.74800827E-08
   1.79999757       9.49053955E-08
   1.81999755       8.97933035E-08
   1.83999753       9.85185622E-08
   1.85999751       1.06267848E-07
   1.87999749       1.00809025E-07
   1.89999747       1.02190256E-07
   1.91999745       9.77972832E-08
   1.93999743       9.31621003E-08
   1.95999742       9.40646956E-08
   1.97999740       9.80961161E-08
   1.99999738       1.05929978E-07
   2.01999736       1.05896412E-07
   2.03999734       9.80031416E-08
   2.05999732       9.10500262E-08
   2.07999730       1.09777346E-07
   2.09999728       1.29505494E-07
   2.11999726       1.37109026E-07
   2.13999724       1.33049554E-07
   2.15999722       1.40436427E-07
   2.17999721       1.50282489E-07
   2.19999719       1.28500417E-07
   2.21999717       1.14862104E-07
   2.23999715       1.43340912E-07
   2.25999713       1.56171311E-07
   2.27999711       1.54470186E-07
   2.29999709       1.82677994E-07
   2.31999707       2.03840955E-07
   2.33999705       1.99936196E-07
   2.35999703       2.22354686E-07
   2.37999701       2.52792603E-07
   2.39999700       2.57598344E-07
   2.41999698       2.61834629E-07
   2.43999696       2.90591430E-07
   2.45999694       3.61225403E-07
   2.47999692       4.53489434E-07
   2.49999690       5.23777658E-07
   2.51999688       5.80224707E-07
   2.53999686       6.91530943E-07
   2.55999684       8.38079359E-07
   2.57999682       9.91934371E-07
   2.59999681       1.08490974E-06
   2.61999679       1.15739260E-06
   2.63999677       1.12614134E-06
   2.65999675       9.61928436E-07
   2.67999673       9.21687672E-07
   2.69999671       1.00067120E-06
   2.71999669       1.08043173E-06
   2.73999667       1.28635736E-06
   2.75999665       1.59359899E-06
   2.77999663       1.90390051E-06
   2.79999661       1.94744371E-06
   2.81999660       1.88358740E-06
   2.83999658       1.68550059E-06
   2.85999656       1.39797021E-06
   2.87999654       1.30306387E-06
   2.89999652       1.46995365E-06
   2.91999650       1.80323843E-06
   2.93999648       2.02241449E-06
   2.95999646       1.69969326E-06
   2.97999644       1.14598720E-06
   2.99999642       9.50392746E-07
   3.01999640       1.20119989E-06
   3.03999639       1.45074137E-06
   3.05999637       1.24417818E-06
   3.07999635       7.24024801E-07
   3.09999633       4.77956917E-07
