  -2.00000000       1.49278094E-06
  -1.98000002       1.57588158E-06
  -1.96000004       1.91104982E-06
  -1.94000006       2.03934837E-06
  -1.92000008       1.76331594E-06
  -1.90000010       1.29454099E-06
  -1.88000011       9.06056130E-07
  -1.86000013       8.33803540E-07
  -1.84000015       1.13110741E-06
  -1.82000017       1.50713731E-06
  -1.80000019       1.74570550E-06
  -1.78000021       1.74087052E-06
  -1.76000023       1.49040147E-06
  -1.74000025       1.15168586E-06
  -1.72000027       8.83530163E-07
  -1.70000029       7.36074526E-07
  -1.68000031       7.69216570E-07
  -1.66000032       9.44462329E-07
  -1.64000034       1.16057595E-06
  -1.62000036       1.38179087E-06
  -1.60000038       1.56610588E-06
  -1.58000040       1.66030463E-06
  -1.56000042       1.69777354E-06
  -1.54000044       1.77477921E-06
  -1.52000046       1.87109742E-06
  -1.50000048       1.84538999E-06
  -1.48000050       1.63777736E-06
  -1.46000051       1.36634480E-06
  -1.44000053       1.23265067E-06
  -1.42000055       1.26181430E-06
  -1.40000057       1.31491822E-06
  -1.38000059       1.26283760E-06
  -1.36000061       1.12173802E-06
  -1.34000063       1.03633238E-06
  -1.32000065       1.05404786E-06
  -1.30000067       1.16789158E-06
  -1.28000069       1.22037602E-06
  -1.26000071       1.25802092E-06
  -1.24000072       1.18014964E-06
  -1.22000074       1.29833779E-06
  -1.20000076       1.32745470E-06
  -1.18000078       1.59024091E-06
  -1.16000080       1.29576756E-06
  -1.14000082       1.91122172E-06
  -1.12000084       1.22613665E-06
  -1.10000086       2.77792196E-06
  -1.08000088       7.67725680E-07
  -1.06000090       4.08105871E-06
  -1.04000092       7.20162063E-07
  -1.02000093       5.59126875E-06
  -1.00000095       2.76323226E-06
 -0.980000973       8.55145754E-06
 -0.960000992       1.81302603E-05
 -0.940001011       5.48951448E-06
 -0.920001030       4.03776903E-05
 -0.900001049       2.71327572E-05
 -0.880001068       1.18003401E-04
 -0.860001087       1.15660485E-04
 -0.840001106       1.78997972E-04
 -0.820001125       4.23400139E-04
 -0.800001144       4.60935902E-04
 -0.780001163       9.88331973E-04
 -0.760001183       1.27712917E-03
 -0.740001202       2.06814567E-03
 -0.720001221       3.51479906E-03
 -0.700001240       4.34741471E-03
 -0.680001259       7.70809874E-03
 -0.660001278       1.04707330E-02
 -0.640001297       1.45129822E-02
 -0.620001316       2.36256626E-02
 -0.600001335       2.86574066E-02
 -0.580001354       4.34233472E-02
 -0.560001373       6.19034022E-02
 -0.540001392       7.24371746E-02
 -0.520001411      0.114085563    
 -0.500001431      0.141021147    
 -0.480001420      0.168696076    
 -0.460001409      0.260288507    
 -0.440001398      0.283645779    
 -0.420001388      0.358553380    
 -0.400001377      0.513518631    
 -0.380001366      0.510801852    
 -0.360001355      0.687920094    
 -0.340001345      0.875337720    
 -0.320001334      0.830395699    
 -0.300001323       1.18470716    
 -0.280001312       1.28297055    
 -0.260001302       1.23994541    
 -0.240001306       1.79754782    
 -0.220001310       1.62942111    
 -0.200001314       1.72219789    
 -0.180001318       2.34855270    
 -0.160001323       1.81101513    
 -0.140001327       2.23678088    
 -0.120001331       2.60322309    
 -0.100001335       1.79722250    
  -8.00013393E-02   2.64923882    
  -6.00013398E-02   2.44017816    
  -4.00013402E-02   1.70266616    
  -2.00013407E-02   2.69617295    
  -1.34110451E-06   1.82158482    
   1.99986584E-02   2.17608833    
   3.99986580E-02   1.97151244    
   5.99986576E-02   1.71249056    
   7.99986571E-02   1.48207629    
   9.99986529E-02   1.27979243    
  0.119998649       1.09193444    
  0.139998645      0.914550304    
  0.159998640      0.751699746    
  0.179998636      0.608352244    
  0.199998632      0.486555547    
  0.219998628      0.385303706    
  0.239998624      0.301930726    
  0.259998620      0.233523667    
  0.279998630      0.177735537    
  0.299998641      0.132896826    
  0.319998652       9.76718217E-02
  0.339998662       7.07367882E-02
  0.359998673       5.06554320E-02
  0.379998684       3.59640121E-02
  0.399998695       2.53325701E-02
  0.419998705       1.76842399E-02
  0.439998716       1.21978689E-02
  0.459998727       8.28751549E-03
  0.479998738       5.53207472E-03
  0.499998748       3.62225808E-03
  0.519998729       2.32641213E-03
  0.539998710       1.46731408E-03
  0.559998691       9.10906470E-04
  0.579998672       5.58639527E-04
  0.599998653       3.39588092E-04
  0.619998634       2.05656019E-04
  0.639998615       1.24587779E-04
  0.659998596       7.59439718E-05
  0.679998577       4.66659549E-05
  0.699998558       2.90541648E-05
  0.719998538       1.85489534E-05
  0.739998519       1.21153462E-05
  0.759998500       8.09489302E-06
  0.779998481       5.55302722E-06
  0.799998462       3.95194411E-06
  0.819998443       2.90021035E-06
  0.839998424       2.21342088E-06
  0.859998405       1.74188904E-06
  0.879998386       1.38408427E-06
  0.899998367       1.17794991E-06
  0.919998348       1.04325170E-06
  0.939998329       9.11476548E-07
  0.959998310       7.86468831E-07
  0.979998291       7.43516125E-07
  0.999998271       7.25708958E-07
   1.01999831       6.88194007E-07
   1.03999829       6.36906805E-07
   1.05999827       6.42977909E-07
   1.07999825       6.42632187E-07
   1.09999824       6.13330599E-07
   1.11999822       6.05437151E-07
   1.13999820       6.33844536E-07
   1.15999818       6.35581330E-07
   1.17999816       6.34397168E-07
   1.19999814       6.64363085E-07
   1.21999812       6.73568707E-07
   1.23999810       6.52074561E-07
   1.25999808       6.49766491E-07
   1.27999806       6.87509669E-07
   1.29999804       7.17789078E-07
   1.31999803       7.32963429E-07
   1.33999801       7.30037925E-07
   1.35999799       7.55830399E-07
   1.37999797       7.81817221E-07
   1.39999795       7.64692061E-07
   1.41999793       7.46455271E-07
   1.43999791       8.03086095E-07
   1.45999789       8.33063950E-07
   1.47999787       8.30271119E-07
   1.49999785       8.64816059E-07
   1.51999784       8.83282326E-07
   1.53999782       8.78159085E-07
   1.55999780       8.95911171E-07
   1.57999778       9.40480049E-07
   1.59999776       9.03743000E-07
   1.61999774       8.90360582E-07
   1.63999772       9.83530754E-07
   1.65999770       1.02431625E-06
   1.67999768       9.71226882E-07
   1.69999766       9.98341420E-07
   1.71999764       1.07650021E-06
   1.73999763       1.08877350E-06
   1.75999761       1.07310177E-06
   1.77999759       1.08026791E-06
   1.79999757       1.08238180E-06
   1.81999755       1.11468023E-06
   1.83999753       1.12872090E-06
   1.85999751       1.16018293E-06
   1.87999749       1.20605364E-06
   1.89999747       1.21782557E-06
   1.91999745       1.24028361E-06
   1.93999743       1.26507621E-06
   1.95999742       1.28673901E-06
   1.97999740       1.29939338E-06
   1.99999738       1.29428906E-06
   2.01999736       1.30813191E-06
   2.03999734       1.35040773E-06
   2.05999732       1.41227042E-06
   2.07999730       1.38167377E-06
   2.09999728       1.36691983E-06
   2.11999726       1.40764701E-06
   2.13999724       1.50416668E-06
   2.15999722       1.56958515E-06
   2.17999721       1.60879017E-06
   2.19999719       1.67791814E-06
   2.21999717       1.67147948E-06
   2.23999715       1.56084263E-06
   2.25999713       1.58738862E-06
   2.27999711       1.69495911E-06
   2.29999709       1.70740145E-06
   2.31999707       1.77265201E-06
   2.33999705       1.95719736E-06
   2.35999703       2.00173895E-06
   2.37999701       1.99934129E-06
   2.39999700       2.11820475E-06
   2.41999698       2.23327515E-06
   2.43999696       2.32016532E-06
   2.45999694       2.47891398E-06
   2.47999692       2.72216084E-06
   2.49999690       3.00158376E-06
   2.51999688       3.30570469E-06
   2.53999686       3.55102452E-06
   2.55999684       3.69329177E-06
   2.57999682       3.81521750E-06
   2.59999681       3.91216963E-06
   2.61999679       3.69015902E-06
   2.63999677       3.43776082E-06
   2.65999675       3.55616066E-06
   2.67999673       3.71425881E-06
   2.69999671       3.98348720E-06
   2.71999669       4.56617863E-06
   2.73999667       5.05818161E-06
   2.75999665       5.24230018E-06
   2.77999663       5.04082846E-06
   2.79999661       4.76187142E-06
   2.81999660       4.21532559E-06
   2.83999658       3.85822250E-06
   2.85999656       4.07001562E-06
   2.87999654       4.51840651E-06
   2.89999652       4.76186824E-06
   2.91999650       4.49524850E-06
   2.93999648       3.63953018E-06
   2.95999646       3.06041920E-06
   2.97999644       3.28309579E-06
   2.99999642       3.71316173E-06
   3.01999640       3.47458672E-06
   3.03999639       2.64086884E-06
   3.05999637       2.09411746E-06
   3.07999635       2.24997416E-06
   3.09999633       2.41565363E-06
