  -2.00000000       3.08256375E-07
  -1.98000002       3.20776934E-07
  -1.96000004       4.85412784E-07
  -1.94000006       5.71579619E-07
  -1.92000008       4.74869807E-07
  -1.90000010       2.85840912E-07
  -1.88000011       1.13599413E-07
  -1.86000013       5.32835784E-08
  -1.84000015       1.57256494E-07
  -1.82000017       3.04668532E-07
  -1.80000019       4.07267777E-07
  -1.78000021       4.21706460E-07
  -1.76000023       3.35553210E-07
  -1.74000025       2.08243534E-07
  -1.72000027       1.02524702E-07
  -1.70000029       3.60152583E-08
  -1.68000031       3.66972692E-08
  -1.66000032       9.17841732E-08
  -1.64000034       1.68895923E-07
  -1.62000036       2.50604529E-07
  -1.60000038       3.22131314E-07
  -1.58000040       3.64927871E-07
  -1.56000042       3.77782698E-07
  -1.54000044       3.99479092E-07
  -1.52000046       4.48505233E-07
  -1.50000048       4.79382436E-07
  -1.48000050       4.32428124E-07
  -1.46000051       3.09688232E-07
  -1.44000053       2.13117872E-07
  -1.42000055       1.99568845E-07
  -1.40000057       2.43130529E-07
  -1.38000059       2.48489158E-07
  -1.36000061       1.91737001E-07
  -1.34000063       1.36339693E-07
  -1.32000065       1.17205929E-07
  -1.30000067       1.55107713E-07
  -1.28000069       1.75737128E-07
  -1.26000071       2.18121357E-07
  -1.24000072       1.63644287E-07
  -1.22000074       2.19741182E-07
  -1.20000076       1.86144234E-07
  -1.18000078       3.80594230E-07
  -1.16000080       1.87800879E-07
  -1.14000082       5.49081165E-07
  -1.12000084       1.54279419E-07
  -1.10000086       9.87264116E-07
  -1.08000088       1.99563644E-07
  -1.06000090       1.43476564E-06
  -1.04000092       6.93502500E-07
  -1.02000093       2.72643251E-06
  -1.00000095       4.58381328E-06
 -0.980000973       2.27958935E-06
 -0.960000992       1.23880009E-05
 -0.940001011       9.41907274E-06
 -0.920001030       4.46871491E-05
 -0.900001049       2.77413455E-05
 -0.880001068       7.43140772E-05
 -0.860001087       1.39502648E-04
 -0.840001106       1.79188530E-04
 -0.820001125       3.79636360E-04
 -0.800001144       4.18539887E-04
 -0.780001163       9.34173528E-04
 -0.760001183       1.30127743E-03
 -0.740001202       1.81192509E-03
 -0.720001221       3.43579194E-03
 -0.700001240       4.11025295E-03
 -0.680001259       7.04647508E-03
 -0.660001278       1.04175694E-02
 -0.640001297       1.30460635E-02
 -0.620001316       2.25597750E-02
 -0.600001335       2.79750228E-02
 -0.580001354       3.87710221E-02
 -0.560001373       6.10077530E-02
 -0.540001392       6.83767945E-02
 -0.520001411      0.103732832    
 -0.500001431      0.141215384    
 -0.480001420      0.154766664    
 -0.460001409      0.243465886    
 -0.440001398      0.283618867    
 -0.420001388      0.325625002    
 -0.400001377      0.494410068    
 -0.380001366      0.502809227    
 -0.360001355      0.629927874    
 -0.340001345      0.864753127    
 -0.320001334      0.798281610    
 -0.300001323       1.10814571    
 -0.280001312       1.29003465    
 -0.260001302       1.16997194    
 -0.240001306       1.72746897    
 -0.220001310       1.64477086    
 -0.200001314       1.62246048    
 -0.180001318       2.32107258    
 -0.160001323       1.81242907    
 -0.140001327       2.14005804    
 -0.120001331       2.62724161    
 -0.100001335       1.78131998    
  -8.00013393E-02   2.60317826    
  -6.00013398E-02   2.48042154    
  -4.00013402E-02   1.69020939    
  -2.00013407E-02   2.71846485    
  -1.34110451E-06   1.84999919    
   1.99986584E-02   2.21679354    
   3.99986580E-02   2.01520467    
   5.99986576E-02   1.76075315    
   7.99986571E-02   1.53458297    
   9.99986529E-02   1.33228159    
  0.119998649       1.14062393    
  0.139998645      0.958958507    
  0.159998640      0.793106079    
  0.179998636      0.647117615    
  0.199998632      0.521516740    
  0.219998628      0.415086359    
  0.239998624      0.326202124    
  0.259998620      0.253072590    
  0.279998630      0.193734318    
  0.299998641      0.146217570    
  0.319998652      0.108706370    
  0.339998662       7.96013400E-02
  0.359998673       5.74616492E-02
  0.379998684       4.09501195E-02
  0.399998695       2.88507305E-02
  0.419998705       2.01163404E-02
  0.439998716       1.38775893E-02
  0.459998727       9.46706720E-03
  0.479998738       6.37897290E-03
  0.499998748       4.24078666E-03
  0.519998729       2.78033945E-03
  0.539998710       1.79745920E-03
  0.559998691       1.14703737E-03
  0.579998672       7.23731995E-04
  0.599998653       4.52483946E-04
  0.619998634       2.81102577E-04
  0.639998615       1.74175904E-04
  0.659998596       1.08091859E-04
  0.679998577       6.72403403E-05
  0.699998558       4.21485311E-05
  0.719998538       2.68607819E-05
  0.739998519       1.74087163E-05
  0.759998500       1.14522500E-05
  0.779998481       7.67629626E-06
  0.799998462       5.29305544E-06
  0.819998443       3.73204125E-06
  0.839998424       2.70642818E-06
  0.859998405       2.00392333E-06
  0.879998386       1.47942410E-06
  0.899998367       1.15733701E-06
  0.919998348       9.31953025E-07
  0.939998329       7.25892335E-07
  0.959998310       5.47403090E-07
  0.979998291       4.51984221E-07
  0.999998271       3.87435335E-07
   1.01999831       3.10047028E-07
   1.03999829       2.38356904E-07
   1.05999827       2.04884969E-07
   1.07999825       1.70653962E-07
   1.09999824       1.33833765E-07
   1.11999822       1.12756787E-07
   1.13999820       1.04398680E-07
   1.15999818       8.10257461E-08
   1.17999816       6.41805471E-08
   1.19999814       5.97151839E-08
   1.21999812       4.97757071E-08
   1.23999810       3.60728230E-08
   1.25999808       2.78378742E-08
   1.27999806       2.82120212E-08
   1.29999804       2.97397964E-08
   1.31999803       2.76295555E-08
   1.33999801       2.17293348E-08
   1.35999799       2.29772805E-08
   1.37999797       2.54334154E-08
   1.39999795       1.98065955E-08
   1.41999793       1.70778591E-08
   1.43999791       2.70390359E-08
   1.45999789       2.92723890E-08
   1.47999787       2.68841021E-08
   1.49999785       3.70281228E-08
   1.51999784       4.25840803E-08
   1.53999782       4.11324521E-08
   1.55999780       4.61494700E-08
   1.57999778       5.53044117E-08
   1.59999776       5.01594712E-08
   1.61999774       4.47821833E-08
   1.63999772       6.65317970E-08
   1.65999770       8.29350242E-08
   1.67999768       7.33759151E-08
   1.69999766       7.91376280E-08
   1.71999764       9.88722348E-08
   1.73999763       1.06947589E-07
   1.75999761       1.09002741E-07
   1.77999759       1.08534564E-07
   1.79999757       1.13499929E-07
   1.81999755       1.35264429E-07
   1.83999753       1.31078167E-07
   1.85999751       1.31587512E-07
   1.87999749       1.57550303E-07
   1.89999747       1.62856281E-07
   1.91999745       1.77477659E-07
   1.93999743       1.93239416E-07
   1.95999742       2.03219116E-07
   1.97999740       2.10719449E-07
   1.99999738       2.06964032E-07
   2.01999736       2.13753907E-07
   2.03999734       2.42524919E-07
   2.05999732       2.65050517E-07
   2.07999730       2.58217938E-07
   2.09999728       2.48484156E-07
   2.11999726       2.65713567E-07
   2.13999724       3.02082469E-07
   2.15999722       3.34224751E-07
   2.17999721       3.49923454E-07
   2.19999719       4.01675123E-07
   2.21999717       4.36562431E-07
   2.23999715       3.95390998E-07
   2.25999713       3.87973415E-07
   2.27999711       4.23928356E-07
   2.29999709       4.42161223E-07
   2.31999707       4.87049988E-07
   2.33999705       5.67884058E-07
   2.35999703       6.17122964E-07
   2.37999701       6.37629171E-07
   2.39999700       7.04871240E-07
   2.41999698       8.05323793E-07
   2.43999696       9.04612193E-07
   2.45999694       9.83464929E-07
   2.47999692       1.08749214E-06
   2.49999690       1.27248506E-06
   2.51999688       1.48879599E-06
   2.53999686       1.59801232E-06
   2.55999684       1.64255755E-06
   2.57999682       1.63597042E-06
   2.59999681       1.59896990E-06
   2.61999679       1.43335149E-06
   2.63999677       1.33912124E-06
   2.65999675       1.47276569E-06
   2.67999673       1.63896857E-06
   2.69999671       1.84678061E-06
   2.71999669       2.24332598E-06
   2.73999667       2.50973039E-06
   2.75999665       2.50824496E-06
   2.77999663       2.27571331E-06
   2.79999661       2.04886942E-06
   2.81999660       1.73776675E-06
   2.83999658       1.59977196E-06
   2.85999656       1.82311999E-06
   2.87999654       2.14001807E-06
   2.89999652       2.23291045E-06
   2.91999650       1.90386834E-06
   2.93999648       1.32846480E-06
   2.95999646       1.13589306E-06
   2.97999644       1.39980341E-06
   2.99999642       1.61386151E-06
   3.01999640       1.33916103E-06
   3.03999639       8.16690658E-07
   3.05999637       5.89056640E-07
   3.07999635       7.78202548E-07
   3.09999633       8.04525712E-07
