  -2.00000000       3.97482580E-07
  -1.98000002       4.03016060E-07
  -1.96000004       5.88047783E-07
  -1.94000006       6.95105200E-07
  -1.92000008       5.95930715E-07
  -1.90000010       3.81347718E-07
  -1.88000011       1.75964928E-07
  -1.86000013       9.32023099E-08
  -1.84000015       2.05434546E-07
  -1.82000017       3.81321541E-07
  -1.80000019       5.11459859E-07
  -1.78000021       5.37505002E-07
  -1.76000023       4.41531085E-07
  -1.74000025       2.90968984E-07
  -1.72000027       1.61680973E-07
  -1.70000029       7.57583010E-08
  -1.68000031       7.12325772E-08
  -1.66000032       1.33811952E-07
  -1.64000034       2.24546625E-07
  -1.62000036       3.23515906E-07
  -1.60000038       4.12163615E-07
  -1.58000040       4.66930345E-07
  -1.56000042       4.85505041E-07
  -1.54000044       5.14022702E-07
  -1.52000046       5.72535441E-07
  -1.50000048       6.05829541E-07
  -1.48000050       5.46926287E-07
  -1.46000051       4.04196584E-07
  -1.44000053       2.95607805E-07
  -1.42000055       2.83704907E-07
  -1.40000057       3.33937237E-07
  -1.38000059       3.36916059E-07
  -1.36000061       2.68403284E-07
  -1.34000063       2.04283324E-07
  -1.32000065       1.84457207E-07
  -1.30000067       2.32740604E-07
  -1.28000069       2.57374694E-07
  -1.26000071       3.05615714E-07
  -1.24000072       2.40980484E-07
  -1.22000074       3.08334478E-07
  -1.20000076       2.70205220E-07
  -1.18000078       4.93971299E-07
  -1.16000080       2.68474054E-07
  -1.14000082       6.77504715E-07
  -1.12000084       2.32160886E-07
  -1.10000086       1.16803642E-06
  -1.08000088       2.12180424E-07
  -1.06000090       1.73827743E-06
  -1.04000092       8.62148624E-07
  -1.02000093       2.35812536E-06
  -1.00000095       3.69948043E-06
 -0.980000973       4.48220771E-06
 -0.960000992       1.68860734E-05
 -0.940001011       4.66194933E-06
 -0.920001030       3.47900423E-05
 -0.900001049       3.60839294E-05
 -0.880001068       9.44819185E-05
 -0.860001087       1.19373217E-04
 -0.840001106       1.58727897E-04
 -0.820001125       4.19495016E-04
 -0.800001144       4.41254204E-04
 -0.780001163       9.01012798E-04
 -0.760001183       1.29418168E-03
 -0.740001202       1.86399871E-03
 -0.720001221       3.43364314E-03
 -0.700001240       4.12399368E-03
 -0.680001259       7.13611301E-03
 -0.660001278       1.04102371E-02
 -0.640001297       1.31997345E-02
 -0.620001316       2.27078330E-02
 -0.600001335       2.79930998E-02
 -0.580001354       3.93050350E-02
 -0.560001373       6.11580573E-02
 -0.540001392       6.86696544E-02
 -0.520001411      0.104991317    
 -0.500001431      0.141227081    
 -0.480001420      0.156024396    
 -0.460001409      0.245599672    
 -0.440001398      0.283539772    
 -0.420001388      0.328955472    
 -0.400001377      0.496907502    
 -0.380001366      0.503365159    
 -0.360001355      0.636290193    
 -0.340001345      0.866216362    
 -0.320001334      0.801171362    
 -0.300001323       1.11710751    
 -0.280001312       1.28934419    
 -0.260001302       1.17689323    
 -0.240001306       1.73598146    
 -0.220001310       1.64297187    
 -0.200001314       1.63317096    
 -0.180001318       2.32459402    
 -0.160001323       1.81179130    
 -0.140001327       2.15110350    
 -0.120001331       2.62507057    
 -0.100001335       1.78275287    
  -8.00013393E-02   2.60840988    
  -6.00013398E-02   2.47606492    
  -4.00013402E-02   1.69179869    
  -2.00013407E-02   2.71630597    
  -1.34110451E-06   1.84690392    
   1.99986584E-02   2.21219945    
   3.99986580E-02   2.01043057    
   5.99986576E-02   1.75562227    
   7.99986571E-02   1.52887928    
   9.99986529E-02   1.32638240    
  0.119998649       1.13508856    
  0.139998645      0.953992486    
  0.159998640      0.788560212    
  0.179998636      0.642845869    
  0.199998632      0.517580330    
  0.219998628      0.411659062    
  0.239998624      0.323389888    
  0.259998620      0.250832468    
  0.279998630      0.191935092    
  0.299998641      0.144733936    
  0.319998652      0.107467793    
  0.339998662       7.85848424E-02
  0.359998673       5.66609688E-02
  0.379998684       4.03514244E-02
  0.399998695       2.84251943E-02
  0.419998705       1.98252853E-02
  0.439998716       1.36821419E-02
  0.459998727       9.33448132E-03
  0.479998738       6.28607860E-03
  0.499998748       4.17311164E-03
  0.519998729       2.72964197E-03
  0.539998710       1.75925763E-03
  0.559998691       1.11864659E-03
  0.579998672       7.03217462E-04
  0.599998653       4.38106828E-04
  0.619998634       2.71320372E-04
  0.639998615       1.67642022E-04
  0.659998596       1.03771425E-04
  0.679998577       6.43921012E-05
  0.699998558       4.02550868E-05
  0.719998538       2.55838950E-05
  0.739998519       1.65250694E-05
  0.759998500       1.08275408E-05
  0.779998481       7.22310460E-06
  0.799998462       4.95377935E-06
  0.819998443       3.47068658E-06
  0.839998424       2.49985010E-06
  0.859998405       1.83708130E-06
  0.879998386       1.34457650E-06
  0.899998367       1.04404455E-06
  0.919998348       8.35064100E-07
  0.939998329       6.44549459E-07
  0.959998310       4.79955020E-07
  0.979998291       3.94225026E-07
  0.999998271       3.37275708E-07
   1.01999831       2.69366609E-07
   1.03999829       2.04947625E-07
   1.05999827       1.77608825E-07
   1.07999825       1.49989006E-07
   1.09999824       1.17285751E-07
   1.11999822       9.92034614E-08
   1.13999820       9.51219334E-08
   1.15999818       7.85341783E-08
   1.17999816       6.56947776E-08
   1.19999814       6.53571419E-08
   1.21999812       6.00797634E-08
   1.23999810       4.72725219E-08
   1.25999808       4.13415329E-08
   1.27999806       4.70172310E-08
   1.29999804       5.14093976E-08
   1.31999803       5.19559222E-08
   1.33999801       5.07136306E-08
   1.35999799       5.63621043E-08
   1.37999797       6.12481799E-08
   1.39999795       5.36450599E-08
   1.41999793       5.20089145E-08
   1.43999791       6.95432192E-08
   1.45999789       7.31327177E-08
   1.47999787       7.00884968E-08
   1.49999785       8.69268817E-08
   1.51999784       9.56889039E-08
   1.53999782       9.36413258E-08
   1.55999780       1.01171025E-07
   1.57999778       1.15032961E-07
   1.59999776       1.06707155E-07
   1.61999774       9.86089077E-08
   1.63999772       1.31019220E-07
   1.65999770       1.53264082E-07
   1.67999768       1.38323941E-07
   1.69999766       1.46675944E-07
   1.71999764       1.74508358E-07
   1.73999763       1.84052695E-07
   1.75999761       1.84786501E-07
   1.77999759       1.84325842E-07
   1.79999757       1.90044389E-07
   1.81999755       2.17183526E-07
   1.83999753       2.12941629E-07
   1.85999751       2.14932598E-07
   1.87999749       2.46731474E-07
   1.89999747       2.52707849E-07
   1.91999745       2.69862596E-07
   1.93999743       2.88340772E-07
   1.95999742       3.00435602E-07
   1.97999740       3.09309343E-07
   1.99999738       3.04172488E-07
   2.01999736       3.11678036E-07
   2.03999734       3.45191381E-07
   2.05999732       3.73722713E-07
   2.07999730       3.63394349E-07
   2.09999728       3.51198054E-07
   2.11999726       3.72114698E-07
   2.13999724       4.17589234E-07
   2.15999722       4.55193941E-07
   2.17999721       4.73166779E-07
   2.19999719       5.31677586E-07
   2.21999717       5.66351503E-07
   2.23999715       5.12845702E-07
   2.25999713       5.07149821E-07
   2.27999711       5.53335951E-07
   2.29999709       5.71232931E-07
   2.31999707       6.20745993E-07
   2.33999705       7.17391345E-07
   2.35999703       7.68212033E-07
   2.37999701       7.85573718E-07
   2.39999700       8.61337242E-07
   2.41999698       9.68589234E-07
   2.43999696       1.07066376E-06
   2.45999694       1.15925616E-06
   2.47999692       1.28090903E-06
   2.49999690       1.48434526E-06
   2.51999688       1.71902980E-06
   2.53999686       1.84421583E-06
   2.55999684       1.89909008E-06
   2.57999682       1.90495336E-06
   2.59999681       1.88001093E-06
   2.61999679       1.70132307E-06
   2.63999677       1.58906084E-06
   2.65999675       1.73148771E-06
   2.67999673       1.90560104E-06
   2.69999671       2.12615510E-06
   2.71999669       2.55483360E-06
   2.73999667       2.84746261E-06
   2.75999665       2.85548208E-06
   2.77999663       2.60837351E-06
   2.79999661       2.36215305E-06
   2.81999660       2.01672469E-06
   2.83999658       1.85554893E-06
   2.85999656       2.08619736E-06
   2.87999654       2.41880412E-06
   2.89999652       2.51369761E-06
   2.91999650       2.16201420E-06
   2.93999648       1.53929898E-06
   2.95999646       1.31952459E-06
   2.97999644       1.59412809E-06
   2.99999642       1.82307315E-06
   3.01999640       1.52902408E-06
   3.03999639       9.63635785E-07
   3.05999637       7.14141606E-07
   3.07999635       9.19071795E-07
   3.09999633       9.52121070E-07
