  -2.00000000       1.80160526E-07
  -1.98000002       2.15313705E-07
  -1.96000004       3.48353240E-07
  -1.94000006       3.93830987E-07
  -1.92000008       2.92669085E-07
  -1.90000010       1.43226302E-07
  -1.88000011       3.25159384E-08
  -1.86000013       2.50936072E-08
  -1.84000015       1.26604888E-07
  -1.82000017       2.24725113E-07
  -1.80000019       2.70053619E-07
  -1.78000021       2.51631633E-07
  -1.76000023       1.73459185E-07
  -1.74000025       8.48686810E-08
  -1.72000027       2.47452139E-08
  -1.70000029       8.09499079E-10
  -1.68000031       1.86918463E-08
  -1.66000032       6.63640307E-08
  -1.64000034       1.20807897E-07
  -1.62000036       1.69365592E-07
  -1.60000038       2.04188595E-07
  -1.58000040       2.17503469E-07
  -1.56000042       2.14196149E-07
  -1.54000044       2.21041603E-07
  -1.52000046       2.48578687E-07
  -1.50000048       2.67023694E-07
  -1.48000050       2.36243309E-07
  -1.46000051       1.52994375E-07
  -1.44000053       8.55661355E-08
  -1.42000055       7.21391160E-08
  -1.40000057       9.99917660E-08
  -1.38000059       1.07581933E-07
  -1.36000061       7.50147322E-08
  -1.34000063       4.06367775E-08
  -1.32000065       2.69933000E-08
  -1.30000067       4.57393092E-08
  -1.28000069       5.79618522E-08
  -1.26000071       8.49693222E-08
  -1.24000072       5.28045234E-08
  -1.22000074       8.77904398E-08
  -1.20000076       6.87041251E-08
  -1.18000078       2.01822857E-07
  -1.16000080       7.13308239E-08
  -1.14000082       3.32968597E-07
  -1.12000084       5.59277247E-08
  -1.10000086       6.98501651E-07
  -1.08000088       1.23958472E-07
  -1.06000090       1.11442364E-06
  -1.04000092       6.35978438E-07
  -1.02000093       2.41599196E-06
  -1.00000095       4.24677819E-06
 -0.980000973       2.20903212E-06
 -0.960000992       1.18678026E-05
 -0.940001011       9.93975118E-06
 -0.920001030       4.26822189E-05
 -0.900001049       2.77071031E-05
 -0.880001068       7.30296815E-05
 -0.860001087       1.40994234E-04
 -0.840001106       1.73395703E-04
 -0.820001125       3.75735865E-04
 -0.800001144       4.16307623E-04
 -0.780001163       9.15792072E-04
 -0.760001183       1.30186719E-03
 -0.740001202       1.76251039E-03
 -0.720001221       3.41975759E-03
 -0.700001240       4.06836765E-03
 -0.680001259       6.88047195E-03
 -0.660001278       1.04345372E-02
 -0.640001297       1.27479220E-02
 -0.620001316       2.22405568E-02
 -0.600001335       2.79713031E-02
 -0.580001354       3.77147421E-02
 -0.560001373       6.06487803E-02
 -0.540001392       6.78983033E-02
 -0.520001411      0.101180449    
 -0.500001431      0.141126350    
 -0.480001420      0.152459234    
 -0.460001409      0.239053205    
 -0.440001398      0.283798963    
 -0.420001388      0.319206893    
 -0.400001377      0.489152700    
 -0.380001366      0.501950145    
 -0.360001355      0.617280424    
 -0.340001345      0.861518741    
 -0.320001334      0.793065190    
 -0.300001323       1.08998609    
 -0.280001312       1.29119849    
 -0.260001302       1.15675104    
 -0.240001306       1.71003163    
 -0.220001310       1.64845526    
 -0.200001314       1.60127258    
 -0.180001318       2.31356072    
 -0.160001323       1.81409466    
 -0.140001327       2.11789107    
 -0.120001331       2.63120723    
 -0.100001335       1.77859271    
  -8.00013393E-02   2.59257174    
  -6.00013398E-02   2.48912573    
  -4.00013402E-02   1.68698800    
  -2.00013407E-02   2.72254920    
  -1.34110451E-06   1.85603487    
   1.99986584E-02   2.22592783    
   3.99986580E-02   2.02476382    
   5.99986576E-02   1.77096629    
   7.99986571E-02   1.54587746    
   9.99986529E-02   1.34401786    
  0.119998649       1.15172875    
  0.139998645      0.968964100    
  0.159998640      0.802235663    
  0.179998636      0.655658305    
  0.199998632      0.529389918    
  0.219998628      0.421971917    
  0.239998624      0.331887424    
  0.259998620      0.257617950    
  0.279998630      0.197383240    
  0.299998641      0.149217486    
  0.319998652      0.111204758    
  0.339998662       8.16503018E-02
  0.359998673       5.90774491E-02
  0.379998684       4.21618894E-02
  0.399998695       2.97170021E-02
  0.419998705       2.07139757E-02
  0.439998716       1.42832976E-02
  0.459998727       9.74447746E-03
  0.479998738       6.57320255E-03
  0.499998748       4.38074069E-03
  0.519998729       2.88325315E-03
  0.539998710       1.87346688E-03
  0.559998691       1.20275025E-03
  0.579998672       7.63878459E-04
  0.599998653       4.80894902E-04
  0.619998634       3.00812011E-04
  0.639998615       1.87666985E-04
  0.659998596       1.17227486E-04
  0.679998577       7.33805791E-05
  0.699998558       4.62792414E-05
  0.719998538       2.96561120E-05
  0.739998519       1.93318465E-05
  0.759998500       1.27969442E-05
  0.779998481       8.63943023E-06
  0.799998462       6.00670137E-06
  0.819998443       4.27807208E-06
  0.839998424       3.13782857E-06
  0.859998405       2.35551852E-06
  0.879998386       1.76974709E-06
  0.899998367       1.40740144E-06
  0.919998348       1.15223008E-06
  0.939998329       9.17513034E-07
  0.959998310       7.13037480E-07
  0.979998291       6.01263991E-07
  0.999998271       5.24534983E-07
   1.01999831       4.31056662E-07
   1.03999829       3.45882967E-07
   1.05999827       3.02453572E-07
   1.07999825       2.57235854E-07
   1.09999824       2.12825071E-07
   1.11999822       1.86652997E-07
   1.13999820       1.71807756E-07
   1.15999818       1.36215235E-07
   1.17999816       1.12097446E-07
   1.19999814       1.01319067E-07
   1.21999812       8.31386799E-08
   1.23999810       6.73678002E-08
   1.25999808       5.49330643E-08
   1.27999806       4.65727048E-08
   1.29999804       4.37236451E-08
   1.31999803       3.71663340E-08
   1.33999801       2.19445404E-08
   1.35999799       1.54188662E-08
   1.37999797       1.42939580E-08
   1.39999795       1.23853212E-08
   1.41999793       6.68425271E-09
   1.43999791       3.54820839E-09
   1.45999789       4.47187842E-09
   1.47999787       3.37956862E-09
   1.49999785       9.63124691E-10
   1.51999784       5.31666433E-10
   1.53999782       2.54490068E-10
   1.55999780       8.44607217E-10
   1.57999778       2.17907847E-09
   1.59999776       2.03014960E-09
   1.61999774       1.89896521E-09
   1.63999772       5.16987608E-09
   1.65999770       1.07800666E-08
   1.67999768       1.05961790E-08
   1.69999766       1.24604069E-08
   1.71999764       1.80075315E-08
   1.73999763       2.24680576E-08
   1.75999761       2.59911932E-08
   1.77999759       2.63417004E-08
   1.79999757       3.06048165E-08
   1.81999755       4.24075317E-08
   1.83999753       3.90156032E-08
   1.85999751       3.71505742E-08
   1.87999749       5.15466461E-08
   1.89999747       5.60211149E-08
   1.91999745       6.61156037E-08
   1.93999743       7.68324924E-08
   1.95999742       8.32835880E-08
   1.97999740       8.87649776E-08
   1.99999738       8.78671855E-08
   2.01999736       9.31161139E-08
   2.03999734       1.12611531E-07
   2.05999732       1.24647556E-07
   2.07999730       1.24042543E-07
   2.09999728       1.19235096E-07
   2.11999726       1.30079982E-07
   2.13999724       1.50613175E-07
   2.15999722       1.72502027E-07
   2.17999721       1.84498560E-07
   2.19999719       2.23596857E-07
   2.21999717       2.57953332E-07
   2.23999715       2.39951760E-07
   2.25999713       2.30248773E-07
   2.27999711       2.47845350E-07
   2.29999709       2.66926122E-07
   2.31999707       3.03638984E-07
   2.33999705       3.56162815E-07
   2.35999703       4.01498738E-07
   2.37999701       4.28181295E-07
   2.39999700       4.80822450E-07
   2.41999698       5.68370240E-07
   2.43999696       6.61279785E-07
   2.45999694       7.23537937E-07
   2.47999692       7.98155838E-07
   2.49999690       9.50469428E-07
   2.51999688       1.13178919E-06
   2.53999686       1.21253663E-06
   2.55999684       1.24011092E-06
   2.57999682       1.21558173E-06
   2.59999681       1.16153603E-06
   2.61999679       1.02176091E-06
   2.63999677       9.60680040E-07
   2.65999675       1.07984295E-06
   2.67999673       1.23442283E-06
   2.69999671       1.42169586E-06
   2.71999669       1.75861555E-06
   2.73999667       1.97596705E-06
   2.75999665       1.95458210E-06
   2.77999663       1.74191734E-06
   2.79999661       1.54011980E-06
   2.81999660       1.28402087E-06
   2.83999658       1.18280741E-06
   2.85999656       1.38634948E-06
   2.87999654       1.66574762E-06
   2.89999652       1.74405147E-06
   2.91999650       1.44875969E-06
   2.93999648       9.59353429E-07
   2.95999646       8.13964448E-07
   2.97999644       1.05187996E-06
   2.99999642       1.23577740E-06
   3.01999640       1.00268039E-06
   3.03999639       5.66909989E-07
   3.05999637       3.80442060E-07
   3.07999635       5.37853111E-07
   3.09999633       5.62623711E-07
