  -2.00000000       1.21730488E-06
  -1.98000002       1.57234899E-06
  -1.96000004       1.98862540E-06
  -1.94000006       2.00056070E-06
  -1.92000008       1.57983106E-06
  -1.90000010       1.15218211E-06
  -1.88000011       1.06937159E-06
  -1.86000013       1.40674308E-06
  -1.84000015       1.95326925E-06
  -1.82000017       2.24533096E-06
  -1.80000019       2.13114527E-06
  -1.78000021       1.75524633E-06
  -1.76000023       1.32210221E-06
  -1.74000025       1.06678613E-06
  -1.72000027       1.09423570E-06
  -1.70000029       1.31798367E-06
  -1.68000031       1.64512096E-06
  -1.66000032       1.95817643E-06
  -1.64000034       2.12762711E-06
  -1.62000036       2.14569127E-06
  -1.60000038       2.02161118E-06
  -1.58000040       1.79846415E-06
  -1.56000042       1.55969417E-06
  -1.54000044       1.39816404E-06
  -1.52000046       1.27366513E-06
  -1.50000048       1.08762470E-06
  -1.48000050       8.75087665E-07
  -1.46000051       7.78620233E-07
  -1.44000053       8.72731505E-07
  -1.42000055       1.00949660E-06
  -1.40000057       1.03078412E-06
  -1.38000059       9.80898108E-07
  -1.36000061       9.72295993E-07
  -1.34000063       1.07446999E-06
  -1.32000065       1.19665856E-06
  -1.30000067       1.29357738E-06
  -1.28000069       1.24455346E-06
  -1.26000071       1.22661879E-06
  -1.24000072       1.13049111E-06
  -1.22000074       1.28724139E-06
  -1.20000076       1.20415359E-06
  -1.18000078       1.42509089E-06
  -1.16000080       9.68517725E-07
  -1.14000082       1.57454906E-06
  -1.12000084       8.26150824E-07
  -1.10000086       2.15003593E-06
  -1.08000088       6.45126306E-07
  -1.06000090       2.51749384E-06
  -1.04000092       1.71803697E-06
  -1.02000093       2.51347569E-06
  -1.00000095       6.50698985E-06
 -0.980000973       1.69719999E-06
 -0.960000992       1.80603456E-05
 -0.940001011       2.65591825E-06
 -0.920001030       3.78502700E-05
 -0.900001049       5.37087617E-05
 -0.880001068       4.65418925E-05
 -0.860001087       1.42414603E-04
 -0.840001106       1.14145711E-04
 -0.820001125       3.81207035E-04
 -0.800001144       4.56745649E-04
 -0.780001163       6.09122275E-04
 -0.760001183       1.44665514E-03
 -0.740001202       1.40402419E-03
 -0.720001221       2.89031700E-03
 -0.700001240       4.32236446E-03
 -0.680001259       5.00399247E-03
 -0.660001278       1.01547772E-02
 -0.640001297       1.17578777E-02
 -0.620001316       1.72591601E-02
 -0.600001335       2.87470613E-02
 -0.580001354       3.08010839E-02
 -0.560001373       5.20015992E-02
 -0.540001392       6.85208887E-02
 -0.520001411       7.91218653E-02
 -0.500001431      0.132271469    
 -0.480001420      0.143070400    
 -0.460001409      0.193241104    
 -0.440001398      0.281396478    
 -0.420001388      0.275720924    
 -0.400001377      0.424005091    
 -0.380001366      0.506110847    
 -0.360001355      0.508838058    
 -0.340001345      0.804549873    
 -0.320001334      0.778422058    
 -0.300001323      0.912818551    
 -0.280001312       1.27836490    
 -0.260001302       1.07104337    
 -0.240001306       1.52351129    
 -0.220001310       1.68605447    
 -0.200001314       1.41888309    
 -0.180001318       2.20786858    
 -0.160001323       1.85309315    
 -0.140001327       1.90946460    
 -0.120001331       2.64368320    
 -0.100001335       1.75921535    
  -8.00013393E-02   2.48105931    
  -6.00013398E-02   2.57123780    
  -4.00013402E-02   1.65641212    
  -2.00013407E-02   2.74700403    
  -1.34110451E-06   1.90218508    
   1.99986584E-02   2.30680609    
   3.99986580E-02   2.11675692    
   5.99986576E-02   1.86633229    
   7.99986571E-02   1.64616060    
   9.99986529E-02   1.44997311    
  0.119998649       1.25814068    
  0.139998645       1.06879914    
  0.159998640      0.892336786    
  0.179998636      0.737043858    
  0.199998632      0.603644431    
  0.219998628      0.488786757    
  0.239998624      0.389688939    
  0.259998620      0.305442274    
  0.279998630      0.235825852    
  0.299998641      0.179964632    
  0.319998652      0.136050671    
  0.339998662      0.101862870    
  0.359998673       7.53547400E-02
  0.379998684       5.49054220E-02
  0.399998695       3.93170714E-02
  0.419998705       2.76593529E-02
  0.439998716       1.91362277E-02
  0.459998727       1.30591933E-02
  0.479998738       8.81918333E-03
  0.499998748       5.91404410E-03
  0.519998729       3.94847151E-03
  0.539998710       2.62722536E-03
  0.559998691       1.74348825E-03
  0.579998672       1.15327141E-03
  0.599998653       7.60706956E-04
  0.619998634       5.00166905E-04
  0.639998615       3.28791415E-04
  0.659998596       2.16412038E-04
  0.679998577       1.42918900E-04
  0.699998558       9.52144619E-05
  0.719998538       6.42884479E-05
  0.739998519       4.43167810E-05
  0.759998500       3.12169395E-05
  0.779998481       2.25982440E-05
  0.799998462       1.69357809E-05
  0.819998443       1.31302149E-05
  0.839998424       1.04981245E-05
  0.859998405       8.68833013E-06
  0.879998386       7.34948026E-06
  0.899998367       6.40997541E-06
  0.919998348       5.76232878E-06
  0.939998329       5.20229150E-06
  0.959998310       4.67450445E-06
  0.979998291       4.33967762E-06
  0.999998271       4.09533322E-06
   1.01999831       3.86191959E-06
   1.03999829       3.57750082E-06
   1.05999827       3.42992826E-06
   1.07999825       3.29878480E-06
   1.09999824       3.11749773E-06
   1.11999822       3.00027295E-06
   1.13999820       2.94862093E-06
   1.15999818       2.83081204E-06
   1.17999816       2.69709813E-06
   1.19999814       2.64846494E-06
   1.21999812       2.58782961E-06
   1.23999810       2.45660544E-06
   1.25999808       2.36234382E-06
   1.27999806       2.34126310E-06
   1.29999804       2.32721436E-06
   1.31999803       2.27050214E-06
   1.33999801       2.14439433E-06
   1.35999799       2.08122128E-06
   1.37999797       2.08667348E-06
   1.39999795       2.02306842E-06
   1.41999793       1.92270795E-06
   1.43999791       1.92382549E-06
   1.45999789       1.93160781E-06
   1.47999787       1.87624289E-06
   1.49999785       1.82380450E-06
   1.51999784       1.76150422E-06
   1.53999782       1.70911414E-06
   1.55999780       1.68670419E-06
   1.57999778       1.70130306E-06
   1.59999776       1.64015034E-06
   1.61999774       1.59599153E-06
   1.63999772       1.62547519E-06
   1.65999770       1.57832187E-06
   1.67999768       1.47657033E-06
   1.69999766       1.45883371E-06
   1.71999764       1.47672165E-06
   1.73999763       1.43593832E-06
   1.75999761       1.38030896E-06
   1.77999759       1.36692427E-06
   1.79999757       1.32922548E-06
   1.81999755       1.29444697E-06
   1.83999753       1.30185197E-06
   1.85999751       1.31428772E-06
   1.87999749       1.26849864E-06
   1.89999747       1.22357369E-06
   1.91999745       1.17721368E-06
   1.93999743       1.14043553E-06
   1.95999742       1.12416683E-06
   1.97999740       1.10946803E-06
   1.99999738       1.09825146E-06
   2.01999736       1.07984056E-06
   2.03999734       1.03593663E-06
   2.05999732       1.02970125E-06
   2.07999730       1.00442480E-06
   2.09999728       1.00187196E-06
   2.11999726       9.79183937E-07
   2.13999724       9.55551059E-07
   2.15999722       9.11252585E-07
   2.17999721       8.74006673E-07
   2.19999719       8.21766889E-07
   2.21999717       7.61130138E-07
   2.23999715       7.45564193E-07
   2.25999713       7.89139904E-07
   2.27999711       8.08036418E-07
   2.29999709       7.51012237E-07
   2.31999707       6.84451493E-07
   2.33999705       6.53253380E-07
   2.35999703       5.87881232E-07
   2.37999701       5.43389035E-07
   2.39999700       5.11444227E-07
   2.41999698       4.36929497E-07
   2.43999696       3.55466597E-07
   2.45999694       3.06721802E-07
   2.47999692       2.53019579E-07
   2.49999690       1.58393931E-07
   2.51999688       7.89793972E-08
   2.53999686       4.89749503E-08
   2.55999684       4.18261834E-08
   2.57999682       7.03722662E-08
   2.59999681       1.29721045E-07
   2.61999679       1.37987413E-07
   2.63999677       9.38989970E-08
   2.65999675       6.57468746E-08
   2.67999673       2.96298417E-08
   2.69999671       2.82906623E-08
   2.71999669       1.19334885E-07
   2.73999667       2.70875063E-07
   2.75999665       4.05949464E-07
   2.77999663       4.84828831E-07
   2.79999661       5.33308480E-07
   2.81999660       4.51231784E-07
   2.83999658       3.80641495E-07
   2.85999656       5.16443436E-07
   2.87999654       8.35225592E-07
   2.89999652       1.15840328E-06
   2.91999650       1.20256948E-06
   2.93999648       9.34365232E-07
   2.95999646       7.97306143E-07
   2.97999644       1.06449340E-06
   2.99999642       1.49406083E-06
   3.01999640       1.57466013E-06
   3.03999639       1.23872985E-06
   3.05999637       1.01159992E-06
   3.07999635       1.29110640E-06
   3.09999633       1.64980270E-06
