  -2.00000000       1.29300395E-06
  -1.98000002       1.64246364E-06
  -1.96000004       2.08721144E-06
  -1.94000006       2.12914415E-06
  -1.92000008       1.71252520E-06
  -1.90000010       1.26256373E-06
  -1.88000011       1.15305397E-06
  -1.86000013       1.47357343E-06
  -1.84000015       2.03585569E-06
  -1.82000017       2.36481219E-06
  -1.80000019       2.27708188E-06
  -1.78000021       1.90426670E-06
  -1.76000023       1.45228285E-06
  -1.74000025       1.17005845E-06
  -1.72000027       1.17935554E-06
  -1.70000029       1.39633073E-06
  -1.68000031       1.73319677E-06
  -1.66000032       2.06461459E-06
  -1.64000034       2.25159329E-06
  -1.62000036       2.28232875E-06
  -1.60000038       2.16443914E-06
  -1.58000040       1.94083896E-06
  -1.56000042       1.69318480E-06
  -1.54000044       1.52093060E-06
  -1.52000046       1.39124177E-06
  -1.50000048       1.20109723E-06
  -1.48000050       9.76096771E-07
  -1.46000051       8.60191278E-07
  -1.44000053       9.44249223E-07
  -1.42000055       1.08628080E-06
  -1.40000057       1.11912016E-06
  -1.38000059       1.06957486E-06
  -1.36000061       1.05218260E-06
  -1.34000063       1.15011824E-06
  -1.32000065       1.27531109E-06
  -1.30000067       1.38476128E-06
  -1.28000069       1.33777439E-06
  -1.26000071       1.32822902E-06
  -1.24000072       1.21733410E-06
  -1.22000074       1.38738346E-06
  -1.20000076       1.29003558E-06
  -1.18000078       1.54276734E-06
  -1.16000080       1.05599679E-06
  -1.14000082       1.70736428E-06
  -1.12000084       8.94616562E-07
  -1.10000086       2.23951406E-06
  -1.08000088       8.65082825E-07
  -1.06000090       2.59764374E-06
  -1.04000092       1.80659606E-06
  -1.02000093       2.41907833E-06
  -1.00000095       7.21030256E-06
 -0.980000973       5.93756795E-07
 -0.960000992       1.95210250E-05
 -0.940001011       8.27381791E-06
 -0.920001030       3.16374644E-05
 -0.900001049       3.54485383E-05
 -0.880001068       5.13000341E-05
 -0.860001087       1.82024494E-04
 -0.840001106       1.07000546E-04
 -0.820001125       3.43264546E-04
 -0.800001144       4.82874399E-04
 -0.780001163       6.02427346E-04
 -0.760001183       1.42546208E-03
 -0.740001202       1.40449603E-03
 -0.720001221       2.84521980E-03
 -0.700001240       4.35087737E-03
 -0.680001259       4.92679980E-03
 -0.660001278       1.00750653E-02
 -0.640001297       1.18054897E-02
 -0.620001316       1.69610623E-02
 -0.600001335       2.87131518E-02
 -0.580001354       3.06695867E-02
 -0.560001373       5.13410605E-02
 -0.540001392       6.86210617E-02
 -0.520001411       7.82515556E-02
 -0.500001431      0.131395116    
 -0.480001420      0.143027753    
 -0.460001409      0.190848380    
 -0.440001398      0.280937701    
 -0.420001388      0.274357766    
 -0.400001377      0.419837564    
 -0.380001366      0.506681621    
 -0.360001355      0.504191041    
 -0.340001345      0.799968660    
 -0.320001334      0.778995931    
 -0.300001323      0.903952956    
 -0.280001312       1.27629519    
 -0.260001302       1.06826735    
 -0.240001306       1.51281357    
 -0.220001310       1.68811011    
 -0.200001314       1.41060507    
 -0.180001318       2.20034742    
 -0.160001323       1.85586882    
 -0.140001327       1.89896882    
 -0.120001331       2.64339304    
 -0.100001335       1.75851679    
  -8.00013393E-02   2.47435164    
  -6.00013398E-02   2.57528043    
  -4.00013402E-02   1.65500307    
  -2.00013407E-02   2.74792123    
  -1.34110451E-06   1.90414238    
   1.99986584E-02   2.31044340    
   3.99986580E-02   2.12146020    
   5.99986576E-02   1.87145805    
   7.99986571E-02   1.65131593    
   9.99986529E-02   1.45521009    
  0.119998649       1.26355326    
  0.139998645       1.07418025    
  0.159998640      0.897337556    
  0.179998636      0.741483808    
  0.199998632      0.607566655    
  0.219998628      0.492296368    
  0.239998624      0.392818183    
  0.259998620      0.308146745    
  0.279998630      0.238065392    
  0.299998641      0.181756303    
  0.319998652      0.137462661    
  0.339998662      0.102978371    
  0.359998673       7.62429982E-02
  0.379998684       5.56116030E-02
  0.399998695       3.98701206E-02
  0.419998705       2.80805323E-02
  0.439998716       1.94458943E-02
  0.459998727       1.32784545E-02
  0.479998738       8.96896236E-03
  0.499998748       6.01364346E-03
  0.519998729       4.01380192E-03
  0.539998710       2.67017819E-03
  0.559998691       1.77227275E-03
  0.579998672       1.17315247E-03
  0.599998653       7.74858403E-04
  0.619998634       5.10411104E-04
  0.639998615       3.36225348E-04
  0.659998596       2.21750903E-04
  0.679998577       1.46715814E-04
  0.699998558       9.78919779E-05
  0.719998538       6.61609592E-05
  0.739998519       4.56328635E-05
  0.759998500       3.21578336E-05
  0.779998481       2.32879611E-05
  0.799998462       1.74536144E-05
  0.819998443       1.35318951E-05
  0.839998424       1.08180948E-05
  0.859998405       8.95519497E-06
  0.879998386       7.58379019E-06
  0.899998367       6.61306694E-06
  0.919998348       5.94276526E-06
  0.939998329       5.36979633E-06
  0.959998310       4.83343138E-06
  0.979998291       4.48723631E-06
  0.999998271       4.23300526E-06
   1.01999831       3.99704140E-06
   1.03999829       3.70768839E-06
   1.05999827       3.55413681E-06
   1.07999825       3.42090379E-06
   1.09999824       3.23516838E-06
   1.11999822       3.11305075E-06
   1.13999820       3.05842218E-06
   1.15999818       2.94282768E-06
   1.17999816       2.80613608E-06
   1.19999814       2.75375851E-06
   1.21999812       2.69441966E-06
   1.23999810       2.55789951E-06
   1.25999808       2.46032732E-06
   1.27999806       2.44048897E-06
   1.29999804       2.42568831E-06
   1.31999803       2.36649703E-06
   1.33999801       2.24072141E-06
   1.35999799       2.17706338E-06
   1.37999797       2.18167429E-06
   1.39999795       2.11054135E-06
   1.41999793       2.00875957E-06
   1.43999791       2.01573584E-06
   1.45999789       2.02108390E-06
   1.47999787       1.96042106E-06
   1.49999785       1.91221739E-06
   1.51999784       1.84876660E-06
   1.53999782       1.79172480E-06
   1.55999780       1.76979313E-06
   1.57999778       1.78668643E-06
   1.59999776       1.72065302E-06
   1.61999774       1.66993175E-06
   1.63999772       1.70798751E-06
   1.65999770       1.66360576E-06
   1.67999768       1.55119380E-06
   1.69999766       1.53138899E-06
   1.71999764       1.55486259E-06
   1.73999763       1.51483357E-06
   1.75999761       1.45645083E-06
   1.77999759       1.43920477E-06
   1.79999757       1.39771919E-06
   1.81999755       1.36581514E-06
   1.83999753       1.37137727E-06
   1.85999751       1.38389885E-06
   1.87999749       1.34187781E-06
   1.89999747       1.29298803E-06
   1.91999745       1.24464123E-06
   1.93999743       1.20712218E-06
   1.95999742       1.19014339E-06
   1.97999740       1.17432546E-06
   1.99999738       1.15965679E-06
   2.01999736       1.13933652E-06
   2.03999734       1.09747907E-06
   2.05999732       1.09373889E-06
   2.07999730       1.06432958E-06
   2.09999728       1.05747233E-06
   2.11999726       1.03494870E-06
   2.13999724       1.01428793E-06
   2.15999722       9.70547376E-07
   2.17999721       9.29471639E-07
   2.19999719       8.77486229E-07
   2.21999717       8.13640042E-07
   2.23999715       7.86133228E-07
   2.25999713       8.30705801E-07
   2.27999711       8.56245606E-07
   2.29999709       7.94269340E-07
   2.31999707       7.24646497E-07
   2.33999705       6.97561404E-07
   2.35999703       6.27615577E-07
   2.37999701       5.73885984E-07
   2.39999700       5.39239124E-07
   2.41999698       4.60109419E-07
   2.43999696       3.71478393E-07
   2.45999694       3.18438623E-07
   2.47999692       2.63462027E-07
   2.49999690       1.67653383E-07
   2.51999688       8.89784957E-08
   2.53999686       6.12908266E-08
   2.55999684       5.93306559E-08
   2.57999682       9.66688631E-08
   2.59999681       1.64194617E-07
   2.61999679       1.68894346E-07
   2.63999677       1.16101404E-07
   2.65999675       8.56370619E-08
   2.67999673       4.57012810E-08
   2.69999671       4.48244997E-08
   2.71999669       1.48711237E-07
   2.73999667       3.15488620E-07
   2.75999665       4.60534295E-07
   2.77999663       5.42329417E-07
   2.79999661       5.87955640E-07
   2.81999660       5.00329008E-07
   2.83999658       4.28160945E-07
   2.85999656       5.75573495E-07
   2.87999654       9.12384564E-07
   2.89999652       1.24464418E-06
   2.91999650       1.27423061E-06
   2.93999648       9.89183832E-07
   2.95999646       8.63492971E-07
   2.97999644       1.15739510E-06
   2.99999642       1.59994568E-06
   3.01999640       1.66787288E-06
   3.03999639       1.31310037E-06
   3.05999637       1.09189511E-06
   3.07999635       1.41075566E-06
   3.09999633       1.77578431E-06
