  -2.00000000       1.23993800E-06
  -1.98000002       1.35052642E-06
  -1.96000004       1.82216036E-06
  -1.94000006       2.08819802E-06
  -1.92000008       1.88048818E-06
  -1.90000010       1.42696763E-06
  -1.88000011       1.11984400E-06
  -1.86000013       1.15800560E-06
  -1.84000015       1.60234424E-06
  -1.82000017       2.08508573E-06
  -1.80000019       2.24318092E-06
  -1.78000021       2.03662194E-06
  -1.76000023       1.61168407E-06
  -1.74000025       1.22506435E-06
  -1.72000027       1.06753919E-06
  -1.70000029       1.13099622E-06
  -1.68000031       1.39734561E-06
  -1.66000032       1.73749606E-06
  -1.64000034       2.00025625E-06
  -1.62000036       2.13437806E-06
  -1.60000038       2.12072950E-06
  -1.58000040       1.98857879E-06
  -1.56000042       1.77184643E-06
  -1.54000044       1.57721149E-06
  -1.52000046       1.44688295E-06
  -1.50000048       1.30448780E-06
  -1.48000050       1.08566485E-06
  -1.46000051       8.58961187E-07
  -1.44000053       7.98642020E-07
  -1.42000055       8.96154575E-07
  -1.40000057       1.00936427E-06
  -1.38000059       1.00448403E-06
  -1.36000061       9.37438813E-07
  -1.34000063       9.57367206E-07
  -1.32000065       1.05565323E-06
  -1.30000067       1.21074027E-06
  -1.28000069       1.21746211E-06
  -1.26000071       1.26445377E-06
  -1.24000072       1.11492159E-06
  -1.22000074       1.27344674E-06
  -1.20000076       1.16250430E-06
  -1.18000078       1.51305881E-06
  -1.16000080       1.09145117E-06
  -1.14000082       1.59628530E-06
  -1.12000084       1.14279533E-06
  -1.10000086       1.78726816E-06
  -1.08000088       1.71097167E-06
  -1.06000090       1.55788371E-06
  -1.04000092       3.87385080E-06
  -1.02000093       3.06962733E-07
  -1.00000095       8.21685444E-06
 -0.980000973       2.05826964E-07
 -0.960000992       1.91490435E-05
 -0.940001011       1.79611579E-05
 -0.920001030       1.55570633E-05
 -0.900001049       5.05008611E-05
 -0.880001068       3.45051740E-05
 -0.860001087       1.73999157E-04
 -0.840001106       1.27571417E-04
 -0.820001125       2.68774369E-04
 -0.800001144       5.67285926E-04
 -0.780001163       4.88628692E-04
 -0.760001183       1.35126791E-03
 -0.740001202       1.52474199E-03
 -0.720001221       2.35270080E-03
 -0.700001240       4.52422677E-03
 -0.680001259       4.58226912E-03
 -0.660001278       9.11309384E-03
 -0.640001297       1.23223271E-02
 -0.620001316       1.48839261E-02
 -0.600001335       2.78170835E-02
 -0.580001354       3.03229559E-02
 -0.560001373       4.59543690E-02
 -0.540001392       6.89519718E-02
 -0.520001411       7.25515410E-02
 -0.500001431      0.123312645    
 -0.480001420      0.143689945    
 -0.460001409      0.172308952    
 -0.440001398      0.275442183    
 -0.420001388      0.267333835    
 -0.400001377      0.384322464    
 -0.380001366      0.510183752    
 -0.360001355      0.473056525    
 -0.340001345      0.758142650    
 -0.320001334      0.785408676    
 -0.300001323      0.836694241    
 -0.280001312       1.25532174    
 -0.260001302       1.05188537    
 -0.240001306       1.42382205    
 -0.220001310       1.70306814    
 -0.200001314       1.35160005    
 -0.180001318       2.13402987    
 -0.160001323       1.87816823    
 -0.140001327       1.81646526    
 -0.120001331       2.63893151    
 -0.100001335       1.75572753    
  -8.00013393E-02   2.41731930    
  -6.00013398E-02   2.60442328    
  -4.00013402E-02   1.64379191    
  -2.00013407E-02   2.75548315    
  -1.34110451E-06   1.91984463    
   1.99986584E-02   2.33722067    
   3.99986580E-02   2.15659070    
   5.99986576E-02   1.91216254    
   7.99986571E-02   1.69346774    
   9.99986529E-02   1.49707365    
  0.119998649       1.30562532    
  0.139998645       1.11631155    
  0.159998640      0.937738299    
  0.179998636      0.778194845    
  0.199998632      0.639867008    
  0.219998628      0.520591438    
  0.239998624      0.417710096    
  0.259998620      0.329842120    
  0.279998630      0.256472170    
  0.299998641      0.196843758    
  0.319998652      0.149474666    
  0.339998662      0.112388663    
  0.359998673       8.35877806E-02
  0.379998684       6.13479987E-02
  0.399998695       4.43352424E-02
  0.419998705       3.15107852E-02
  0.439998716       2.20233109E-02
  0.459998727       1.51613215E-02
  0.479998738       1.03035392E-02
  0.499998748       6.93363836E-03
  0.519998729       4.63353936E-03
  0.539998710       3.08075827E-03
  0.559998691       2.04159319E-03
  0.579998672       1.34893903E-03
  0.599998653       8.89454503E-04
  0.619998634       5.85203990E-04
  0.639998615       3.85175605E-04
  0.659998596       2.53829727E-04
  0.679998577       1.67894890E-04
  0.699998558       1.11954148E-04
  0.719998538       7.54562789E-05
  0.739998519       5.18015477E-05
  0.759998500       3.63118415E-05
  0.779998481       2.61226778E-05
  0.799998462       1.93724227E-05
  0.819998443       1.48369027E-05
  0.839998424       1.16885685E-05
  0.859998405       9.53872950E-06
  0.879998386       8.01922761E-06
  0.899998367       6.87201236E-06
  0.919998348       6.06904814E-06
  0.939998329       5.44978684E-06
  0.959998310       4.91536821E-06
  0.979998291       4.49941581E-06
  0.999998271       4.17699630E-06
   1.01999831       3.93763185E-06
   1.03999829       3.66252266E-06
   1.05999827       3.47411924E-06
   1.07999825       3.32929403E-06
   1.09999824       3.14306089E-06
   1.11999822       2.99812632E-06
   1.13999820       2.91402444E-06
   1.15999818       2.83301756E-06
   1.17999816       2.70771579E-06
   1.19999814       2.62601611E-06
   1.21999812       2.57537999E-06
   1.23999810       2.43035834E-06
   1.25999808       2.32949537E-06
   1.27999806       2.31234571E-06
   1.29999804       2.28499425E-06
   1.31999803       2.21778964E-06
   1.33999801       2.13422391E-06
   1.35999799       2.07812718E-06
   1.37999797       2.05953393E-06
   1.39999795       1.94973381E-06
   1.41999793       1.87011017E-06
   1.43999791       1.90384492E-06
   1.45999789       1.88682009E-06
   1.47999787       1.80880261E-06
   1.49999785       1.79614904E-06
   1.51999784       1.73621459E-06
   1.53999782       1.66388782E-06
   1.55999780       1.65064671E-06
   1.57999778       1.66780308E-06
   1.59999776       1.58736657E-06
   1.61999774       1.50782716E-06
   1.63999772       1.57842874E-06
   1.65999770       1.56903559E-06
   1.67999768       1.43025738E-06
   1.69999766       1.39841234E-06
   1.71999764       1.43803720E-06
   1.73999763       1.40953796E-06
   1.75999761       1.34776417E-06
   1.77999759       1.30400701E-06
   1.79999757       1.25453437E-06
   1.81999755       1.25686995E-06
   1.83999753       1.24495978E-06
   1.85999751       1.24389976E-06
   1.87999749       1.23919062E-06
   1.89999747       1.17846389E-06
   1.91999745       1.13002898E-06
   1.93999743       1.09918449E-06
   1.95999742       1.08235201E-06
   1.97999740       1.06568041E-06
   1.99999738       1.02739989E-06
   2.01999736       9.94493803E-07
   2.03999734       9.83982432E-07
   2.05999732       9.93732783E-07
   2.07999730       9.46925354E-07
   2.09999728       9.10183076E-07
   2.11999726       8.97005691E-07
   2.13999724       8.99944439E-07
   2.15999722       8.72246119E-07
   2.17999721       8.17474017E-07
   2.19999719       7.86542898E-07
   2.21999717       7.29191925E-07
   2.23999715       6.36015102E-07
   2.25999713       6.59315958E-07
   2.27999711       7.09324297E-07
   2.29999709       6.45978048E-07
   2.31999707       5.86811950E-07
   2.33999705       5.83508722E-07
   2.35999703       5.12697966E-07
   2.37999701       4.25142417E-07
   2.39999700       3.82660119E-07
   2.41999698       3.10786646E-07
   2.43999696       2.26031901E-07
   2.45999694       1.72345338E-07
   2.47999692       1.32218361E-07
   2.49999690       8.49477075E-08
   2.51999688       6.83511630E-08
   2.53999686       7.81548906E-08
   2.55999684       1.16488856E-07
   2.57999682       1.76082665E-07
   2.59999681       2.30163423E-07
   2.61999679       2.00105333E-07
   2.63999677       1.40281060E-07
   2.65999675       1.24519289E-07
   2.67999673       1.31993218E-07
   2.69999671       2.15793307E-07
   2.71999669       4.21756198E-07
   2.73999667       6.61293996E-07
   2.75999665       8.09521339E-07
   2.77999663       8.52407311E-07
   2.79999661       8.14643556E-07
   2.81999660       7.28984560E-07
   2.83999658       7.31911314E-07
   2.85999656       9.96054496E-07
   2.87999654       1.42823069E-06
   2.89999652       1.71157842E-06
   2.91999650       1.50934284E-06
   2.93999648       1.13609804E-06
   2.95999646       1.21573146E-06
   2.97999644       1.70212763E-06
   2.99999642       2.04454864E-06
   3.01999640       1.84836017E-06
   3.03999639       1.39558119E-06
   3.05999637       1.32128287E-06
   3.07999635       1.84583723E-06
   3.09999633       2.01343050E-06
