  -2.00000000       6.58929196E-07
  -1.98000002       4.47431148E-07
  -1.96000004       6.13507666E-07
  -1.94000006       8.95372523E-07
  -1.92000008       1.00016962E-06
  -1.90000010       8.32183730E-07
  -1.88000011       5.33421371E-07
  -1.86000013       3.26280912E-07
  -1.84000015       4.13943724E-07
  -1.82000017       7.31803141E-07
  -1.80000019       1.00399825E-06
  -1.78000021       1.05146330E-06
  -1.76000023       8.86616817E-07
  -1.74000025       6.28317821E-07
  -1.72000027       4.06147166E-07
  -1.70000029       3.12847874E-07
  -1.68000031       3.75469995E-07
  -1.66000032       5.42431849E-07
  -1.64000034       7.34534524E-07
  -1.62000036       8.88569218E-07
  -1.60000038       9.69905386E-07
  -1.58000040       9.79487822E-07
  -1.56000042       9.05609170E-07
  -1.54000044       7.88388263E-07
  -1.52000046       6.99598274E-07
  -1.50000048       6.49640356E-07
  -1.48000050       5.55678582E-07
  -1.46000051       3.78760973E-07
  -1.44000053       2.30176354E-07
  -1.42000055       2.05519797E-07
  -1.40000057       2.79082315E-07
  -1.38000059       3.14061282E-07
  -1.36000061       2.71330521E-07
  -1.34000063       2.29742781E-07
  -1.32000065       2.50551153E-07
  -1.30000067       3.26270140E-07
  -1.28000069       3.85248114E-07
  -1.26000071       4.29336069E-07
  -1.24000072       3.96175892E-07
  -1.22000074       4.00443184E-07
  -1.20000076       4.21475590E-07
  -1.18000078       5.32037802E-07
  -1.16000080       6.14216844E-07
  -1.14000082       5.07075413E-07
  -1.12000084       8.61279034E-07
  -1.10000086       4.45858916E-07
  -1.08000088       1.86551756E-06
  -1.06000090       1.23235282E-07
  -1.04000092       2.79007531E-06
  -1.02000093       2.38943926E-07
  -1.00000095       7.23545008E-06
 -0.980000973       7.49035007E-06
 -0.960000992       3.89635579E-06
 -0.940001011       1.70866861E-05
 -0.920001030       1.16667761E-05
 -0.900001049       7.24469064E-05
 -0.880001068       3.41468440E-05
 -0.860001087       1.11480840E-04
 -0.840001106       2.01225121E-04
 -0.820001125       1.86666643E-04
 -0.800001144       5.57230669E-04
 -0.780001163       5.01278322E-04
 -0.760001183       1.12659368E-03
 -0.740001202       1.71925628E-03
 -0.720001221       1.93125661E-03
 -0.700001240       4.36795643E-03
 -0.680001259       4.67278808E-03
 -0.660001278       7.77650718E-03
 -0.640001297       1.27058048E-02
 -0.620001316       1.34210316E-02
 -0.600001335       2.57882420E-02
 -0.580001354       3.08078676E-02
 -0.560001373       4.01948579E-02
 -0.540001392       6.82253838E-02
 -0.520001411       6.87180087E-02
 -0.500001431      0.111998647    
 -0.480001420      0.146139398    
 -0.460001409      0.154094040    
 -0.440001398      0.263599664    
 -0.420001388      0.267429113    
 -0.400001377      0.342919976    
 -0.380001366      0.508227587    
 -0.360001355      0.450920939    
 -0.340001345      0.703373611    
 -0.320001334      0.794166803    
 -0.300001323      0.769013464    
 -0.280001312       1.22156286    
 -0.260001302       1.04695225    
 -0.240001306       1.31871378    
 -0.220001310       1.71224666    
 -0.200001314       1.30069828    
 -0.180001318       2.05002809    
 -0.160001323       1.90367818    
 -0.140001327       1.72543859    
 -0.120001331       2.62682009    
 -0.100001335       1.75935352    
  -8.00013393E-02   2.34916759    
  -6.00013398E-02   2.63099456    
  -4.00013402E-02   1.62930405    
  -2.00013407E-02   2.76243472    
  -1.34110451E-06   1.93804288    
   1.99986584E-02   2.36507869    
   3.99986580E-02   2.19111323    
   5.99986576E-02   1.95505607    
   7.99986571E-02   1.74154890    
   9.99986529E-02   1.54521537    
  0.119998649       1.35194325    
  0.139998645       1.16177571    
  0.159998640      0.982680380    
  0.179998636      0.820957959    
  0.199998632      0.678299367    
  0.219998628      0.553759277    
  0.239998624      0.446078569    
  0.259998620      0.354352295    
  0.279998630      0.277717650    
  0.299998641      0.214930639    
  0.319998652      0.164347306    
  0.339998662      0.124161191    
  0.359998673       9.26399976E-02
  0.379998684       6.82150945E-02
  0.399998695       4.95515503E-02
  0.419998705       3.55020948E-02
  0.439998716       2.50877645E-02
  0.459998727       1.74958762E-02
  0.479998738       1.20465020E-02
  0.499998748       8.19728523E-03
  0.519998729       5.51844388E-03
  0.539998710       3.67852254E-03
  0.559998691       2.43136357E-03
  0.579998672       1.59490958E-03
  0.599998653       1.04007125E-03
  0.619998634       6.75109157E-04
  0.639998615       4.37463867E-04
  0.659998596       2.83376838E-04
  0.679998577       1.84099161E-04
  0.699998558       1.20368939E-04
  0.719998538       7.92870851E-05
  0.739998519       5.29861500E-05
  0.759998500       3.60837803E-05
  0.779998481       2.51523616E-05
  0.799998462       1.79618528E-05
  0.819998443       1.31921461E-05
  0.839998424       9.93893536E-06
  0.859998405       7.75414901E-06
  0.879998386       6.28405542E-06
  0.899998367       5.13634450E-06
  0.919998348       4.30979617E-06
  0.939998329       3.74156366E-06
  0.959998310       3.32056311E-06
  0.979998291       2.92369077E-06
  0.999998271       2.59983813E-06
   1.01999831       2.38843472E-06
   1.03999829       2.20657989E-06
   1.05999827       2.02789306E-06
   1.07999825       1.89303000E-06
   1.09999824       1.76518472E-06
   1.11999822       1.63977734E-06
   1.13999820       1.54133818E-06
   1.15999818       1.50192443E-06
   1.17999816       1.43753607E-06
   1.19999814       1.34875859E-06
   1.21999812       1.29988791E-06
   1.23999810       1.21502808E-06
   1.25999808       1.15237003E-06
   1.27999806       1.12383032E-06
   1.29999804       1.08354482E-06
   1.31999803       1.03481705E-06
   1.33999801       1.02296224E-06
   1.35999799       9.93427648E-07
   1.37999797       9.40785696E-07
   1.39999795       8.56576321E-07
   1.41999793       8.35708818E-07
   1.43999791       8.51021809E-07
   1.45999789       8.16971692E-07
   1.47999787       7.70402664E-07
   1.49999785       7.74894602E-07
   1.51999784       7.44434146E-07
   1.53999782       7.00370265E-07
   1.55999780       6.91168566E-07
   1.57999778       6.81348581E-07
   1.59999776       6.35801655E-07
   1.61999774       5.88226442E-07
   1.63999772       6.15271802E-07
   1.65999770       6.28027919E-07
   1.67999768       5.65222763E-07
   1.69999766       5.34779986E-07
   1.71999764       5.42060206E-07
   1.73999763       5.35902529E-07
   1.75999761       5.08244000E-07
   1.77999759       4.64920788E-07
   1.79999757       4.35349051E-07
   1.81999755       4.47965419E-07
   1.83999753       4.29561652E-07
   1.85999751       4.16355476E-07
   1.87999749       4.31350600E-07
   1.89999747       4.01215971E-07
   1.91999745       3.77758084E-07
   1.93999743       3.64753902E-07
   1.95999742       3.51181569E-07
   1.97999740       3.37351167E-07
   1.99999738       3.04729213E-07
   2.01999736       2.80084492E-07
   2.03999734       2.91392752E-07
   2.05999732       2.94922472E-07
   2.07999730       2.68237272E-07
   2.09999728       2.33858003E-07
   2.11999726       2.29280303E-07
   2.13999724       2.36455350E-07
   2.15999722       2.33618067E-07
   2.17999721       2.06444398E-07
   2.19999719       1.98139233E-07
   2.21999717       1.77943974E-07
   2.23999715       1.22647734E-07
   2.25999713       1.02055360E-07
   2.27999711       1.09908378E-07
   2.29999709       9.67444720E-08
   2.31999707       8.75669599E-08
   2.33999705       8.27977047E-08
   2.35999703       6.30870645E-08
   2.37999701       3.24459641E-08
   2.39999700       1.50944341E-08
   2.41999698       1.00343449E-08
   2.43999696       1.80508035E-08
   2.45999694       3.35281136E-08
   2.47999692       5.82258828E-08
   2.49999690       1.12906228E-07
   2.51999688       1.96405963E-07
   2.53999686       2.74798737E-07
   2.55999684       3.33190059E-07
   2.57999682       3.26810067E-07
   2.59999681       2.63169795E-07
   2.61999679       2.38751284E-07
   2.63999677       2.93298910E-07
   2.65999675       3.53096738E-07
   2.67999673       5.33204059E-07
   2.69999671       8.23525795E-07
   2.71999669       1.05506240E-06
   2.73999667       1.21869368E-06
   2.75999665       1.22754670E-06
   2.77999663       1.12611485E-06
   2.79999661       9.47705360E-07
   2.81999660       9.77742161E-07
   2.83999658       1.21373057E-06
   2.85999656       1.51956760E-06
   2.87999654       1.76936510E-06
   2.89999652       1.70413011E-06
   2.91999650       1.27360306E-06
   2.93999648       1.09756570E-06
   2.95999646       1.44595572E-06
   2.97999644       1.84511805E-06
   2.99999642       1.74819331E-06
   3.01999640       1.30170827E-06
   3.03999639       1.06784978E-06
   3.05999637       1.24548615E-06
   3.07999635       1.55518717E-06
   3.09999633       1.28339570E-06
