  -2.00000000       1.13720296E-06
  -1.98000002       9.29287694E-07
  -1.96000004       1.17731065E-06
  -1.94000006       1.37190898E-06
  -1.92000008       1.22689471E-06
  -1.90000010       8.73811587E-07
  -1.88000011       6.02430816E-07
  -1.86000013       6.68515440E-07
  -1.84000015       9.72937983E-07
  -1.82000017       1.26441614E-06
  -1.80000019       1.27882004E-06
  -1.78000021       9.41573717E-07
  -1.76000023       5.79164805E-07
  -1.74000025       4.40695572E-07
  -1.72000027       5.53284792E-07
  -1.70000029       8.33065826E-07
  -1.68000031       1.09426082E-06
  -1.66000032       1.21130938E-06
  -1.64000034       1.17134118E-06
  -1.62000036       1.00078091E-06
  -1.60000038       7.61277363E-07
  -1.58000040       5.56881901E-07
  -1.56000042       4.76750245E-07
  -1.54000044       5.10323218E-07
  -1.52000046       6.31843363E-07
  -1.50000048       8.47818853E-07
  -1.48000050       1.08702454E-06
  -1.46000051       1.22442407E-06
  -1.44000053       1.27817077E-06
  -1.42000055       1.43984005E-06
  -1.40000057       1.68167116E-06
  -1.38000059       1.76611661E-06
  -1.36000061       1.59023716E-06
  -1.34000063       1.38620658E-06
  -1.32000065       1.37499774E-06
  -1.30000067       1.46338618E-06
  -1.28000069       1.56248416E-06
  -1.26000071       1.47839819E-06
  -1.24000072       1.44399019E-06
  -1.22000074       1.33599269E-06
  -1.20000076       1.58733928E-06
  -1.18000078       1.60523348E-06
  -1.16000080       1.94667678E-06
  -1.14000082       1.78039852E-06
  -1.12000084       2.39499877E-06
  -1.10000086       2.59204171E-06
  -1.08000088       2.17364095E-06
  -1.06000090       3.19736523E-06
  -1.04000092       3.73103057E-06
  -1.02000093       1.13776559E-05
  -1.00000095       1.27179203E-06
 -0.980000973       1.08098038E-05
 -0.960000992       2.31344842E-07
 -0.940001011       2.92507684E-05
 -0.920001030       8.86079215E-06
 -0.900001049       4.06037252E-05
 -0.880001068       6.42525192E-05
 -0.860001087       3.66647073E-05
 -0.840001106       1.89665021E-04
 -0.820001125       6.66175329E-05
 -0.800001144       4.15620627E-04
 -0.780001163       3.02539003E-04
 -0.760001183       6.82536978E-04
 -0.740001202       1.18516327E-03
 -0.720001221       9.58244433E-04
 -0.700001240       3.14532733E-03
 -0.680001259       2.07640836E-03
 -0.660001278       5.78892976E-03
 -0.640001297       6.86112791E-03
 -0.620001316       7.82606658E-03
 -0.600001335       1.85660161E-02
 -0.580001354       1.23207243E-02
 -0.560001373       3.35841551E-02
 -0.540001392       3.35663073E-02
 -0.520001411       4.26167808E-02
 -0.500001431       8.29828605E-02
 -0.480001420       5.84417172E-02
 -0.460001409      0.140145048    
 -0.440001398      0.127404869    
 -0.420001388      0.173317552    
 -0.400001377      0.277157545    
 -0.380001366      0.206513166    
 -0.360001355      0.451122433    
 -0.340001345      0.357516319    
 -0.320001334      0.527203619    
 -0.300001323      0.710395753    
 -0.280001312      0.542197645    
 -0.260001302       1.08683360    
 -0.240001306      0.763791323    
 -0.220001310       1.20453203    
 -0.200001314       1.35407758    
 -0.180001318       1.07970607    
 -0.160001323       1.97858393    
 -0.140001327       1.22595811    
 -0.120001331       2.06354475    
 -0.100001335       1.92311382    
  -8.00013393E-02   1.64668000    
  -6.00013398E-02   2.70573354    
  -4.00013402E-02   1.47438765    
  -2.00013407E-02   2.63869214    
  -1.34110451E-06   1.99369025    
   1.99986584E-02   2.51966047    
   3.99986580E-02   2.41782427    
   5.99986576E-02   2.24820852    
   7.99986571E-02   2.09350967    
   9.99986529E-02   1.93891025    
  0.119998649       1.76803613    
  0.139998645       1.58489835    
  0.159998640       1.40168810    
  0.179998636       1.22693324    
  0.199998632       1.06335998    
  0.219998628      0.910988390    
  0.239998624      0.770137846    
  0.259998620      0.642162859    
  0.279998630      0.528721571    
  0.299998641      0.430605233    
  0.319998652      0.347265691    
  0.339998662      0.277263999    
  0.359998673      0.218869403    
  0.379998684      0.170577064    
  0.399998695      0.131158844    
  0.419998705       9.95331332E-02
  0.439998716       7.46415630E-02
  0.459998727       5.53832240E-02
  0.479998738       4.06965911E-02
  0.499998748       2.96123140E-02
  0.519998729       2.13198755E-02
  0.539998710       1.51707456E-02
  0.559998691       1.06581589E-02
  0.579998672       7.38701969E-03
  0.599998653       5.05187921E-03
  0.619998634       3.40962247E-03
  0.639998615       2.27458635E-03
  0.659998596       1.50276837E-03
  0.679998577       9.85230319E-04
  0.699998558       6.42439991E-04
  0.719998538       4.18581272E-04
  0.739998519       2.73441809E-04
  0.759998500       1.79172974E-04
  0.779998481       1.18018113E-04
  0.799998462       7.86142627E-05
  0.819998443       5.33594794E-05
  0.839998424       3.69212576E-05
  0.859998405       2.59219069E-05
  0.879998386       1.85742156E-05
  0.899998367       1.36546796E-05
  0.919998348       1.04046885E-05
  0.939998329       8.11577320E-06
  0.959998310       6.43997510E-06
  0.979998291       5.21208221E-06
  0.999998271       4.39202404E-06
   1.01999831       3.78812319E-06
   1.03999829       3.29259728E-06
   1.05999827       2.86986301E-06
   1.07999825       2.55051509E-06
   1.09999824       2.32779803E-06
   1.11999822       2.12967620E-06
   1.13999820       1.96263318E-06
   1.15999818       1.81742291E-06
   1.17999816       1.67609551E-06
   1.19999814       1.53753706E-06
   1.21999812       1.49650248E-06
   1.23999810       1.41892269E-06
   1.25999808       1.33225569E-06
   1.27999806       1.28999704E-06
   1.29999804       1.26242003E-06
   1.31999803       1.17471734E-06
   1.33999801       1.11302995E-06
   1.35999799       1.08867414E-06
   1.37999797       1.06234279E-06
   1.39999795       1.01001251E-06
   1.41999793       1.00096122E-06
   1.43999791       9.85852012E-07
   1.45999789       9.36054391E-07
   1.47999787       9.07283606E-07
   1.49999785       8.89853368E-07
   1.51999784       8.30936472E-07
   1.53999782       7.90733509E-07
   1.55999780       8.18516867E-07
   1.57999778       8.26343523E-07
   1.59999776       7.73885915E-07
   1.61999774       7.46487274E-07
   1.63999772       7.51851928E-07
   1.65999770       7.52182189E-07
   1.67999768       6.85448242E-07
   1.69999766       6.40333326E-07
   1.71999764       6.55716065E-07
   1.73999763       6.88634088E-07
   1.75999761       6.83567237E-07
   1.77999759       6.34862317E-07
   1.79999757       6.01277804E-07
   1.81999755       6.08085031E-07
   1.83999753       6.08180528E-07
   1.85999751       6.01699810E-07
   1.87999749       5.86611407E-07
   1.89999747       5.49030858E-07
   1.91999745       4.98223244E-07
   1.93999743       4.98146505E-07
   1.95999742       5.17855938E-07
   1.97999740       5.39051598E-07
   1.99999738       5.11054282E-07
   2.01999736       4.68919040E-07
   2.03999734       4.77908429E-07
   2.05999732       4.72939206E-07
   2.07999730       4.43154647E-07
   2.09999728       4.01817829E-07
   2.11999726       3.99024060E-07
   2.13999724       4.01359188E-07
   2.15999722       3.79337507E-07
   2.17999721       3.40049411E-07
   2.19999719       3.18220032E-07
   2.21999717       3.05407752E-07
   2.23999715       3.00108809E-07
   2.25999713       2.97949526E-07
   2.27999711       3.00886768E-07
   2.29999709       2.99150912E-07
   2.31999707       2.81477639E-07
   2.33999705       2.51654910E-07
   2.35999703       2.78919060E-07
   2.37999701       3.43495373E-07
   2.39999700       4.20507007E-07
   2.41999698       5.74089199E-07
   2.43999696       7.82430448E-07
   2.45999694       9.29132966E-07
   2.47999692       1.01075625E-06
   2.49999690       1.08069560E-06
   2.51999688       1.03765899E-06
   2.53999686       9.16312445E-07
   2.55999684       9.54510142E-07
   2.57999682       1.15625494E-06
   2.59999681       1.45279603E-06
   2.61999679       1.88672061E-06
   2.63999677       2.38013126E-06
   2.65999675       2.49434970E-06
   2.67999673       2.46118998E-06
   2.69999671       2.36269989E-06
   2.71999669       2.19701269E-06
   2.73999667       2.22743529E-06
   2.75999665       2.57716488E-06
   2.77999663       3.08585300E-06
   2.79999661       3.39993790E-06
   2.81999660       3.36350081E-06
   2.83999658       2.86897921E-06
   2.85999656       2.47689763E-06
   2.87999654       2.89529771E-06
   2.89999652       3.57197041E-06
   2.91999650       3.43631609E-06
   2.93999648       2.73529554E-06
   2.95999646       2.41005864E-06
   2.97999644       2.78985431E-06
   2.99999642       3.16709156E-06
   3.01999640       2.88272281E-06
   3.03999639       2.18384412E-06
   3.05999637       1.92922653E-06
   3.07999635       2.32281900E-06
   3.09999633       2.14208808E-06
