  -2.00000000       5.12764530E-07
  -1.98000002       2.47545813E-07
  -1.96000004       2.74784270E-07
  -1.94000006       4.23552081E-07
  -1.92000008       4.71188656E-07
  -1.90000010       3.50936830E-07
  -1.88000011       1.52318208E-07
  -1.86000013       7.88700589E-08
  -1.84000015       1.76409387E-07
  -1.82000017       3.50526761E-07
  -1.80000019       4.56973908E-07
  -1.78000021       3.78477381E-07
  -1.76000023       2.07649819E-07
  -1.74000025       6.69557281E-08
  -1.72000027       3.86016303E-08
  -1.70000029       1.21987952E-07
  -1.68000031       2.52681644E-07
  -1.66000032       3.59062710E-07
  -1.64000034       4.02038438E-07
  -1.62000036       3.72964507E-07
  -1.60000038       2.77793902E-07
  -1.58000040       1.61802944E-07
  -1.56000042       7.85691370E-08
  -1.54000044       4.72361705E-08
  -1.52000046       6.54626291E-08
  -1.50000048       1.43827307E-07
  -1.48000050       2.65278146E-07
  -1.46000051       3.49768783E-07
  -1.44000053       3.80705728E-07
  -1.42000055       4.68329318E-07
  -1.40000057       6.40869359E-07
  -1.38000059       7.79054631E-07
  -1.36000061       7.50129345E-07
  -1.34000063       6.31298406E-07
  -1.32000065       5.64932520E-07
  -1.30000067       6.23704352E-07
  -1.28000069       6.96885309E-07
  -1.26000071       7.26141934E-07
  -1.24000072       6.45871694E-07
  -1.22000074       6.10851430E-07
  -1.20000076       6.09845813E-07
  -1.18000078       7.57387852E-07
  -1.16000080       7.94178447E-07
  -1.14000082       9.62285867E-07
  -1.12000084       9.21952676E-07
  -1.10000086       1.81593327E-06
  -1.08000088       7.53925974E-07
  -1.06000090       1.96473661E-06
  -1.04000092       1.11711199E-06
  -1.02000093       9.08839957E-06
  -1.00000095       1.46668572E-06
 -0.980000973       9.76812134E-06
 -0.960000992       2.63105471E-06
 -0.940001011       1.85703175E-05
 -0.920001030       1.22907195E-05
 -0.900001049       2.85860806E-05
 -0.880001068       7.22669647E-05
 -0.860001087       2.39288620E-05
 -0.840001106       1.92656400E-04
 -0.820001125       7.00632299E-05
 -0.800001144       3.77297605E-04
 -0.780001163       3.63617990E-04
 -0.760001183       5.49101795E-04
 -0.740001202       1.32346374E-03
 -0.720001221       7.75215740E-04
 -0.700001240       3.12294904E-03
 -0.680001259       2.24190787E-03
 -0.660001278       4.99276351E-03
 -0.640001297       7.74594583E-03
 -0.620001316       6.36490528E-03
 -0.600001335       1.87423918E-02
 -0.580001354       1.24776820E-02
 -0.560001373       3.00884936E-02
 -0.540001392       3.65562439E-02
 -0.520001411       3.66185382E-02
 -0.500001431       8.35286304E-02
 -0.480001420       5.67279346E-02
 -0.460001409      0.130792037    
 -0.440001398      0.133571684    
 -0.420001388      0.154643402    
 -0.400001377      0.281561673    
 -0.380001366      0.195006818    
 -0.360001355      0.431373447    
 -0.340001345      0.367662072    
 -0.320001334      0.484671712    
 -0.300001323      0.720003128    
 -0.280001312      0.510712743    
 -0.260001302       1.06100869    
 -0.240001306      0.769629717    
 -0.220001310       1.13835478    
 -0.200001314       1.37089849    
 -0.180001318       1.02763164    
 -0.160001323       1.95605421    
 -0.140001327       1.21916974    
 -0.120001331       2.00342512    
 -0.100001335       1.93785107    
  -8.00013393E-02   1.60008919    
  -6.00013398E-02   2.69577599    
  -4.00013402E-02   1.46287858    
  -2.00013407E-02   2.62132287    
  -1.34110451E-06   1.99239540    
   1.99986584E-02   2.52188873    
   3.99986580E-02   2.42343187    
   5.99986576E-02   2.26080585    
   7.99986571E-02   2.11323524    
   9.99986529E-02   1.96164846    
  0.119998649       1.79139662    
  0.139998645       1.61012971    
  0.159998640       1.42987561    
  0.179998636       1.25638032    
  0.199998632       1.09132099    
  0.219998628      0.936355293    
  0.239998624      0.793643177    
  0.259998620      0.664664984    
  0.279998630      0.549998105    
  0.299998641      0.449673980    
  0.319998652      0.363383591    
  0.339998662      0.290470213    
  0.359998673      0.229768828    
  0.379998684      0.179826751    
  0.399998695      0.139124155    
  0.419998705      0.106287017    
  0.439998716       8.01429823E-02
  0.459998727       5.96500039E-02
  0.479998738       4.38660271E-02
  0.499998748       3.19060609E-02
  0.519998729       2.29763407E-02
  0.539998710       1.63899530E-02
  0.559998691       1.15808975E-02
  0.579998672       8.09974968E-03
  0.599998653       5.60432952E-03
  0.619998634       3.83138726E-03
  0.639998615       2.58827978E-03
  0.659998596       1.72813213E-03
  0.679998577       1.14104571E-03
  0.699998558       7.45972793E-04
  0.719998538       4.84683434E-04
  0.739998519       3.13916302E-04
  0.759998500       2.02640498E-04
  0.779998481       1.30650238E-04
  0.799998462       8.45626346E-05
  0.819998443       5.53830287E-05
  0.839998424       3.67309440E-05
  0.859998405       2.45909359E-05
  0.879998386       1.67267062E-05
  0.899998367       1.15883104E-05
  0.919998348       8.26987070E-06
  0.939998329       6.06150661E-06
  0.959998310       4.51954293E-06
  0.979998291       3.41079090E-06
  0.999998271       2.67817268E-06
   1.01999831       2.16912554E-06
   1.03999829       1.78653170E-06
   1.05999827       1.45909860E-06
   1.07999825       1.21262065E-06
   1.09999824       1.05453398E-06
   1.11999822       9.12428391E-07
   1.13999820       7.92523849E-07
   1.15999818       6.99314569E-07
   1.17999816       6.21529068E-07
   1.19999814       5.32765171E-07
   1.21999812       4.90029890E-07
   1.23999810       4.50671820E-07
   1.25999808       4.09636698E-07
   1.27999806       3.82988077E-07
   1.29999804       3.59593429E-07
   1.31999803       3.14780010E-07
   1.33999801       2.94280426E-07
   1.35999799       2.88833007E-07
   1.37999797       2.55121535E-07
   1.39999795       2.29949094E-07
   1.41999793       2.36034808E-07
   1.43999791       2.33268537E-07
   1.45999789       2.09463366E-07
   1.47999787       2.01192051E-07
   1.49999785       1.85135661E-07
   1.51999784       1.61887570E-07
   1.53999782       1.51761157E-07
   1.55999780       1.63327130E-07
   1.57999778       1.62063117E-07
   1.59999776       1.47603217E-07
   1.61999774       1.48707826E-07
   1.63999772       1.41439202E-07
   1.65999770       1.40849636E-07
   1.67999768       1.34022514E-07
   1.69999766       1.11674865E-07
   1.71999764       1.04520339E-07
   1.73999763       1.24994799E-07
   1.75999761       1.35001116E-07
   1.77999759       1.18373187E-07
   1.79999757       1.09018245E-07
   1.81999755       1.09911504E-07
   1.83999753       1.16892672E-07
   1.85999751       1.23283883E-07
   1.87999749       1.19349238E-07
   1.89999747       1.12340970E-07
   1.91999745       9.71003189E-08
   1.93999743       9.54454080E-08
   1.95999742       1.04333672E-07
   1.97999740       1.13355348E-07
   1.99999738       1.09286901E-07
   2.01999736       1.06546999E-07
   2.03999734       1.15187930E-07
   2.05999732       1.27204316E-07
   2.07999730       1.24648537E-07
   2.09999728       1.15776423E-07
   2.11999726       1.09347887E-07
   2.13999724       1.15305681E-07
   2.15999722       1.21102204E-07
   2.17999721       1.33485273E-07
   2.19999719       1.23083382E-07
   2.21999717       1.22788194E-07
   2.23999715       1.60354460E-07
   2.25999713       1.59839402E-07
   2.27999711       1.60885364E-07
   2.29999709       2.43373336E-07
   2.31999707       3.48054272E-07
   2.33999705       4.11687466E-07
   2.35999703       4.68933621E-07
   2.37999701       5.62908326E-07
   2.39999700       6.58271290E-07
   2.41999698       7.94173161E-07
   2.43999696       9.69954499E-07
   2.45999694       1.07185224E-06
   2.47999692       1.07741084E-06
   2.49999690       1.06552704E-06
   2.51999688       1.02248521E-06
   2.53999686       1.03347497E-06
   2.55999684       1.18257606E-06
   2.57999682       1.42113186E-06
   2.59999681       1.73425906E-06
   2.61999679       2.13960425E-06
   2.63999677       2.48818174E-06
   2.65999675       2.37909080E-06
   2.67999673       2.14643433E-06
   2.69999671       2.00021759E-06
   2.71999669       1.87886496E-06
   2.73999667       1.98995963E-06
   2.75999665       2.41909697E-06
   2.77999663       2.76469973E-06
   2.79999661       2.75035950E-06
   2.81999660       2.44137937E-06
   2.83999658       2.04772891E-06
   2.85999656       1.93656797E-06
   2.87999654       2.38680377E-06
   2.89999652       2.74377021E-06
   2.91999650       2.32815501E-06
   2.93999648       1.67574126E-06
   2.95999646       1.60422337E-06
   2.97999644       2.04855769E-06
   2.99999642       2.16259605E-06
   3.01999640       1.65832432E-06
   3.03999639       1.17059449E-06
   3.05999637       1.21605262E-06
   3.07999635       1.40285704E-06
   3.09999633       1.05870265E-06
