  -2.00000000       8.89722344E-07
  -1.98000002       8.90019408E-07
  -1.96000004       6.46420233E-07
  -1.94000006       3.67780643E-07
  -1.92000008       3.33622950E-07
  -1.90000010       5.22561038E-07
  -1.88000011       6.81042820E-07
  -1.86000013       6.24154552E-07
  -1.84000015       3.66535744E-07
  -1.82000017       1.94106136E-07
  -1.80000019       2.29079248E-07
  -1.78000021       4.48604027E-07
  -1.76000023       6.59006957E-07
  -1.74000025       6.75633885E-07
  -1.72000027       4.92276058E-07
  -1.70000029       2.73385723E-07
  -1.68000031       1.49924162E-07
  -1.66000032       1.83012489E-07
  -1.64000034       3.36429025E-07
  -1.62000036       5.04809805E-07
  -1.60000038       6.32380704E-07
  -1.58000040       6.74513444E-07
  -1.56000042       6.05697608E-07
  -1.54000044       4.72877019E-07
  -1.52000046       3.40015390E-07
  -1.50000048       2.28813292E-07
  -1.48000050       1.78596707E-07
  -1.46000051       2.35733793E-07
  -1.44000053       3.87020890E-07
  -1.42000055       5.26476526E-07
  -1.40000057       6.04285503E-07
  -1.38000059       7.34780770E-07
  -1.36000061       1.00628290E-06
  -1.34000063       1.25376232E-06
  -1.32000065       1.34079914E-06
  -1.30000067       1.21586743E-06
  -1.28000069       1.22185645E-06
  -1.26000071       1.25491431E-06
  -1.24000072       1.50885398E-06
  -1.22000074       1.42302156E-06
  -1.20000076       1.61170271E-06
  -1.18000078       1.26795146E-06
  -1.16000080       1.69648968E-06
  -1.14000082       1.52775613E-06
  -1.12000084       3.12844031E-06
  -1.10000086       1.55626458E-06
  -1.08000088       2.20393349E-06
  -1.06000090       9.10281926E-07
  -1.04000092       8.82163476E-06
  -1.02000093       5.27179054E-06
  -1.00000095       1.01660744E-05
 -0.980000973       5.83242399E-06
 -0.960000992       8.78792525E-06
 -0.940001011       1.41613191E-05
 -0.920001030       1.28769425E-05
 -0.900001049       5.53409191E-05
 -0.880001068       4.37193557E-06
 -0.860001087       1.35130016E-04
 -0.840001106       1.79493272E-05
 -0.820001125       2.56892235E-04
 -0.800001144       1.73110340E-04
 -0.780001163       3.41878302E-04
 -0.760001183       7.59216317E-04
 -0.740001202       3.22466280E-04
 -0.720001221       2.09927722E-03
 -0.700001240       6.15905446E-04
 -0.680001259       3.85019789E-03
 -0.660001278       3.07133025E-03
 -0.640001297       4.76076733E-03
 -0.620001316       1.04966620E-02
 -0.600001335       5.01563028E-03
 -0.580001354       2.28450038E-02
 -0.560001373       1.13402680E-02
 -0.540001392       3.41080166E-02
 -0.520001411       3.67004909E-02
 -0.500001431       3.88138667E-02
 -0.480001420       8.87706131E-02
 -0.460001409       4.77065668E-02
 -0.440001398      0.153965920    
 -0.420001388       9.94109660E-02
 -0.400001377      0.196933284    
 -0.380001366      0.239412874    
 -0.360001355      0.206654802    
 -0.340001345      0.454739124    
 -0.320001334      0.254563838    
 -0.300001323      0.645170748    
 -0.280001312      0.470833749    
 -0.260001302      0.699843705    
 -0.240001306      0.906978726    
 -0.220001310      0.664639354    
 -0.200001314       1.39382100    
 -0.180001318      0.778627694    
 -0.160001323       1.63493979    
 -0.140001327       1.26986241    
 -0.120001331       1.49865317    
 -0.100001335       2.01070666    
  -8.00013393E-02   1.26627600    
  -6.00013398E-02   2.56572795    
  -4.00013402E-02   1.38329363    
  -2.00013407E-02   2.44343591    
  -1.34110451E-06   1.94441152    
   1.99986584E-02   2.50303078    
   3.99986580E-02   2.44405675    
   5.99986576E-02   2.32780290    
   7.99986571E-02   2.22608924    
   9.99986529E-02   2.10840034    
  0.119998649       1.96101415    
  0.139998645       1.79924142    
  0.159998640       1.63627934    
  0.179998636       1.47268820    
  0.199998632       1.30745316    
  0.219998628       1.14528286    
  0.239998624      0.992735386    
  0.259998620      0.852768481    
  0.279998630      0.724938810    
  0.299998641      0.608501792    
  0.319998652      0.504019380    
  0.339998662      0.412631989    
  0.359998673      0.334590286    
  0.379998684      0.268980443    
  0.399998695      0.214171648    
  0.419998705      0.168605551    
  0.439998716      0.131048530    
  0.459998727      0.100548811    
  0.479998738       7.62325823E-02
  0.499998748       5.71901724E-02
  0.519998729       4.25011888E-02
  0.539998710       3.12975235E-02
  0.559998691       2.28227749E-02
  0.579998672       1.64667089E-02
  0.599998653       1.17399553E-02
  0.619998634       8.26561358E-03
  0.639998615       5.74819231E-03
  0.659998596       3.94970644E-03
  0.679998577       2.68370216E-03
  0.699998558       1.80673832E-03
  0.719998538       1.20748219E-03
  0.739998519       8.02613096E-04
  0.759998500       5.31957892E-04
  0.779998481       3.52847739E-04
  0.799998462       2.34491177E-04
  0.819998443       1.55958915E-04
  0.839998424       1.04211562E-04
  0.859998405       7.06751816E-05
  0.879998386       4.87361795E-05
  0.899998367       3.40430452E-05
  0.919998348       2.40868158E-05
  0.939998329       1.74133911E-05
  0.959998310       1.30297940E-05
  0.979998291       1.00082534E-05
  0.999998271       7.75817443E-06
   1.01999831       6.13349675E-06
   1.03999829       5.00966325E-06
   1.05999827       4.25719554E-06
   1.07999825       3.68119913E-06
   1.09999824       3.13886812E-06
   1.11999822       2.73410615E-06
   1.13999820       2.42559986E-06
   1.15999818       2.19935600E-06
   1.17999816       2.01502326E-06
   1.19999814       1.86949092E-06
   1.21999812       1.67576479E-06
   1.23999810       1.52622408E-06
   1.25999808       1.45547392E-06
   1.27999806       1.36267067E-06
   1.29999804       1.25210863E-06
   1.31999803       1.21984294E-06
   1.33999801       1.18409309E-06
   1.35999799       1.09397047E-06
   1.37999797       1.02901765E-06
   1.39999795       9.71747113E-07
   1.41999793       9.09682797E-07
   1.43999791       9.05446655E-07
   1.45999789       9.06947776E-07
   1.47999787       8.35325409E-07
   1.49999785       7.67800259E-07
   1.51999784       7.58156887E-07
   1.53999782       7.45015882E-07
   1.55999780       6.73814441E-07
   1.57999778       6.35002152E-07
   1.59999776       6.58757415E-07
   1.61999774       6.39364657E-07
   1.63999772       6.02176954E-07
   1.65999770       5.62049820E-07
   1.67999768       5.56300847E-07
   1.69999766       5.49266645E-07
   1.71999764       5.04075047E-07
   1.73999763       4.55306349E-07
   1.75999761       4.47892489E-07
   1.77999759       4.68059284E-07
   1.79999757       4.58822541E-07
   1.81999755       4.29192283E-07
   1.83999753       4.01004741E-07
   1.85999751       3.80176658E-07
   1.87999749       3.69143123E-07
   1.89999747       3.47543050E-07
   1.91999745       3.48405166E-07
   1.93999743       3.21535680E-07
   1.95999742       2.85574771E-07
   1.97999740       2.58157655E-07
   1.99999738       2.62235545E-07
   2.01999736       2.67929380E-07
   2.03999734       2.42641704E-07
   2.05999732       2.24087444E-07
   2.07999730       2.15457788E-07
   2.09999728       1.99461667E-07
   2.11999726       1.59482852E-07
   2.13999724       1.26835843E-07
   2.15999722       1.18121363E-07
   2.17999721       1.06708903E-07
   2.19999719       8.09211329E-08
   2.21999717       6.16197937E-08
   2.23999715       4.13735926E-08
   2.25999713       2.29298358E-08
   2.27999711       8.26621971E-09
   2.29999709       3.74691567E-09
   2.31999707       1.16096137E-08
   2.33999705       5.36777236E-08
   2.35999703       1.21977251E-07
   2.37999701       1.81373338E-07
   2.39999700       2.37910896E-07
   2.41999698       2.72818966E-07
   2.43999696       2.73793091E-07
   2.45999694       2.84632932E-07
   2.47999692       2.80926116E-07
   2.49999690       2.75115553E-07
   2.51999688       3.64137918E-07
   2.53999686       5.59205375E-07
   2.55999684       8.13617532E-07
   2.57999682       1.09619964E-06
   2.59999681       1.32116622E-06
   2.61999679       1.37229597E-06
   2.63999677       1.26881548E-06
   2.65999675       1.25523911E-06
   2.67999673       1.24493999E-06
   2.69999671       1.28694296E-06
   2.71999669       1.58767284E-06
   2.73999667       1.99825945E-06
   2.75999665       2.09178756E-06
   2.77999663       1.94467384E-06
   2.79999661       1.63759807E-06
   2.81999660       1.55433941E-06
   2.83999658       1.91505433E-06
   2.85999656       2.46382342E-06
   2.87999654       2.30064234E-06
   2.89999652       1.70570002E-06
   2.91999650       1.56862063E-06
   2.93999648       1.99688861E-06
   2.95999646       2.26376278E-06
   2.97999644       1.90993728E-06
   2.99999642       1.44219450E-06
   3.01999640       1.45061574E-06
   3.03999639       1.76327103E-06
   3.05999637       1.65280153E-06
   3.07999635       1.08440588E-06
   3.09999633       9.05913794E-07
