  -2.00000000       2.27866440E-06
  -1.98000002       2.47604521E-06
  -1.96000004       2.79151277E-06
  -1.94000006       2.51710549E-06
  -1.92000008       1.89076036E-06
  -1.90000010       1.59200602E-06
  -1.88000011       1.84928467E-06
  -1.86000013       2.28959675E-06
  -1.84000015       2.37794916E-06
  -1.82000017       1.99943202E-06
  -1.80000019       1.52384325E-06
  -1.78000021       1.28867828E-06
  -1.76000023       1.54026282E-06
  -1.74000025       2.08596703E-06
  -1.72000027       2.42783517E-06
  -1.70000029       2.33466835E-06
  -1.68000031       1.92558855E-06
  -1.66000032       1.47163087E-06
  -1.64000034       1.24375538E-06
  -1.62000036       1.32883736E-06
  -1.60000038       1.64426672E-06
  -1.58000040       2.05253286E-06
  -1.56000042       2.41656289E-06
  -1.54000044       2.52947984E-06
  -1.52000046       2.34194772E-06
  -1.50000048       2.02716478E-06
  -1.48000050       1.76062304E-06
  -1.46000051       1.52341192E-06
  -1.44000053       1.41640419E-06
  -1.42000055       1.54782117E-06
  -1.40000057       1.76267406E-06
  -1.38000059       1.88407387E-06
  -1.36000061       2.02891033E-06
  -1.34000063       2.48136871E-06
  -1.32000065       3.06286415E-06
  -1.30000067       3.40267479E-06
  -1.28000069       3.35229947E-06
  -1.26000071       3.30955891E-06
  -1.24000072       3.40455449E-06
  -1.22000074       3.73288685E-06
  -1.20000076       3.82132930E-06
  -1.18000078       3.80301094E-06
  -1.16000080       3.37630286E-06
  -1.14000082       4.13042517E-06
  -1.12000084       4.12409508E-06
  -1.10000086       4.45643491E-06
  -1.08000088       1.38080225E-06
  -1.06000090       4.14492024E-06
  -1.04000092       4.96157918E-06
  -1.02000093       1.41945047E-05
  -1.00000095       2.13174167E-06
 -0.980000973       1.01018977E-05
 -0.960000992       1.25518255E-07
 -0.940001011       2.36665164E-05
 -0.920001030       4.05846777E-06
 -0.900001049       4.28532439E-05
 -0.880001068       2.85838505E-05
 -0.860001087       6.39762584E-05
 -0.840001106       1.25907187E-04
 -0.820001125       6.57704368E-05
 -0.800001144       4.13155358E-04
 -0.780001163       4.53802350E-05
 -0.760001183       9.72950016E-04
 -0.740001202       3.02620465E-04
 -0.720001221       1.56067393E-03
 -0.700001240       1.84775540E-03
 -0.680001259       1.50122505E-03
 -0.660001278       5.88112930E-03
 -0.640001297       1.38163555E-03
 -0.620001316       1.17004113E-02
 -0.600001335       5.33492677E-03
 -0.580001354       1.60227083E-02
 -0.560001373       1.97798423E-02
 -0.540001392       1.73078831E-02
 -0.520001411       4.86780927E-02
 -0.500001431       2.11309008E-02
 -0.480001420       8.78109038E-02
 -0.460001409       4.80739251E-02
 -0.440001398      0.117193960    
 -0.420001388      0.131106749    
 -0.400001377      0.123669751    
 -0.380001366      0.273663253    
 -0.360001355      0.143206358    
 -0.340001345      0.430978775    
 -0.320001334      0.252410352    
 -0.300001323      0.525310338    
 -0.280001312      0.535589397    
 -0.260001302      0.519250870    
 -0.240001306      0.949974060    
 -0.220001310      0.536329448    
 -0.200001314       1.31936026    
 -0.180001318      0.763003051    
 -0.160001323       1.43593347    
 -0.140001327       1.32442403    
 -0.120001331       1.28747308    
 -0.100001335       2.01023102    
  -8.00013393E-02   1.14705086    
  -6.00013398E-02   2.48222399    
  -4.00013402E-02   1.35434854    
  -2.00013407E-02   2.34861040    
  -1.34110451E-06   1.90605295    
   1.99986584E-02   2.47682190    
   3.99986580E-02   2.43901753    
   5.99986576E-02   2.33722043    
   7.99986571E-02   2.25155950    
   9.99986529E-02   2.15494704    
  0.119998649       2.02449203    
  0.139998645       1.87047768    
  0.159998640       1.71237731    
  0.179998636       1.55650830    
  0.199998632       1.39877510    
  0.219998628       1.23816180    
  0.239998624       1.08110726    
  0.259998620      0.935175359    
  0.279998630      0.803102136    
  0.299998641      0.683236063    
  0.319998652      0.573648691    
  0.339998662      0.474624604    
  0.359998673      0.387750357    
  0.379998684      0.313984632    
  0.399998695      0.252592742    
  0.419998705      0.201728269    
  0.439998716      0.159419119    
  0.459998727      0.124253199    
  0.479998738       9.53750461E-02
  0.499998748       7.21755773E-02
  0.519998729       5.40061034E-02
  0.539998710       4.00905311E-02
  0.559998691       2.95868628E-02
  0.579998672       2.17152666E-02
  0.599998653       1.58173740E-02
  0.619998634       1.14044407E-02
  0.639998615       8.11494607E-03
  0.659998596       5.68466727E-03
  0.679998577       3.91564239E-03
  0.699998558       2.65400065E-03
  0.719998538       1.77172036E-03
  0.739998519       1.16692181E-03
  0.759998500       7.61701609E-04
  0.779998481       4.95162210E-04
  0.799998462       3.21780622E-04
  0.819998443       2.09077218E-04
  0.839998424       1.36682618E-04
  0.859998405       9.04932531E-05
  0.879998386       6.09106974E-05
  0.899998367       4.19581847E-05
  0.919998348       2.96878188E-05
  0.939998329       2.13104468E-05
  0.959998310       1.56657261E-05
  0.979998291       1.19468777E-05
  0.999998271       9.47152785E-06
   1.01999831       7.59112845E-06
   1.03999829       6.17753994E-06
   1.05999827       5.22548498E-06
   1.07999825       4.55501595E-06
   1.09999824       4.00999306E-06
   1.11999822       3.56720193E-06
   1.13999820       3.27729367E-06
   1.15999818       3.00641022E-06
   1.17999816       2.73454134E-06
   1.19999814       2.56095700E-06
   1.21999812       2.52889072E-06
   1.23999810       2.38534176E-06
   1.25999808       2.16287253E-06
   1.27999806       2.07486664E-06
   1.29999804       2.09982431E-06
   1.31999803       2.04708022E-06
   1.33999801       1.91811137E-06
   1.35999799       1.84484225E-06
   1.37999797       1.88074523E-06
   1.39999795       1.85944032E-06
   1.41999793       1.78696564E-06
   1.43999791       1.70188684E-06
   1.45999789       1.65895790E-06
   1.47999787       1.66504310E-06
   1.49999785       1.71811541E-06
   1.51999784       1.67893734E-06
   1.53999782       1.60119146E-06
   1.55999780       1.59088574E-06
   1.57999778       1.59415163E-06
   1.59999776       1.51846712E-06
   1.61999774       1.49208074E-06
   1.63999772       1.51432948E-06
   1.65999770       1.52506368E-06
   1.67999768       1.45980016E-06
   1.69999766       1.47763114E-06
   1.71999764       1.51169274E-06
   1.73999763       1.44684009E-06
   1.75999761       1.36739413E-06
   1.77999759       1.35795312E-06
   1.79999757       1.39694851E-06
   1.81999755       1.42419105E-06
   1.83999753       1.38551184E-06
   1.85999751       1.33683091E-06
   1.87999749       1.31475906E-06
   1.89999747       1.33509297E-06
   1.91999745       1.33754065E-06
   1.93999743       1.33183119E-06
   1.95999742       1.27551800E-06
   1.97999740       1.22835820E-06
   1.99999738       1.19774620E-06
   2.01999736       1.19172989E-06
   2.03999734       1.20097866E-06
   2.05999732       1.16506510E-06
   2.07999730       1.14357772E-06
   2.09999728       1.13224030E-06
   2.11999726       1.12197870E-06
   2.13999724       1.07114636E-06
   2.15999722       9.87415433E-07
   2.17999721       9.32291016E-07
   2.19999719       9.53809376E-07
   2.21999717       9.27389408E-07
   2.23999715       8.41875703E-07
   2.25999713       8.16586407E-07
   2.27999711       8.68760935E-07
   2.29999709       9.10915105E-07
   2.31999707       9.85701490E-07
   2.33999705       1.18042556E-06
   2.35999703       1.51060510E-06
   2.37999701       1.78823973E-06
   2.39999700       1.91627373E-06
   2.41999698       1.95676830E-06
   2.43999696       1.89832292E-06
   2.45999694       1.80265101E-06
   2.47999692       1.80173708E-06
   2.49999690       1.97641543E-06
   2.51999688       2.33830178E-06
   2.53999686       2.79149913E-06
   2.55999684       3.41675809E-06
   2.57999682       4.05360879E-06
   2.59999681       4.25575718E-06
   2.61999679       4.08091000E-06
   2.63999677       3.86201145E-06
   2.65999675       3.83351335E-06
   2.67999673       4.12237432E-06
   2.69999671       4.68626695E-06
   2.71999669       5.27913380E-06
   2.73999667       5.58256215E-06
   2.75999665       5.21996708E-06
   2.77999663       4.67478958E-06
   2.79999661       4.59522880E-06
   2.81999660       5.26124086E-06
   2.83999658       5.90165473E-06
   2.85999656       5.68476707E-06
   2.87999654       4.99128464E-06
   2.89999652       4.64428058E-06
   2.91999650       5.10761129E-06
   2.93999648       5.68048335E-06
   2.95999646       5.27156908E-06
   2.97999644       4.29112197E-06
   2.99999642       4.07743573E-06
   3.01999640       4.62254957E-06
   3.03999639       4.51257938E-06
   3.05999637       3.55887323E-06
   3.07999635       3.33509115E-06
   3.09999633       3.44417754E-06
