  -2.00000000       1.39385054E-06
  -1.98000002       1.39340273E-06
  -1.96000004       1.71124577E-06
  -1.94000006       1.70183091E-06
  -1.92000008       1.30032561E-06
  -1.90000010       9.27234112E-07
  -1.88000011       9.39596760E-07
  -1.86000013       1.24909116E-06
  -1.84000015       1.49427024E-06
  -1.82000017       1.37304392E-06
  -1.80000019       1.02009597E-06
  -1.78000021       7.07307322E-07
  -1.76000023       7.15766760E-07
  -1.74000025       1.06526898E-06
  -1.72000027       1.45122942E-06
  -1.70000029       1.55390921E-06
  -1.68000031       1.34702179E-06
  -1.66000032       9.87705789E-07
  -1.64000034       7.02494731E-07
  -1.62000036       6.48336027E-07
  -1.60000038       8.02132945E-07
  -1.58000040       1.09452628E-06
  -1.56000042       1.42988063E-06
  -1.54000044       1.61801904E-06
  -1.52000046       1.55861790E-06
  -1.50000048       1.37797088E-06
  -1.48000050       1.19879371E-06
  -1.46000051       9.73397619E-07
  -1.44000053       7.94954872E-07
  -1.42000055       8.00342718E-07
  -1.40000057       9.50438675E-07
  -1.38000059       1.05656386E-06
  -1.36000061       1.12207658E-06
  -1.34000063       1.39669339E-06
  -1.32000065       1.84820703E-06
  -1.30000067       2.25060353E-06
  -1.28000069       2.25770600E-06
  -1.26000071       2.26686893E-06
  -1.24000072       2.22041763E-06
  -1.22000074       2.57482179E-06
  -1.20000076       2.51368715E-06
  -1.18000078       2.91608285E-06
  -1.16000080       2.53220310E-06
  -1.14000082       2.87384114E-06
  -1.12000084       1.39422900E-06
  -1.10000086       2.96853273E-06
  -1.08000088       3.34009087E-06
  -1.06000090       8.21081994E-06
  -1.04000092       2.05910055E-06
  -1.02000093       3.76674529E-06
  -1.00000095       1.48046510E-07
 -0.980000973       1.36805584E-05
 -0.960000992       2.63190873E-06
 -0.940001011       2.39061392E-05
 -0.920001030       1.24898352E-05
 -0.900001049       3.25539004E-05
 -0.880001068       4.92636427E-05
 -0.860001087       3.82832077E-05
 -0.840001106       1.75334149E-04
 -0.820001125       1.98161742E-05
 -0.800001144       4.65872465E-04
 -0.780001163       5.61270899E-05
 -0.760001183       8.78200401E-04
 -0.740001202       5.74828417E-04
 -0.720001221       1.08297227E-03
 -0.700001240       2.47817812E-03
 -0.680001259       7.83289433E-04
 -0.660001278       6.24132203E-03
 -0.640001297       1.39121094E-03
 -0.620001316       1.04830600E-02
 -0.600001335       7.11205555E-03
 -0.580001354       1.26005393E-02
 -0.560001373       2.29131039E-02
 -0.540001392       1.28774829E-02
 -0.520001411       5.04137054E-02
 -0.500001431       1.95266437E-02
 -0.480001420       8.21665153E-02
 -0.460001409       5.46020567E-02
 -0.440001398      0.100345738    
 -0.420001388      0.142973289    
 -0.400001377      0.103515476    
 -0.380001366      0.277646095    
 -0.360001355      0.133282974    
 -0.340001345      0.412294209    
 -0.320001334      0.264244825    
 -0.300001323      0.477647215    
 -0.280001312      0.559071541    
 -0.260001302      0.466847360    
 -0.240001306      0.954408348    
 -0.220001310      0.506485105    
 -0.200001314       1.28368902    
 -0.180001318      0.769926846    
 -0.160001323       1.36440778    
 -0.140001327       1.34092915    
 -0.120001331       1.22196257    
 -0.100001335       2.00801778    
  -8.00013393E-02   1.11115599    
  -6.00013398E-02   2.44789696    
  -4.00013402E-02   1.34431231    
  -2.00013407E-02   2.31833816    
  -1.34110451E-06   1.89372683    
   1.99986584E-02   2.46343040    
   3.99986580E-02   2.43284106    
   5.99986576E-02   2.34033632    
   7.99986571E-02   2.25963020    
   9.99986529E-02   2.16597795    
  0.119998649       2.04110694    
  0.139998645       1.89356577    
  0.159998640       1.73867214    
  0.179998636       1.58307850    
  0.199998632       1.42598736    
  0.219998628       1.26735699    
  0.239998624       1.11157382    
  0.259998620      0.964563072    
  0.279998630      0.829807520    
  0.299998641      0.707424402    
  0.319998652      0.596248448    
  0.339998662      0.495956779    
  0.359998673      0.407258987    
  0.379998684      0.330902934    
  0.399998695      0.266640007    
  0.419998705      0.213235736    
  0.439998716      0.168995976    
  0.459998727      0.132407680    
  0.479998738      0.102349840    
  0.499998748       7.80179352E-02
  0.519998729       5.87151758E-02
  0.539998710       4.37264480E-02
  0.559998691       3.22957151E-02
  0.579998672       2.36925166E-02
  0.599998653       1.72588471E-02
  0.619998634       1.24718007E-02
  0.639998615       8.92179459E-03
  0.659998596       6.30364940E-03
  0.679998577       4.39176848E-03
  0.699998558       3.01644532E-03
  0.719998538       2.04177503E-03
  0.739998519       1.36268814E-03
  0.759998500       8.99733335E-04
  0.779998481       5.89734875E-04
  0.799998462       3.84793326E-04
  0.819998443       2.49889534E-04
  0.839998424       1.62325494E-04
  0.859998405       1.05864543E-04
  0.879998386       6.95844064E-05
  0.899998367       4.65117992E-05
  0.919998348       3.17561316E-05
  0.939998329       2.18714631E-05
  0.959998310       1.52889224E-05
  0.979998291       1.10467499E-05
  0.999998271       8.32172100E-06
   1.01999831       6.34278831E-06
   1.03999829       4.89824833E-06
   1.05999827       3.91940785E-06
   1.07999825       3.24271082E-06
   1.09999824       2.75053253E-06
   1.11999822       2.35460652E-06
   1.13999820       2.08673782E-06
   1.15999818       1.84357941E-06
   1.17999816       1.62087088E-06
   1.19999814       1.47112223E-06
   1.21999812       1.43472664E-06
   1.23999810       1.33538731E-06
   1.25999808       1.16672209E-06
   1.27999806       1.09725102E-06
   1.29999804       1.11322026E-06
   1.31999803       1.06183847E-06
   1.33999801       9.69982921E-07
   1.35999799       9.38960284E-07
   1.37999797       9.46069349E-07
   1.39999795       9.37451318E-07
   1.41999793       9.07741708E-07
   1.43999791       8.34941773E-07
   1.45999789       7.86567739E-07
   1.47999787       8.13810686E-07
   1.49999785       8.57518273E-07
   1.51999784       8.22004779E-07
   1.53999782       7.70386066E-07
   1.55999780       7.84884378E-07
   1.57999778       7.87537772E-07
   1.59999776       7.23718074E-07
   1.61999774       7.13671625E-07
   1.63999772       7.27817394E-07
   1.65999770       7.39055224E-07
   1.67999768       7.13835618E-07
   1.69999766       7.07962897E-07
   1.71999764       7.30090562E-07
   1.73999763       7.22613322E-07
   1.75999761       6.81595850E-07
   1.77999759       6.46537330E-07
   1.79999757       6.62763568E-07
   1.81999755       6.84306656E-07
   1.83999753       6.79705238E-07
   1.85999751       6.63424316E-07
   1.87999749       6.44795534E-07
   1.89999747       6.61750732E-07
   1.91999745       6.48588752E-07
   1.93999743       6.46502485E-07
   1.95999742       6.40567350E-07
   1.97999740       6.29486294E-07
   1.99999738       5.91839466E-07
   2.01999736       5.71018006E-07
   2.03999734       5.83926351E-07
   2.05999732       5.81407051E-07
   2.07999730       5.57557826E-07
   2.09999728       5.46272304E-07
   2.11999726       5.61037268E-07
   2.13999724       5.59873627E-07
   2.15999722       5.06859294E-07
   2.17999721       4.83888698E-07
   2.19999719       4.86691079E-07
   2.21999717       4.72912234E-07
   2.23999715       4.98583631E-07
   2.25999713       5.20885123E-07
   2.27999711       5.73729096E-07
   2.29999709       6.79429490E-07
   2.31999707       7.84646261E-07
   2.33999705       9.28112740E-07
   2.35999703       1.23335678E-06
   2.37999701       1.54027180E-06
   2.39999700       1.63819993E-06
   2.41999698       1.61826188E-06
   2.43999696       1.53251915E-06
   2.45999694       1.41646797E-06
   2.47999692       1.47073797E-06
   2.49999690       1.76796800E-06
   2.51999688       2.19032063E-06
   2.53999686       2.62263552E-06
   2.55999684       3.16928185E-06
   2.57999682       3.63440040E-06
   2.59999681       3.62679452E-06
   2.61999679       3.35991285E-06
   2.63999677       3.18749881E-06
   2.65999675       3.16734463E-06
   2.67999673       3.51737003E-06
   2.69999671       4.17816727E-06
   2.71999669       4.60146248E-06
   2.73999667       4.52432960E-06
   2.75999665       4.05040282E-06
   2.77999663       3.59130240E-06
   2.79999661       3.76212711E-06
   2.81999660       4.47576849E-06
   2.83999658       4.81597453E-06
   2.85999656       4.18900208E-06
   2.87999654       3.62842866E-06
   2.89999652       3.72774343E-06
   2.91999650       4.21555205E-06
   2.93999648       4.34772528E-06
   2.95999646       3.74232513E-06
   2.97999644       3.11058898E-06
   2.99999642       3.20716640E-06
   3.01999640       3.49235734E-06
   3.03999639       3.09264283E-06
   3.05999637       2.39113888E-06
   3.07999635       2.48433753E-06
   3.09999633       2.46230638E-06
