  -2.00000000       2.95761680E-07
  -1.98000002       5.24840004E-07
  -1.96000004       8.38863855E-07
  -1.94000006       8.42062093E-07
  -1.92000008       5.97790915E-07
  -1.90000010       4.91147205E-07
  -1.88000011       7.27739632E-07
  -1.86000013       1.04677144E-06
  -1.84000015       1.12374346E-06
  -1.82000017       8.72930002E-07
  -1.80000019       6.01632053E-07
  -1.78000021       5.75042122E-07
  -1.76000023       8.42527584E-07
  -1.74000025       1.20798984E-06
  -1.72000027       1.35938342E-06
  -1.70000029       1.15746843E-06
  -1.68000031       8.20782134E-07
  -1.66000032       5.84690042E-07
  -1.64000034       5.83421354E-07
  -1.62000036       7.99792076E-07
  -1.60000038       1.08334973E-06
  -1.58000040       1.31159845E-06
  -1.56000042       1.42627016E-06
  -1.54000044       1.33117214E-06
  -1.52000046       1.04918615E-06
  -1.50000048       7.75465708E-07
  -1.48000050       6.51341509E-07
  -1.46000051       6.28602436E-07
  -1.44000053       7.16324678E-07
  -1.42000055       9.39521499E-07
  -1.40000057       1.24513588E-06
  -1.38000059       1.43677437E-06
  -1.36000061       1.52173004E-06
  -1.34000063       1.71209081E-06
  -1.32000065       2.06237723E-06
  -1.30000067       2.43989416E-06
  -1.28000069       2.44857188E-06
  -1.26000071       2.41588236E-06
  -1.24000072       2.31454305E-06
  -1.22000074       2.72387888E-06
  -1.20000076       2.97664201E-06
  -1.18000078       3.91212552E-06
  -1.16000080       4.01875786E-06
  -1.14000082       3.81579412E-06
  -1.12000084       2.91154106E-06
  -1.10000086       6.08076061E-06
  -1.08000088       1.08863660E-05
  -1.06000090       1.36420340E-05
  -1.04000092       1.53893361E-05
  -1.02000093       6.68347275E-06
  -1.00000095       1.76515350E-05
 -0.980000973       9.19392915E-06
 -0.960000992       4.32165980E-05
 -0.940001011       1.09939929E-05
 -0.920001030       7.55728543E-05
 -0.900001049       2.47170028E-05
 -0.880001068       1.04399514E-04
 -0.860001087       9.36428405E-05
 -0.840001106       1.09566106E-04
 -0.820001125       3.04512418E-04
 -0.800001144       5.70693082E-05
 -0.780001163       7.59856775E-04
 -0.760001183       8.81838150E-06
 -0.740001202       1.50347990E-03
 -0.720001221       3.11028678E-04
 -0.700001240       2.35687476E-03
 -0.680001259       1.97399990E-03
 -0.660001278       2.61099869E-03
 -0.640001297       6.73736958E-03
 -0.620001316       1.86695531E-03
 -0.600001335       1.55692911E-02
 -0.580001354       2.70988909E-03
 -0.560001373       2.58763339E-02
 -0.540001392       1.25231324E-02
 -0.520001411       3.30328122E-02
 -0.500001431       4.02554087E-02
 -0.480001420       3.49438600E-02
 -0.460001409       9.33780894E-02
 -0.440001398       3.63220796E-02
 -0.420001388      0.167785659    
 -0.400001377       6.41966835E-02
 -0.380001366      0.233525723    
 -0.360001355      0.162690282    
 -0.340001345      0.265653670    
 -0.320001334      0.356340468    
 -0.300001323      0.266806662    
 -0.280001312      0.634329855    
 -0.260001302      0.293486685    
 -0.240001306      0.898036003    
 -0.220001310      0.463588834    
 -0.200001314       1.04677486    
 -0.180001318      0.843806267    
 -0.160001323       1.03117216    
 -0.140001327       1.41323602    
 -0.120001331      0.942498088    
 -0.100001335       1.95427799    
  -8.00013393E-02  0.974520445    
  -6.00013398E-02   2.27762556    
  -4.00013402E-02   1.29861522    
  -2.00013407E-02   2.15660214    
  -1.34110451E-06   1.82245505    
   1.99986584E-02   2.39888000    
   3.99986580E-02   2.39234352    
   5.99986576E-02   2.32749295    
   7.99986571E-02   2.27825594    
   9.99986529E-02   2.21306252    
  0.119998649       2.10936046    
  0.139998645       1.97985017    
  0.159998640       1.84357202    
  0.179998636       1.70394409    
  0.199998632       1.55565357    
  0.219998628       1.39959466    
  0.239998624       1.24436700    
  0.259998620       1.09740543    
  0.279998630      0.960096061    
  0.299998641      0.830720603    
  0.319998652      0.709257364    
  0.339998662      0.598099470    
  0.359998673      0.499634713    
  0.379998684      0.414252102    
  0.399998695      0.340588301    
  0.419998705      0.276957005    
  0.439998716      0.222304195    
  0.459998727      0.176191568    
  0.479998738      0.138199925    
  0.499998748      0.107564926    
  0.519998729       8.31707940E-02
  0.539998710       6.38144463E-02
  0.559998691       4.84605879E-02
  0.579998672       3.63107547E-02
  0.599998653       2.67913137E-02
  0.619998634       1.94686260E-02
  0.639998615       1.39568811E-02
  0.659998596       9.90023371E-03
  0.679998577       6.97650434E-03
  0.699998558       4.90038609E-03
  0.719998538       3.43595445E-03
  0.739998519       2.40607979E-03
  0.759998500       1.68274390E-03
  0.779998481       1.17335992E-03
  0.799998462       8.14460625E-04
  0.819998443       5.63374546E-04
  0.839998424       3.88165674E-04
  0.859998405       2.65565555E-04
  0.879998386       1.80716292E-04
  0.899998367       1.23283884E-04
  0.919998348       8.45720861E-05
  0.939998329       5.84751870E-05
  0.959998310       4.04526618E-05
  0.979998291       2.83311347E-05
  0.999998271       2.03479085E-05
   1.01999831       1.51070426E-05
   1.03999829       1.14243239E-05
   1.05999827       8.74571288E-06
   1.07999825       6.90046818E-06
   1.09999824       5.76538741E-06
   1.11999822       4.92880054E-06
   1.13999820       4.26295537E-06
   1.15999818       3.72365639E-06
   1.17999816       3.32379932E-06
   1.19999814       3.02693707E-06
   1.21999812       2.85232682E-06
   1.23999810       2.68594522E-06
   1.25999808       2.42345391E-06
   1.27999806       2.27567375E-06
   1.29999804       2.26703423E-06
   1.31999803       2.18156561E-06
   1.33999801       2.03811942E-06
   1.35999799       1.98079283E-06
   1.37999797       1.92337370E-06
   1.39999795       1.90208129E-06
   1.41999793       1.86973932E-06
   1.43999791       1.74332502E-06
   1.45999789       1.65036499E-06
   1.47999787       1.69250802E-06
   1.49999785       1.73712033E-06
   1.51999784       1.65151255E-06
   1.53999782       1.54789007E-06
   1.55999780       1.55352359E-06
   1.57999778       1.55702480E-06
   1.59999776       1.47537003E-06
   1.61999774       1.47263825E-06
   1.63999772       1.48652236E-06
   1.65999770       1.47504716E-06
   1.67999768       1.42728391E-06
   1.69999766       1.42067279E-06
   1.71999764       1.43880425E-06
   1.73999763       1.39171709E-06
   1.75999761       1.31904289E-06
   1.77999759       1.31980812E-06
   1.79999757       1.39195913E-06
   1.81999755       1.42841657E-06
   1.83999753       1.38358632E-06
   1.85999751       1.32752871E-06
   1.87999749       1.29215846E-06
   1.89999747       1.33262552E-06
   1.91999745       1.35584264E-06
   1.93999743       1.36698497E-06
   1.95999742       1.32536150E-06
   1.97999740       1.29724765E-06
   1.99999738       1.30763397E-06
   2.01999736       1.36950609E-06
   2.03999734       1.41919372E-06
   2.05999732       1.41593625E-06
   2.07999730       1.42933334E-06
   2.09999728       1.47229480E-06
   2.11999726       1.49420885E-06
   2.13999724       1.48608694E-06
   2.15999722       1.47197807E-06
   2.17999721       1.53497160E-06
   2.19999719       1.69567397E-06
   2.21999717       1.78374387E-06
   2.23999715       1.70770784E-06
   2.25999713       1.69381588E-06
   2.27999711       1.76300114E-06
   2.29999709       1.70127385E-06
   2.31999707       1.59526951E-06
   2.33999705       1.50192193E-06
   2.35999703       1.28456497E-06
   2.37999701       1.03393108E-06
   2.39999700       9.56587201E-07
   2.41999698       1.04232925E-06
   2.43999696       1.21137259E-06
   2.45999694       1.43223031E-06
   2.47999692       1.49720233E-06
   2.49999690       1.37081395E-06
   2.51999688       1.19448725E-06
   2.53999686       9.93960043E-07
   2.55999684       7.09974472E-07
   2.57999682       4.81022084E-07
   2.59999681       4.34619636E-07
   2.61999679       4.90703144E-07
   2.63999677       5.51459777E-07
   2.65999675       5.99917200E-07
   2.67999673       5.12061320E-07
   2.69999671       3.05721102E-07
   2.71999669       1.56664953E-07
   2.73999667       9.94486626E-08
   2.75999665       1.30230390E-07
   2.77999663       2.01667660E-07
   2.79999661       1.74769724E-07
   2.81999660       7.95981094E-08
   2.83999658       1.51320663E-08
   2.85999656       5.30345945E-09
   2.87999654       2.47888323E-08
   2.89999652       5.51782833E-08
   2.91999650       8.50151167E-08
   2.93999648       6.32463326E-08
   2.95999646       3.32424399E-08
   2.97999644       1.92334095E-08
   2.99999642       9.64385762E-08
   3.01999640       1.71623057E-07
   3.03999639       1.83420951E-07
   3.05999637       1.20826286E-07
   3.07999635       2.53282280E-07
   3.09999633       4.13050714E-07
