  -2.00000000       2.74527650E-07
  -1.98000002       4.54067788E-07
  -1.96000004       7.70549093E-07
  -1.94000006       8.22350046E-07
  -1.92000008       6.02503576E-07
  -1.90000010       4.54685846E-07
  -1.88000011       6.35132096E-07
  -1.86000013       9.49088019E-07
  -1.84000015       1.07850974E-06
  -1.82000017       8.73935846E-07
  -1.80000019       5.90535137E-07
  -1.78000021       5.14205738E-07
  -1.76000023       7.31953719E-07
  -1.74000025       1.09295888E-06
  -1.72000027       1.29881835E-06
  -1.70000029       1.15596924E-06
  -1.68000031       8.35311766E-07
  -1.66000032       5.70311556E-07
  -1.64000034       5.18281865E-07
  -1.62000036       6.97586870E-07
  -1.60000038       9.73573833E-07
  -1.58000040       1.22302549E-06
  -1.56000042       1.37481265E-06
  -1.54000044       1.31869297E-06
  -1.52000046       1.06179868E-06
  -1.50000048       7.92585922E-07
  -1.48000050       6.51239588E-07
  -1.46000051       6.02194120E-07
  -1.44000053       6.59378031E-07
  -1.42000055       8.55377323E-07
  -1.40000057       1.16208514E-06
  -1.38000059       1.37972586E-06
  -1.36000061       1.48542517E-06
  -1.34000063       1.66610585E-06
  -1.32000065       2.02515935E-06
  -1.30000067       2.44396233E-06
  -1.28000069       2.52520294E-06
  -1.26000071       2.50376002E-06
  -1.24000072       2.42061560E-06
  -1.22000074       2.78311654E-06
  -1.20000076       3.07450364E-06
  -1.18000078       3.97457461E-06
  -1.16000080       4.37515610E-06
  -1.14000082       4.12459440E-06
  -1.12000084       3.11821509E-06
  -1.10000086       5.14626208E-06
  -1.08000088       1.05001600E-05
  -1.06000090       1.36854605E-05
  -1.04000092       1.75700789E-05
  -1.02000093       7.19645868E-06
  -1.00000095       1.87869264E-05
 -0.980000973       8.10855454E-06
 -0.960000992       4.26522856E-05
 -0.940001011       1.18974640E-05
 -0.920001030       7.24471611E-05
 -0.900001049       3.09388997E-05
 -0.880001068       9.44653220E-05
 -0.860001087       1.08172615E-04
 -0.840001106       9.07794456E-05
 -0.820001125       3.26541223E-04
 -0.800001144       3.66845561E-05
 -0.780001163       7.75066728E-04
 -0.760001183       1.32444447E-05
 -0.740001202       1.47292786E-03
 -0.720001221       3.97983938E-04
 -0.700001240       2.20408337E-03
 -0.680001259       2.22383044E-03
 -0.660001278       2.27619708E-03
 -0.640001297       7.10699568E-03
 -0.620001316       1.51819736E-03
 -0.600001335       1.56540256E-02
 -0.580001354       2.86362669E-03
 -0.560001373       2.50576958E-02
 -0.540001392       1.35877142E-02
 -0.520001411       3.10921222E-02
 -0.500001431       4.20780480E-02
 -0.480001420       3.22337262E-02
 -0.460001409       9.50315148E-02
 -0.440001398       3.42779346E-02
 -0.420001388      0.166704491    
 -0.400001377       6.53325170E-02
 -0.380001366      0.227534175    
 -0.360001355      0.167231649    
 -0.340001345      0.255767375    
 -0.320001334      0.362053812    
 -0.300001323      0.256021976    
 -0.280001312      0.635856807    
 -0.260001302      0.287988812    
 -0.240001306      0.889946342    
 -0.220001310      0.465171874    
 -0.200001314       1.03043354    
 -0.180001318      0.850101352    
 -0.160001323       1.01113129    
 -0.140001327       1.41606927    
 -0.120001331      0.928168654    
 -0.100001335       1.94963956    
  -8.00013393E-02  0.967335224    
  -6.00013398E-02   2.26591182    
  -4.00013402E-02   1.29617894    
  -2.00013407E-02   2.14708018    
  -1.34110451E-06   1.81769300    
   1.99986584E-02   2.39352202    
   3.99986580E-02   2.38933086    
   5.99986576E-02   2.32669282    
   7.99986571E-02   2.27835321    
   9.99986529E-02   2.21433568    
  0.119998649       2.11279917    
  0.139998645       1.98506176    
  0.159998640       1.84938121    
  0.179998636       1.71010435    
  0.199998632       1.56273067    
  0.219998628       1.40766478    
  0.239998624       1.25270569    
  0.259998620       1.10533059    
  0.279998630      0.967558682    
  0.299998641      0.838006318    
  0.319998652      0.716428399    
  0.339998662      0.604872942    
  0.359998673      0.505684137    
  0.379998684      0.419477701    
  0.399998695      0.345116019    
  0.419998705      0.280958861    
  0.439998716      0.225860417    
  0.459998727      0.179284304    
  0.479998738      0.140788466    
  0.499998748      0.109652579    
  0.519998729       8.48186240E-02
  0.539998710       6.51136711E-02
  0.559998691       4.94988486E-02
  0.579998672       3.71507369E-02
  0.599998653       2.74710804E-02
  0.619998634       2.00099759E-02
  0.639998615       1.43759195E-02
  0.659998596       1.02135083E-02
  0.679998577       7.20277196E-03
  0.699998558       5.05879102E-03
  0.719998538       3.54424957E-03
  0.739998519       2.47921050E-03
  0.759998500       1.73197768E-03
  0.779998481       1.20664039E-03
  0.799998462       8.37182626E-04
  0.819998443       5.79255517E-04
  0.839998424       3.99476005E-04
  0.859998405       2.73733254E-04
  0.879998386       1.86660764E-04
  0.899998367       1.27588282E-04
  0.919998348       8.76761696E-05
  0.939998329       6.07612055E-05
  0.959998310       4.21591976E-05
  0.979998291       2.95801401E-05
  0.999998271       2.12414634E-05
   1.01999831       1.57827326E-05
   1.03999829       1.19504512E-05
   1.05999827       9.13755775E-06
   1.07999825       7.18569572E-06
   1.09999824       5.98496990E-06
   1.11999822       5.11438157E-06
   1.13999820       4.40450276E-06
   1.15999818       3.83134829E-06
   1.17999816       3.41576742E-06
   1.19999814       3.10281052E-06
   1.21999812       2.89697368E-06
   1.23999810       2.72186662E-06
   1.25999808       2.46748277E-06
   1.27999806       2.30938031E-06
   1.29999804       2.27669238E-06
   1.31999803       2.17971478E-06
   1.33999801       2.04169623E-06
   1.35999799       1.98731891E-06
   1.37999797       1.91496679E-06
   1.39999795       1.89148204E-06
   1.41999793       1.86522470E-06
   1.43999791       1.72717489E-06
   1.45999789       1.62239655E-06
   1.47999787       1.66995403E-06
   1.49999785       1.71374268E-06
   1.51999784       1.62434742E-06
   1.53999782       1.52111863E-06
   1.55999780       1.52779694E-06
   1.57999778       1.52355528E-06
   1.59999776       1.43798411E-06
   1.61999774       1.43255795E-06
   1.63999772       1.44265618E-06
   1.65999770       1.42942883E-06
   1.67999768       1.39213853E-06
   1.69999766       1.37387644E-06
   1.71999764       1.38496068E-06
   1.73999763       1.34959453E-06
   1.75999761       1.27869919E-06
   1.77999759       1.26313932E-06
   1.79999757       1.32883656E-06
   1.81999755       1.36561061E-06
   1.83999753       1.32897878E-06
   1.85999751       1.27436920E-06
   1.87999749       1.23384268E-06
   1.89999747       1.27242413E-06
   1.91999745       1.28897909E-06
   1.93999743       1.29406999E-06
   1.95999742       1.26088673E-06
   1.97999740       1.23415043E-06
   1.99999738       1.23192058E-06
   2.01999736       1.28468105E-06
   2.03999734       1.33653054E-06
   2.05999732       1.34093511E-06
   2.07999730       1.34459412E-06
   2.09999728       1.38032976E-06
   2.11999726       1.40596637E-06
   2.13999724       1.39960343E-06
   2.15999722       1.36811786E-06
   2.17999721       1.42523106E-06
   2.19999719       1.57523164E-06
   2.21999717       1.64870687E-06
   2.23999715       1.57693808E-06
   2.25999713       1.54425595E-06
   2.27999711       1.59491890E-06
   2.29999709       1.53286567E-06
   2.31999707       1.41861130E-06
   2.33999705       1.32036587E-06
   2.35999703       1.12632767E-06
   2.37999701       8.98262272E-07
   2.39999700       8.20689536E-07
   2.41999698       9.02500801E-07
   2.43999696       1.06569337E-06
   2.45999694       1.26876057E-06
   2.47999692       1.32234766E-06
   2.49999690       1.19490460E-06
   2.51999688       1.02012802E-06
   2.53999686       8.25882523E-07
   2.55999684       5.69614826E-07
   2.57999682       3.74601569E-07
   2.59999681       3.39979437E-07
   2.61999679       3.92100787E-07
   2.63999677       4.49103879E-07
   2.65999675       4.94357380E-07
   2.67999673       4.18005584E-07
   2.69999671       2.39520915E-07
   2.71999669       1.16474489E-07
   2.73999667       6.66186679E-08
   2.75999665       9.17749148E-08
   2.77999663       1.58218810E-07
   2.79999661       1.51293548E-07
   2.81999660       8.74723227E-08
   2.83999658       3.16785673E-08
   2.85999656       2.24228125E-09
   2.87999654       2.22504024E-08
   2.89999652       8.75553710E-08
   2.91999650       1.40316502E-07
   2.93999648       9.71201644E-08
   2.95999646       4.32622365E-08
   2.97999644       5.17577341E-08
   2.99999642       1.62680152E-07
   3.01999640       2.11351519E-07
   3.03999639       1.84248478E-07
   3.05999637       1.43920147E-07
   3.07999635       3.06634178E-07
   3.09999633       4.27777792E-07
