  -2.00000000       7.01031070E-07
  -1.98000002       4.21078909E-07
  -1.96000004       3.91893195E-07
  -1.94000006       5.67324662E-07
  -1.92000008       6.30554041E-07
  -1.90000010       4.46620959E-07
  -1.88000011       2.58334552E-07
  -1.86000013       3.36664584E-07
  -1.84000015       5.55657550E-07
  -1.82000017       6.28386942E-07
  -1.80000019       4.63921310E-07
  -1.78000021       2.56360693E-07
  -1.76000023       2.68623722E-07
  -1.74000025       4.67034965E-07
  -1.72000027       6.57031990E-07
  -1.70000029       7.03762680E-07
  -1.68000031       5.12065242E-07
  -1.66000032       2.83676371E-07
  -1.64000034       2.63776826E-07
  -1.62000036       4.50294266E-07
  -1.60000038       7.26961332E-07
  -1.58000040       9.27803796E-07
  -1.56000042       9.20268292E-07
  -1.54000044       7.24726817E-07
  -1.52000046       5.12607016E-07
  -1.50000048       4.00964410E-07
  -1.48000050       4.73024073E-07
  -1.46000051       7.66631558E-07
  -1.44000053       1.12899272E-06
  -1.42000055       1.39555641E-06
  -1.40000057       1.53080271E-06
  -1.38000059       1.56264366E-06
  -1.36000061       1.39797294E-06
  -1.34000063       1.15629450E-06
  -1.32000065       1.14077886E-06
  -1.30000067       1.40826648E-06
  -1.28000069       1.77417382E-06
  -1.26000071       1.83920702E-06
  -1.24000072       2.24009136E-06
  -1.22000074       3.21905804E-06
  -1.20000076       6.11703581E-06
  -1.18000078       7.75852823E-06
  -1.16000080       7.49490709E-06
  -1.14000082       3.53688802E-06
  -1.12000084       5.00441911E-06
  -1.10000086       8.76303147E-06
  -1.08000088       1.74914112E-05
  -1.06000090       1.38503356E-05
  -1.04000092       1.93827982E-05
  -1.02000093       1.60447507E-05
  -1.00000095       3.31131778E-05
 -0.980000973       2.95872214E-05
 -0.960000992       5.87091999E-05
 -0.940001011       6.15392928E-05
 -0.920001030       1.01495832E-04
 -0.900001049       1.36990260E-04
 -0.880001068       1.58321709E-04
 -0.860001087       3.15873389E-04
 -0.840001106       2.09893595E-04
 -0.820001125       6.80087658E-04
 -0.800001144       2.28107165E-04
 -0.780001163       1.35291065E-03
 -0.760001183       2.07798206E-04
 -0.740001202       2.37803184E-03
 -0.720001221       3.06375907E-04
 -0.700001240       3.73733090E-03
 -0.680001259       9.54780844E-04
 -0.660001278       5.35337999E-03
 -0.640001297       3.11239017E-03
 -0.620001316       6.85384870E-03
 -0.600001335       8.48552864E-03
 -0.580001354       7.47896917E-03
 -0.560001373       1.96451955E-02
 -0.540001392       6.38473220E-03
 -0.520001411       3.90222706E-02
 -0.500001431       4.43978794E-03
 -0.480001420       6.84656352E-02
 -0.460001409       5.15537197E-03
 -0.440001398      0.108480722    
 -0.420001388       1.61962602E-02
 -0.400001377      0.154723600    
 -0.380001366       5.15669845E-02
 -0.360001355      0.199163690    
 -0.340001345      0.127745733    
 -0.320001334      0.235876456    
 -0.300001323      0.261171103    
 -0.280001312      0.259004265    
 -0.260001302      0.461729795    
 -0.240001306      0.274750352    
 -0.220001310      0.719489872    
 -0.200001314      0.305308372    
 -0.180001318       1.01179218    
 -0.160001323      0.380041122    
 -0.140001327       1.29371488    
 -0.120001331      0.539297879    
 -0.100001335       1.51691711    
  -8.00013393E-02  0.798528373    
  -6.00013398E-02   1.65720844    
  -4.00013402E-02   1.17229486    
  -2.00013407E-02   1.65760660    
  -1.34110451E-06   1.55752850    
   1.99986584E-02   2.10124826    
   3.99986580E-02   2.15518022    
   5.99986576E-02   2.17410374    
   7.99986571E-02   2.19994187    
   9.99986529E-02   2.19992805    
  0.119998649       2.16686153    
  0.139998645       2.11096883    
  0.159998640       2.03695035    
  0.179998636       1.94555438    
  0.199998632       1.83895957    
  0.219998628       1.71989989    
  0.239998624       1.59155273    
  0.259998620       1.45818436    
  0.279998630       1.32400727    
  0.299998641       1.19118857    
  0.319998652       1.06080103    
  0.339998662      0.934569061    
  0.359998673      0.815292537    
  0.379998684      0.705199957    
  0.399998695      0.605035722    
  0.419998705      0.514384210    
  0.439998716      0.432775050    
  0.459998727      0.360192180    
  0.479998738      0.296838015    
  0.499998748      0.242581651    
  0.519998729      0.196735382    
  0.539998710      0.158310056    
  0.559998691      0.126243412    
  0.579998672       9.96387526E-02
  0.599998653       7.77945518E-02
  0.619998634       6.00980110E-02
  0.639998615       4.59720232E-02
  0.659998596       3.48654650E-02
  0.679998577       2.62290984E-02
  0.699998558       1.95686240E-02
  0.719998538       1.44748446E-02
  0.739998519       1.06095821E-02
  0.759998500       7.69741274E-03
  0.779998481       5.52693848E-03
  0.799998462       3.92927928E-03
  0.819998443       2.76292535E-03
  0.839998424       1.92488986E-03
  0.859998405       1.33172655E-03
  0.879998386       9.16006160E-04
  0.899998367       6.28225156E-04
  0.919998348       4.29742242E-04
  0.939998329       2.93676974E-04
  0.959998310       2.00431139E-04
  0.979998291       1.37843832E-04
  0.999998271       9.55964497E-05
   1.01999831       6.70416193E-05
   1.03999829       4.73059699E-05
   1.05999827       3.36986268E-05
   1.07999825       2.44779985E-05
   1.09999824       1.82878157E-05
   1.11999822       1.39478616E-05
   1.13999820       1.06585603E-05
   1.15999818       8.27059648E-06
   1.17999816       6.68749044E-06
   1.19999814       5.60475064E-06
   1.21999812       4.73177579E-06
   1.23999810       4.00525641E-06
   1.25999808       3.44030855E-06
   1.27999806       3.00127772E-06
   1.29999804       2.71094609E-06
   1.31999803       2.50759513E-06
   1.33999801       2.29243005E-06
   1.35999799       2.03635432E-06
   1.37999797       1.81354699E-06
   1.39999795       1.73078035E-06
   1.41999793       1.70754561E-06
   1.43999791       1.54258805E-06
   1.45999789       1.39773374E-06
   1.47999787       1.40665247E-06
   1.49999785       1.39615997E-06
   1.51999784       1.26307259E-06
   1.53999782       1.15318801E-06
   1.55999780       1.11813745E-06
   1.57999778       1.09779228E-06
   1.59999776       1.09067025E-06
   1.61999774       1.04937919E-06
   1.63999772       9.98025030E-07
   1.65999770       9.40253926E-07
   1.67999768       9.31181773E-07
   1.69999766       8.77636808E-07
   1.71999764       8.36682204E-07
   1.73999763       8.33852312E-07
   1.75999761       7.96083839E-07
   1.77999759       7.48140621E-07
   1.79999757       7.60742694E-07
   1.81999755       7.79669733E-07
   1.83999753       7.43002431E-07
   1.85999751       6.48322498E-07
   1.87999749       6.09419885E-07
   1.89999747       6.19744242E-07
   1.91999745       6.50560992E-07
   1.93999743       6.17962371E-07
   1.95999742       6.04857178E-07
   1.97999740       5.72156466E-07
   1.99999738       5.31297644E-07
   2.01999736       5.12581778E-07
   2.03999734       5.10675477E-07
   2.05999732       4.75413316E-07
   2.07999730       3.95975576E-07
   2.09999728       3.53205905E-07
   2.11999726       3.52162090E-07
   2.13999724       2.99105068E-07
   2.15999722       2.06604383E-07
   2.17999721       1.74000547E-07
   2.19999719       1.39744017E-07
   2.21999717       7.01692358E-08
   2.23999715       2.30201369E-08
   2.25999713       1.86470017E-09
   2.27999711       1.06474518E-09
   2.29999709       3.89780597E-10
   2.31999707       3.66195096E-09
   2.33999705       1.53050503E-10
   2.35999703       6.10065642E-09
   2.37999701       3.63214703E-08
   2.39999700       1.20243911E-07
   2.41999698       2.20171330E-07
   2.43999696       2.77681380E-07
   2.45999694       3.85914547E-07
   2.47999692       5.23221217E-07
   2.49999690       5.67722452E-07
   2.51999688       5.12928409E-07
   2.53999686       5.06630329E-07
   2.55999684       5.97143753E-07
   2.57999682       7.85456791E-07
   2.59999681       1.08032555E-06
   2.61999679       1.30011995E-06
   2.63999677       1.22534937E-06
   2.65999675       1.06950665E-06
   2.67999673       1.06932998E-06
   2.69999671       1.37923803E-06
   2.71999669       1.82500264E-06
   2.73999667       1.92426592E-06
   2.75999665       1.55707301E-06
   2.77999663       1.35800690E-06
   2.79999661       1.62518404E-06
   2.81999660       2.14775878E-06
   2.83999658       2.23588131E-06
   2.85999656       1.80167581E-06
   2.87999654       1.48664753E-06
   2.89999652       1.79161327E-06
   2.91999650       2.20309016E-06
   2.93999648       1.99602277E-06
   2.95999646       1.54684449E-06
   2.97999644       1.67081851E-06
   2.99999642       2.00653881E-06
   3.01999640       1.71201611E-06
   3.03999639       1.35259552E-06
   3.05999637       1.54192503E-06
   3.07999635       1.57975489E-06
   3.09999633       1.05368179E-06
