  -2.00000000       5.09155768E-07
  -1.98000002       6.18177239E-07
  -1.96000004       5.56685507E-07
  -1.94000006       3.80511949E-07
  -1.92000008       3.93014858E-07
  -1.90000010       6.15754857E-07
  -1.88000011       7.44774638E-07
  -1.86000013       5.79388541E-07
  -1.84000015       3.79360017E-07
  -1.82000017       4.55799182E-07
  -1.80000019       7.09727487E-07
  -1.78000021       8.48909565E-07
  -1.76000023       6.85824148E-07
  -1.74000025       4.67880312E-07
  -1.72000027       4.84693146E-07
  -1.70000029       7.32698425E-07
  -1.68000031       1.00013631E-06
  -1.66000032       1.06524328E-06
  -1.64000034       8.79467905E-07
  -1.62000036       6.34528988E-07
  -1.60000038       5.70112434E-07
  -1.58000040       7.93295328E-07
  -1.56000042       1.18026799E-06
  -1.54000044       1.53292820E-06
  -1.52000046       1.64091887E-06
  -1.50000048       1.50393544E-06
  -1.48000050       1.26138070E-06
  -1.46000051       1.06403127E-06
  -1.44000053       1.13834813E-06
  -1.42000055       1.58363514E-06
  -1.40000057       2.19811545E-06
  -1.38000059       2.70884539E-06
  -1.36000061       3.14944737E-06
  -1.34000063       3.41047803E-06
  -1.32000065       3.41684631E-06
  -1.30000067       3.21999300E-06
  -1.28000069       3.37755000E-06
  -1.26000071       3.43699276E-06
  -1.24000072       3.39854068E-06
  -1.22000074       5.18789375E-06
  -1.20000076       1.01618498E-05
  -1.18000078       1.45259064E-05
  -1.16000080       1.28541406E-05
  -1.14000082       8.98832059E-06
  -1.12000084       1.08459299E-05
  -1.10000086       1.86139205E-05
  -1.08000088       2.39959518E-05
  -1.06000090       2.82826586E-05
  -1.04000092       3.31836563E-05
  -1.02000093       4.12271693E-05
  -1.00000095       5.60827430E-05
 -0.980000973       7.26711150E-05
 -0.960000992       1.08612490E-04
 -0.940001011       1.27347972E-04
 -0.920001030       2.17411201E-04
 -0.900001049       2.17608220E-04
 -0.880001068       4.29514766E-04
 -0.860001087       3.31142684E-04
 -0.840001106       8.09575431E-04
 -0.820001125       4.45782091E-04
 -0.800001144       1.41504360E-03
 -0.780001163       5.28368459E-04
 -0.760001183       2.35103979E-03
 -0.740001202       5.83882269E-04
 -0.720001221       3.75748333E-03
 -0.700001240       7.29441235E-04
 -0.680001259       5.97473560E-03
 -0.660001278       1.21891371E-03
 -0.640001297       9.34795011E-03
 -0.620001316       2.65171356E-03
 -0.600001335       1.36446580E-02
 -0.580001354       6.10982208E-03
 -0.560001373       1.83960386E-02
 -0.540001392       1.33546153E-02
 -0.520001411       2.35774331E-02
 -0.500001431       2.74858121E-02
 -0.480001420       2.87726615E-02
 -0.460001409       5.32225184E-02
 -0.440001398       3.24297212E-02
 -0.420001388       9.49557051E-02
 -0.400001377       3.51733975E-02
 -0.380001366      0.157628372    
 -0.360001355       3.91621739E-02
 -0.340001345      0.248053506    
 -0.320001334       4.76440117E-02
 -0.300001323      0.365375578    
 -0.280001312       7.03507289E-02
 -0.260001302      0.509899259    
 -0.240001306      0.116371132    
 -0.220001310      0.677652359    
 -0.200001314      0.202168331    
 -0.180001318      0.852476001    
 -0.160001323      0.337660015    
 -0.140001327       1.03142488    
 -0.120001331      0.535653293    
 -0.100001335       1.18634546    
  -8.00013393E-02  0.789854884    
  -6.00013398E-02   1.32836354    
  -4.00013402E-02   1.10530579    
  -2.00013407E-02   1.39960372    
  -1.34110451E-06   1.39984572    
   1.99986584E-02   1.91547203    
   3.99986580E-02   1.98567522    
   5.99986576E-02   2.03447843    
   7.99986571E-02   2.09567857    
   9.99986529E-02   2.12521315    
  0.119998649       2.12103367    
  0.139998645       2.10195947    
  0.159998640       2.06587052    
  0.179998636       2.00384450    
  0.199998632       1.92168081    
  0.219998628       1.82929420    
  0.239998624       1.72705626    
  0.259998620       1.61177039    
  0.279998630       1.48711586    
  0.299998641       1.36078084    
  0.319998652       1.23658347    
  0.339998662       1.11365104    
  0.359998673      0.991728425    
  0.379998684      0.873734534    
  0.399998695      0.763458192    
  0.419998705      0.662602127    
  0.439998716      0.570620716    
  0.459998727      0.486526370    
  0.479998738      0.410313576    
  0.499998748      0.342636913    
  0.519998729      0.283821553    
  0.539998710      0.233504370    
  0.559998691      0.190696850    
  0.579998672      0.154351950    
  0.599998653      0.123677216    
  0.619998634       9.80664641E-02
  0.639998615       7.70268962E-02
  0.659998596       6.00278936E-02
  0.679998577       4.64422666E-02
  0.699998558       3.56682129E-02
  0.719998538       2.71710847E-02
  0.739998519       2.04925425E-02
  0.759998500       1.52806398E-02
  0.779998481       1.12637756E-02
  0.799998462       8.20583943E-03
  0.819998443       5.91831328E-03
  0.839998424       4.23373980E-03
  0.859998405       3.00779147E-03
  0.879998386       2.12637871E-03
  0.899998367       1.49882270E-03
  0.919998348       1.05631968E-03
  0.939998329       7.44977326E-04
  0.959998310       5.26039163E-04
  0.979998291       3.70008813E-04
  0.999998271       2.60209898E-04
   1.01999831       1.83637138E-04
   1.03999829       1.30535816E-04
   1.05999827       9.31051618E-05
   1.07999825       6.65598345E-05
   1.09999824       4.78899456E-05
   1.11999822       3.49443544E-05
   1.13999820       2.60868328E-05
   1.15999818       1.98022790E-05
   1.17999816       1.51343520E-05
   1.19999814       1.17346872E-05
   1.21999812       9.37603545E-06
   1.23999810       7.75487115E-06
   1.25999808       6.53308189E-06
   1.27999806       5.61222987E-06
   1.29999804       4.84679140E-06
   1.31999803       4.18355648E-06
   1.33999801       3.71804867E-06
   1.35999799       3.46252637E-06
   1.37999797       3.23635982E-06
   1.39999795       2.90228400E-06
   1.41999793       2.57143029E-06
   1.43999791       2.47627008E-06
   1.45999789       2.43805243E-06
   1.47999787       2.22730796E-06
   1.49999785       2.06036134E-06
   1.51999784       2.06582831E-06
   1.53999782       2.01294051E-06
   1.55999780       1.86120690E-06
   1.57999778       1.75625178E-06
   1.59999776       1.69762973E-06
   1.61999774       1.68539361E-06
   1.63999772       1.65502445E-06
   1.65999770       1.62044228E-06
   1.67999768       1.54969700E-06
   1.69999766       1.51402867E-06
   1.71999764       1.46608659E-06
   1.73999763       1.39526344E-06
   1.75999761       1.38775226E-06
   1.77999759       1.40858288E-06
   1.79999757       1.36891731E-06
   1.81999755       1.32292337E-06
   1.83999753       1.33406229E-06
   1.85999751       1.36554445E-06
   1.87999749       1.31561569E-06
   1.89999747       1.26727798E-06
   1.91999745       1.22873473E-06
   1.93999743       1.30174328E-06
   1.95999742       1.33796561E-06
   1.97999740       1.34419804E-06
   1.99999738       1.34692232E-06
   2.01999736       1.32606499E-06
   2.03999734       1.31783884E-06
   2.05999732       1.35647679E-06
   2.07999730       1.40347868E-06
   2.09999728       1.34028915E-06
   2.11999726       1.19871106E-06
   2.13999724       1.16165904E-06
   2.15999722       1.15786929E-06
   2.17999721       9.89455884E-07
   2.19999719       8.29767657E-07
   2.21999717       7.63014157E-07
   2.23999715       6.68522375E-07
   2.25999713       6.14503165E-07
   2.27999711       5.91646938E-07
   2.29999709       6.08949392E-07
   2.31999707       7.23357232E-07
   2.33999705       7.94362222E-07
   2.35999703       7.03516548E-07
   2.37999701       5.83997007E-07
   2.39999700       4.50719568E-07
   2.41999698       3.03946194E-07
   2.43999696       2.12947327E-07
   2.45999694       1.66412846E-07
   2.47999692       1.70757190E-07
   2.49999690       1.86428593E-07
   2.51999688       1.85510828E-07
   2.53999686       2.28073816E-07
   2.55999684       3.00324587E-07
   2.57999682       2.70602413E-07
   2.59999681       1.46626050E-07
   2.61999679       7.21627131E-08
   2.63999677       1.23513956E-07
   2.65999675       2.51285911E-07
   2.67999673       3.41638383E-07
   2.69999671       3.73615251E-07
   2.71999669       2.83679242E-07
   2.73999667       2.09593807E-07
   2.75999665       3.94833535E-07
   2.77999663       5.92121864E-07
   2.79999661       5.87490320E-07
   2.81999660       4.33877119E-07
   2.83999658       3.52818347E-07
   2.85999656       5.44377201E-07
   2.87999654       7.93471600E-07
   2.89999652       7.07395373E-07
   2.91999650       4.69818445E-07
   2.93999648       5.17178933E-07
   2.95999646       8.05523825E-07
   2.97999644       7.86685462E-07
   2.99999642       5.72172496E-07
   3.01999640       6.44605677E-07
   3.03999639       8.28053260E-07
   3.05999637       6.73946317E-07
   3.07999635       5.15574470E-07
   3.09999633       6.48228877E-07
