  -2.00000000       1.27504973E-06
  -1.98000002       1.44795911E-06
  -1.96000004       1.52691700E-06
  -1.94000006       1.25408667E-06
  -1.92000008       1.04952960E-06
  -1.90000010       1.27475641E-06
  -1.88000011       1.63150412E-06
  -1.86000013       1.60828017E-06
  -1.84000015       1.23511313E-06
  -1.82000017       1.05391234E-06
  -1.80000019       1.32926903E-06
  -1.78000021       1.73862099E-06
  -1.76000023       1.78009873E-06
  -1.74000025       1.46139416E-06
  -1.72000027       1.21041001E-06
  -1.70000029       1.32166349E-06
  -1.68000031       1.71777754E-06
  -1.66000032       2.09213272E-06
  -1.64000034       2.11652059E-06
  -1.62000036       1.76544984E-06
  -1.60000038       1.40971497E-06
  -1.58000040       1.40889983E-06
  -1.56000042       1.84111502E-06
  -1.54000044       2.44359512E-06
  -1.52000046       2.83624922E-06
  -1.50000048       2.87880675E-06
  -1.48000050       2.63744346E-06
  -1.46000051       2.26270254E-06
  -1.44000053       2.03774243E-06
  -1.42000055       2.27401097E-06
  -1.40000057       2.91546871E-06
  -1.38000059       3.61659318E-06
  -1.36000061       4.24490781E-06
  -1.34000063       4.71470275E-06
  -1.32000065       4.89904915E-06
  -1.30000067       4.36646633E-06
  -1.28000069       3.82250482E-06
  -1.26000071       3.98931707E-06
  -1.24000072       6.34295338E-06
  -1.22000074       8.62223442E-06
  -1.20000076       8.61010722E-06
  -1.18000078       4.93992229E-06
  -1.16000080       5.62909463E-06
  -1.14000082       1.12814059E-05
  -1.12000084       1.85738863E-05
  -1.10000086       1.83670218E-05
  -1.08000088       2.16912049E-05
  -1.06000090       2.21224691E-05
  -1.04000092       3.49681177E-05
  -1.02000093       3.69400259E-05
  -1.00000095       6.46887202E-05
 -0.980000973       6.84995539E-05
 -0.960000992       1.34585280E-04
 -0.940001011       1.26877465E-04
 -0.920001030       2.76479695E-04
 -0.900001049       2.23196781E-04
 -0.880001068       5.36492385E-04
 -0.860001087       3.45184730E-04
 -0.840001106       9.50441812E-04
 -0.820001125       4.82117583E-04
 -0.800001144       1.52484153E-03
 -0.780001163       6.25238346E-04
 -0.760001183       2.32185866E-03
 -0.740001202       8.47586198E-04
 -0.720001221       3.49365710E-03
 -0.700001240       1.36120885E-03
 -0.680001259       5.36494423E-03
 -0.660001278       2.59850058E-03
 -0.640001297       7.97188282E-03
 -0.620001316       5.31601300E-03
 -0.600001335       1.06861880E-02
 -0.580001354       1.04421675E-02
 -0.560001373       1.32638803E-02
 -0.540001392       1.96190178E-02
 -0.520001411       1.60792954E-02
 -0.500001431       3.64184864E-02
 -0.480001420       1.81893483E-02
 -0.460001409       6.47547916E-02
 -0.440001398       1.87219977E-02
 -0.420001388      0.106735833    
 -0.400001377       2.00391710E-02
 -0.380001366      0.168394387    
 -0.360001355       2.36014128E-02
 -0.340001345      0.255128741    
 -0.320001334       3.45637128E-02
 -0.300001323      0.362342358    
 -0.280001312       6.22963570E-02
 -0.260001302      0.496578813    
 -0.240001306      0.114079446    
 -0.220001310      0.648951173    
 -0.200001314      0.207442492    
 -0.180001318      0.809771121    
 -0.160001323      0.345038295    
 -0.140001327      0.978840709    
 -0.120001331      0.544526160    
 -0.100001335       1.12757468    
  -8.00013393E-02  0.789156556    
  -6.00013398E-02   1.27484357    
  -4.00013402E-02   1.09517336    
  -2.00013407E-02   1.35620880    
  -1.34110451E-06   1.37044966    
   1.99986584E-02   1.88285005    
   3.99986580E-02   1.95692194    
   5.99986576E-02   2.00632930    
   7.99986571E-02   2.07268190    
   9.99986529E-02   2.11048007    
  0.119998649       2.11004329    
  0.139998645       2.09352899    
  0.159998640       2.06487489    
  0.179998636       2.01111650    
  0.199998632       1.93248105    
  0.219998628       1.84196961    
  0.239998624       1.74481297    
  0.259998620       1.63585639    
  0.279998630       1.51413286    
  0.299998641       1.38751650    
  0.319998652       1.26357126    
  0.339998662       1.14281499    
  0.359998673       1.02275515    
  0.379998684      0.904169679    
  0.399998695      0.791421652    
  0.419998705      0.688229799    
  0.439998716      0.595030904    
  0.459998727      0.510138214    
  0.479998738      0.432438374    
  0.499998748      0.362295717    
  0.519998729      0.300633311    
  0.539998710      0.247831538    
  0.559998691      0.203187078    
  0.579998672      0.165443614    
  0.599998653      0.133450672    
  0.619998634      0.106404096    
  0.639998615       8.38570893E-02
  0.659998596       6.54448345E-02
  0.679998577       5.06850034E-02
  0.699998558       3.90239768E-02
  0.719998538       2.98837107E-02
  0.739998519       2.27217302E-02
  0.759998500       1.71140339E-02
  0.779998481       1.27442069E-02
  0.799998462       9.36341286E-03
  0.819998443       6.79076323E-03
  0.839998424       4.86610550E-03
  0.859998405       3.44985304E-03
  0.879998386       2.42642988E-03
  0.899998367       1.69816334E-03
  0.919998348       1.18773943E-03
  0.939998329       8.32765887E-04
  0.959998310       5.86250215E-04
  0.979998291       4.13262343E-04
  0.999998271       2.92590586E-04
   1.01999831       2.08289348E-04
   1.03999829       1.49657557E-04
   1.05999827       1.08654596E-04
   1.07999825       7.94668085E-05
   1.09999824       5.83339715E-05
   1.11999822       4.32082525E-05
   1.13999820       3.28978276E-05
   1.15999818       2.56825842E-05
   1.17999816       2.00761588E-05
   1.19999814       1.57436298E-05
   1.21999812       1.28317015E-05
   1.23999810       1.08492395E-05
   1.25999808       9.24734923E-06
   1.27999806       8.01295482E-06
   1.29999804       7.11979737E-06
   1.31999803       6.21906020E-06
   1.33999801       5.53937389E-06
   1.35999799       5.23811195E-06
   1.37999797       4.94968299E-06
   1.39999795       4.49544586E-06
   1.41999793       4.10503390E-06
   1.43999791       3.93335904E-06
   1.45999789       3.82570624E-06
   1.47999787       3.57584827E-06
   1.49999785       3.38371751E-06
   1.51999784       3.31142678E-06
   1.53999782       3.25222254E-06
   1.55999780       3.15822058E-06
   1.57999778       3.00432612E-06
   1.59999776       2.81840721E-06
   1.61999774       2.78287848E-06
   1.63999772       2.81127700E-06
   1.65999770       2.76577634E-06
   1.67999768       2.65191761E-06
   1.69999766       2.59484477E-06
   1.71999764       2.54509655E-06
   1.73999763       2.46211607E-06
   1.75999761       2.41461771E-06
   1.77999759       2.43659315E-06
   1.79999757       2.40772829E-06
   1.81999755       2.28378440E-06
   1.83999753       2.26895531E-06
   1.85999751       2.38024950E-06
   1.87999749       2.34804475E-06
   1.89999747       2.24417067E-06
   1.91999745       2.14812667E-06
   1.93999743       2.18358446E-06
   1.95999742       2.22719927E-06
   1.97999740       2.23860911E-06
   1.99999738       2.22548169E-06
   2.01999736       2.20516836E-06
   2.03999734       2.10067833E-06
   2.05999732       2.07652647E-06
   2.07999730       2.09480118E-06
   2.09999728       1.98414909E-06
   2.11999726       1.70113151E-06
   2.13999724       1.55262114E-06
   2.15999722       1.44263072E-06
   2.17999721       1.23583879E-06
   2.19999719       1.00403861E-06
   2.21999717       8.98911935E-07
   2.23999715       8.69307371E-07
   2.25999713       8.94178584E-07
   2.27999711       9.16615249E-07
   2.29999709       8.32112676E-07
   2.31999707       7.29646672E-07
   2.33999705       6.60652177E-07
   2.35999703       4.65234450E-07
   2.37999701       2.57685855E-07
   2.39999700       1.22062431E-07
   2.41999698       4.70313211E-08
   2.43999696       2.84226047E-08
   2.45999694       4.95450152E-08
   2.47999692       7.04839991E-08
   2.49999690       4.01076719E-08
   2.51999688       2.51184495E-09
   2.53999686       3.70001842E-08
   2.55999684       1.46630910E-07
   2.57999682       2.15584805E-07
   2.59999681       1.82509083E-07
   2.61999679       1.23113267E-07
   2.63999677       1.43530229E-07
   2.65999675       3.06432185E-07
   2.67999673       5.37570031E-07
   2.69999671       7.09419965E-07
   2.71999669       6.34196681E-07
   2.73999667       5.22071502E-07
   2.75999665       8.07356912E-07
   2.77999663       1.15447006E-06
   2.79999661       1.18438606E-06
   2.81999660       9.83691052E-07
   2.83999658       9.34461013E-07
   2.85999656       1.30030492E-06
   2.87999654       1.67602491E-06
   2.89999652       1.52057657E-06
   2.91999650       1.20234358E-06
   2.93999648       1.40371310E-06
   2.95999646       1.86505451E-06
   2.97999644       1.72955993E-06
   2.99999642       1.46691468E-06
   3.01999640       1.74632180E-06
   3.03999639       1.97023337E-06
   3.05999637       1.58556156E-06
   3.07999635       1.48059985E-06
   3.09999633       1.77662469E-06
