  -2.00000000       1.45033391E-06
  -1.98000002       1.57853754E-06
  -1.96000004       1.73592900E-06
  -1.94000006       1.50229630E-06
  -1.92000008       1.20762593E-06
  -1.90000010       1.33097842E-06
  -1.88000011       1.71783370E-06
  -1.86000013       1.82217354E-06
  -1.84000015       1.47567073E-06
  -1.82000017       1.16854756E-06
  -1.80000019       1.34586173E-06
  -1.78000021       1.79725919E-06
  -1.76000023       1.98862858E-06
  -1.74000025       1.72660145E-06
  -1.72000027       1.36883887E-06
  -1.70000029       1.34689969E-06
  -1.68000031       1.70242265E-06
  -1.66000032       2.16996773E-06
  -1.64000034       2.34530376E-06
  -1.62000036       2.04205321E-06
  -1.60000038       1.60286822E-06
  -1.58000040       1.46203627E-06
  -1.56000042       1.80442419E-06
  -1.54000044       2.41060638E-06
  -1.52000046       2.89780155E-06
  -1.50000048       3.05632011E-06
  -1.48000050       2.88117576E-06
  -1.46000051       2.49451068E-06
  -1.44000053       2.15911996E-06
  -1.42000055       2.23762754E-06
  -1.40000057       2.78116090E-06
  -1.38000059       3.48674507E-06
  -1.36000061       4.12951840E-06
  -1.34000063       4.64048662E-06
  -1.32000065       4.92291701E-06
  -1.30000067       4.50986317E-06
  -1.28000069       3.80433653E-06
  -1.26000071       3.34781180E-06
  -1.24000072       5.15351985E-06
  -1.22000074       8.06159278E-06
  -1.20000076       9.84532198E-06
  -1.18000078       6.46650233E-06
  -1.16000080       5.16538739E-06
  -1.14000082       8.33021841E-06
  -1.12000084       1.64193389E-05
  -1.10000086       1.76468711E-05
  -1.08000088       2.27159544E-05
  -1.06000090       2.20075526E-05
  -1.04000092       3.70735834E-05
  -1.02000093       3.75704949E-05
  -1.00000095       7.09445230E-05
 -0.980000973       7.11540415E-05
 -0.960000992       1.49217245E-04
 -0.940001011       1.33389680E-04
 -0.920001030       3.02744593E-04
 -0.900001049       2.35806758E-04
 -0.880001068       5.72127523E-04
 -0.860001087       3.68871610E-04
 -0.840001106       9.76600684E-04
 -0.820001125       5.30180754E-04
 -0.800001144       1.50876411E-03
 -0.780001163       7.23550096E-04
 -0.760001183       2.23089289E-03
 -0.740001202       1.05187751E-03
 -0.720001221       3.30184493E-03
 -0.700001240       1.77514914E-03
 -0.680001259       4.98775253E-03
 -0.660001278       3.39503912E-03
 -0.640001297       7.17176218E-03
 -0.620001316       6.66019134E-03
 -0.600001335       9.20531340E-03
 -0.580001354       1.23948092E-02
 -0.560001373       1.10351890E-02
 -0.540001392       2.23458204E-02
 -0.520001411       1.29660266E-02
 -0.500001431       4.01992798E-02
 -0.480001420       1.39198052E-02
 -0.460001409       6.90679774E-02
 -0.440001398       1.36972209E-02
 -0.420001388      0.110699892    
 -0.400001377       1.47969285E-02
 -0.380001366      0.171837345    
 -0.360001355       1.85543280E-02
 -0.340001345      0.255967468    
 -0.320001334       3.12113203E-02
 -0.300001323      0.358901024    
 -0.280001312       6.08403012E-02
 -0.260001302      0.488853753    
 -0.240001306      0.115462929    
 -0.220001310      0.634086013    
 -0.200001314      0.211205587    
 -0.180001318      0.790454030    
 -0.160001323      0.349576145    
 -0.140001327      0.954369187    
 -0.120001331      0.548807263    
 -0.100001335       1.10235572    
  -8.00013393E-02  0.789068401    
  -6.00013398E-02   1.25056708    
  -4.00013402E-02   1.09048271    
  -2.00013407E-02   1.33798337    
  -1.34110451E-06   1.35765243    
   1.99986584E-02   1.86722982    
   3.99986580E-02   1.94430387    
   5.99986576E-02   1.99461722    
   7.99986571E-02   2.06153703    
   9.99986529E-02   2.10281539    
  0.119998649       2.10562468    
  0.139998645       2.09003448    
  0.159998640       2.06314468    
  0.179998636       2.01325178    
  0.199998632       1.93758857    
  0.219998628       1.84789681    
  0.239998624       1.75176692    
  0.259998620       1.64537907    
  0.279998630       1.52602136    
  0.299998641       1.39995158    
  0.319998652       1.27557671    
  0.339998662       1.15503871    
  0.359998673       1.03592265    
  0.379998684      0.917825997    
  0.399998695      0.804427981    
  0.419998705      0.699962616    
  0.439998716      0.605737805    
  0.459998727      0.520327628    
  0.479998738      0.442229718    
  0.499998748      0.371361285    
  0.519998729      0.308584124    
  0.539998710      0.254549861    
  0.559998691      0.208854035    
  0.579998672      0.170340404    
  0.599998653      0.137768880    
  0.619998634      0.110191502    
  0.639998615       8.70821327E-02
  0.659998596       6.80834427E-02
  0.679998577       5.27701005E-02
  0.699998558       4.06427085E-02
  0.719998538       3.11441850E-02
  0.739998519       2.37204842E-02
  0.759998500       1.79212503E-02
  0.779998481       1.34010399E-02
  0.799998462       9.89247486E-03
  0.819998443       7.20740901E-03
  0.839998424       5.18382248E-03
  0.859998405       3.68361524E-03
  0.879998386       2.59238272E-03
  0.899998367       1.81209564E-03
  0.919998348       1.26381055E-03
  0.939998329       8.82755849E-04
  0.959998310       6.18743477E-04
  0.979998291       4.34619928E-04
  0.999998271       3.06815404E-04
   1.01999831       2.17769382E-04
   1.03999829       1.56005626E-04
   1.05999827       1.13184135E-04
   1.07999825       8.28954580E-05
   1.09999824       6.08967821E-05
   1.11999822       4.50662774E-05
   1.13999820       3.43186330E-05
   1.15999818       2.68760705E-05
   1.17999816       2.10591661E-05
   1.19999814       1.64970425E-05
   1.21999812       1.34584570E-05
   1.23999810       1.13902661E-05
   1.25999808       9.69964549E-06
   1.27999806       8.38781216E-06
   1.29999804       7.48076536E-06
   1.31999803       6.53936786E-06
   1.33999801       5.81222594E-06
   1.35999799       5.48648950E-06
   1.37999797       5.17704848E-06
   1.39999795       4.71693056E-06
   1.41999793       4.35062702E-06
   1.43999791       4.13926045E-06
   1.45999789       3.98477960E-06
   1.47999787       3.75383661E-06
   1.49999785       3.57724412E-06
   1.51999784       3.45633930E-06
   1.53999782       3.39484632E-06
   1.55999780       3.34865990E-06
   1.57999778       3.18965408E-06
   1.59999776       2.96327835E-06
   1.61999774       2.91007132E-06
   1.63999772       2.95758900E-06
   1.65999770       2.91360493E-06
   1.67999768       2.79807023E-06
   1.69999766       2.73246292E-06
   1.71999764       2.68464032E-06
   1.73999763       2.61406012E-06
   1.75999761       2.55065675E-06
   1.77999759       2.55880445E-06
   1.79999757       2.53971393E-06
   1.81999755       2.40279928E-06
   1.83999753       2.37309041E-06
   1.85999751       2.49560458E-06
   1.87999749       2.48486958E-06
   1.89999747       2.37213817E-06
   1.91999745       2.26696375E-06
   1.93999743       2.26469092E-06
   1.95999742       2.30276032E-06
   1.97999740       2.31656782E-06
   1.99999738       2.29704051E-06
   2.01999736       2.27837791E-06
   2.03999734       2.14995475E-06
   2.05999732       2.09247696E-06
   2.07999730       2.07898483E-06
   2.09999728       1.95949588E-06
   2.11999726       1.67322378E-06
   2.13999724       1.48752997E-06
   2.15999722       1.33225888E-06
   2.17999721       1.14887200E-06
   2.19999719       9.36135280E-07
   2.21999717       8.25322616E-07
   2.23999715       8.23336165E-07
   2.25999713       8.68894062E-07
   2.27999711       8.97165023E-07
   2.29999709       7.88159525E-07
   2.31999707       6.14930457E-07
   2.33999705       4.99241480E-07
   2.35999703       3.19122194E-07
   2.37999701       1.45824643E-07
   2.39999700       5.38016032E-08
   2.41999698       3.32040422E-08
   2.43999696       5.31958371E-08
   2.45999694       6.17055065E-08
   2.47999692       5.42319505E-08
   2.49999690       2.47462939E-08
   2.51999688       2.79250099E-08
   2.53999686       1.22471945E-07
   2.55999684       2.94879982E-07
   2.57999682       3.87950649E-07
   2.59999681       3.24894330E-07
   2.61999679       2.30374027E-07
   2.63999677       2.87275867E-07
   2.65999675       5.31002001E-07
   2.67999673       8.10411279E-07
   2.69999671       9.63821549E-07
   2.71999669       8.48164916E-07
   2.73999667       7.70493557E-07
   2.75999665       1.17710908E-06
   2.77999663       1.57351030E-06
   2.79999661       1.50213475E-06
   2.81999660       1.24955886E-06
   2.83999658       1.28576801E-06
   2.85999656       1.75396929E-06
   2.87999654       2.10763460E-06
   2.89999652       1.86182979E-06
   2.91999650       1.55521468E-06
   2.93999648       1.85819556E-06
   2.95999646       2.30270848E-06
   2.97999644       2.04979347E-06
   2.99999642       1.83259056E-06
   3.01999640       2.20705920E-06
   3.03999639       2.33929700E-06
   3.05999637       1.85431281E-06
   3.07999635       1.83658869E-06
   3.09999633       2.12033433E-06
