  -2.00000000       9.12247458E-07
  -1.98000002       6.27160262E-07
  -1.96000004       6.22353582E-07
  -1.94000006       7.37516757E-07
  -1.92000008       6.71265468E-07
  -1.90000010       4.31217416E-07
  -1.88000011       3.44895028E-07
  -1.86000013       5.10680763E-07
  -1.84000015       6.57877365E-07
  -1.82000017       5.47342324E-07
  -1.80000019       3.30293346E-07
  -1.78000021       2.93036749E-07
  -1.76000023       5.16502666E-07
  -1.74000025       6.85164764E-07
  -1.72000027       5.64093341E-07
  -1.70000029       3.47519659E-07
  -1.68000031       2.50555047E-07
  -1.66000032       3.73526575E-07
  -1.64000034       6.43032138E-07
  -1.62000036       7.65834670E-07
  -1.60000038       6.47583363E-07
  -1.58000040       4.18250835E-07
  -1.56000042       2.67804353E-07
  -1.54000044       3.35646803E-07
  -1.52000046       5.93878099E-07
  -1.50000048       8.64360231E-07
  -1.48000050       9.78857429E-07
  -1.46000051       8.89279534E-07
  -1.44000053       6.52209337E-07
  -1.42000055       4.42738951E-07
  -1.40000057       4.97412543E-07
  -1.38000059       8.44914666E-07
  -1.36000061       1.27635542E-06
  -1.34000063       1.70548014E-06
  -1.32000065       1.97896566E-06
  -1.30000067       1.85396414E-06
  -1.28000069       1.57461068E-06
  -1.26000071       2.45053275E-06
  -1.24000072       5.05811067E-06
  -1.22000074       5.93526056E-06
  -1.20000076       3.78916161E-06
  -1.18000078       2.79908068E-06
  -1.16000080       9.83778591E-06
  -1.14000082       1.74059496E-05
  -1.12000084       2.42331462E-05
  -1.10000086       2.32423663E-05
  -1.08000088       3.32596464E-05
  -1.06000090       3.75199343E-05
  -1.04000092       6.14146193E-05
  -1.02000093       6.53098396E-05
  -1.00000095       1.09221321E-04
 -0.980000973       1.14990464E-04
 -0.960000992       2.01319373E-04
 -0.940001011       2.04885844E-04
 -0.920001030       3.48449918E-04
 -0.900001049       3.49310867E-04
 -0.880001068       5.64970600E-04
 -0.860001087       5.64001093E-04
 -0.840001106       8.42222362E-04
 -0.820001125       8.92127515E-04
 -0.800001144       1.19026797E-03
 -0.780001163       1.41618110E-03
 -0.760001183       1.66165689E-03
 -0.740001202       2.37063644E-03
 -0.720001221       2.26536510E-03
 -0.700001240       4.10543568E-03
 -0.680001259       2.94205197E-03
 -0.660001278       7.07779732E-03
 -0.640001297       3.46996728E-03
 -0.620001316       1.18963290E-02
 -0.600001335       3.66599904E-03
 -0.580001354       1.96361449E-02
 -0.560001373       3.51444841E-03
 -0.540001392       3.22486721E-02
 -0.520001411       2.80698249E-03
 -0.500001431       5.16956523E-02
 -0.480001420       1.68254063E-03
 -0.460001409       7.94886723E-02
 -0.440001398       1.29565306E-03
 -0.420001388      0.119201399    
 -0.400001377       3.40084755E-03
 -0.380001366      0.174088717    
 -0.360001355       1.16368448E-02
 -0.340001345      0.244264290    
 -0.320001334       3.15242633E-02
 -0.300001323      0.333074242    
 -0.280001312       6.94218725E-02
 -0.260001302      0.440920174    
 -0.240001306      0.134961843    
 -0.220001310      0.563586652    
 -0.200001314      0.235033333    
 -0.180001318      0.702449799    
 -0.160001323      0.377285361    
 -0.140001327      0.848549664    
 -0.120001331      0.566090822    
 -0.100001335      0.997838736    
  -8.00013393E-02  0.793124020    
  -6.00013398E-02   1.14821565    
  -4.00013402E-02   1.06562579    
  -2.00013407E-02   1.26337862    
  -1.34110451E-06   1.30857134    
   1.99986584E-02   1.80005419    
   3.99986580E-02   1.88376951    
   5.99986576E-02   1.94733059    
   7.99986571E-02   2.01748300    
   9.99986529E-02   2.06292009    
  0.119998649       2.08075285    
  0.139998645       2.07827330    
  0.159998640       2.05599499    
  0.179998636       2.01371002    
  0.199998632       1.95296335    
  0.219998628       1.87500405    
  0.239998624       1.78263474    
  0.259998620       1.67993641    
  0.279998630       1.56946146    
  0.299998641       1.45206332    
  0.319998652       1.32998574    
  0.339998662       1.20740879    
  0.359998673       1.08777440    
  0.379998684      0.972069442    
  0.399998695      0.860258698    
  0.419998705      0.753455281    
  0.439998716      0.653940797    
  0.459998727      0.563431561    
  0.479998738      0.482189238    
  0.499998748      0.409357250    
  0.519998729      0.344045937    
  0.539998710      0.286049873    
  0.559998691      0.235508144    
  0.579998672      0.192397624    
  0.599998653      0.156232551    
  0.619998634      0.126090124    
  0.639998615      0.101006493    
  0.659998596       8.01558942E-02
  0.679998577       6.29033074E-02
  0.699998558       4.88043465E-02
  0.719998538       3.74765098E-02
  0.739998519       2.85211951E-02
  0.759998500       2.15538312E-02
  0.779998481       1.61911827E-02
  0.799998462       1.20867658E-02
  0.819998443       8.96697119E-03
  0.839998424       6.60132710E-03
  0.859998405       4.81373724E-03
  0.879998386       3.47254542E-03
  0.899998367       2.47643050E-03
  0.919998348       1.74749258E-03
  0.939998329       1.22277252E-03
  0.959998310       8.48570198E-04
  0.979998291       5.85443922E-04
  0.999998271       4.02135862E-04
   1.01999831       2.74829101E-04
   1.03999829       1.87608501E-04
   1.05999827       1.29370528E-04
   1.07999825       9.01197345E-05
   1.09999824       6.27118352E-05
   1.11999822       4.36510236E-05
   1.13999820       3.11383919E-05
   1.15999818       2.29404886E-05
   1.17999816       1.69939613E-05
   1.19999814       1.25340794E-05
   1.21999812       9.59339104E-06
   1.23999810       7.58696842E-06
   1.25999808       6.09290873E-06
   1.27999806       4.96494977E-06
   1.29999804       4.18829040E-06
   1.31999803       3.53526070E-06
   1.33999801       3.02824947E-06
   1.35999799       2.65402468E-06
   1.37999797       2.35886569E-06
   1.39999795       2.14753254E-06
   1.41999793       2.02000865E-06
   1.43999791       1.78871392E-06
   1.45999789       1.56883527E-06
   1.47999787       1.51097913E-06
   1.49999785       1.45739511E-06
   1.51999784       1.30048625E-06
   1.53999782       1.24104236E-06
   1.55999780       1.27161240E-06
   1.57999778       1.21171342E-06
   1.59999776       1.10202916E-06
   1.61999774       1.02148556E-06
   1.63999772       1.00530985E-06
   1.65999770       9.92315222E-07
   1.67999768       9.70841143E-07
   1.69999766       9.25874417E-07
   1.71999764       8.94499294E-07
   1.73999763       8.92325431E-07
   1.75999761       8.54058385E-07
   1.77999759       7.98478823E-07
   1.79999757       7.79248410E-07
   1.81999755       7.59892259E-07
   1.83999753       7.26025348E-07
   1.85999751       7.14253304E-07
   1.87999749       7.41236761E-07
   1.89999747       7.17815283E-07
   1.91999745       6.82425082E-07
   1.93999743       5.96804909E-07
   1.95999742       5.60494698E-07
   1.97999740       5.52569873E-07
   1.99999738       5.30275713E-07
   2.01999736       4.99303269E-07
   2.03999734       4.42795283E-07
   2.05999732       3.59789880E-07
   2.07999730       2.78796307E-07
   2.09999728       2.20557482E-07
   2.11999726       1.64794031E-07
   2.13999724       8.31482794E-08
   2.15999722       2.63924083E-08
   2.17999721       1.23237527E-08
   2.19999719       1.01589688E-08
   2.21999717       1.29954518E-08
   2.23999715       1.11570628E-08
   2.25999713       6.57295507E-09
   2.27999711       1.94500926E-09
   2.29999709       3.47075102E-09
   2.31999707       5.83567541E-08
   2.33999705       1.96790651E-07
   2.35999703       3.11567106E-07
   2.37999701       4.22449375E-07
   2.39999700       5.28950238E-07
   2.41999698       5.49857646E-07
   2.43999696       5.24181473E-07
   2.45999694       5.38858956E-07
   2.47999692       6.43124906E-07
   2.49999690       8.27818042E-07
   2.51999688       1.04033177E-06
   2.53999686       1.31403840E-06
   2.55999684       1.54270458E-06
   2.57999682       1.51272661E-06
   2.59999681       1.36017081E-06
   2.61999679       1.45195850E-06
   2.63999677       1.80982397E-06
   2.65999675       2.19465483E-06
   2.67999673       2.14913211E-06
   2.69999671       1.76685035E-06
   2.71999669       1.75260254E-06
   2.73999667       2.33831975E-06
   2.75999665       2.82493011E-06
   2.77999663       2.76017136E-06
   2.79999661       2.19975095E-06
   2.81999660       2.16885815E-06
   2.83999658       2.67916562E-06
   2.85999656       2.87568696E-06
   2.87999654       2.51344841E-06
   2.89999652       2.26459338E-06
   2.91999650       2.57997317E-06
   2.93999648       2.74697481E-06
   2.95999646       2.30465889E-06
   2.97999644       2.03116656E-06
   2.99999642       2.32223101E-06
   3.01999640       2.33376159E-06
   3.03999639       1.84522173E-06
   3.05999637       1.73913770E-06
   3.07999635       1.83679504E-06
   3.09999633       1.40054260E-06
