  -2.00000000       6.25168127E-07
  -1.98000002       7.06930621E-07
  -1.96000004       6.57212979E-07
  -1.94000006       4.74459398E-07
  -1.92000008       4.15621457E-07
  -1.90000010       5.69871872E-07
  -1.88000011       7.01871045E-07
  -1.86000013       6.04709783E-07
  -1.84000015       3.75044948E-07
  -1.82000017       3.22275980E-07
  -1.80000019       5.00997544E-07
  -1.78000021       6.32852959E-07
  -1.76000023       5.43035810E-07
  -1.74000025       3.38486046E-07
  -1.72000027       2.43949046E-07
  -1.70000029       3.49932748E-07
  -1.68000031       4.92679305E-07
  -1.66000032       5.51302094E-07
  -1.64000034       4.91297612E-07
  -1.62000036       3.08303754E-07
  -1.60000038       1.65091379E-07
  -1.58000040       1.83109549E-07
  -1.56000042       3.52460376E-07
  -1.54000044       5.68572773E-07
  -1.52000046       7.26433768E-07
  -1.50000048       7.74895852E-07
  -1.48000050       7.19299294E-07
  -1.46000051       6.10331199E-07
  -1.44000053       5.41583631E-07
  -1.42000055       6.33840955E-07
  -1.40000057       1.05183869E-06
  -1.38000059       1.81388532E-06
  -1.36000061       2.66540314E-06
  -1.34000063       3.44308137E-06
  -1.32000065       3.97490885E-06
  -1.30000067       4.60481033E-06
  -1.28000069       5.91727257E-06
  -1.26000071       9.30830538E-06
  -1.24000072       1.22927404E-05
  -1.22000074       1.20490959E-05
  -1.20000076       8.93518245E-06
  -1.18000078       1.32678342E-05
  -1.16000080       2.50200028E-05
  -1.14000082       3.85856729E-05
  -1.12000084       4.30723121E-05
  -1.10000086       5.23399140E-05
  -1.08000088       5.78367253E-05
  -1.06000090       7.90144841E-05
  -1.04000092       8.56367915E-05
  -1.02000093       1.21914571E-04
  -1.00000095       1.24504993E-04
 -0.980000973       1.90104809E-04
 -0.960000992       1.88630802E-04
 -0.940001011       3.17727041E-04
 -0.920001030       2.91545206E-04
 -0.900001049       5.37267770E-04
 -0.880001068       4.51357890E-04
 -0.860001087       9.17995465E-04
 -0.840001106       6.68365799E-04
 -0.820001125       1.54559338E-03
 -0.800001144       9.33655887E-04
 -0.780001163       2.50634714E-03
 -0.760001183       1.19327242E-03
 -0.740001202       3.94096924E-03
 -0.720001221       1.39268138E-03
 -0.700001240       6.08530454E-03
 -0.680001259       1.57709152E-03
 -0.660001278       9.57081374E-03
 -0.640001297       1.78295968E-03
 -0.620001316       1.51913576E-02
 -0.600001335       1.94747734E-03
 -0.580001354       2.32538432E-02
 -0.560001373       2.06539058E-03
 -0.540001392       3.43339704E-02
 -0.520001411       2.44323118E-03
 -0.500001431       5.08381277E-02
 -0.480001420       4.00283979E-03
 -0.460001409       7.43902847E-02
 -0.440001398       8.33369326E-03
 -0.420001388      0.104755864    
 -0.400001377       1.73034854E-02
 -0.380001366      0.145964071    
 -0.360001355       3.39038074E-02
 -0.340001345      0.200864583    
 -0.320001334       6.43874407E-02
 -0.300001323      0.267069668    
 -0.280001312      0.112135768    
 -0.260001302      0.352859348    
 -0.240001306      0.183746517    
 -0.220001310      0.454024822    
 -0.200001314      0.287540078    
 -0.180001318      0.572432339    
 -0.160001323      0.420914710    
 -0.140001327      0.710883081    
 -0.120001331      0.596563101    
 -0.100001335      0.856167197    
  -8.00013393E-02  0.794594884    
  -6.00013398E-02   1.02290559    
  -4.00013402E-02   1.03573918    
  -2.00013407E-02   1.16013551    
  -1.34110451E-06   1.23762429    
   1.99986584E-02   1.71717227    
   3.99986580E-02   1.80302572    
   5.99986576E-02   1.87126851    
   7.99986571E-02   1.95600653    
   9.99986529E-02   2.01357770    
  0.119998649       2.03719854    
  0.139998645       2.04727507    
  0.159998640       2.04428864    
  0.179998636       2.01508069    
  0.199998632       1.96163416    
  0.219998628       1.89589489    
  0.239998624       1.82007623    
  0.259998620       1.72850823    
  0.279998630       1.62225461    
  0.299998641       1.50968683    
  0.319998652       1.39610267    
  0.339998662       1.28042984    
  0.359998673       1.16159427    
  0.379998684       1.04297328    
  0.399998695      0.929411232    
  0.419998705      0.822978914    
  0.439998716      0.722893953    
  0.459998727      0.628356576    
  0.479998738      0.540459096    
  0.499998748      0.461059719    
  0.519998729      0.390983820    
  0.539998710      0.329564542    
  0.559998691      0.275447458    
  0.579998672      0.227686986    
  0.599998653      0.186044589    
  0.619998634      0.150552452    
  0.639998615      0.121064939    
  0.659998596       9.69674140E-02
  0.679998577       7.73310810E-02
  0.699998558       6.12507649E-02
  0.719998538       4.80082519E-02
  0.739998519       3.71200368E-02
  0.759998500       2.82939021E-02
  0.779998481       2.12800819E-02
  0.799998462       1.58405565E-02
  0.819998443       1.17224548E-02
  0.839998424       8.65405612E-03
  0.859998405       6.38629450E-03
  0.879998386       4.70975926E-03
  0.899998367       3.46549042E-03
  0.919998348       2.53767055E-03
  0.939998329       1.84482068E-03
  0.959998310       1.32695632E-03
  0.979998291       9.45675303E-04
  0.999998271       6.65934000E-04
   1.01999831       4.61806747E-04
   1.03999829       3.15360667E-04
   1.05999827       2.13777414E-04
   1.07999825       1.44176418E-04
   1.09999824       9.62048725E-05
   1.11999822       6.34282478E-05
   1.13999820       4.15925388E-05
   1.15999818       2.73052228E-05
   1.17999816       1.80055904E-05
   1.19999814       1.18607250E-05
   1.21999812       7.73862757E-06
   1.23999810       5.03025331E-06
   1.25999808       3.33910634E-06
   1.27999806       2.22830181E-06
   1.29999804       1.44667035E-06
   1.31999803       9.83599762E-07
   1.33999801       6.71099599E-07
   1.35999799       4.08471465E-07
   1.37999797       2.51350571E-07
   1.39999795       1.84222785E-07
   1.41999793       1.36835268E-07
   1.43999791       7.30493426E-08
   1.45999789       3.24866321E-08
   1.47999787       2.94906943E-08
   1.49999785       2.81737691E-08
   1.51999784       1.84100202E-08
   1.53999782       2.47056384E-08
   1.55999780       4.06768983E-08
   1.57999778       3.87019377E-08
   1.59999776       3.10785317E-08
   1.61999774       4.47303030E-08
   1.63999772       7.27322771E-08
   1.65999770       8.40026289E-08
   1.67999768       8.04080642E-08
   1.69999766       8.50109814E-08
   1.71999764       9.42746325E-08
   1.73999763       1.03182302E-07
   1.75999761       1.09253769E-07
   1.77999759       1.33769774E-07
   1.79999757       1.55923743E-07
   1.81999755       1.39867510E-07
   1.83999753       1.44777630E-07
   1.85999751       1.84758193E-07
   1.87999749       1.95796659E-07
   1.89999747       1.78331078E-07
   1.91999745       1.80314231E-07
   1.93999743       2.13255603E-07
   1.95999742       2.74470580E-07
   1.97999740       3.24140302E-07
   1.99999738       3.65778391E-07
   2.01999736       4.29240487E-07
   2.03999734       4.89918250E-07
   2.05999732       6.04748834E-07
   2.07999730       7.80716732E-07
   2.09999728       9.38600124E-07
   2.11999726       1.04144488E-06
   2.13999724       1.15190119E-06
   2.15999722       1.27633723E-06
   2.17999721       1.39553083E-06
   2.19999719       1.35721280E-06
   2.21999717       1.29930345E-06
   2.23999715       1.39629196E-06
   2.25999713       1.59777244E-06
   2.27999711       1.91051208E-06
   2.29999709       2.24721248E-06
   2.31999707       2.54218821E-06
   2.33999705       2.95217501E-06
   2.35999703       3.21318771E-06
   2.37999701       3.13026703E-06
   2.39999700       2.88962201E-06
   2.41999698       2.73801675E-06
   2.43999696       2.78720381E-06
   2.45999694       3.19137257E-06
   2.47999692       3.74044771E-06
   2.49999690       4.00911858E-06
   2.51999688       3.87961700E-06
   2.53999686       3.44481100E-06
   2.55999684       2.98443683E-06
   2.57999682       3.01886325E-06
   2.59999681       3.64638049E-06
   2.61999679       4.31276931E-06
   2.63999677       4.17353203E-06
   2.65999675       3.47810123E-06
   2.67999673       3.03686238E-06
   2.69999671       3.25117935E-06
   2.71999669       3.69924669E-06
   2.73999667       3.64020548E-06
   2.75999665       3.00977968E-06
   2.77999663       2.59035278E-06
   2.79999661       3.03371189E-06
   2.81999660       3.40214092E-06
   2.83999658       2.98373175E-06
   2.85999656       2.34237723E-06
   2.87999654       2.21762525E-06
   2.89999652       2.53167741E-06
   2.91999650       2.47283742E-06
   2.93999648       1.93260462E-06
   2.95999646       1.76956803E-06
   2.97999644       1.90717424E-06
   2.99999642       1.57386262E-06
   3.01999640       1.15750754E-06
   3.03999639       1.23900168E-06
   3.05999637       1.21043615E-06
   3.07999635       8.03513501E-07
   3.09999633       7.48009541E-07
