  -2.00000000       3.41152493E-08
  -1.98000002       5.90437459E-08
  -1.96000004       1.02635994E-07
  -1.94000006       9.47713303E-08
  -1.92000008       5.08974942E-08
  -1.90000010       3.54486076E-08
  -1.88000011       1.02989752E-07
  -1.86000013       1.91083188E-07
  -1.84000015       1.80823292E-07
  -1.82000017       8.40966052E-08
  -1.80000019       3.39729276E-08
  -1.78000021       9.64444524E-08
  -1.76000023       2.35983521E-07
  -1.74000025       2.90719612E-07
  -1.72000027       1.84179427E-07
  -1.70000029       7.72311068E-08
  -1.68000031       8.26802875E-08
  -1.66000032       2.09378868E-07
  -1.64000034       3.94460784E-07
  -1.62000036       4.75169799E-07
  -1.60000038       4.11307951E-07
  -1.58000040       2.81955352E-07
  -1.56000042       2.13237215E-07
  -1.54000044       3.33197363E-07
  -1.52000046       6.56148586E-07
  -1.50000048       1.04949868E-06
  -1.48000050       1.33131152E-06
  -1.46000051       1.41828048E-06
  -1.44000053       1.35592313E-06
  -1.42000055       1.24416624E-06
  -1.40000057       1.38332598E-06
  -1.38000059       2.02427736E-06
  -1.36000061       3.13021314E-06
  -1.34000063       4.40384792E-06
  -1.32000065       5.51269386E-06
  -1.30000067       5.94143830E-06
  -1.28000069       5.31796059E-06
  -1.26000071       6.54716860E-06
  -1.24000072       1.19765418E-05
  -1.22000074       1.93914384E-05
  -1.20000076       1.92889402E-05
  -1.18000078       1.62880224E-05
  -1.16000080       1.78811624E-05
  -1.14000082       3.19065512E-05
  -1.12000084       4.14394817E-05
  -1.10000086       5.51056000E-05
  -1.08000088       5.76197708E-05
  -1.06000090       8.08048935E-05
  -1.04000092       8.50219076E-05
  -1.02000093       1.29203938E-04
  -1.00000095       1.30203160E-04
 -0.980000973       2.12787854E-04
 -0.960000992       2.08161757E-04
 -0.940001011       3.73927644E-04
 -0.920001030       3.40176804E-04
 -0.900001049       6.43829699E-04
 -0.880001068       5.34562801E-04
 -0.860001087       1.07266346E-03
 -0.840001106       7.82016432E-04
 -0.820001125       1.69871480E-03
 -0.800001144       1.07967970E-03
 -0.780001163       2.58855871E-03
 -0.760001183       1.41696574E-03
 -0.740001202       3.93042061E-03
 -0.720001221       1.83747534E-03
 -0.700001240       6.03608880E-03
 -0.680001259       2.44207052E-03
 -0.660001278       9.36594233E-03
 -0.640001297       3.27831344E-03
 -0.620001316       1.41965747E-02
 -0.600001335       4.37175157E-03
 -0.580001354       2.07785144E-02
 -0.560001373       5.91202406E-03
 -0.540001392       3.02513670E-02
 -0.520001411       8.45445972E-03
 -0.500001431       4.41991985E-02
 -0.480001420       1.31351398E-02
 -0.460001409       6.28231913E-02
 -0.440001398       2.11363994E-02
 -0.420001388       8.77667218E-02
 -0.400001377       3.42975743E-02
 -0.380001366      0.122616850    
 -0.360001355       5.63880317E-02
 -0.340001345      0.167519763    
 -0.320001334       9.12227333E-02
 -0.300001323      0.225471705    
 -0.280001312      0.142225221    
 -0.260001302      0.301366329    
 -0.240001306      0.216766715    
 -0.220001310      0.392695189    
 -0.200001314      0.317123413    
 -0.180001318      0.506543159    
 -0.160001323      0.447164923    
 -0.140001327      0.638628125    
 -0.120001331      0.610820115    
 -0.100001335      0.788666725    
  -8.00013393E-02  0.796417713    
  -6.00013398E-02  0.957600832    
  -4.00013402E-02   1.01814675    
  -2.00013407E-02   1.11184204    
  -1.34110451E-06   1.20302975    
   1.99986584E-02   1.66956913    
   3.99986580E-02   1.76108849    
   5.99986576E-02   1.83533728    
   7.99986571E-02   1.91981757    
   9.99986529E-02   1.98219609    
  0.119998649       2.01604009    
  0.139998645       2.03131294    
  0.159998640       2.03084803    
  0.179998636       2.00993967    
  0.199998632       1.96695721    
  0.219998628       1.90629399    
  0.239998624       1.83285975    
  0.259998620       1.74736917    
  0.279998630       1.64928436    
  0.299998641       1.54117525    
  0.319998652       1.42798412    
  0.339998662       1.31312788    
  0.359998673       1.19743645    
  0.379998684       1.08162427    
  0.399998695      0.967861474    
  0.419998705      0.858937383    
  0.439998716      0.756583393    
  0.459998727      0.661067307    
  0.479998738      0.572447002    
  0.499998748      0.491188049    
  0.519998729      0.417957157    
  0.539998710      0.353025913    
  0.559998691      0.295991033    
  0.579998672      0.246124238    
  0.599998653      0.202746183    
  0.619998634      0.165386260    
  0.639998615      0.133738354    
  0.659998596      0.107377887    
  0.679998577       8.56932104E-02
  0.699998558       6.79839402E-02
  0.719998538       5.35422973E-02
  0.739998519       4.17715162E-02
  0.759998500       3.22303288E-02
  0.779998481       2.45621148E-02
  0.799998462       1.84959937E-02
  0.819998443       1.37878908E-02
  0.839998424       1.01987161E-02
  0.859998405       7.50411954E-03
  0.879998386       5.50107099E-03
  0.899998367       4.02230024E-03
  0.919998348       2.93336553E-03
  0.939998329       2.13100784E-03
  0.959998310       1.53978216E-03
  0.979998291       1.10819272E-03
  0.999998271       7.92345847E-04
   1.01999831       5.61082386E-04
   1.03999829       3.93335562E-04
   1.05999827       2.74013815E-04
   1.07999825       1.90146442E-04
   1.09999824       1.31608846E-04
   1.11999822       9.08786606E-05
   1.13999820       6.23369560E-05
   1.15999818       4.25741855E-05
   1.17999816       2.95104637E-05
   1.19999814       2.08931942E-05
   1.21999812       1.46521425E-05
   1.23999810       1.02611821E-05
   1.25999808       7.39946154E-06
   1.27999806       5.46874571E-06
   1.29999804       4.00995032E-06
   1.31999803       3.13015289E-06
   1.33999801       2.49115328E-06
   1.35999799       1.87605622E-06
   1.37999797       1.46207742E-06
   1.39999795       1.28665693E-06
   1.41999793       1.12330792E-06
   1.43999791       9.15361227E-07
   1.45999789       7.32435467E-07
   1.47999787       6.61138813E-07
   1.49999785       6.05263494E-07
   1.51999784       5.35814422E-07
   1.53999782       4.84193833E-07
   1.55999780       4.63024492E-07
   1.57999778       4.43126510E-07
   1.59999776       4.17347763E-07
   1.61999774       3.64757511E-07
   1.63999772       3.28997544E-07
   1.65999770       3.38056566E-07
   1.67999768       3.49212911E-07
   1.69999766       3.29641608E-07
   1.71999764       3.10550007E-07
   1.73999763       3.14839582E-07
   1.75999761       3.21046713E-07
   1.77999759       2.97717548E-07
   1.79999757       2.88914975E-07
   1.81999755       3.17230274E-07
   1.83999753       3.26134511E-07
   1.85999751       3.27229145E-07
   1.87999749       3.76755878E-07
   1.89999747       4.11441079E-07
   1.91999745       4.28384709E-07
   1.93999743       4.20701667E-07
   1.95999742       4.51880311E-07
   1.97999740       5.45348541E-07
   1.99999738       6.44200838E-07
   2.01999736       7.22023515E-07
   2.03999734       8.34041032E-07
   2.05999732       8.93982190E-07
   2.07999730       9.32857802E-07
   2.09999728       1.02733100E-06
   2.11999726       1.15338457E-06
   2.13999724       1.08744814E-06
   2.15999722       9.95903406E-07
   2.17999721       1.01106389E-06
   2.19999719       1.02064359E-06
   2.21999717       9.90046374E-07
   2.23999715       1.11573206E-06
   2.25999713       1.39850374E-06
   2.27999711       1.71896966E-06
   2.29999709       1.94376184E-06
   2.31999707       1.94360314E-06
   2.33999705       1.88258548E-06
   2.35999703       1.90418132E-06
   2.37999701       1.77615607E-06
   2.39999700       1.56358885E-06
   2.41999698       1.53498570E-06
   2.43999696       1.73660089E-06
   2.45999694       1.97084159E-06
   2.47999692       2.19713252E-06
   2.49999690       2.26365637E-06
   2.51999688       2.05709284E-06
   2.53999686       1.64313917E-06
   2.55999684       1.37872348E-06
   2.57999682       1.50998039E-06
   2.59999681       1.94480413E-06
   2.61999679       2.23769689E-06
   2.63999677       2.00902673E-06
   2.65999675       1.49366758E-06
   2.67999673       1.35620758E-06
   2.69999671       1.72414718E-06
   2.71999669       1.88238516E-06
   2.73999667       1.48638105E-06
   2.75999665       1.08981897E-06
   2.77999663       1.03936407E-06
   2.79999661       1.39773397E-06
   2.81999660       1.51251095E-06
   2.83999658       1.09248106E-06
   2.85999656       7.97447854E-07
   2.87999654       8.88193256E-07
   2.89999652       9.96638050E-07
   2.91999650       7.91640616E-07
   2.93999648       5.54494875E-07
   2.95999646       6.32855176E-07
   2.97999644       6.15599845E-07
   2.99999642       3.56874466E-07
   3.01999640       2.35651100E-07
   3.03999639       3.05050861E-07
   3.05999637       2.09716973E-07
   3.07999635       7.01128187E-08
   3.09999633       9.92466838E-08
