  -2.00000000       3.24565093E-07
  -1.98000002       2.86542161E-07
  -1.96000004       1.80254986E-07
  -1.94000006       1.41788206E-07
  -1.92000008       2.11116102E-07
  -1.90000010       2.73186600E-07
  -1.88000011       2.05241292E-07
  -1.86000013       1.03094763E-07
  -1.84000015       1.04813999E-07
  -1.82000017       2.32567672E-07
  -1.80000019       3.46218940E-07
  -1.78000021       2.80081366E-07
  -1.76000023       1.26859433E-07
  -1.74000025       9.30264861E-08
  -1.72000027       2.21210925E-07
  -1.70000029       4.03761646E-07
  -1.68000031       4.28404348E-07
  -1.66000032       3.07410886E-07
  -1.64000034       2.18878952E-07
  -1.62000036       2.63743345E-07
  -1.60000038       4.94998176E-07
  -1.58000040       8.14397310E-07
  -1.56000042       1.03183015E-06
  -1.54000044       1.01615194E-06
  -1.52000046       8.76758577E-07
  -1.50000048       8.82131417E-07
  -1.48000050       1.28269573E-06
  -1.46000051       2.07391827E-06
  -1.44000053       3.03421712E-06
  -1.42000055       3.86245711E-06
  -1.40000057       4.40519352E-06
  -1.38000059       4.70447821E-06
  -1.36000061       4.85722421E-06
  -1.34000063       5.09702159E-06
  -1.32000065       6.07131278E-06
  -1.30000067       1.04712153E-05
  -1.28000069       1.92673124E-05
  -1.26000071       2.74045669E-05
  -1.24000072       2.62369340E-05
  -1.22000074       2.11175720E-05
  -1.20000076       2.37181903E-05
  -1.18000078       3.71160240E-05
  -1.16000080       4.96706089E-05
  -1.14000082       5.98102706E-05
  -1.12000084       7.44273057E-05
  -1.10000086       9.61740516E-05
  -1.08000088       1.24095270E-04
  -1.06000090       1.49489046E-04
  -1.04000092       1.89211438E-04
  -1.02000093       2.24985371E-04
  -1.00000095       3.04575282E-04
 -0.980000973       3.59386293E-04
 -0.960000992       5.09909063E-04
 -0.940001011       5.76428545E-04
 -0.920001030       8.53885780E-04
 -0.900001049       8.92462500E-04
 -0.880001068       1.33347593E-03
 -0.860001087       1.25975918E-03
 -0.840001106       1.97818503E-03
 -0.820001125       1.66221336E-03
 -0.800001144       2.89572915E-03
 -0.780001163       2.15459568E-03
 -0.760001183       4.36033122E-03
 -0.740001202       2.80817947E-03
 -0.720001221       6.75006909E-03
 -0.700001240       3.58169782E-03
 -0.680001259       1.02458466E-02
 -0.660001278       4.22654580E-03
 -0.640001297       1.49795385E-02
 -0.620001316       4.50195372E-03
 -0.600001335       2.17565466E-02
 -0.580001354       4.56373394E-03
 -0.560001373       3.19149792E-02
 -0.540001392       4.39811824E-03
 -0.520001411       4.58244868E-02
 -0.500001431       3.73448688E-03
 -0.480001420       6.40073046E-02
 -0.460001409       3.32216755E-03
 -0.440001398       8.91163796E-02
 -0.420001388       4.39891173E-03
 -0.400001377      0.122199208    
 -0.380001366       8.46163929E-03
 -0.360001355      0.162954673    
 -0.340001345       1.91995744E-02
 -0.320001334      0.215693042    
 -0.300001323       3.99573371E-02
 -0.280001312      0.279767334    
 -0.260001302       7.69106820E-02
 -0.240001306      0.355327219    
 -0.220001310      0.135615245    
 -0.200001314      0.447102427    
 -0.180001318      0.220964625    
 -0.160001323      0.548256338    
 -0.140001327      0.340937227    
 -0.120001331      0.667009652    
 -0.100001335      0.491705865    
  -8.00013393E-02  0.789579988    
  -6.00013398E-02  0.684127033    
  -4.00013402E-02  0.931953251    
  -2.00013407E-02  0.883804739    
  -1.34110451E-06   1.03630531    
   1.99986584E-02   1.45639896    
   3.99986580E-02   1.54983568    
   5.99986576E-02   1.64172494    
   7.99986571E-02   1.74533451    
   9.99986529E-02   1.82160115    
  0.119998649       1.87790000    
  0.139998645       1.92612839    
  0.159998640       1.95455134    
  0.179998636       1.95824897    
  0.199998632       1.94699860    
  0.219998628       1.92258024    
  0.239998624       1.87831724    
  0.259998620       1.81544650    
  0.279998630       1.74210525    
  0.299998641       1.66067946    
  0.319998652       1.56803298    
  0.339998662       1.46508539    
  0.359998673       1.35783553    
  0.379998684       1.25075448    
  0.399998695       1.14363515    
  0.419998705       1.03559554    
  0.439998716      0.928764582    
  0.459998727      0.826646626    
  0.479998738      0.731227696    
  0.499998748      0.642207265    
  0.519998729      0.558931291    
  0.539998710      0.481820345    
  0.559998691      0.411948383    
  0.579998672      0.350046009    
  0.599998653      0.295708388    
  0.619998634      0.247931927    
  0.639998615      0.205892801    
  0.659998596      0.169189751    
  0.679998577      0.137740418    
  0.699998558      0.111398041    
  0.719998538       8.96793380E-02
  0.739998519       7.19145238E-02
  0.759998500       5.73398545E-02
  0.779998481       4.53142710E-02
  0.799998462       3.53984162E-02
  0.819998443       2.72887051E-02
  0.839998424       2.07694247E-02
  0.859998405       1.56362932E-02
  0.879998386       1.16841979E-02
  0.899998367       8.69941898E-03
  0.919998348       6.46635937E-03
  0.939998329       4.80104284E-03
  0.959998310       3.56155029E-03
  0.979998291       2.63210060E-03
  0.999998271       1.93384709E-03
   1.01999831       1.41211203E-03
   1.03999829       1.02318870E-03
   1.05999827       7.32204178E-04
   1.07999825       5.17110340E-04
   1.09999824       3.61657119E-04
   1.11999822       2.50741694E-04
   1.13999820       1.72686443E-04
   1.15999818       1.18392134E-04
   1.17999816       8.03782314E-05
   1.19999814       5.38922395E-05
   1.21999812       3.65856940E-05
   1.23999810       2.49900859E-05
   1.25999808       1.68760016E-05
   1.27999806       1.13666747E-05
   1.29999804       7.79683887E-06
   1.31999803       5.32156082E-06
   1.33999801       3.67995244E-06
   1.35999799       2.67424957E-06
   1.37999797       1.93158053E-06
   1.39999795       1.31519937E-06
   1.41999793       9.27339045E-07
   1.43999791       6.89196440E-07
   1.45999789       5.23817903E-07
   1.47999787       4.10912179E-07
   1.49999785       3.00336325E-07
   1.51999784       1.96030527E-07
   1.53999782       1.50020725E-07
   1.55999780       1.28452726E-07
   1.57999778       9.15523941E-08
   1.59999776       6.36289883E-08
   1.61999774       6.10737416E-08
   1.63999772       5.85206621E-08
   1.65999770       4.22031690E-08
   1.67999768       2.46282745E-08
   1.69999766       2.48966767E-08
   1.71999764       3.26188001E-08
   1.73999763       3.20557731E-08
   1.75999761       2.23371046E-08
   1.77999759       2.57539963E-08
   1.79999757       3.59031986E-08
   1.81999755       3.19966951E-08
   1.83999753       3.64573829E-08
   1.85999751       5.28591251E-08
   1.87999749       6.22935517E-08
   1.89999747       7.32766097E-08
   1.91999745       1.10818263E-07
   1.93999743       1.59180601E-07
   1.95999742       2.09418474E-07
   1.97999740       2.32792246E-07
   1.99999738       2.86467895E-07
   2.01999736       4.09235497E-07
   2.03999734       4.90129651E-07
   2.05999732       5.82952225E-07
   2.07999730       6.75733531E-07
   2.09999728       6.77837306E-07
   2.11999726       6.28740224E-07
   2.13999724       6.78175354E-07
   2.15999722       7.06900494E-07
   2.17999721       7.31495447E-07
   2.19999719       8.39024096E-07
   2.21999717       1.15654689E-06
   2.23999715       1.54731856E-06
   2.25999713       1.78756386E-06
   2.27999711       1.92743892E-06
   2.29999709       2.02633009E-06
   2.31999707       2.01582179E-06
   2.33999705       1.88411798E-06
   2.35999703       1.67021335E-06
   2.37999701       1.72669513E-06
   2.39999700       2.16126250E-06
   2.41999698       2.63931656E-06
   2.43999696       2.80665063E-06
   2.45999694       2.77034428E-06
   2.47999692       2.53055100E-06
   2.49999690       2.23737220E-06
   2.51999688       2.27609735E-06
   2.53999686       2.79059645E-06
   2.55999684       3.26247164E-06
   2.57999682       3.16878140E-06
   2.59999681       2.57245188E-06
   2.61999679       2.14834154E-06
   2.63999677       2.32497337E-06
   2.65999675       3.08846666E-06
   2.67999673       3.44860496E-06
   2.69999671       2.73951946E-06
   2.71999669       2.21375194E-06
   2.73999667       2.50899939E-06
   2.75999665       2.85431838E-06
   2.77999663       2.63401716E-06
   2.79999661       2.09150039E-06
   2.81999660       1.85225826E-06
   2.83999658       2.24202995E-06
   2.85999656       2.42666783E-06
   2.87999654       1.93619940E-06
   2.89999652       1.62214508E-06
   2.91999650       1.80288578E-06
   2.93999648       1.70014164E-06
   2.95999646       1.22514530E-06
   2.97999644       1.19476033E-06
   2.99999642       1.36360086E-06
   3.01999640       1.03493517E-06
   3.03999639       6.67761014E-07
   3.05999637       7.33970921E-07
   3.07999635       5.81439338E-07
   3.09999633       3.11251114E-07
