  -2.00000000       1.38159407E-07
  -1.98000002       2.64962296E-07
  -1.96000004       3.60602314E-07
  -1.94000006       3.05322402E-07
  -1.92000008       2.47682124E-07
  -1.90000010       3.30825401E-07
  -1.88000011       4.76332502E-07
  -1.86000013       4.91101787E-07
  -1.84000015       3.61927988E-07
  -1.82000017       3.30204699E-07
  -1.80000019       5.70525799E-07
  -1.78000021       7.79619882E-07
  -1.76000023       7.19499496E-07
  -1.74000025       5.20104038E-07
  -1.72000027       4.98138320E-07
  -1.70000029       7.86322175E-07
  -1.68000031       1.09841835E-06
  -1.66000032       1.16889169E-06
  -1.64000034       1.06120922E-06
  -1.62000036       9.39313963E-07
  -1.60000038       1.05553215E-06
  -1.58000040       1.55003181E-06
  -1.56000042       2.17867250E-06
  -1.54000044       2.50063022E-06
  -1.52000046       2.43217869E-06
  -1.50000048       2.25759936E-06
  -1.48000050       2.46210584E-06
  -1.46000051       3.29152931E-06
  -1.44000053       4.62210164E-06
  -1.42000055       5.93013874E-06
  -1.40000057       6.99137172E-06
  -1.38000059       7.83778978E-06
  -1.36000061       8.94900859E-06
  -1.34000063       1.01769892E-05
  -1.32000065       1.01865089E-05
  -1.30000067       9.25537552E-06
  -1.28000069       1.20860377E-05
  -1.26000071       2.31581307E-05
  -1.24000072       3.35250188E-05
  -1.22000074       3.48741669E-05
  -1.20000076       2.99509247E-05
  -1.18000078       3.61653911E-05
  -1.16000080       4.78559487E-05
  -1.14000082       6.35930046E-05
  -1.12000084       7.49805768E-05
  -1.10000086       1.01826765E-04
  -1.08000088       1.25837745E-04
  -1.06000090       1.67542792E-04
  -1.04000092       1.99424991E-04
  -1.02000093       2.67065072E-04
  -1.00000095       3.31386167E-04
 -0.980000973       4.49056854E-04
 -0.960000992       5.62553236E-04
 -0.940001011       7.33902212E-04
 -0.920001030       9.12803749E-04
 -0.900001049       1.12267444E-03
 -0.880001068       1.34764414E-03
 -0.860001087       1.54631108E-03
 -0.840001106       1.89421861E-03
 -0.820001125       2.03999621E-03
 -0.800001144       2.73533422E-03
 -0.780001163       2.75264890E-03
 -0.760001183       4.21365164E-03
 -0.740001202       3.77718359E-03
 -0.720001221       6.56298921E-03
 -0.700001240       4.91219899E-03
 -0.680001259       9.72971041E-03
 -0.660001278       5.77503815E-03
 -0.640001297       1.40986070E-02
 -0.620001316       6.30486105E-03
 -0.600001335       2.10271329E-02
 -0.580001354       6.68285042E-03
 -0.560001373       3.14192846E-02
 -0.540001392       6.32295804E-03
 -0.520001411       4.50867303E-02
 -0.500001431       4.74476721E-03
 -0.480001420       6.41285926E-02
 -0.460001409       2.78452667E-03
 -0.440001398       9.13267955E-02
 -0.420001388       1.02722680E-03
 -0.400001377      0.125448391    
 -0.380001366       1.01140526E-03
 -0.360001355      0.169136390    
 -0.340001345       6.02180185E-03
 -0.320001334      0.225794166    
 -0.300001323       1.97448917E-02
 -0.280001312      0.290890038    
 -0.260001302       4.95083779E-02
 -0.240001306      0.370254129    
 -0.220001310       9.92291868E-02
 -0.200001314      0.460844845    
 -0.180001318      0.178972900    
 -0.160001323      0.559422791    
 -0.140001327      0.292437345    
 -0.120001331      0.672996819    
 -0.100001335      0.442424029    
  -8.00013393E-02  0.783744633    
  -6.00013398E-02  0.635518193    
  -4.00013402E-02  0.915550053    
  -2.00013407E-02  0.842380166    
  -1.34110451E-06   1.00222301    
   1.99986584E-02   1.41383410    
   3.99986580E-02   1.51070285    
   5.99986576E-02   1.60075581    
   7.99986571E-02   1.70629120    
   9.99986529E-02   1.78961480    
  0.119998649       1.84806049    
  0.139998645       1.89759505    
  0.159998640       1.93408883    
  0.179998636       1.94586468    
  0.199998632       1.93714988    
  0.219998628       1.91663468    
  0.239998624       1.88147831    
  0.259998620       1.82630193    
  0.279998630       1.75551736    
  0.299998641       1.67670071    
  0.319998652       1.59038031    
  0.339998662       1.49370849    
  0.359998673       1.38855112    
  0.379998684       1.28110921    
  0.399998695       1.17510116    
  0.419998705       1.06988990    
  0.439998716      0.964698970    
  0.459998727      0.861418247    
  0.479998738      0.763435185    
  0.499998748      0.672573805    
  0.519998729      0.588566840    
  0.539998710      0.510621905    
  0.559998691      0.438731760    
  0.579998672      0.373789340    
  0.599998653      0.316360056    
  0.619998634      0.266184807    
  0.639998615      0.222441465    
  0.659998596      0.184239119    
  0.679998577      0.151068658    
  0.699998558      0.122717656    
  0.719998538       9.89446193E-02
  0.739998519       7.93826878E-02
  0.759998500       6.34223595E-02
  0.779998481       5.04012555E-02
  0.799998462       3.97424474E-02
  0.819998443       3.10034547E-02
  0.839998424       2.38801539E-02
  0.859998405       1.81497261E-02
  0.879998386       1.36344880E-02
  0.899998367       1.01565802E-02
  0.919998348       7.52253411E-03
  0.939998329       5.55757852E-03
  0.959998310       4.10526386E-03
  0.979998291       3.03039677E-03
  0.999998271       2.23428314E-03
   1.01999831       1.64613791E-03
   1.03999829       1.20867754E-03
   1.05999827       8.81249201E-04
   1.07999825       6.37190591E-04
   1.09999824       4.56390786E-04
   1.11999822       3.23196466E-04
   1.13999820       2.27843280E-04
   1.15999818       1.60390613E-04
   1.17999816       1.11811132E-04
   1.19999814       7.67572055E-05
   1.21999812       5.29711215E-05
   1.23999810       3.68690598E-05
   1.25999808       2.56979347E-05
   1.27999806       1.79311064E-05
   1.29999804       1.24800399E-05
   1.31999803       8.81246342E-06
   1.33999801       6.39889004E-06
   1.35999799       4.77820686E-06
   1.37999797       3.58466855E-06
   1.39999795       2.69722364E-06
   1.41999793       2.08107508E-06
   1.43999791       1.65422091E-06
   1.45999789       1.36312599E-06
   1.47999787       1.20385266E-06
   1.49999785       1.01291914E-06
   1.51999784       8.08274308E-07
   1.53999782       7.22659763E-07
   1.55999780       6.98402971E-07
   1.57999778       6.22288042E-07
   1.59999776       5.49680237E-07
   1.61999774       5.47604543E-07
   1.63999772       5.56198927E-07
   1.65999770       5.25707605E-07
   1.67999768       4.65340804E-07
   1.69999766       4.49918417E-07
   1.71999764       4.71759563E-07
   1.73999763       4.90317689E-07
   1.75999761       4.71560242E-07
   1.77999759       4.80870710E-07
   1.79999757       5.16960995E-07
   1.81999755       5.06767151E-07
   1.83999753       5.08109338E-07
   1.85999751       5.73215232E-07
   1.87999749       6.39524160E-07
   1.89999747       6.49787864E-07
   1.91999745       7.21581614E-07
   1.93999743       8.53926906E-07
   1.95999742       1.01080457E-06
   1.97999740       1.09285838E-06
   1.99999738       1.14464740E-06
   2.01999736       1.24631538E-06
   2.03999734       1.35518144E-06
   2.05999732       1.46062223E-06
   2.07999730       1.55619978E-06
   2.09999728       1.47376556E-06
   2.11999726       1.35592904E-06
   2.13999724       1.33505989E-06
   2.15999722       1.46400930E-06
   2.17999721       1.69163400E-06
   2.19999719       1.91029676E-06
   2.21999717       2.18226614E-06
   2.23999715       2.57181114E-06
   2.25999713       2.71513159E-06
   2.27999711       2.60041838E-06
   2.29999709       2.45151000E-06
   2.31999707       2.32539628E-06
   2.33999705       2.26254451E-06
   2.35999703       2.25033909E-06
   2.37999701       2.36430787E-06
   2.39999700       2.64539972E-06
   2.41999698       2.89250261E-06
   2.43999696       2.83873010E-06
   2.45999694       2.59476451E-06
   2.47999692       2.29448051E-06
   2.49999690       2.09701784E-06
   2.51999688       2.27612895E-06
   2.53999686       2.74160311E-06
   2.55999684       2.87717262E-06
   2.57999682       2.47191679E-06
   2.59999681       1.94567974E-06
   2.61999679       1.79005315E-06
   2.63999677       1.99345573E-06
   2.65999675       2.28662316E-06
   2.67999673       2.18110586E-06
   2.69999671       1.66752193E-06
   2.71999669       1.58377952E-06
   2.73999667       1.90944115E-06
   2.75999665       1.94332347E-06
   2.77999663       1.41450619E-06
   2.79999661       1.09902260E-06
   2.81999660       1.19410868E-06
   2.83999658       1.30002809E-06
   2.85999656       1.15348757E-06
   2.87999654       8.27924680E-07
   2.89999652       8.91083062E-07
   2.91999650       9.77038781E-07
   2.93999648       6.43165720E-07
   2.95999646       3.91970019E-07
   2.97999644       4.94921153E-07
   2.99999642       4.79936489E-07
   3.01999640       2.41204276E-07
   3.03999639       2.20896311E-07
   3.05999637       2.17903761E-07
   3.07999635       7.53604539E-08
   3.09999633       1.15350218E-07
