  -2.00000000       9.33372291E-07
  -1.98000002       8.42551401E-07
  -1.96000004       9.31908744E-07
  -1.94000006       8.09758376E-07
  -1.92000008       5.57202952E-07
  -1.90000010       4.77531160E-07
  -1.88000011       5.68299527E-07
  -1.86000013       5.44745944E-07
  -1.84000015       3.57915695E-07
  -1.82000017       2.58928310E-07
  -1.80000019       3.83386521E-07
  -1.78000021       4.74732559E-07
  -1.76000023       3.16146497E-07
  -1.74000025       1.14937116E-07
  -1.72000027       9.02514685E-08
  -1.70000029       1.96865741E-07
  -1.68000031       2.03354872E-07
  -1.66000032       8.32702511E-08
  -1.64000034       5.19078469E-09
  -1.62000036       1.98965679E-08
  -1.60000038       6.27180654E-08
  -1.58000040       4.64285819E-08
  -1.56000042       8.96616470E-09
  -1.54000044       1.04766066E-07
  -1.52000046       3.88764846E-07
  -1.50000048       7.10415407E-07
  -1.48000050       8.60169393E-07
  -1.46000051       9.11854443E-07
  -1.44000053       1.25207066E-06
  -1.42000055       2.25448025E-06
  -1.40000057       3.57571275E-06
  -1.38000059       4.42546207E-06
  -1.36000061       4.90648108E-06
  -1.34000063       7.69902999E-06
  -1.32000065       1.48064910E-05
  -1.30000067       2.21479077E-05
  -1.28000069       2.39111432E-05
  -1.26000071       2.38934681E-05
  -1.24000072       3.44503387E-05
  -1.22000074       5.25653340E-05
  -1.20000076       6.94732516E-05
  -1.18000078       7.94966472E-05
  -1.16000080       1.01402831E-04
  -1.14000082       1.28002401E-04
  -1.12000084       1.70884217E-04
  -1.10000086       2.05377961E-04
  -1.08000088       2.68637086E-04
  -1.06000090       3.16525897E-04
  -1.04000092       4.01304831E-04
  -1.02000093       4.53595858E-04
  -1.00000095       5.73711528E-04
 -0.980000973       6.77943637E-04
 -0.960000992       8.67664872E-04
 -0.940001011       1.05976104E-03
 -0.920001030       1.29540742E-03
 -0.900001049       1.62828341E-03
 -0.880001068       1.84413104E-03
 -0.860001087       2.38436810E-03
 -0.840001106       2.45608273E-03
 -0.820001125       3.46364896E-03
 -0.800001144       3.17706680E-03
 -0.780001163       5.08707576E-03
 -0.760001183       4.07494837E-03
 -0.740001202       7.53215654E-03
 -0.720001221       5.15048858E-03
 -0.700001240       1.09581044E-02
 -0.680001259       6.25823485E-03
 -0.660001278       1.52595192E-02
 -0.640001297       7.43276486E-03
 -0.620001316       2.04843339E-02
 -0.600001335       9.39931162E-03
 -0.580001354       2.69482415E-02
 -0.560001373       1.30519979E-02
 -0.540001392       3.36831212E-02
 -0.520001411       1.91732664E-02
 -0.500001431       3.89668308E-02
 -0.480001420       3.05401515E-02
 -0.460001409       4.23409604E-02
 -0.440001398       5.05018905E-02
 -0.420001388       4.24435139E-02
 -0.400001377       8.06137621E-02
 -0.380001366       3.72615866E-02
 -0.360001355      0.125733227    
 -0.340001345       2.88062822E-02
 -0.320001334      0.187715903    
 -0.300001323       2.00244971E-02
 -0.280001312      0.264401317    
 -0.260001302       1.65949035E-02
 -0.240001306      0.358034253    
 -0.220001310       2.87414826E-02
 -0.200001314      0.458885521    
 -0.180001318       6.91100135E-02
 -0.160001323      0.563873231    
 -0.140001327      0.147890836    
 -0.120001331      0.665855169    
 -0.100001335      0.278102249    
  -8.00013393E-02  0.753616929    
  -6.00013398E-02  0.463148117    
  -4.00013402E-02  0.840155661    
  -2.00013407E-02  0.689048886    
  -1.34110451E-06  0.877700448    
   1.99986584E-02   1.24640536    
   3.99986580E-02   1.34634626    
   5.99986576E-02   1.44301379    
   7.99986571E-02   1.55109262    
   9.99986529E-02   1.64460635    
  0.119998649       1.71903229    
  0.139998645       1.78225887    
  0.159998640       1.83516192    
  0.179998636       1.86994493    
  0.199998632       1.88415408    
  0.219998628       1.88376498    
  0.239998624       1.87092149    
  0.259998620       1.84070528    
  0.279998630       1.79239941    
  0.299998641       1.73233259    
  0.319998652       1.66397560    
  0.339998662       1.58508050    
  0.359998673       1.49482763    
  0.379998684       1.39806211    
  0.399998695       1.29985273    
  0.419998705       1.20067143    
  0.439998716       1.09922016    
  0.459998727      0.996753216    
  0.479998738      0.897093654    
  0.499998748      0.802888155    
  0.519998729      0.714072108    
  0.539998710      0.629662812    
  0.559998691      0.549793303    
  0.579998672      0.476085424    
  0.599998653      0.409911156    
  0.619998634      0.351302117    
  0.639998615      0.299237430    
  0.659998596      0.252581418    
  0.679998577      0.210919797    
  0.699998558      0.174369857    
  0.719998538      0.143116385    
  0.739998519      0.116986513    
  0.759998500       9.53413621E-02
  0.779998481       7.73634240E-02
  0.799998462       6.23017177E-02
  0.819998443       4.96512763E-02
  0.839998424       3.90791968E-02
  0.859998405       3.03805619E-02
  0.879998386       2.33872812E-02
  0.899998367       1.78792793E-02
  0.919998348       1.36126634E-02
  0.939998329       1.03477994E-02
  0.959998310       7.84823112E-03
  0.979998291       5.92880044E-03
  0.999998271       4.45356825E-03
   1.01999831       3.31704249E-03
   1.03999829       2.44134036E-03
   1.05999827       1.77820609E-03
   1.07999825       1.28249871E-03
   1.09999824       9.12604795E-04
   1.11999822       6.41175837E-04
   1.13999820       4.46430204E-04
   1.15999818       3.09117662E-04
   1.17999816       2.13792868E-04
   1.19999814       1.48205319E-04
   1.21999812       1.01952399E-04
   1.23999810       7.02340549E-05
   1.25999808       4.91720530E-05
   1.27999806       3.48845424E-05
   1.29999804       2.53371345E-05
   1.31999803       1.85184781E-05
   1.33999801       1.35703813E-05
   1.35999799       1.02048734E-05
   1.37999797       8.02209888E-06
   1.39999795       6.35401511E-06
   1.41999793       5.20356934E-06
   1.43999791       4.41458633E-06
   1.45999789       3.72175623E-06
   1.47999787       3.07911296E-06
   1.49999785       2.74014315E-06
   1.51999784       2.55535588E-06
   1.53999782       2.33522587E-06
   1.55999780       2.07955418E-06
   1.57999778       1.91679283E-06
   1.59999776       1.83874192E-06
   1.61999774       1.76616982E-06
   1.63999772       1.63261177E-06
   1.65999770       1.49824041E-06
   1.67999768       1.45852744E-06
   1.69999766       1.52396080E-06
   1.71999764       1.54291433E-06
   1.73999763       1.45758486E-06
   1.75999761       1.32142395E-06
   1.77999759       1.31250067E-06
   1.79999757       1.35638265E-06
   1.81999755       1.32744390E-06
   1.83999753       1.29397949E-06
   1.85999751       1.26313330E-06
   1.87999749       1.18309265E-06
   1.89999747       1.10655014E-06
   1.91999745       1.05992615E-06
   1.93999743       9.29094142E-07
   1.95999742       7.54869461E-07
   1.97999740       5.79692369E-07
   1.99999738       4.88084538E-07
   2.01999736       4.50249729E-07
   2.03999734       3.29603239E-07
   2.05999732       2.45364276E-07
   2.07999730       2.33666853E-07
   2.09999728       2.16708997E-07
   2.11999726       2.02307248E-07
   2.13999724       2.02421845E-07
   2.15999722       1.43099314E-07
   2.17999721       5.27887138E-08
   2.19999719       2.07843343E-08
   2.21999717       3.13136788E-08
   2.23999715       4.93361476E-08
   2.25999713       1.19260378E-07
   2.27999711       1.66560469E-07
   2.29999709       1.48493925E-07
   2.31999707       1.46003018E-07
   2.33999705       2.07141980E-07
   2.35999703       4.13948442E-07
   2.37999701       6.54248481E-07
   2.39999700       7.47103968E-07
   2.41999698       8.05918944E-07
   2.43999696       9.06620699E-07
   2.45999694       9.05004072E-07
   2.47999692       9.65924301E-07
   2.49999690       1.32217235E-06
   2.51999688       1.71868282E-06
   2.53999686       1.82138092E-06
   2.55999684       1.72776890E-06
   2.57999682       1.65400354E-06
   2.59999681       1.95177790E-06
   2.61999679       2.48966421E-06
   2.63999677       2.65536164E-06
   2.65999675       2.20812854E-06
   2.67999673       1.97685335E-06
   2.69999671       2.63913171E-06
   2.71999669       3.45241551E-06
   2.73999667       3.32365676E-06
   2.75999665       2.79942037E-06
   2.77999663       2.78603602E-06
   2.79999661       3.20676077E-06
   2.81999660       3.46215575E-06
   2.83999658       3.04246669E-06
   2.85999656       2.73729324E-06
   2.87999654       3.33276580E-06
   2.89999652       3.61086154E-06
   2.91999650       3.09586972E-06
   2.93999648       2.93670382E-06
   2.95999646       3.26275722E-06
   2.97999644       2.88218257E-06
   2.99999642       2.37943300E-06
   3.01999640       2.60956108E-06
   3.03999639       2.67652354E-06
   3.05999637       1.98862404E-06
   3.07999635       1.76964454E-06
   3.09999633       1.63117306E-06
