  -2.00000000       8.66292282E-07
  -1.98000002       7.58147564E-07
  -1.96000004       8.46960177E-07
  -1.94000006       7.48292166E-07
  -1.92000008       5.03146794E-07
  -1.90000010       4.07591671E-07
  -1.88000011       4.90489754E-07
  -1.86000013       4.86859392E-07
  -1.84000015       3.19444524E-07
  -1.82000017       2.10010029E-07
  -1.80000019       3.07846818E-07
  -1.78000021       4.02358779E-07
  -1.76000023       2.76628896E-07
  -1.74000025       9.47074597E-08
  -1.72000027       5.48026442E-08
  -1.70000029       1.39954508E-07
  -1.68000031       1.52862782E-07
  -1.66000032       6.21352143E-08
  -1.64000034       3.59050012E-09
  -1.62000036       1.97407513E-08
  -1.60000038       5.69909950E-08
  -1.58000040       4.06193976E-08
  -1.56000042       1.82452418E-08
  -1.54000044       1.44709105E-07
  -1.52000046       4.63137042E-07
  -1.50000048       8.12085773E-07
  -1.48000050       9.71437316E-07
  -1.46000051       9.87516501E-07
  -1.44000053       1.20645416E-06
  -1.42000055       2.11825113E-06
  -1.40000057       4.09235963E-06
  -1.38000059       7.45660282E-06
  -1.36000061       1.12356147E-05
  -1.34000063       1.25861097E-05
  -1.32000065       9.71051941E-06
  -1.30000067       8.79410436E-06
  -1.28000069       1.86505877E-05
  -1.26000071       3.49826914E-05
  -1.24000072       4.66941747E-05
  -1.22000074       5.19613932E-05
  -1.20000076       6.41755396E-05
  -1.18000078       7.98469555E-05
  -1.16000080       1.03975515E-04
  -1.14000082       1.28741449E-04
  -1.12000084       1.71364809E-04
  -1.10000086       2.06136465E-04
  -1.08000088       2.70021905E-04
  -1.06000090       3.17736209E-04
  -1.04000092       4.04711376E-04
  -1.02000093       4.56477457E-04
  -1.00000095       5.81208034E-04
 -0.980000973       6.83648279E-04
 -0.960000992       8.81947519E-04
 -0.940001011       1.06784201E-03
 -0.920001030       1.31644402E-03
 -0.900001049       1.63337192E-03
 -0.880001068       1.86927780E-03
 -0.860001087       2.38162419E-03
 -0.840001106       2.48562777E-03
 -0.820001125       3.45795229E-03
 -0.800001144       3.22131300E-03
 -0.780001163       5.09327231E-03
 -0.760001183       4.13975492E-03
 -0.740001202       7.55623542E-03
 -0.720001221       5.21458220E-03
 -0.700001240       1.09903300E-02
 -0.680001259       6.28706301E-03
 -0.660001278       1.53237106E-02
 -0.640001297       7.41178030E-03
 -0.620001316       2.06643399E-02
 -0.600001335       9.29007027E-03
 -0.580001354       2.72944793E-02
 -0.560001373       1.27434907E-02
 -0.540001392       3.41940932E-02
 -0.520001411       1.86120532E-02
 -0.500001431       3.97449359E-02
 -0.480001420       2.97111496E-02
 -0.460001409       4.34589200E-02
 -0.440001398       4.92764674E-02
 -0.420001388       4.37729172E-02
 -0.400001377       7.90856704E-02
 -0.380001366       3.87379490E-02
 -0.360001355      0.124054477    
 -0.340001345       3.02910544E-02
 -0.320001334      0.185845956    
 -0.300001323       2.11684294E-02
 -0.280001312      0.262802631    
 -0.260001302       1.71470027E-02
 -0.240001306      0.356668025    
 -0.220001310       2.85260975E-02
 -0.200001314      0.457864493    
 -0.180001318       6.78818226E-02
 -0.160001323      0.563321769    
 -0.140001327      0.145805880    
 -0.120001331      0.665137231    
 -0.100001335      0.275374383    
  -8.00013393E-02  0.752938211    
  -6.00013398E-02  0.460014910    
  -4.00013402E-02  0.838447690    
  -2.00013407E-02  0.686236203    
  -1.34110451E-06  0.875445724    
   1.99986584E-02   1.24300706    
   3.99986580E-02   1.34296274    
   5.99986576E-02   1.44007909    
   7.99986571E-02   1.54789948    
   9.99986529E-02   1.64138198    
  0.119998649       1.71647680    
  0.139998645       1.77993262    
  0.159998640       1.83272648    
  0.179998636       1.86808121    
  0.199998632       1.88307679    
  0.219998628       1.88285339    
  0.239998624       1.87014186    
  0.259998620       1.84063792    
  0.279998630       1.79307616    
  0.299998641       1.73320544    
  0.319998652       1.66493964    
  0.339998662       1.58654869    
  0.359998673       1.49692023    
  0.379998684       1.40038121    
  0.399998695       1.30209649    
  0.419998705       1.20298743    
  0.439998716       1.10184431    
  0.459998727      0.999618709    
  0.479998738      0.899890900    
  0.499998748      0.805451512    
  0.519998729      0.716494203    
  0.539998710      0.632096946    
  0.559998691      0.552243590    
  0.579998672      0.478403598    
  0.599998653      0.411958933    
  0.619998634      0.353070110    
  0.639998615      0.300817132    
  0.659998596      0.254059255    
  0.679998577      0.212311476    
  0.699998558      0.175629690    
  0.719998538      0.144193098    
  0.739998519      0.117864683    
  0.759998500       9.60484594E-02
  0.779998481       7.79479370E-02
  0.799998462       6.28052503E-02
  0.819998443       5.00970520E-02
  0.839998424       3.94715928E-02
  0.859998405       3.07146963E-02
  0.879998386       2.36590318E-02
  0.899998367       1.80895831E-02
  0.919998348       1.37690036E-02
  0.939998329       1.04613509E-02
  0.959998310       7.93099403E-03
  0.979998291       5.99115901E-03
  0.999998271       4.50290553E-03
   1.01999831       3.35752405E-03
   1.03999829       2.47519859E-03
   1.05999827       1.80641341E-03
   1.07999825       1.30539946E-03
   1.09999824       9.30528622E-04
   1.11999822       6.54763775E-04
   1.13999820       4.56309877E-04
   1.15999818       3.16047081E-04
   1.17999816       2.18571062E-04
   1.19999814       1.51474218E-04
   1.21999812       1.04182400E-04
   1.23999810       7.17177827E-05
   1.25999808       5.01033937E-05
   1.27999806       3.54383847E-05
   1.29999804       2.56596613E-05
   1.31999803       1.86606412E-05
   1.33999801       1.35769560E-05
   1.35999799       1.01319292E-05
   1.37999797       7.89872229E-06
   1.39999795       6.19265666E-06
   1.41999793       5.02583453E-06
   1.43999791       4.23287884E-06
   1.45999789       3.53831570E-06
   1.47999787       2.90225739E-06
   1.49999785       2.56277940E-06
   1.51999784       2.37456902E-06
   1.53999782       2.16115950E-06
   1.55999780       1.91724621E-06
   1.57999778       1.75742696E-06
   1.59999776       1.68021074E-06
   1.61999774       1.61390312E-06
   1.63999772       1.48752520E-06
   1.65999770       1.35695655E-06
   1.67999768       1.31580634E-06
   1.69999766       1.37963593E-06
   1.71999764       1.40259283E-06
   1.73999763       1.32259322E-06
   1.75999761       1.19085325E-06
   1.77999759       1.18090327E-06
   1.79999757       1.22409267E-06
   1.81999755       1.19664105E-06
   1.83999753       1.16275112E-06
   1.85999751       1.13448630E-06
   1.87999749       1.06108814E-06
   1.89999747       9.85696715E-07
   1.91999745       9.40525695E-07
   1.93999743       8.19857860E-07
   1.95999742       6.58008503E-07
   1.97999740       4.95163931E-07
   1.99999738       4.10724681E-07
   2.01999736       3.76938914E-07
   2.03999734       2.68789051E-07
   2.05999732       1.94608248E-07
   2.07999730       1.85090457E-07
   2.09999728       1.70016676E-07
   2.11999726       1.58812853E-07
   2.13999724       1.62370569E-07
   2.15999722       1.14455702E-07
   2.17999721       4.29963194E-08
   2.19999719       3.14028341E-08
   2.21999717       5.31402975E-08
   2.23999715       7.03315521E-08
   2.25999713       1.39140027E-07
   2.27999711       1.87579900E-07
   2.29999709       1.66903277E-07
   2.31999707       1.66139841E-07
   2.33999705       2.42419446E-07
   2.35999703       4.72761656E-07
   2.37999701       7.28611155E-07
   2.39999700       8.13594966E-07
   2.41999698       8.52710457E-07
   2.43999696       9.41478447E-07
   2.45999694       9.46574971E-07
   2.47999692       1.03116702E-06
   2.49999690       1.41569433E-06
   2.51999688       1.80688141E-06
   2.53999686       1.86476234E-06
   2.55999684       1.73848161E-06
   2.57999682       1.68369081E-06
   2.59999681       2.01991929E-06
   2.61999679       2.56194107E-06
   2.63999677       2.67164955E-06
   2.65999675       2.17174784E-06
   2.67999673       1.94660197E-06
   2.69999671       2.63158995E-06
   2.71999669       3.43170154E-06
   2.73999667       3.25956171E-06
   2.75999665       2.71869771E-06
   2.77999663       2.74388753E-06
   2.79999661       3.17010495E-06
   2.81999660       3.36716084E-06
   2.83999658       2.93689573E-06
   2.85999656       2.65891663E-06
   2.87999654       3.25633209E-06
   2.89999652       3.49187053E-06
   2.91999650       2.97676092E-06
   2.93999648       2.86748036E-06
   2.95999646       3.18470848E-06
   2.97999644       2.76748824E-06
   2.99999642       2.28135195E-06
   3.01999640       2.52837390E-06
   3.03999639       2.56483804E-06
   3.05999637       1.89058687E-06
   3.07999635       1.70199064E-06
   3.09999633       1.54049746E-06
