  -2.00000000       1.58325918E-07
  -1.98000002       2.72775480E-07
  -1.96000004       2.68774755E-07
  -1.94000006       2.19190952E-07
  -1.92000008       3.14087515E-07
  -1.90000010       5.14897010E-07
  -1.88000011       5.70251927E-07
  -1.86000013       4.53728035E-07
  -1.84000015       4.50574987E-07
  -1.82000017       6.77933372E-07
  -1.80000019       9.32196713E-07
  -1.78000021       8.76445995E-07
  -1.76000023       6.66564631E-07
  -1.74000025       7.79520576E-07
  -1.72000027       1.22755034E-06
  -1.70000029       1.58248554E-06
  -1.68000031       1.49973391E-06
  -1.66000032       1.27198814E-06
  -1.64000034       1.49544940E-06
  -1.62000036       2.13228441E-06
  -1.60000038       2.72716852E-06
  -1.58000040       2.95885434E-06
  -1.56000042       2.84951443E-06
  -1.54000044       2.91821448E-06
  -1.52000046       3.72629643E-06
  -1.50000048       5.08473158E-06
  -1.48000050       6.25262646E-06
  -1.46000051       6.61447984E-06
  -1.44000053       6.41813403E-06
  -1.42000055       6.73367322E-06
  -1.40000057       9.39780057E-06
  -1.38000059       1.50334554E-05
  -1.36000061       2.06436598E-05
  -1.34000063       2.07868670E-05
  -1.32000065       1.51453087E-05
  -1.30000067       1.44676042E-05
  -1.28000069       2.50900739E-05
  -1.26000071       3.85330459E-05
  -1.24000072       4.40217227E-05
  -1.22000074       5.12898951E-05
  -1.20000076       6.55294498E-05
  -1.18000078       8.35500468E-05
  -1.16000080       1.02030841E-04
  -1.14000082       1.32195026E-04
  -1.12000084       1.79916766E-04
  -1.10000086       2.34142237E-04
  -1.08000088       3.14493314E-04
  -1.06000090       3.93019262E-04
  -1.04000092       5.22224291E-04
  -1.02000093       6.03092718E-04
  -1.00000095       7.90843158E-04
 -0.980000973       8.76072329E-04
 -0.960000992       1.17496611E-03
 -0.940001011       1.23328355E-03
 -0.920001030       1.65388372E-03
 -0.900001049       1.66264840E-03
 -0.880001068       2.28783838E-03
 -0.860001087       2.30238633E-03
 -0.840001106       3.22077633E-03
 -0.820001125       3.42787267E-03
 -0.800001144       4.57734475E-03
 -0.780001163       5.09000197E-03
 -0.760001183       6.01780508E-03
 -0.740001202       7.20905373E-03
 -0.720001221       7.19428482E-03
 -0.700001240       1.03207203E-02
 -0.680001259       8.33091699E-03
 -0.660001278       1.53535763E-02
 -0.640001297       9.41744540E-03
 -0.620001316       2.22582947E-02
 -0.600001335       9.69329663E-03
 -0.580001354       3.06770038E-02
 -0.560001373       9.62157082E-03
 -0.540001392       4.13750708E-02
 -0.520001411       1.09631270E-02
 -0.500001431       5.34534715E-02
 -0.480001420       1.49845239E-02
 -0.460001409       6.34701326E-02
 -0.440001398       2.56447028E-02
 -0.420001388       7.05432147E-02
 -0.400001377       4.78477888E-02
 -0.380001366       7.21438229E-02
 -0.360001355       8.46888274E-02
 -0.340001345       6.47582859E-02
 -0.320001334      0.143134311    
 -0.300001323       5.19726537E-02
 -0.280001312      0.221654028    
 -0.260001302       3.80191691E-02
 -0.240001306      0.318981349    
 -0.220001310       3.22854146E-02
 -0.200001314      0.431420654    
 -0.180001318       5.12189865E-02
 -0.160001323      0.541920364    
 -0.140001327      0.109826282    
 -0.120001331      0.650342405    
 -0.100001335      0.221788526    
  -8.00013393E-02  0.732641339    
  -6.00013398E-02  0.400788188    
  -4.00013402E-02  0.806647658    
  -2.00013407E-02  0.625566542    
  -1.34110451E-06  0.825344741    
   1.99986584E-02   1.17870235    
   3.99986580E-02   1.27281976    
   5.99986576E-02   1.37288475    
   7.99986571E-02   1.48600137    
   9.99986529E-02   1.57704592    
  0.119998649       1.65523744    
  0.139998645       1.73002470    
  0.159998640       1.78767014    
  0.179998636       1.82493544    
  0.199998632       1.85144997    
  0.219998628       1.86488640    
  0.239998624       1.85743403    
  0.259998620       1.83284533    
  0.279998630       1.79822588    
  0.299998641       1.75156271    
  0.319998652       1.68861008    
  0.339998662       1.61331964    
  0.359998673       1.53218484    
  0.379998684       1.44602311    
  0.399998695       1.35250771    
  0.419998705       1.25297928    
  0.439998716       1.15251184    
  0.459998727       1.05435991    
  0.479998738      0.958177686    
  0.499998748      0.862961411    
  0.519998729      0.769986391    
  0.539998710      0.682060063    
  0.559998691      0.600852549    
  0.579998672      0.526243269    
  0.599998653      0.457334906    
  0.619998634      0.393857300    
  0.639998615      0.336345971    
  0.659998596      0.285300702    
  0.679998577      0.240694404    
  0.699998558      0.201831952    
  0.719998538      0.167941511    
  0.739998519      0.138475284    
  0.759998500      0.113145351    
  0.779998481       9.17574465E-02
  0.799998462       7.40069970E-02
  0.819998443       5.94604649E-02
  0.839998424       4.75569740E-02
  0.859998405       3.77838798E-02
  0.879998386       2.97488067E-02
  0.899998367       2.31465325E-02
  0.919998348       1.77869871E-02
  0.939998329       1.35117574E-02
  0.959998310       1.01631051E-02
  0.979998291       7.59374490E-03
  0.999998271       5.65886497E-03
   1.01999831       4.20979783E-03
   1.03999829       3.13050649E-03
   1.05999827       2.33091810E-03
   1.07999825       1.73496676E-03
   1.09999824       1.28643028E-03
   1.11999822       9.50701127E-04
   1.13999820       6.96758914E-04
   1.15999818       5.05541160E-04
   1.17999816       3.64533887E-04
   1.19999814       2.61624111E-04
   1.21999812       1.86755511E-04
   1.23999810       1.32059082E-04
   1.25999808       9.22969630E-05
   1.27999806       6.45149339E-05
   1.29999804       4.59860494E-05
   1.31999803       3.24395005E-05
   1.33999801       2.25037838E-05
   1.35999799       1.59058563E-05
   1.37999797       1.15132007E-05
   1.39999795       8.23313803E-06
   1.41999793       6.07961101E-06
   1.43999791       4.68249664E-06
   1.45999789       3.52667325E-06
   1.47999787       2.64250662E-06
   1.49999785       2.10353005E-06
   1.51999784       1.76257981E-06
   1.53999782       1.48299455E-06
   1.55999780       1.21381629E-06
   1.57999778       1.01448961E-06
   1.59999776       9.08501534E-07
   1.61999774       8.37304867E-07
   1.63999772       7.31785747E-07
   1.65999770       6.42983935E-07
   1.67999768       6.16236832E-07
   1.69999766       6.48097171E-07
   1.71999764       6.44703675E-07
   1.73999763       5.93333027E-07
   1.75999761       5.37962819E-07
   1.77999759       5.74975047E-07
   1.79999757       6.47206207E-07
   1.81999755       6.82622897E-07
   1.83999753       7.25340897E-07
   1.85999751       7.88842158E-07
   1.87999749       8.41254575E-07
   1.89999747       9.29755515E-07
   1.91999745       1.07617939E-06
   1.93999743       1.15772400E-06
   1.95999742       1.19270771E-06
   1.97999740       1.21706955E-06
   1.99999738       1.31005663E-06
   2.01999736       1.41312000E-06
   2.03999734       1.27593432E-06
   2.05999732       1.13804253E-06
   2.07999730       1.16986075E-06
   2.09999728       1.29360944E-06
   2.11999726       1.52938048E-06
   2.13999724       1.92386710E-06
   2.15999722       2.20949050E-06
   2.17999721       2.30965134E-06
   2.19999719       2.33057494E-06
   2.21999717       2.36685787E-06
   2.23999715       2.17840989E-06
   2.25999713       1.88927811E-06
   2.27999711       1.80920165E-06
   2.29999709       2.00346472E-06
   2.31999707       2.26086672E-06
   2.33999705       2.51663528E-06
   2.35999703       2.58900968E-06
   2.37999701       2.54112865E-06
   2.39999700       2.37646191E-06
   2.41999698       2.09838754E-06
   2.43999696       1.88787112E-06
   2.45999694       2.08738993E-06
   2.47999692       2.49803998E-06
   2.49999690       2.60437628E-06
   2.51999688       2.29261900E-06
   2.53999686       1.88542845E-06
   2.55999684       1.79668177E-06
   2.57999682       2.12154623E-06
   2.59999681       2.40190002E-06
   2.61999679       2.21104142E-06
   2.63999677       1.69132090E-06
   2.65999675       1.61495041E-06
   2.67999673       1.83194004E-06
   2.69999671       1.70618193E-06
   2.71999669       1.45769616E-06
   2.73999667       1.29569366E-06
   2.75999665       1.39320355E-06
   2.77999663       1.54486645E-06
   2.79999661       1.40500140E-06
   2.81999660       9.60672537E-07
   2.83999658       9.07599429E-07
   2.85999656       1.04137905E-06
   2.87999654       7.94914172E-07
   2.89999652       5.08250423E-07
   2.91999650       5.39340647E-07
   2.93999648       6.45568207E-07
   2.95999646       4.25181526E-07
   2.97999644       2.56421004E-07
   2.99999642       2.75241177E-07
   3.01999640       1.56567168E-07
   3.03999639       4.71468979E-08
   3.05999637       8.84629259E-08
   3.07999635       6.34107735E-08
   3.09999633       6.28941805E-08
