  -2.00000000       1.88568990E-07
  -1.98000002       3.56282953E-07
  -1.96000004       4.95121185E-07
  -1.94000006       4.68190223E-07
  -1.92000008       4.59219905E-07
  -1.90000010       6.42771397E-07
  -1.88000011       8.40105201E-07
  -1.86000013       7.95684002E-07
  -1.84000015       6.77458104E-07
  -1.82000017       8.31719319E-07
  -1.80000019       1.23563120E-06
  -1.78000021       1.40726149E-06
  -1.76000023       1.14112311E-06
  -1.74000025       9.94387506E-07
  -1.72000027       1.39607710E-06
  -1.70000029       2.00205318E-06
  -1.68000031       2.16050989E-06
  -1.66000032       1.86574107E-06
  -1.64000034       1.83225927E-06
  -1.62000036       2.35951870E-06
  -1.60000038       3.10091764E-06
  -1.58000040       3.59875003E-06
  -1.56000042       3.63263666E-06
  -1.54000044       3.48704680E-06
  -1.52000046       3.91595222E-06
  -1.50000048       5.13395526E-06
  -1.48000050       6.57263809E-06
  -1.46000051       7.38905419E-06
  -1.44000053       7.23318908E-06
  -1.42000055       6.44126203E-06
  -1.40000057       6.81920619E-06
  -1.38000059       1.07621199E-05
  -1.36000061       1.85582994E-05
  -1.34000063       2.45547908E-05
  -1.32000065       2.18654786E-05
  -1.30000067       1.54748250E-05
  -1.28000069       1.86826855E-05
  -1.26000071       3.32171985E-05
  -1.24000072       4.47985476E-05
  -1.22000074       5.42697599E-05
  -1.20000076       6.77138887E-05
  -1.18000078       8.98875878E-05
  -1.16000080       1.12040543E-04
  -1.14000082       1.49527288E-04
  -1.12000084       2.01588133E-04
  -1.10000086       2.70502962E-04
  -1.08000088       3.53656564E-04
  -1.06000090       4.49481275E-04
  -1.04000092       5.75020153E-04
  -1.02000093       6.73136383E-04
  -1.00000095       8.42880690E-04
 -0.980000973       9.39017162E-04
 -0.960000992       1.21806783E-03
 -0.940001011       1.28540467E-03
 -0.920001030       1.71652483E-03
 -0.900001049       1.72225083E-03
 -0.880001068       2.44852272E-03
 -0.860001087       2.40222667E-03
 -0.840001106       3.56846605E-03
 -0.820001125       3.51101463E-03
 -0.800001144       5.11669973E-03
 -0.780001163       4.97811753E-03
 -0.760001183       6.70420937E-03
 -0.740001202       6.82569807E-03
 -0.720001221       8.18101317E-03
 -0.700001240       9.83821321E-03
 -0.680001259       9.82674118E-03
 -0.660001278       1.47811957E-02
 -0.640001297       1.11460229E-02
 -0.620001316       2.14218758E-02
 -0.600001335       1.11397197E-02
 -0.580001354       3.02363150E-02
 -0.560001373       1.04977228E-02
 -0.540001392       4.24028002E-02
 -0.520001411       1.03146238E-02
 -0.500001431       5.60616367E-02
 -0.480001420       1.15795387E-02
 -0.460001409       6.86543211E-02
 -0.440001398       1.89608447E-02
 -0.420001388       7.97219947E-02
 -0.400001377       3.67039330E-02
 -0.380001366       8.40156302E-02
 -0.360001355       6.97916225E-02
 -0.340001345       7.86866322E-02
 -0.320001334      0.125813335    
 -0.300001323       6.65078163E-02
 -0.280001312      0.202395931    
 -0.260001302       4.90658656E-02
 -0.240001306      0.302553773    
 -0.220001310       3.78481224E-02
 -0.200001314      0.416687876    
 -0.180001318       4.93425913E-02
 -0.160001323      0.531774700    
 -0.140001327       9.87879410E-02
 -0.120001331      0.642463028    
 -0.100001335      0.205019176    
  -8.00013393E-02  0.723878145    
  -6.00013398E-02  0.378924966    
  -4.00013402E-02  0.795114160    
  -2.00013407E-02  0.604735255    
  -1.34110451E-06  0.805963039    
   1.99986584E-02   1.15328729    
   3.99986580E-02   1.24933290    
   5.99986576E-02   1.34709048    
   7.99986571E-02   1.46011221    
   9.99986529E-02   1.55484152    
  0.119998649       1.63298965    
  0.139998645       1.70753372    
  0.159998640       1.76987791    
  0.179998636       1.81083512    
  0.199998632       1.83754921    
  0.219998628       1.85390925    
  0.239998624       1.85257649    
  0.259998620       1.83138502    
  0.279998630       1.79758370    
  0.299998641       1.75427520    
  0.319998652       1.69696152    
  0.339998662       1.62499177    
  0.359998673       1.54437792    
  0.379998684       1.45964265    
  0.399998695       1.36968863    
  0.419998705       1.27309573    
  0.439998716       1.17294645    
  0.459998727       1.07393491    
  0.479998738      0.977958560    
  0.499998748      0.884015203    
  0.519998729      0.791653574    
  0.539998710      0.702716291    
  0.559998691      0.619630039    
  0.579998672      0.543535411    
  0.599998653      0.473916918    
  0.619998634      0.409912378    
  0.639998615      0.351355344    
  0.659998596      0.298643440    
  0.679998577      0.252194315    
  0.699998558      0.211782426    
  0.719998538      0.176785573    
  0.739998519      0.146473572    
  0.759998500      0.120302178    
  0.779998481       9.79455113E-02
  0.799998462       7.91470185E-02
  0.819998443       6.36082143E-02
  0.839998424       5.08834906E-02
  0.859998405       4.04988937E-02
  0.879998386       3.20253186E-02
  0.899998367       2.50878222E-02
  0.919998348       1.94400977E-02
  0.939998329       1.48876309E-02
  0.959998310       1.12688672E-02
  0.979998291       8.44887178E-03
  0.999998271       6.29594643E-03
   1.01999831       4.66852402E-03
   1.03999829       3.45520652E-03
   1.05999827       2.55969656E-03
   1.07999825       1.89732807E-03
   1.09999824       1.40547240E-03
   1.11999822       1.04219338E-03
   1.13999820       7.69309059E-04
   1.15999818       5.63763897E-04
   1.17999816       4.11303714E-04
   1.19999814       2.98960455E-04
   1.21999812       2.17188717E-04
   1.23999810       1.56658003E-04
   1.25999808       1.11418070E-04
   1.27999806       7.93154468E-05
   1.29999804       5.74785336E-05
   1.31999803       4.14423666E-05
   1.33999801       2.95633108E-05
   1.35999799       2.14678184E-05
   1.37999797       1.58607490E-05
   1.39999795       1.16820556E-05
   1.41999793       8.87070473E-06
   1.43999791       7.00546570E-06
   1.45999789       5.47757736E-06
   1.47999787       4.35066750E-06
   1.49999785       3.55647489E-06
   1.51999784       3.00349575E-06
   1.53999782       2.62075650E-06
   1.55999780       2.28785484E-06
   1.57999778       1.97996587E-06
   1.59999776       1.79095946E-06
   1.61999774       1.69123030E-06
   1.63999772       1.54037286E-06
   1.65999770       1.38195787E-06
   1.67999768       1.31061370E-06
   1.69999766       1.35958101E-06
   1.71999764       1.40115628E-06
   1.73999763       1.33103777E-06
   1.75999761       1.21877417E-06
   1.77999759       1.24160556E-06
   1.79999757       1.36324172E-06
   1.81999755       1.43816226E-06
   1.83999753       1.47931985E-06
   1.85999751       1.56592534E-06
   1.87999749       1.67284281E-06
   1.89999747       1.75837476E-06
   1.91999745       1.90104743E-06
   1.93999743       1.99712576E-06
   1.95999742       1.99767305E-06
   1.97999740       1.94740869E-06
   1.99999738       1.98635007E-06
   2.01999736       2.07149651E-06
   2.03999734       1.92961397E-06
   2.05999732       1.76651292E-06
   2.07999730       1.82209305E-06
   2.09999728       1.98538373E-06
   2.11999726       2.29723673E-06
   2.13999724       2.70172700E-06
   2.15999722       2.98348778E-06
   2.17999721       2.93584299E-06
   2.19999719       2.70898749E-06
   2.21999717       2.57642705E-06
   2.23999715       2.41738917E-06
   2.25999713       2.14699048E-06
   2.27999711       2.03237869E-06
   2.29999709       2.26843281E-06
   2.31999707       2.58047430E-06
   2.33999705       2.68477879E-06
   2.35999703       2.48118090E-06
   2.37999701       2.22108315E-06
   2.39999700       2.07845778E-06
   2.41999698       1.94732070E-06
   2.43999696       1.85063084E-06
   2.45999694       1.98230305E-06
   2.47999692       2.16114745E-06
   2.49999690       1.97065378E-06
   2.51999688       1.59102296E-06
   2.53999686       1.41825194E-06
   2.55999684       1.52565258E-06
   2.57999682       1.69095995E-06
   2.59999681       1.64084702E-06
   2.61999679       1.28974136E-06
   2.63999677       1.01707246E-06
   2.65999675       1.22556355E-06
   2.67999673       1.36218443E-06
   2.69999671       9.76691922E-07
   2.71999669       6.26656572E-07
   2.73999667       6.32557374E-07
   2.75999665       8.63738990E-07
   2.77999663       8.56873839E-07
   2.79999661       6.25544772E-07
   2.81999660       4.00748092E-07
   2.83999658       4.39163244E-07
   2.85999656       4.85227304E-07
   2.87999654       2.33920773E-07
   2.89999652       1.09539492E-07
   2.91999650       1.68982794E-07
   2.93999648       1.74512465E-07
   2.95999646       5.78394079E-08
   2.97999644       3.04547463E-08
   2.99999642       3.52951979E-08
   3.01999640       2.51805488E-09
   3.03999639       3.03972421E-08
   3.05999637       1.66871796E-08
   3.07999635       3.93495689E-08
   3.09999633       1.61855510E-07
