  -2.00000000       1.91529537E-07
  -1.98000002       3.29012948E-07
  -1.96000004       5.09998358E-07
  -1.94000006       5.27204293E-07
  -1.92000008       4.77739263E-07
  -1.90000010       6.04488775E-07
  -1.88000011       8.27071119E-07
  -1.86000013       8.46913906E-07
  -1.84000015       7.17979731E-07
  -1.82000017       8.05173045E-07
  -1.80000019       1.19607239E-06
  -1.78000021       1.45559670E-06
  -1.76000023       1.23740108E-06
  -1.74000025       1.01063313E-06
  -1.72000027       1.31782247E-06
  -1.70000029       1.94130735E-06
  -1.68000031       2.20243714E-06
  -1.66000032       1.94993140E-06
  -1.64000034       1.82403744E-06
  -1.62000036       2.24108044E-06
  -1.60000038       2.96581834E-06
  -1.58000040       3.53223140E-06
  -1.56000042       3.64492939E-06
  -1.54000044       3.45708372E-06
  -1.52000046       3.70531120E-06
  -1.50000048       4.72263537E-06
  -1.48000050       6.02707541E-06
  -1.46000051       6.87710963E-06
  -1.44000053       7.31192267E-06
  -1.42000055       8.26294399E-06
  -1.40000057       1.05913095E-05
  -1.38000059       1.25104216E-05
  -1.36000061       1.15878429E-05
  -1.34000063       1.00661882E-05
  -1.32000065       1.46652801E-05
  -1.30000067       2.47234475E-05
  -1.28000069       3.00521988E-05
  -1.26000071       3.08445451E-05
  -1.24000072       3.75377713E-05
  -1.22000074       5.58815409E-05
  -1.20000076       7.41160911E-05
  -1.18000078       9.52091359E-05
  -1.16000080       1.18058990E-04
  -1.14000082       1.59470816E-04
  -1.12000084       2.12961269E-04
  -1.10000086       2.86851457E-04
  -1.08000088       3.69293557E-04
  -1.06000090       4.70418774E-04
  -1.04000092       5.90588723E-04
  -1.02000093       6.95286144E-04
  -1.00000095       8.53202830E-04
 -0.980000973       9.58260673E-04
 -0.960000992       1.22550048E-03
 -0.940001011       1.30959961E-03
 -0.920001030       1.73995749E-03
 -0.900001049       1.76458643E-03
 -0.880001068       2.51520937E-03
 -0.860001087       2.46476545E-03
 -0.840001106       3.69166979E-03
 -0.820001125       3.55092995E-03
 -0.800001144       5.28458599E-03
 -0.780001163       4.93413256E-03
 -0.760001183       6.93499343E-03
 -0.740001202       6.70191692E-03
 -0.720001221       8.58131982E-03
 -0.700001240       9.66818351E-03
 -0.680001259       1.04491441E-02
 -0.660001278       1.44728273E-02
 -0.640001297       1.18629159E-02
 -0.620001316       2.09439825E-02
 -0.600001335       1.18551627E-02
 -0.580001354       2.99165267E-02
 -0.560001373       1.11237420E-02
 -0.540001392       4.24685627E-02
 -0.520001411       1.04041304E-02
 -0.500001431       5.65632582E-02
 -0.480001420       1.07341986E-02
 -0.460001409       7.02837631E-02
 -0.440001398       1.68468468E-02
 -0.420001388       8.28008726E-02
 -0.400001377       3.28022428E-02
 -0.380001366       8.81198496E-02
 -0.360001355       6.44863024E-02
 -0.340001345       8.39966983E-02
 -0.320001334      0.119125634    
 -0.300001323       7.20809996E-02
 -0.280001312      0.195043981    
 -0.260001302       5.35298921E-02
 -0.240001306      0.296041429    
 -0.220001310       4.05417532E-02
 -0.200001314      0.410566270    
 -0.180001318       4.90585975E-02
 -0.160001323      0.527901471    
 -0.140001327       9.51423869E-02
 -0.120001331      0.638868809    
 -0.100001335      0.199162945    
  -8.00013393E-02  0.720891118    
  -6.00013398E-02  0.370791018    
  -4.00013402E-02  0.790372849    
  -2.00013407E-02  0.597350240    
  -1.34110451E-06  0.799179316    
   1.99986584E-02   1.14342713    
   3.99986580E-02   1.24046850    
   5.99986576E-02   1.33805120    
   7.99986571E-02   1.45013595    
   9.99986529E-02   1.54611254    
  0.119998649       1.62518966    
  0.139998645       1.69917834    
  0.159998640       1.76249456    
  0.179998636       1.80554461    
  0.199998632       1.83281112    
  0.219998628       1.84940290    
  0.239998624       1.85001743    
  0.259998620       1.83093166    
  0.279998630       1.79768920    
  0.299998641       1.75484836    
  0.319998652       1.69935703    
  0.339998662       1.62930977    
  0.359998673       1.54930079    
  0.379998684       1.46461391    
  0.399998695       1.37550664    
  0.419998705       1.28028882    
  0.439998716       1.18082845    
  0.459998727       1.08155406    
  0.479998738      0.985237062    
  0.499998748      0.891510129    
  0.519998729      0.799595058    
  0.539998710      0.710659325    
  0.559998691      0.626982868    
  0.579998672      0.550130486    
  0.599998653      0.480008990    
  0.619998634      0.415780663    
  0.639998615      0.357000500    
  0.659998596      0.303846300    
  0.679998577      0.256751746    
  0.699998558      0.215664670    
  0.719998538      0.180123225    
  0.739998519      0.149428323    
  0.759998500      0.122965299    
  0.779998481      0.100317471    
  0.799998462       8.11885968E-02
  0.819998443       6.52945936E-02
  0.839998424       5.22343628E-02
  0.859998405       4.15724926E-02
  0.879998386       3.28917280E-02
  0.899998367       2.58061197E-02
  0.919998348       2.00490486E-02
  0.939998329       1.54042775E-02
  0.959998310       1.16988737E-02
  0.979998291       8.79569817E-03
  0.999998271       6.56521693E-03
   1.01999831       4.86913091E-03
   1.03999829       3.59997130E-03
   1.05999827       2.66142888E-03
   1.07999825       1.96745270E-03
   1.09999824       1.45399978E-03
   1.11999822       1.07650552E-03
   1.13999820       7.94181891E-04
   1.15999818       5.82196226E-04
   1.17999816       4.25229315E-04
   1.19999814       3.09703406E-04
   1.21999812       2.25973650E-04
   1.23999810       1.64009019E-04
   1.25999808       1.17434371E-04
   1.27999806       8.42431982E-05
   1.29999804       6.14582823E-05
   1.31999803       4.47249804E-05
   1.33999801       3.23037675E-05
   1.35999799       2.37224140E-05
   1.37999797       1.76671365E-05
   1.39999795       1.31676970E-05
   1.41999793       1.00936441E-05
   1.43999791       8.01719580E-06
   1.45999789       6.33925856E-06
   1.47999787       5.12204906E-06
   1.49999785       4.20962715E-06
   1.51999784       3.54805911E-06
   1.53999782       3.11470831E-06
   1.55999780       2.76237074E-06
   1.57999778       2.40957070E-06
   1.59999776       2.17458364E-06
   1.61999774       2.05279230E-06
   1.63999772       1.88625847E-06
   1.65999770       1.69991517E-06
   1.67999768       1.60386980E-06
   1.69999766       1.64700737E-06
   1.71999764       1.71019155E-06
   1.73999763       1.63995742E-06
   1.75999761       1.51008635E-06
   1.77999759       1.51333859E-06
   1.79999757       1.64304254E-06
   1.81999755       1.73543606E-06
   1.83999753       1.77164839E-06
   1.85999751       1.85852252E-06
   1.87999749       1.98594648E-06
   1.89999747       2.05879792E-06
   1.91999745       2.17211027E-06
   1.93999743       2.25869462E-06
   1.95999742       2.23723555E-06
   1.97999740       2.15310797E-06
   1.99999738       2.15139266E-06
   2.01999736       2.20203287E-06
   2.03999734       2.07999096E-06
   2.05999732       1.93442497E-06
   2.07999730       1.99041392E-06
   2.09999728       2.15558794E-06
   2.11999726       2.46507102E-06
   2.13999724       2.81584380E-06
   2.15999722       3.05498975E-06
   2.17999721       2.93998573E-06
   2.19999719       2.62308708E-06
   2.21999717       2.41842281E-06
   2.23999715       2.27921760E-06
   2.25999713       2.05418200E-06
   2.27999711       1.94303675E-06
   2.29999709       2.15611885E-06
   2.31999707       2.44909324E-06
   2.33999705       2.48286938E-06
   2.35999703       2.20802008E-06
   2.37999701       1.90925243E-06
   2.39999700       1.78749883E-06
   2.41999698       1.72354009E-06
   2.43999696       1.68960958E-06
   2.45999694       1.78018604E-06
   2.47999692       1.85575095E-06
   2.49999690       1.60334992E-06
   2.51999688       1.25731276E-06
   2.53999686       1.17333855E-06
   2.55999684       1.32270168E-06
   2.57999682       1.41280645E-06
   2.59999681       1.27492910E-06
   2.61999679       9.30426324E-07
   2.63999677       7.56625127E-07
   2.65999675       9.96317794E-07
   2.67999673       1.07867686E-06
   2.69999671       6.83990834E-07
   2.71999669       3.74376725E-07
   2.73999667       4.06036463E-07
   2.75999665       6.20878325E-07
   2.77999663       5.86095041E-07
   2.79999661       3.81855585E-07
   2.81999660       2.31191109E-07
   2.83999658       2.70755720E-07
   2.85999656       2.98017454E-07
   2.87999654       1.14341020E-07
   2.89999652       3.85923329E-08
   2.91999650       8.08989142E-08
   2.93999648       1.03358751E-07
   2.95999646       3.88580652E-08
   2.97999644       3.80901044E-09
   2.99999642       7.66716912E-09
   3.01999640       4.11816856E-08
   3.03999639       8.22869808E-08
   3.05999637       4.19545749E-08
   3.07999635       9.73280336E-08
   3.09999633       2.01821081E-07
