  -2.00000000       1.95360087E-07
  -1.98000002       2.72127608E-07
  -1.96000004       4.64716493E-07
  -1.94000006       5.35135257E-07
  -1.92000008       4.58084202E-07
  -1.90000010       5.06104072E-07
  -1.88000011       7.19371826E-07
  -1.86000013       8.09534527E-07
  -1.84000015       7.00184387E-07
  -1.82000017       7.10147901E-07
  -1.80000019       1.03533523E-06
  -1.78000021       1.35685025E-06
  -1.76000023       1.22772860E-06
  -1.74000025       9.56285703E-07
  -1.72000027       1.12984344E-06
  -1.70000029       1.70443582E-06
  -1.68000031       2.05469314E-06
  -1.66000032       1.88730655E-06
  -1.64000034       1.68747806E-06
  -1.62000036       1.95531561E-06
  -1.60000038       2.60788238E-06
  -1.58000040       3.20965091E-06
  -1.56000042       3.40835754E-06
  -1.54000044       3.21490802E-06
  -1.52000046       3.31449701E-06
  -1.50000048       4.20499782E-06
  -1.48000050       5.61373054E-06
  -1.46000051       6.77782737E-06
  -1.44000053       7.07854224E-06
  -1.42000055       6.27606914E-06
  -1.40000057       5.35948220E-06
  -1.38000059       6.83885901E-06
  -1.36000061       1.34403736E-05
  -1.34000063       2.23614679E-05
  -1.32000065       2.48486922E-05
  -1.30000067       1.90746050E-05
  -1.28000069       1.78717946E-05
  -1.26000071       3.06965776E-05
  -1.24000072       4.66046222E-05
  -1.22000074       6.03135632E-05
  -1.20000076       7.54203138E-05
  -1.18000078       1.01260259E-04
  -1.16000080       1.27154999E-04
  -1.14000082       1.70420390E-04
  -1.12000084       2.24775358E-04
  -1.10000086       3.03227163E-04
  -1.08000088       3.83872306E-04
  -1.06000090       4.89376660E-04
  -1.04000092       6.02605229E-04
  -1.02000093       7.13935005E-04
  -1.00000095       8.59224761E-04
 -0.980000973       9.76525829E-04
 -0.960000992       1.23207422E-03
 -0.940001011       1.34042464E-03
 -0.920001030       1.76818995E-03
 -0.900001049       1.82051177E-03
 -0.880001068       2.58431141E-03
 -0.860001087       2.53723189E-03
 -0.840001106       3.80083593E-03
 -0.820001125       3.59105854E-03
 -0.800001144       5.42556867E-03
 -0.780001163       4.89747804E-03
 -0.760001183       7.15661561E-03
 -0.740001202       6.60617463E-03
 -0.720001221       8.99954513E-03
 -0.700001240       9.50489659E-03
 -0.680001259       1.10814068E-02
 -0.660001278       1.41118271E-02
 -0.640001297       1.25949401E-02
 -0.620001316       2.04116218E-02
 -0.600001335       1.26681263E-02
 -0.580001354       2.95318421E-02
 -0.560001373       1.19006578E-02
 -0.540001392       4.23257127E-02
 -0.520001411       1.06672924E-02
 -0.500001431       5.68265952E-02
 -0.480001420       1.01406220E-02
 -0.460001409       7.17544407E-02
 -0.440001398       1.49491318E-02
 -0.420001388       8.55926126E-02
 -0.400001377       2.91138683E-02
 -0.380001366       9.20424312E-02
 -0.360001355       5.93495667E-02
 -0.340001345       8.93299207E-02
 -0.320001334      0.112348780    
 -0.300001323       7.76268169E-02
 -0.280001312      0.187737569    
 -0.260001302       5.81969656E-02
 -0.240001306      0.289235532    
 -0.220001310       4.35233600E-02
 -0.200001314      0.404267102    
 -0.180001318       4.89591695E-02
 -0.160001323      0.523894370    
 -0.140001327       9.18339640E-02
 -0.120001331      0.634991348    
 -0.100001335      0.193435669    
  -8.00013393E-02  0.718059778    
  -6.00013398E-02  0.362813085    
  -4.00013402E-02  0.785374880    
  -2.00013407E-02  0.590072036    
  -1.34110451E-06  0.792715967    
   1.99986584E-02   1.13355899    
   3.99986580E-02   1.23133135    
   5.99986576E-02   1.32937324    
   7.99986571E-02   1.44025481    
   9.99986529E-02   1.53698874    
  0.119998649       1.61753595    
  0.139998645       1.69113040    
  0.159998640       1.75475776    
  0.179998636       1.79997551    
  0.199998632       1.82837856    
  0.219998628       1.84494507    
  0.239998624       1.84698033    
  0.259998620       1.83027887    
  0.279998630       1.79806674    
  0.299998641       1.75542796    
  0.319998652       1.70128822    
  0.339998662       1.63335562    
  0.359998673       1.55441618    
  0.379998684       1.46973383    
  0.399998695       1.38105524    
  0.419998705       1.28711605    
  0.439998716       1.18868327    
  0.459998727       1.08941019    
  0.479998738      0.992606044    
  0.499998748      0.898809373    
  0.519998729      0.807299078    
  0.539998710      0.718593895    
  0.559998691      0.634534776    
  0.579998672      0.556899548    
  0.599998653      0.486098737    
  0.619998634      0.421527296    
  0.639998615      0.362569153    
  0.659998596      0.309104711    
  0.679998577      0.261456549    
  0.699998558      0.219686002    
  0.719998538      0.183521718    
  0.739998519      0.152368128    
  0.759998500      0.125588998    
  0.779998481      0.102677949    
  0.799998462       8.32657740E-02
  0.819998443       6.70508742E-02
  0.839998424       5.36605529E-02
  0.859998405       4.27017249E-02
  0.879998386       3.37840877E-02
  0.899998367       2.65253186E-02
  0.919998348       2.06459817E-02
  0.939998329       1.59089081E-02
  0.959998310       1.21252360E-02
  0.979998291       9.14938934E-03
  0.999998271       6.84900628E-03
   1.01999831       5.08740405E-03
   1.03999829       3.76140210E-03
   1.05999827       2.77614221E-03
   1.07999825       2.04591453E-03
   1.09999824       1.50671951E-03
   1.11999822       1.11205911E-03
   1.13999820       8.18693836E-04
   1.15999818       5.99604216E-04
   1.17999816       4.37900773E-04
   1.19999814       3.19111976E-04
   1.21999812       2.33375744E-04
   1.23999810       1.69998049E-04
   1.25999808       1.22206518E-04
   1.27999806       8.80682783E-05
   1.29999804       6.44529937E-05
   1.31999803       4.71897765E-05
   1.33999801       3.44159598E-05
   1.35999799       2.54853476E-05
   1.37999797       1.90815990E-05
   1.39999795       1.43640627E-05
   1.41999793       1.10996016E-05
   1.43999791       8.85271311E-06
   1.45999789       7.07570643E-06
   1.47999787       5.80683491E-06
   1.49999785       4.78899528E-06
   1.51999784       4.02340311E-06
   1.53999782       3.54624763E-06
   1.55999780       3.18727280E-06
   1.57999778       2.79889377E-06
   1.59999776       2.51862502E-06
   1.61999774       2.37184759E-06
   1.63999772       2.19551293E-06
   1.65999770       1.98689008E-06
   1.67999768       1.86647992E-06
   1.69999766       1.89367267E-06
   1.71999764       1.97436520E-06
   1.73999763       1.91146341E-06
   1.75999761       1.77655795E-06
   1.77999759       1.75351749E-06
   1.79999757       1.87492526E-06
   1.81999755       1.98080875E-06
   1.83999753       2.01204375E-06
   1.85999751       2.09001087E-06
   1.87999749       2.22710901E-06
   1.89999747       2.27650730E-06
   1.91999745       2.33958190E-06
   1.93999743       2.40173540E-06
   1.95999742       2.35306970E-06
   1.97999740       2.23397069E-06
   1.99999738       2.17820980E-06
   2.01999736       2.17787078E-06
   2.03999734       2.09070231E-06
   2.05999732       1.98354837E-06
   2.07999730       2.03332411E-06
   2.09999728       2.19064873E-06
   2.11999726       2.47884418E-06
   2.13999724       2.75194316E-06
   2.15999722       2.93052858E-06
   2.17999721       2.76158607E-06
   2.19999719       2.38829284E-06
   2.21999717       2.13078783E-06
   2.23999715       2.01648004E-06
   2.25999713       1.85498982E-06
   2.27999711       1.76096080E-06
   2.29999709       1.93344727E-06
   2.31999707       2.18252512E-06
   2.33999705       2.14526017E-06
   2.35999703       1.82432018E-06
   2.37999701       1.51145650E-06
   2.39999700       1.40668317E-06
   2.41999698       1.39564941E-06
   2.43999696       1.41220812E-06
   2.45999694       1.44904357E-06
   2.47999692       1.42377155E-06
   2.49999690       1.14723207E-06
   2.51999688       8.61052115E-07
   2.53999686       8.44570422E-07
   2.55999684       1.00379702E-06
   2.57999682       1.03096681E-06
   2.59999681       8.61057231E-07
   2.61999679       5.74000978E-07
   2.63999677       4.78529387E-07
   2.65999675       7.02625584E-07
   2.67999673       7.51988523E-07
   2.69999671       4.21440831E-07
   2.71999669       1.93508654E-07
   2.73999667       2.30037273E-07
   2.75999665       4.12536195E-07
   2.77999663       3.92052442E-07
   2.79999661       2.42504115E-07
   2.81999660       1.29106368E-07
   2.83999658       1.62517281E-07
   2.85999656       2.03852494E-07
   2.87999654       8.76813573E-08
   2.89999652       3.06056585E-08
   2.91999650       6.57568151E-08
   2.93999648       1.35233478E-07
   2.95999646       9.72881935E-08
   2.97999644       3.04159009E-08
   2.99999642       4.90966094E-08
   3.01999640       1.36470121E-07
   3.03999639       1.61922813E-07
   3.05999637       1.16880635E-07
   3.07999635       1.97685864E-07
   3.09999633       2.38455755E-07
