  -2.00000000       5.39080304E-07
  -1.98000002       3.80454367E-07
  -1.96000004       3.50249309E-07
  -1.94000006       4.87340401E-07
  -1.92000008       4.84848954E-07
  -1.90000010       3.41707164E-07
  -1.88000011       3.14392935E-07
  -1.86000013       4.76950902E-07
  -1.84000015       5.69817644E-07
  -1.82000017       4.46593248E-07
  -1.80000019       3.68216149E-07
  -1.78000021       5.59377554E-07
  -1.76000023       7.59314332E-07
  -1.74000025       6.64465404E-07
  -1.72000027       4.44371096E-07
  -1.70000029       5.20366484E-07
  -1.68000031       8.44306442E-07
  -1.66000032       1.00946932E-06
  -1.64000034       8.28650229E-07
  -1.62000036       6.74888099E-07
  -1.60000038       8.76426043E-07
  -1.58000040       1.29891646E-06
  -1.56000042       1.62979484E-06
  -1.54000044       1.58375940E-06
  -1.52000046       1.43319460E-06
  -1.50000048       1.76447861E-06
  -1.48000050       2.65111885E-06
  -1.46000051       3.47489390E-06
  -1.44000053       3.57379122E-06
  -1.42000055       3.51971221E-06
  -1.40000057       5.60814124E-06
  -1.38000059       1.10687834E-05
  -1.36000061       1.64798239E-05
  -1.34000063       1.61917214E-05
  -1.32000065       1.36319004E-05
  -1.30000067       1.88146769E-05
  -1.28000069       3.27249181E-05
  -1.26000071       4.55648151E-05
  -1.24000072       5.63745161E-05
  -1.22000074       7.61438059E-05
  -1.20000076       1.03059647E-04
  -1.18000078       1.35915237E-04
  -1.16000080       1.66077414E-04
  -1.14000082       2.14767511E-04
  -1.12000084       2.68658710E-04
  -1.10000086       3.54402524E-04
  -1.08000088       4.23701364E-04
  -1.06000090       5.36269275E-04
  -1.04000092       6.22109394E-04
  -1.02000093       7.60402065E-04
  -1.00000095       8.68090370E-04
 -0.980000973       1.05409499E-03
 -0.960000992       1.27608562E-03
 -0.940001011       1.51673111E-03
 -0.920001030       1.90614944E-03
 -0.900001049       2.11138953E-03
 -0.880001068       2.80594290E-03
 -0.860001087       2.85298284E-03
 -0.840001106       4.04715491E-03
 -0.820001125       3.77914961E-03
 -0.800001144       5.76381944E-03
 -0.780001163       4.93283570E-03
 -0.760001183       7.92358816E-03
 -0.740001202       6.51761284E-03
 -0.720001221       1.05213393E-02
 -0.700001240       8.94426089E-03
 -0.680001259       1.32550830E-02
 -0.660001278       1.25869038E-02
 -0.640001297       1.53832026E-02
 -0.620001316       1.83062777E-02
 -0.600001335       1.63838454E-02
 -0.580001354       2.74255518E-02
 -0.560001373       1.57731958E-02
 -0.540001392       4.01118919E-02
 -0.520001411       1.31113557E-02
 -0.500001431       5.62376827E-02
 -0.480001420       1.00806737E-02
 -0.460001409       7.52795413E-02
 -0.440001398       1.00145563E-02
 -0.420001388       9.30705890E-02
 -0.400001377       1.78865287E-02
 -0.380001366      0.105153419    
 -0.360001355       4.17558886E-02
 -0.340001345      0.108076021    
 -0.320001334       8.77976567E-02
 -0.300001323       9.75556746E-02
 -0.280001312      0.161262840    
 -0.260001302       7.70678297E-02
 -0.240001306      0.261820883    
 -0.220001310       5.60852550E-02
 -0.200001314      0.380812258    
 -0.180001318       5.05199954E-02
 -0.160001323      0.506583512    
 -0.140001327       8.24306458E-02
 -0.120001331      0.620293736    
 -0.100001335      0.173015475    
  -8.00013393E-02  0.707002461    
  -6.00013398E-02  0.335878849    
  -4.00013402E-02  0.766846120    
  -2.00013407E-02  0.562747836    
  -1.34110451E-06  0.769911766    
   1.99986584E-02   1.09968591    
   3.99986580E-02   1.19574046    
   5.99986576E-02   1.29797077    
   7.99986571E-02   1.40678513    
   9.99986529E-02   1.50165272    
  0.119998649       1.58791184    
  0.139998645       1.66424286    
  0.159998640       1.72632849    
  0.179998636       1.77615261    
  0.199998632       1.81220210    
  0.219998628       1.83070493    
  0.239998624       1.83395576    
  0.259998620       1.82446110    
  0.279998630       1.79972851    
  0.299998641       1.75915682    
  0.319998652       1.70659983    
  0.339998662       1.64478219    
  0.359998673       1.57257056    
  0.379998684       1.49010706    
  0.399998695       1.40125823    
  0.419998705       1.30957305    
  0.439998716       1.21558237    
  0.459998727       1.11884868    
  0.479998738       1.02113426    
  0.499998748      0.925536454    
  0.519998729      0.833983839    
  0.539998710      0.746520340    
  0.559998691      0.662694037    
  0.579998672      0.583175421    
  0.599998653      0.509404421    
  0.619998634      0.442452103    
  0.639998615      0.382289678    
  0.659998596      0.328112930    
  0.679998577      0.279275417    
  0.699998558      0.235494077    
  0.719998538      0.196909487    
  0.739998519      0.163560688    
  0.759998500      0.135171503    
  0.779998481      0.111167826    
  0.799998462       9.08929184E-02
  0.819998443       7.37777352E-02
  0.839998424       5.93642071E-02
  0.859998405       4.73343730E-02
  0.879998386       3.74258831E-02
  0.899998367       2.93587558E-02
  0.919998348       2.28849985E-02
  0.939998329       1.77304130E-02
  0.959998310       1.36476438E-02
  0.979998291       1.04369409E-02
  0.999998271       7.92627409E-03
   1.01999831       5.96329663E-03
   1.03999829       4.44932887E-03
   1.05999827       3.29369004E-03
   1.07999825       2.41720839E-03
   1.09999824       1.76302099E-03
   1.11999822       1.28290930E-03
   1.13999820       9.29617498E-04
   1.15999818       6.70156325E-04
   1.17999816       4.81931085E-04
   1.19999814       3.46544635E-04
   1.21999812       2.51545483E-04
   1.23999810       1.83112745E-04
   1.25999808       1.32351983E-04
   1.27999806       9.62471895E-05
   1.29999804       7.06588835E-05
   1.31999803       5.24722054E-05
   1.33999801       3.94096460E-05
   1.35999799       2.98739706E-05
   1.37999797       2.26805514E-05
   1.39999795       1.76072735E-05
   1.41999793       1.39118665E-05
   1.43999791       1.11538102E-05
   1.45999789       9.20641105E-06
   1.47999787       7.85778866E-06
   1.49999785       6.57431929E-06
   1.51999784       5.52027086E-06
   1.53999782       4.88756814E-06
   1.55999780       4.51197093E-06
   1.57999778       4.09145059E-06
   1.59999776       3.68691894E-06
   1.61999774       3.40546148E-06
   1.63999772       3.22259984E-06
   1.65999770       3.01741807E-06
   1.67999768       2.84649400E-06
   1.69999766       2.74558329E-06
   1.71999764       2.79812684E-06
   1.73999763       2.80792597E-06
   1.75999761       2.76016044E-06
   1.77999759       2.64649498E-06
   1.79999757       2.63497486E-06
   1.81999755       2.72735269E-06
   1.83999753       2.76000083E-06
   1.85999751       2.77475783E-06
   1.87999749       2.85464762E-06
   1.89999747       2.80476229E-06
   1.91999745       2.64957316E-06
   1.93999743       2.55270834E-06
   1.95999742       2.41704129E-06
   1.97999740       2.23109714E-06
   1.99999738       2.00260274E-06
   2.01999736       1.80969334E-06
   2.03999734       1.85905355E-06
   2.05999732       1.95659709E-06
   2.07999730       1.96710653E-06
   2.09999728       2.02026445E-06
   2.11999726       2.06871755E-06
   2.13999724       1.96169844E-06
   2.15999722       1.82781321E-06
   2.17999721       1.55552459E-06
   2.19999719       1.18824346E-06
   2.21999717       8.90405374E-07
   2.23999715       8.20861032E-07
   2.25999713       8.57083990E-07
   2.27999711       8.51529308E-07
   2.29999709       8.04170725E-07
   2.31999707       7.82954658E-07
   2.33999705       6.17695036E-07
   2.35999703       3.88506550E-07
   2.37999701       2.30769189E-07
   2.39999700       1.93879671E-07
   2.41999698       2.41457144E-07
   2.43999696       3.10480658E-07
   2.45999694       2.60327084E-07
   2.47999692       1.75687688E-07
   2.49999690       9.84617472E-08
   2.51999688       4.57962486E-08
   2.53999686       6.05622077E-08
   2.55999684       1.37853490E-07
   2.57999682       1.87685174E-07
   2.59999681       2.31180948E-07
   2.61999679       1.89263275E-07
   2.63999677       1.09477391E-07
   2.65999675       2.15514106E-07
   2.67999673       3.53405170E-07
   2.69999671       3.28690163E-07
   2.71999669       3.04632181E-07
   2.73999667       3.43350337E-07
   2.75999665       5.47841466E-07
   2.77999663       6.90604338E-07
   2.79999661       6.62340767E-07
   2.81999660       5.02041360E-07
   2.83999658       6.02807859E-07
   2.85999656       8.75443334E-07
   2.87999654       7.79981747E-07
   2.89999652       6.68616167E-07
   2.91999650       9.11113261E-07
   2.93999648       1.18477021E-06
   2.95999646       9.96148174E-07
   2.97999644       8.81861865E-07
   2.99999642       1.05544655E-06
   3.01999640       9.93588287E-07
   3.03999639       8.40859229E-07
   3.05999637       1.00585203E-06
   3.07999635       9.65479444E-07
   3.09999633       6.46246690E-07
