  -2.00000000       1.31869933E-06
  -1.98000002       1.17057562E-06
  -1.96000004       8.45906243E-07
  -1.94000006       6.92669914E-07
  -1.92000008       7.80475318E-07
  -1.90000010       7.82612005E-07
  -1.88000011       5.89995636E-07
  -1.86000013       4.67048153E-07
  -1.84000015       5.58102442E-07
  -1.82000017       5.77556762E-07
  -1.80000019       3.89944404E-07
  -1.78000021       2.14349981E-07
  -1.76000023       2.89572057E-07
  -1.74000025       4.31950866E-07
  -1.72000027       3.15373342E-07
  -1.70000029       1.01608933E-07
  -1.68000031       5.11957481E-08
  -1.66000032       1.48946015E-07
  -1.64000034       1.52345109E-07
  -1.62000036       4.57872673E-08
  -1.60000038       3.59300820E-08
  -1.58000040       1.97578942E-07
  -1.56000042       4.23273917E-07
  -1.54000044       5.10335383E-07
  -1.52000046       5.25310043E-07
  -1.50000048       8.75712431E-07
  -1.48000050       1.78338314E-06
  -1.46000051       3.11497365E-06
  -1.44000053       4.77725916E-06
  -1.42000055       7.06261380E-06
  -1.40000057       9.62388094E-06
  -1.38000059       1.07073238E-05
  -1.36000061       1.04239280E-05
  -1.34000063       1.45730137E-05
  -1.32000065       2.83643676E-05
  -1.30000067       4.30002619E-05
  -1.28000069       4.90773309E-05
  -1.26000071       5.47554155E-05
  -1.24000072       7.56313966E-05
  -1.22000074       1.05378676E-04
  -1.20000076       1.35157781E-04
  -1.18000078       1.67895487E-04
  -1.16000080       2.02571915E-04
  -1.14000082       2.46862095E-04
  -1.12000084       2.96648243E-04
  -1.10000086       3.77196586E-04
  -1.08000088       4.41959477E-04
  -1.06000090       5.55293402E-04
  -1.04000092       6.36076089E-04
  -1.02000093       8.08397715E-04
  -1.00000095       9.14238452E-04
 -0.980000973       1.18680345E-03
 -0.960000992       1.38743711E-03
 -0.940001011       1.77535042E-03
 -0.920001030       2.05961126E-03
 -0.900001049       2.44382001E-03
 -0.880001068       2.89999577E-03
 -0.860001087       3.17587517E-03
 -0.840001106       4.07909509E-03
 -0.820001125       4.11469676E-03
 -0.800001144       5.97253675E-03
 -0.780001163       5.37100574E-03
 -0.760001183       8.58138688E-03
 -0.740001202       6.82547269E-03
 -0.720001221       1.16279842E-02
 -0.700001240       8.54946766E-03
 -0.680001259       1.49075501E-02
 -0.660001278       1.13226194E-02
 -0.640001297       1.82884447E-02
 -0.620001316       1.63279623E-02
 -0.600001335       2.07538679E-02
 -0.580001354       2.42102183E-02
 -0.560001373       2.05939095E-02
 -0.540001392       3.60975936E-02
 -0.520001411       1.77500974E-02
 -0.500001431       5.36834672E-02
 -0.480001420       1.31389908E-02
 -0.460001409       7.49090165E-02
 -0.440001398       8.59109499E-03
 -0.420001388       9.66832191E-02
 -0.400001377       1.05597340E-02
 -0.380001366      0.115845896    
 -0.360001355       2.64969692E-02
 -0.340001345      0.123728432    
 -0.320001334       6.55773208E-02
 -0.300001323      0.117247239    
 -0.280001312      0.134434685    
 -0.260001302       9.74144265E-02
 -0.240001306      0.232667208    
 -0.220001310       7.03199208E-02
 -0.200001314      0.356442183    
 -0.180001318       5.58073223E-02
 -0.160001323      0.485069752    
 -0.140001327       7.58406073E-02
 -0.120001331      0.606394112    
 -0.100001335      0.154488876    
  -8.00013393E-02  0.692637265    
  -6.00013398E-02  0.311918974    
  -4.00013402E-02  0.750878394    
  -2.00013407E-02  0.534627080    
  -1.34110451E-06  0.745350838    
   1.99986584E-02   1.06952989    
   3.99986580E-02   1.16108787    
   5.99986576E-02   1.26345170    
   7.99986571E-02   1.37615883    
   9.99986529E-02   1.46851265    
  0.119998649       1.55425560    
  0.139998645       1.63710654    
  0.159998640       1.70152581    
  0.179998636       1.75005794    
  0.199998632       1.79155934    
  0.219998628       1.81794310    
  0.239998624       1.82289052    
  0.259998620       1.81455767    
  0.279998630       1.79714060    
  0.299998641       1.76411998    
  0.319998652       1.71345890    
  0.339998662       1.65272129    
  0.359998673       1.58617032    
  0.379998684       1.51032960    
  0.399998695       1.42363775    
  0.419998705       1.33126163    
  0.439998716       1.23872161    
  0.459998727       1.14597976    
  0.479998738       1.05085421    
  0.499998748      0.954348922    
  0.519998729      0.860516667    
  0.539998710      0.772305012    
  0.559998691      0.689372599    
  0.579998672      0.610232174    
  0.599998653      0.534825206    
  0.619998634      0.464857906    
  0.639998615      0.401960224    
  0.659998596      0.346258342    
  0.679998577      0.296706825    
  0.699998558      0.252021879    
  0.719998538      0.211763263    
  0.739998519      0.176152840    
  0.759998500      0.145518020    
  0.779998481      0.119764477    
  0.799998462       9.83392447E-02
  0.819998443       8.04498419E-02
  0.839998424       6.53446466E-02
  0.859998405       5.25312088E-02
  0.879998386       4.17294018E-02
  0.899998367       3.27604748E-02
  0.919998348       2.54911296E-02
  0.939998329       1.97133087E-02
  0.959998310       1.51886065E-02
  0.979998291       1.16828345E-02
  0.999998271       8.96720961E-03
   1.01999831       6.84490427E-03
   1.03999829       5.19090472E-03
   1.05999827       3.89976706E-03
   1.07999825       2.89247045E-03
   1.09999824       2.12103315E-03
   1.11999822       1.54056051E-03
   1.13999820       1.10737944E-03
   1.15999818       7.87333294E-04
   1.17999816       5.54831058E-04
   1.19999814       3.89264373E-04
   1.21999812       2.74981780E-04
   1.23999810       1.95164117E-04
   1.25999808       1.38449890E-04
   1.27999806       9.90038316E-05
   1.29999804       7.10900786E-05
   1.31999803       5.21638904E-05
   1.33999801       3.93417322E-05
   1.35999799       2.98877985E-05
   1.37999797       2.27140099E-05
   1.39999795       1.78731698E-05
   1.41999793       1.42614208E-05
   1.43999791       1.14443810E-05
   1.45999789       9.65863637E-06
   1.47999787       8.37180778E-06
   1.49999785       7.15789793E-06
   1.51999784       6.14483179E-06
   1.53999782       5.45147714E-06
   1.55999780       5.03529918E-06
   1.57999778       4.71987005E-06
   1.59999776       4.34701951E-06
   1.61999774       3.98254679E-06
   1.63999772       3.80807910E-06
   1.65999770       3.70825092E-06
   1.67999768       3.57278850E-06
   1.69999766       3.36892185E-06
   1.71999764       3.26399208E-06
   1.73999763       3.33151252E-06
   1.75999761       3.42678027E-06
   1.77999759       3.33379580E-06
   1.79999757       3.16127785E-06
   1.81999755       3.11368012E-06
   1.83999753       3.14438557E-06
   1.85999751       3.10297082E-06
   1.87999749       2.99803992E-06
   1.89999747       2.85130363E-06
   1.91999745       2.58801288E-06
   1.93999743       2.33410424E-06
   1.95999742       2.14889837E-06
   1.97999740       1.97126110E-06
   1.99999738       1.72494038E-06
   2.01999736       1.51795962E-06
   2.03999734       1.56875421E-06
   2.05999732       1.73490673E-06
   2.07999730       1.72534283E-06
   2.09999728       1.60592413E-06
   2.11999726       1.35731375E-06
   2.13999724       1.02796093E-06
   2.15999722       7.16972352E-07
   2.17999721       5.15257909E-07
   2.19999719       3.81550478E-07
   2.21999717       2.85759256E-07
   2.23999715       2.35559483E-07
   2.25999713       2.55626674E-07
   2.27999711       2.56319311E-07
   2.29999709       1.36014862E-07
   2.31999707       2.73272001E-08
   2.33999705       2.26796248E-10
   2.35999703       2.57724899E-08
   2.37999701       7.37039727E-08
   2.39999700       9.36226456E-08
   2.41999698       6.33626911E-08
   2.43999696       5.36465912E-08
   2.45999694       1.53211062E-07
   2.47999692       3.96982472E-07
   2.49999690       5.52396727E-07
   2.51999688       5.01223269E-07
   2.53999686       4.49461737E-07
   2.55999684       6.09693643E-07
   2.57999682       9.44005535E-07
   2.59999681       1.20968036E-06
   2.61999679       1.11484053E-06
   2.63999677       9.85149768E-07
   2.65999675       1.34543632E-06
   2.67999673       1.72642376E-06
   2.69999671       1.61023308E-06
   2.71999669       1.40399914E-06
   2.73999667       1.69600389E-06
   2.75999665       2.37296877E-06
   2.77999663       2.53802705E-06
   2.79999661       2.24257110E-06
   2.81999660       2.16052058E-06
   2.83999658       2.52903124E-06
   2.85999656       2.83976806E-06
   2.87999654       2.38043549E-06
   2.89999652       2.35642074E-06
   2.91999650       2.95975588E-06
   2.93999648       2.99521025E-06
   2.95999646       2.59391436E-06
   2.97999644       2.80370909E-06
   2.99999642       2.91856281E-06
   3.01999640       2.30323667E-06
   3.03999639       2.13294106E-06
   3.05999637       2.40352620E-06
   3.07999635       2.00387217E-06
   3.09999633       1.66415896E-06
