  -2.00000000       8.13607471E-07
  -1.98000002       7.28998657E-07
  -1.96000004       6.70757458E-07
  -1.94000006       4.83583904E-07
  -1.92000008       3.35414370E-07
  -1.90000010       3.58425041E-07
  -1.88000011       4.06725320E-07
  -1.86000013       3.01735724E-07
  -1.84000015       1.51266789E-07
  -1.82000017       1.17478756E-07
  -1.80000019       1.80670995E-07
  -1.78000021       2.12751360E-07
  -1.76000023       1.34333831E-07
  -1.74000025       5.03999118E-08
  -1.72000027       3.74866964E-08
  -1.70000029       1.39542877E-07
  -1.68000031       3.08377338E-07
  -1.66000032       4.51490195E-07
  -1.64000034       4.47483870E-07
  -1.62000036       4.25943909E-07
  -1.60000038       6.79664140E-07
  -1.58000040       1.26635553E-06
  -1.56000042       2.01868079E-06
  -1.54000044       2.57845909E-06
  -1.52000046       2.81432062E-06
  -1.50000048       3.31752335E-06
  -1.48000050       4.96758048E-06
  -1.46000051       8.23342634E-06
  -1.44000053       1.26531158E-05
  -1.42000055       1.66797890E-05
  -1.40000057       1.74209326E-05
  -1.38000059       1.50144460E-05
  -1.36000061       1.65416095E-05
  -1.34000063       3.02670906E-05
  -1.32000065       5.02538896E-05
  -1.30000067       6.05018504E-05
  -1.28000069       6.19991115E-05
  -1.26000071       7.15071219E-05
  -1.24000072       9.63340426E-05
  -1.22000074       1.22808036E-04
  -1.20000076       1.54024005E-04
  -1.18000078       1.86510995E-04
  -1.16000080       2.29179772E-04
  -1.14000082       2.68804899E-04
  -1.12000084       3.31876363E-04
  -1.10000086       4.14333132E-04
  -1.08000088       5.19680267E-04
  -1.06000090       6.47698180E-04
  -1.04000092       7.82198564E-04
  -1.02000093       9.87890293E-04
  -1.00000095       1.13528606E-03
 -0.980000973       1.45343726E-03
 -0.960000992       1.61543407E-03
 -0.940001011       2.10114429E-03
 -0.920001030       2.20378395E-03
 -0.900001049       2.83903512E-03
 -0.880001068       2.94968300E-03
 -0.860001087       3.84071213E-03
 -0.840001106       4.21354920E-03
 -0.820001125       5.26302215E-03
 -0.800001144       6.23385934E-03
 -0.780001163       6.78680884E-03
 -0.760001183       8.76019802E-03
 -0.740001202       7.97496643E-03
 -0.720001221       1.20594325E-02
 -0.700001240       9.20845289E-03
 -0.680001259       1.67944338E-02
 -0.660001278       1.10396491E-02
 -0.640001297       2.23779269E-02
 -0.620001316       1.36137018E-02
 -0.600001335       2.70245224E-02
 -0.580001354       1.83794610E-02
 -0.560001373       2.98064556E-02
 -0.540001392       2.81895287E-02
 -0.520001411       2.94635110E-02
 -0.500001431       4.41295803E-02
 -0.480001420       2.37212833E-02
 -0.460001409       6.67344630E-02
 -0.440001398       1.45054702E-02
 -0.420001388       9.56633613E-02
 -0.400001377       6.92890398E-03
 -0.380001366      0.123681307    
 -0.360001355       9.19266231E-03
 -0.340001345      0.143642545    
 -0.320001334       3.37503478E-02
 -0.300001323      0.148234010    
 -0.280001312       8.95000994E-02
 -0.260001302      0.130880535    
 -0.240001306      0.183887750    
 -0.220001310       9.99021009E-02
 -0.200001314      0.307614625    
 -0.180001318       7.05419332E-02
 -0.160001323      0.446901500    
 -0.140001327       6.96304440E-02
 -0.120001331      0.576338291    
 -0.100001335      0.129971042    
  -8.00013393E-02  0.668009162    
  -6.00013398E-02  0.271285981    
  -4.00013402E-02  0.722545445    
  -2.00013407E-02  0.492361367    
  -1.34110451E-06  0.704463661    
   1.99986584E-02   1.01351678    
   3.99986580E-02   1.10834706    
   5.99986576E-02   1.20615971    
   7.99986571E-02   1.31681514    
   9.99986529E-02   1.41579795    
  0.119998649       1.50129509    
  0.139998645       1.58249867    
  0.159998640       1.65591538    
  0.179998636       1.71192002    
  0.199998632       1.75316572    
  0.219998628       1.78550875    
  0.239998624       1.80372155    
  0.259998620       1.80235958    
  0.279998630       1.78663969    
  0.299998641       1.76195836    
  0.319998652       1.72438753    
  0.339998662       1.67062593    
  0.359998673       1.60561180    
  0.379998684       1.53507006    
  0.399998695       1.45822120    
  0.419998705       1.37244344    
  0.439998716       1.28031254    
  0.459998727       1.18721175    
  0.479998738       1.09544384    
  0.499998748       1.00352168    
  0.519998729      0.910727918    
  0.539998710      0.819548726    
  0.559998691      0.733262360    
  0.579998672      0.653040707    
  0.599998653      0.577841520    
  0.619998634      0.506767094    
  0.639998615      0.440340698    
  0.659998596      0.379911780    
  0.679998577      0.326350272    
  0.699998558      0.279164672    
  0.719998538      0.237271935    
  0.739998519      0.199780032    
  0.759998500      0.166439086    
  0.779998481      0.137388840    
  0.799998462      0.112761796    
  0.819998443       9.23008025E-02
  0.839998424       7.53939971E-02
  0.859998405       6.13443106E-02
  0.879998386       4.95282784E-02
  0.899998367       3.95404175E-02
  0.919998348       3.11676618E-02
  0.939998329       2.42592152E-02
  0.959998310       1.86902359E-02
  0.979998291       1.43177398E-02
  0.999998271       1.09391911E-02
   1.01999831       8.34914297E-03
   1.03999829       6.37720712E-03
   1.05999827       4.86187590E-03
   1.07999825       3.68435821E-03
   1.09999824       2.77418480E-03
   1.11999822       2.07006675E-03
   1.13999820       1.52852817E-03
   1.15999818       1.11385225E-03
   1.17999816       7.98949390E-04
   1.19999814       5.65780851E-04
   1.21999812       3.97339201E-04
   1.23999810       2.77326995E-04
   1.25999808       1.93045053E-04
   1.27999806       1.33406880E-04
   1.29999804       9.08666407E-05
   1.31999803       6.25745379E-05
   1.33999801       4.41219163E-05
   1.35999799       3.11112635E-05
   1.37999797       2.19504036E-05
   1.39999795       1.58714593E-05
   1.41999793       1.16075944E-05
   1.43999791       8.60642649E-06
   1.45999789       6.72786109E-06
   1.47999787       5.33265575E-06
   1.49999785       4.35905486E-06
   1.51999784       3.64565403E-06
   1.53999782       3.04977311E-06
   1.55999780       2.60740171E-06
   1.57999778       2.38755251E-06
   1.59999776       2.20053016E-06
   1.61999774       1.99092597E-06
   1.63999772       1.84341502E-06
   1.65999770       1.81419261E-06
   1.67999768       1.76364858E-06
   1.69999766       1.65772531E-06
   1.71999764       1.50288565E-06
   1.73999763       1.49634980E-06
   1.75999761       1.55935652E-06
   1.77999759       1.59236538E-06
   1.79999757       1.48869674E-06
   1.81999755       1.34257243E-06
   1.83999753       1.29049079E-06
   1.85999751       1.24094333E-06
   1.87999749       1.07754215E-06
   1.89999747       9.36287108E-07
   1.91999745       8.08968935E-07
   1.93999743       6.52934034E-07
   1.95999742       5.34223943E-07
   1.97999740       4.47710732E-07
   1.99999738       3.96887998E-07
   2.01999736       3.90054538E-07
   2.03999734       3.51383591E-07
   2.05999732       3.47441215E-07
   2.07999730       3.53610204E-07
   2.09999728       2.58960398E-07
   2.11999726       1.28566384E-07
   2.13999724       4.85823008E-08
   2.15999722       1.92604706E-08
   2.17999721       3.08225907E-08
   2.19999719       2.98445890E-08
   2.21999717       2.81094099E-08
   2.23999715       4.65817500E-08
   2.25999713       7.24536804E-08
   2.27999711       1.30410228E-07
   2.29999709       2.39391085E-07
   2.31999707       4.63697177E-07
   2.33999705       6.20501623E-07
   2.35999703       6.27883708E-07
   2.37999701       5.93544144E-07
   2.39999700       6.38067149E-07
   2.41999698       8.46430112E-07
   2.43999696       1.23273423E-06
   2.45999694       1.45147953E-06
   2.47999692       1.42843487E-06
   2.49999690       1.30789761E-06
   2.51999688       1.34840275E-06
   2.53999686       1.78765197E-06
   2.55999684       2.40168424E-06
   2.57999682       2.44359467E-06
   2.59999681       2.04258276E-06
   2.61999679       1.89724040E-06
   2.63999677       2.53197891E-06
   2.65999675       3.19110063E-06
   2.67999673       3.07264281E-06
   2.69999671       2.54512929E-06
   2.71999669       2.40124791E-06
   2.73999667       2.85750752E-06
   2.75999665       3.42440876E-06
   2.77999663       3.28954548E-06
   2.79999661       2.99891281E-06
   2.81999660       3.43690908E-06
   2.83999658       3.59923001E-06
   2.85999656       3.03699107E-06
   2.87999654       2.90062280E-06
   2.89999652       3.18561524E-06
   2.91999650       3.05767776E-06
   2.93999648       2.56229396E-06
   2.95999646       2.71630029E-06
   2.97999644       2.92412551E-06
   2.99999642       2.42625333E-06
   3.01999640       2.10058215E-06
   3.03999639       2.02204069E-06
   3.05999637       1.55676298E-06
   3.07999635       1.36030576E-06
   3.09999633       1.39750114E-06
