  -2.00000000       6.37188862E-07
  -1.98000002       5.45358944E-07
  -1.96000004       5.18705690E-07
  -1.94000006       3.88694446E-07
  -1.92000008       2.47486980E-07
  -1.90000010       2.39982057E-07
  -1.88000011       2.88430158E-07
  -1.86000013       2.32565597E-07
  -1.84000015       1.18781841E-07
  -1.82000017       7.12595636E-08
  -1.80000019       1.16670549E-07
  -1.78000021       1.79379143E-07
  -1.76000023       1.65658847E-07
  -1.74000025       1.06399234E-07
  -1.72000027       5.99865189E-08
  -1.70000029       1.44777516E-07
  -1.68000031       3.68027770E-07
  -1.66000032       6.02519719E-07
  -1.64000034       6.40686153E-07
  -1.62000036       5.99536804E-07
  -1.60000038       8.37035998E-07
  -1.58000040       1.46913828E-06
  -1.56000042       2.31896297E-06
  -1.54000044       2.98396617E-06
  -1.52000046       3.24477719E-06
  -1.50000048       3.65261076E-06
  -1.48000050       5.13768146E-06
  -1.46000051       8.28813609E-06
  -1.44000053       1.28948232E-05
  -1.42000055       1.76978319E-05
  -1.40000057       1.95354623E-05
  -1.38000059       1.72515993E-05
  -1.36000061       1.68833285E-05
  -1.34000063       2.83527461E-05
  -1.32000065       4.85861783E-05
  -1.30000067       6.12715448E-05
  -1.28000069       6.35105316E-05
  -1.26000071       7.14957641E-05
  -1.24000072       9.52441260E-05
  -1.22000074       1.22274112E-04
  -1.20000076       1.54156762E-04
  -1.18000078       1.87221696E-04
  -1.16000080       2.31659549E-04
  -1.14000082       2.72910111E-04
  -1.12000084       3.39458202E-04
  -1.10000086       4.24054102E-04
  -1.08000088       5.35979867E-04
  -1.06000090       6.65012223E-04
  -1.04000092       8.05979362E-04
  -1.02000093       1.00844982E-03
  -1.00000095       1.16022839E-03
 -0.980000973       1.47035229E-03
 -0.960000992       1.63308706E-03
 -0.940001011       2.11641681E-03
 -0.920001030       2.21819640E-03
 -0.900001049       2.87489220E-03
 -0.880001068       2.97549344E-03
 -0.860001087       3.93026555E-03
 -0.840001106       4.25083516E-03
 -0.820001125       5.40387211E-03
 -0.800001144       6.23533363E-03
 -0.780001163       6.93887193E-03
 -0.760001183       8.70664977E-03
 -0.740001202       8.14392325E-03
 -0.720001221       1.20506147E-02
 -0.700001240       9.41591524E-03
 -0.680001259       1.69155076E-02
 -0.660001278       1.11460276E-02
 -0.640001297       2.26127058E-02
 -0.620001316       1.34388367E-02
 -0.600001335       2.75247563E-02
 -0.580001354       1.79209430E-02
 -0.560001373       3.07953469E-02
 -0.540001392       2.73336526E-02
 -0.520001411       3.07666138E-02
 -0.500001431       4.28512469E-02
 -0.480001420       2.51108631E-02
 -0.460001409       6.55740649E-02
 -0.440001398       1.56941321E-02
 -0.420001388       9.48816761E-02
 -0.400001377       7.20275566E-03
 -0.380001366      0.123738267    
 -0.360001355       8.11522081E-03
 -0.340001345      0.145271286    
 -0.320001334       3.08827255E-02
 -0.300001323      0.150887862    
 -0.280001312       8.52465555E-02
 -0.260001302      0.134354576    
 -0.240001306      0.178687319    
 -0.220001310      0.103209756    
 -0.200001314      0.302334487    
 -0.180001318       7.23197162E-02
 -0.160001323      0.442737520    
 -0.140001327       6.95316121E-02
 -0.120001331      0.572707057    
 -0.100001335      0.127658129    
  -8.00013393E-02  0.665658057    
  -6.00013398E-02  0.267295688    
  -4.00013402E-02  0.719164133    
  -2.00013407E-02  0.488162726    
  -1.34110451E-06  0.700704634    
   1.99986584E-02   1.00756598    
   3.99986580E-02   1.10248315    
   5.99986576E-02   1.20081925    
   7.99986571E-02   1.31058335    
   9.99986529E-02   1.40966761    
  0.119998649       1.49620533    
  0.139998645       1.57709920    
  0.159998640       1.65036225    
  0.179998636       1.70773339    
  0.199998632       1.74974322    
  0.219998628       1.78180659    
  0.239998624       1.80080819    
  0.259998620       1.80111539    
  0.279998630       1.78599846    
  0.299998641       1.76125145    
  0.319998652       1.72463453    
  0.339998662       1.67243969    
  0.359998673       1.60808158    
  0.379998684       1.53744185    
  0.399998695       1.46104574    
  0.419998705       1.37640023    
  0.439998716       1.28501058    
  0.459998727       1.19180250    
  0.479998738       1.09978569    
  0.499998748       1.00813961    
  0.519998729      0.915889859    
  0.539998710      0.824866354    
  0.559998691      0.738194704    
  0.579998672      0.657475710    
  0.599998653      0.582067072    
  0.619998634      0.511029541    
  0.639998615      0.444560587    
  0.659998596      0.383805633    
  0.679998577      0.329722106    
  0.699998558      0.282050401    
  0.719998538      0.239850476    
  0.739998519      0.202198669    
  0.759998500      0.168715790    
  0.779998481      0.139441177    
  0.799998462      0.114502646    
  0.819998443       9.37057361E-02
  0.839998424       7.65116140E-02
  0.859998405       6.22601658E-02
  0.879998386       5.03175668E-02
  0.899998367       4.02462073E-02
  0.919998348       3.17979865E-02
  0.939998329       2.48034187E-02
  0.959998310       1.91370025E-02
  0.979998291       1.46653708E-02
  0.999998271       1.11966459E-02
   1.01999831       8.53427034E-03
   1.03999829       6.50973944E-03
   1.05999827       4.95892158E-03
   1.07999825       3.75890429E-03
   1.09999824       2.83458061E-03
   1.11999822       2.12058821E-03
   1.13999820       1.57153292E-03
   1.15999818       1.15038373E-03
   1.17999816       8.29287514E-04
   1.19999814       5.90292912E-04
   1.21999812       4.16326016E-04
   1.23999810       2.91615492E-04
   1.25999808       2.03687028E-04
   1.27999806       1.41027209E-04
   1.29999804       9.60945326E-05
   1.31999803       6.60376099E-05
   1.33999801       4.63398392E-05
   1.35999799       3.24666835E-05
   1.37999797       2.27308938E-05
   1.39999795       1.62375436E-05
   1.41999793       1.17049231E-05
   1.43999791       8.54839072E-06
   1.45999789       6.55709755E-06
   1.47999787       5.08835274E-06
   1.49999785       4.08200594E-06
   1.51999784       3.35316622E-06
   1.53999782       2.74895842E-06
   1.55999780       2.30042065E-06
   1.57999778       2.07238486E-06
   1.59999776       1.88719946E-06
   1.61999774       1.68858764E-06
   1.63999772       1.54342445E-06
   1.65999770       1.50881999E-06
   1.67999768       1.45932302E-06
   1.69999766       1.36495225E-06
   1.71999764       1.22487029E-06
   1.73999763       1.21276810E-06
   1.75999761       1.26511338E-06
   1.77999759       1.29984062E-06
   1.79999757       1.21351945E-06
   1.81999755       1.08228130E-06
   1.83999753       1.03326238E-06
   1.85999751       9.92524633E-07
   1.87999749       8.51136576E-07
   1.89999747       7.28548684E-07
   1.91999745       6.20867240E-07
   1.93999743       4.88246656E-07
   1.95999742       3.86618837E-07
   1.97999740       3.12714150E-07
   1.99999738       2.70302252E-07
   2.01999736       2.66407795E-07
   2.03999734       2.37605562E-07
   2.05999732       2.44578871E-07
   2.07999730       2.65941537E-07
   2.09999728       2.04919644E-07
   2.11999726       1.18426506E-07
   2.13999724       7.50844009E-08
   2.15999722       6.78835264E-08
   2.17999721       8.83812632E-08
   2.19999719       7.87710306E-08
   2.21999717       5.70893768E-08
   2.23999715       7.49515507E-08
   2.25999713       1.35634849E-07
   2.27999711       2.36294994E-07
   2.29999709       3.58846421E-07
   2.31999707       5.70939108E-07
   2.33999705       7.05324169E-07
   2.35999703       6.89961496E-07
   2.37999701       6.42538680E-07
   2.39999700       6.89935462E-07
   2.41999698       9.40383757E-07
   2.43999696       1.37187021E-06
   2.45999694       1.55211956E-06
   2.47999692       1.42933470E-06
   2.49999690       1.27858857E-06
   2.51999688       1.37111761E-06
   2.53999686       1.85621820E-06
   2.55999684       2.44416469E-06
   2.57999682       2.39829183E-06
   2.59999681       1.94555878E-06
   2.61999679       1.86282909E-06
   2.63999677       2.54338784E-06
   2.65999675       3.11856911E-06
   2.67999673       2.91973038E-06
   2.69999671       2.43691693E-06
   2.71999669       2.36998949E-06
   2.73999667       2.75098387E-06
   2.75999665       3.17153285E-06
   2.77999663       3.03679394E-06
   2.79999661       2.84378325E-06
   2.81999660       3.26759164E-06
   2.83999658       3.34103220E-06
   2.85999656       2.74669083E-06
   2.87999654       2.70197847E-06
   2.89999652       2.95260111E-06
   2.91999650       2.70867440E-06
   2.93999648       2.25180770E-06
   2.95999646       2.44798093E-06
   2.97999644       2.57552756E-06
   2.99999642       2.07814901E-06
   3.01999640       1.85043859E-06
   3.03999639       1.75059188E-06
   3.05999637       1.26413863E-06
   3.07999635       1.12464522E-06
   3.09999633       1.15181297E-06
