  -2.00000000       6.55381456E-08
  -1.98000002       1.25378705E-07
  -1.96000004       1.29042292E-07
  -1.94000006       1.86590057E-07
  -1.92000008       3.17177552E-07
  -1.90000010       3.73475785E-07
  -1.88000011       3.35084223E-07
  -1.86000013       3.72785081E-07
  -1.84000015       5.96220730E-07
  -1.82000017       7.65491905E-07
  -1.80000019       7.04993624E-07
  -1.78000021       6.48832895E-07
  -1.76000023       9.47765102E-07
  -1.74000025       1.43354771E-06
  -1.72000027       1.51007259E-06
  -1.70000029       1.27034809E-06
  -1.68000031       1.36048527E-06
  -1.66000032       2.03103241E-06
  -1.64000034       2.73116962E-06
  -1.62000036       2.90580738E-06
  -1.60000038       2.80523454E-06
  -1.58000040       3.17854347E-06
  -1.56000042       4.17895990E-06
  -1.54000044       5.41596637E-06
  -1.52000046       6.12367376E-06
  -1.50000048       6.31280682E-06
  -1.48000050       7.32761919E-06
  -1.46000051       1.06380048E-05
  -1.44000053       1.55222369E-05
  -1.42000055       1.81129599E-05
  -1.40000057       1.53335641E-05
  -1.38000059       1.19746956E-05
  -1.36000061       1.84526998E-05
  -1.34000063       3.46562410E-05
  -1.32000065       4.57204078E-05
  -1.30000067       4.82898577E-05
  -1.28000069       5.52208621E-05
  -1.26000071       7.29209423E-05
  -1.24000072       9.49133318E-05
  -1.22000074       1.23746941E-04
  -1.20000076       1.66054422E-04
  -1.18000078       2.14807500E-04
  -1.16000080       2.77333485E-04
  -1.14000082       3.38928279E-04
  -1.12000084       4.31120134E-04
  -1.10000086       5.29159268E-04
  -1.08000088       6.77144621E-04
  -1.06000090       7.94489810E-04
  -1.04000092       9.63260303E-04
  -1.02000093       1.10704196E-03
  -1.00000095       1.29814039E-03
 -0.980000973       1.52355700E-03
 -0.960000992       1.76853838E-03
 -0.940001011       2.22154637E-03
 -0.920001030       2.46139523E-03
 -0.900001049       3.21404124E-03
 -0.880001068       3.36244679E-03
 -0.860001087       4.59109433E-03
 -0.840001106       4.56766551E-03
 -0.820001125       6.25229161E-03
 -0.800001144       6.12954097E-03
 -0.780001163       7.98895676E-03
 -0.760001183       8.32636468E-03
 -0.740001202       9.82147735E-03
 -0.720001221       1.19060175E-02
 -0.700001240       1.15775811E-02
 -0.680001259       1.69132706E-02
 -0.660001278       1.25674531E-02
 -0.640001297       2.31055114E-02
 -0.620001316       1.34232165E-02
 -0.600001335       3.05360723E-02
 -0.580001354       1.58056747E-02
 -0.560001373       3.71382907E-02
 -0.540001392       2.12376993E-02
 -0.520001411       3.97475772E-02
 -0.500001431       3.34947743E-02
 -0.480001420       3.68656069E-02
 -0.460001409       5.52361421E-02
 -0.440001398       2.69364566E-02
 -0.420001388       8.51680562E-02
 -0.400001377       1.28974114E-02
 -0.380001366      0.121230491    
 -0.360001355       4.28111618E-03
 -0.340001345      0.152490929    
 -0.320001334       1.36085404E-02
 -0.300001323      0.167396843    
 -0.280001312       5.62774874E-02
 -0.260001302      0.159736276    
 -0.240001306      0.139846295    
 -0.220001310      0.127030507    
 -0.200001314      0.264110297    
 -0.180001318       8.81006494E-02
 -0.160001323      0.407984227    
 -0.140001327       7.09247366E-02
 -0.120001331      0.546822309    
 -0.100001335      0.111500122    
  -8.00013393E-02  0.645143926    
  -6.00013398E-02  0.240674809    
  -4.00013402E-02  0.695837498    
  -2.00013407E-02  0.455265403    
  -1.34110451E-06  0.671694517    
   1.99986584E-02  0.967515528    
   3.99986580E-02   1.05716932    
   5.99986576E-02   1.15907049    
   7.99986571E-02   1.26850998    
   9.99986529E-02   1.36310446    
  0.119998649       1.45421970    
  0.139998645       1.53986633    
  0.159998640       1.61072659    
  0.179998636       1.67132711    
  0.199998632       1.72280586    
  0.219998628       1.75796366    
  0.239998624       1.77737415    
  0.259998620       1.78596818    
  0.279998630       1.78096294    
  0.299998641       1.75910175    
  0.319998652       1.72418892    
  0.339998662       1.68024516    
  0.359998673       1.62540936    
  0.379998684       1.55802476    
  0.399998695       1.48187196    
  0.419998705       1.40140927    
  0.439998716       1.31709886    
  0.459998727       1.22763634    
  0.479998738       1.13462710    
  0.499998748       1.04177034    
  0.519998729      0.951323569    
  0.539998710      0.863106608    
  0.559998691      0.776662767    
  0.579998672      0.693122625    
  0.599998653      0.614382148    
  0.619998634      0.541678548    
  0.639998615      0.474859923    
  0.659998596      0.413268447    
  0.679998577      0.356761664    
  0.699998558      0.305589408    
  0.719998538      0.260083586    
  0.739998519      0.220145330    
  0.759998500      0.185258776    
  0.779998481      0.154764175    
  0.799998462      0.128233403    
  0.819998443      0.105385482    
  0.839998424       8.60054865E-02
  0.859998405       6.98409677E-02
  0.879998386       5.64738214E-02
  0.899998367       4.54637855E-02
  0.919998348       3.63796502E-02
  0.939998329       2.88538393E-02
  0.959998310       2.26392355E-02
  0.979998291       1.75695308E-02
  0.999998271       1.34829003E-02
   1.01999831       1.02521749E-02
   1.03999829       7.75239337E-03
   1.05999827       5.83776319E-03
   1.07999825       4.38397564E-03
   1.09999824       3.29352706E-03
   1.11999822       2.47339229E-03
   1.13999820       1.85727631E-03
   1.15999818       1.39107171E-03
   1.17999816       1.03476283E-03
   1.19999814       7.64647266E-04
   1.21999812       5.59683947E-04
   1.23999810       4.07074025E-04
   1.25999808       2.96194135E-04
   1.27999806       2.13072592E-04
   1.29999804       1.50930326E-04
   1.31999803       1.06662126E-04
   1.33999801       7.57863891E-05
   1.35999799       5.37509513E-05
   1.37999797       3.81341015E-05
   1.39999795       2.69221218E-05
   1.41999793       1.90060236E-05
   1.43999791       1.36172303E-05
   1.45999789       9.90709395E-06
   1.47999787       7.21932201E-06
   1.49999785       5.44822160E-06
   1.51999784       4.17821684E-06
   1.53999782       3.16061391E-06
   1.55999780       2.41763132E-06
   1.57999778       1.98779935E-06
   1.59999776       1.66371274E-06
   1.61999774       1.36365907E-06
   1.63999772       1.13576527E-06
   1.65999770       1.03934406E-06
   1.67999768       9.53247138E-07
   1.69999766       8.50172626E-07
   1.71999764       7.34465800E-07
   1.73999763       7.44256113E-07
   1.75999761       8.15054705E-07
   1.77999759       8.74033788E-07
   1.79999757       8.45989803E-07
   1.81999755       8.11634322E-07
   1.83999753       8.89211037E-07
   1.85999751       1.00227192E-06
   1.87999749       1.00798206E-06
   1.89999747       1.01355499E-06
   1.91999745       1.01505805E-06
   1.93999743       9.65197160E-07
   1.95999742       9.32186140E-07
   1.97999740       8.90410433E-07
   1.99999738       8.34426658E-07
   2.01999736       8.43854536E-07
   2.03999734       9.43557041E-07
   2.05999732       1.21205949E-06
   2.07999730       1.53577912E-06
   2.09999728       1.68539759E-06
   2.11999726       1.69248835E-06
   2.13999724       1.66392385E-06
   2.15999722       1.51998029E-06
   2.17999721       1.45177330E-06
   2.19999719       1.42320960E-06
   2.21999717       1.39077429E-06
   2.23999715       1.39526787E-06
   2.25999713       1.64259131E-06
   2.27999711       2.01075886E-06
   2.29999709       2.05088236E-06
   2.31999707       1.75555829E-06
   2.33999705       1.57308659E-06
   2.35999703       1.52198572E-06
   2.37999701       1.56697024E-06
   2.39999700       1.70058911E-06
   2.41999698       1.96249198E-06
   2.43999696       2.16708941E-06
   2.45999694       1.96535780E-06
   2.47999692       1.53193355E-06
   2.49999690       1.47643334E-06
   2.51999688       1.78550715E-06
   2.53999686       2.04781418E-06
   2.55999684       1.93766800E-06
   2.57999682       1.56075794E-06
   2.59999681       1.42066301E-06
   2.61999679       1.73846843E-06
   2.63999677       1.92029279E-06
   2.65999675       1.64860671E-06
   2.67999673       1.35044502E-06
   2.69999671       1.47110359E-06
   2.71999669       1.73214471E-06
   2.73999667       1.42653550E-06
   2.75999665       9.72681050E-07
   2.77999663       9.77909281E-07
   2.79999661       1.30664796E-06
   2.81999660       1.27592432E-06
   2.83999658       9.56535246E-07
   2.85999656       7.76805166E-07
   2.87999654       9.33292995E-07
   2.89999652       7.81576148E-07
   2.91999650       4.16003019E-07
   2.93999648       3.95305875E-07
   2.95999646       4.40194611E-07
   2.97999644       2.69585513E-07
   2.99999642       1.59320805E-07
   3.01999640       2.10574470E-07
   3.03999639       9.97578482E-08
   3.05999637       2.87171229E-08
   3.07999635       2.54133212E-08
   3.09999633       2.98319613E-09
