  -2.00000000       4.77874892E-07
  -1.98000002       4.44304987E-07
  -1.96000004       5.68762800E-07
  -1.94000006       4.99963051E-07
  -1.92000008       3.65925928E-07
  -1.90000010       4.00124264E-07
  -1.88000011       4.57220096E-07
  -1.86000013       3.47391762E-07
  -1.84000015       2.69750103E-07
  -1.82000017       3.61383741E-07
  -1.80000019       4.23046515E-07
  -1.78000021       3.25234964E-07
  -1.76000023       3.15268494E-07
  -1.74000025       5.16134378E-07
  -1.72000027       6.25196151E-07
  -1.70000029       5.23337576E-07
  -1.68000031       6.95055974E-07
  -1.66000032       1.32060825E-06
  -1.64000034       1.79965184E-06
  -1.62000036       1.80018003E-06
  -1.60000038       2.02663955E-06
  -1.58000040       3.26000395E-06
  -1.56000042       5.18023671E-06
  -1.54000044       7.61407409E-06
  -1.52000046       1.15184803E-05
  -1.50000048       1.67941580E-05
  -1.48000050       2.05145680E-05
  -1.46000051       2.07588091E-05
  -1.44000053       2.36860433E-05
  -1.42000055       3.89962952E-05
  -1.40000057       6.21387080E-05
  -1.38000059       7.82909992E-05
  -1.36000061       9.15996934E-05
  -1.34000063       1.17238356E-04
  -1.32000065       1.50822627E-04
  -1.30000067       1.86413818E-04
  -1.28000069       2.32348379E-04
  -1.26000071       2.92101147E-04
  -1.24000072       3.49382492E-04
  -1.22000074       4.09677334E-04
  -1.20000076       4.79178445E-04
  -1.18000078       5.75501879E-04
  -1.16000080       6.96928415E-04
  -1.14000082       8.21919646E-04
  -1.12000084       9.83688864E-04
  -1.10000086       1.15389295E-03
  -1.08000088       1.41673582E-03
  -1.06000090       1.68650190E-03
  -1.04000092       2.03689211E-03
  -1.02000093       2.34716223E-03
  -1.00000095       2.70309742E-03
 -0.980000973       3.19351628E-03
 -0.960000992       3.57383653E-03
 -0.940001011       4.35240520E-03
 -0.920001030       4.75417729E-03
 -0.900001049       5.87428175E-03
 -0.880001068       6.42230036E-03
 -0.860001087       7.73675786E-03
 -0.840001106       8.71182978E-03
 -0.820001125       9.42704082E-03
 -0.800001144       1.13346893E-02
 -0.780001163       1.11179454E-02
 -0.760001183       1.49244191E-02
 -0.740001202       1.38070919E-02
 -0.720001221       1.88288856E-02
 -0.700001240       1.75601095E-02
 -0.680001259       2.10639872E-02
 -0.660001278       2.33055521E-02
 -0.640001297       2.17256732E-02
 -0.620001316       3.19491588E-02
 -0.600001335       2.18324326E-02
 -0.580001354       4.06410173E-02
 -0.560001373       2.38261987E-02
 -0.540001392       4.47757617E-02
 -0.520001411       3.31673250E-02
 -0.500001431       4.10194322E-02
 -0.480001420       5.25183827E-02
 -0.460001409       2.88735144E-02
 -0.440001398       7.71475211E-02
 -0.420001388       1.73260104E-02
 -0.400001377       9.62809622E-02
 -0.380001366       2.26483662E-02
 -0.360001355       9.28783715E-02
 -0.340001345       5.80285303E-02
 -0.320001334       6.19496889E-02
 -0.300001323      0.123278342    
 -0.280001312       1.91661157E-02
 -0.260001302      0.191723034    
 -0.240001306       5.99868712E-04
 -0.220001310      0.228307456    
 -0.200001314       4.66274396E-02
 -0.180001318      0.204155847    
 -0.160001323      0.171472311    
 -0.140001327      0.134412125    
 -0.120001331      0.341211945    
 -0.100001335       7.91708305E-02
  -8.00013393E-02  0.486222655    
  -6.00013398E-02  0.113450646    
  -4.00013402E-02  0.548762679    
  -2.00013407E-02  0.281281382    
  -1.34110451E-06  0.493302494    
   1.99986584E-02  0.720060408    
   3.99986580E-02  0.800657868    
   5.99986576E-02  0.890367568    
   7.99986571E-02  0.990221679    
   9.99986529E-02   1.08483076    
  0.119998649       1.17486858    
  0.139998645       1.26432550    
  0.159998640       1.34961510    
  0.179998636       1.42504656    
  0.199998632       1.49251986    
  0.219998628       1.55413795    
  0.239998624       1.60461748    
  0.259998620       1.64108479    
  0.279998630       1.66765571    
  0.299998641       1.68478811    
  0.319998652       1.68783927    
  0.339998662       1.67673624    
  0.359998673       1.65620780    
  0.379998684       1.62666869    
  0.399998695       1.58515346    
  0.419998705       1.53219247    
  0.439998716       1.47221601    
  0.459998727       1.40716302    
  0.479998738       1.33568811    
  0.499998748       1.25773156    
  0.519998729       1.17647529    
  0.539998710       1.09497011    
  0.559998691       1.01340222    
  0.579998672      0.931074500    
  0.599998653      0.848611474    
  0.619998634      0.768537223    
  0.639998615      0.692703247    
  0.659998596      0.621212184    
  0.679998577      0.553322375    
  0.699998558      0.488943040    
  0.719998538      0.428845793    
  0.739998519      0.374082595    
  0.759998500      0.324930161    
  0.779998481      0.280877292    
  0.799998462      0.241186485    
  0.819998443      0.205381334    
  0.839998424      0.173457012    
  0.859998405      0.145461604    
  0.879998386      0.121377885    
  0.899998367      0.100924484    
  0.919998348       8.35849419E-02
  0.939998329       6.88594505E-02
  0.959998310       5.63461594E-02
  0.979998291       4.57012467E-02
  0.999998271       3.67494822E-02
   1.01999831       2.93268692E-02
   1.03999829       2.32394338E-02
   1.05999827       1.83145776E-02
   1.07999825       1.43625354E-02
   1.09999824       1.12119978E-02
   1.11999822       8.70287046E-03
   1.13999820       6.70714630E-03
   1.15999818       5.13123814E-03
   1.17999816       3.89236235E-03
   1.19999814       2.93223863E-03
   1.21999812       2.19786749E-03
   1.23999810       1.63567357E-03
   1.25999808       1.21016486E-03
   1.27999806       8.90901661E-04
   1.29999804       6.52661256E-04
   1.31999803       4.79105627E-04
   1.33999801       3.53573851E-04
   1.35999799       2.59952038E-04
   1.37999797       1.91050189E-04
   1.39999795       1.40810516E-04
   1.41999793       1.04365885E-04
   1.43999791       7.85464363E-05
   1.45999789       5.94933554E-05
   1.47999787       4.51702472E-05
   1.49999785       3.47637724E-05
   1.51999784       2.69673292E-05
   1.53999782       2.10900143E-05
   1.55999780       1.70160238E-05
   1.57999778       1.42055032E-05
   1.59999776       1.20827553E-05
   1.61999774       1.02172562E-05
   1.63999772       8.76870217E-06
   1.65999770       7.93628169E-06
   1.67999768       7.47728791E-06
   1.69999766       6.94675100E-06
   1.71999764       6.49681851E-06
   1.73999763       6.22947164E-06
   1.75999761       6.13558450E-06
   1.77999759       5.88438752E-06
   1.79999757       5.40728070E-06
   1.81999755       4.95532549E-06
   1.83999753       4.79312439E-06
   1.85999751       4.74446097E-06
   1.87999749       4.48467654E-06
   1.89999747       4.09206177E-06
   1.91999745       3.98716384E-06
   1.93999743       4.25509916E-06
   1.95999742       4.49895333E-06
   1.97999740       4.59170451E-06
   1.99999738       4.60540923E-06
   2.01999736       4.36188657E-06
   2.03999734       3.84694567E-06
   2.05999732       3.32991726E-06
   2.07999730       3.03343654E-06
   2.09999728       2.73896262E-06
   2.11999726       2.54142446E-06
   2.13999724       2.59268427E-06
   2.15999722       2.80103154E-06
   2.17999721       2.74955437E-06
   2.19999719       2.46225045E-06
   2.21999717       1.96257156E-06
   2.23999715       1.46049194E-06
   2.25999713       1.26530006E-06
   2.27999711       1.40395809E-06
   2.29999709       1.54418331E-06
   2.31999707       1.38417556E-06
   2.33999705       1.07930521E-06
   2.35999703       8.37283210E-07
   2.37999701       6.18237209E-07
   2.39999700       6.06414574E-07
   2.41999698       6.53229108E-07
   2.43999696       5.83392364E-07
   2.45999694       3.90141054E-07
   2.47999692       1.74233747E-07
   2.49999690       1.08167058E-07
   2.51999688       1.51040055E-07
   2.53999686       2.30254642E-07
   2.55999684       1.36418493E-07
   2.57999682       1.02478586E-08
   2.59999681       1.04291011E-08
   2.61999679       9.01950603E-09
   2.63999677       4.21467661E-08
   2.65999675       9.73615570E-08
   2.67999673       7.28322718E-08
   2.69999671       4.48226913E-08
   2.71999669       9.19128453E-08
   2.73999667       2.54858435E-07
   2.75999665       3.66072840E-07
   2.77999663       2.85934163E-07
   2.79999661       2.54157783E-07
   2.81999660       3.86865565E-07
   2.83999658       6.47206775E-07
   2.85999656       5.91778644E-07
   2.87999654       7.46303897E-07
   2.89999652       9.89103000E-07
   2.91999650       8.69234384E-07
   2.93999648       7.68936047E-07
   2.95999646       9.52577125E-07
   2.97999644       9.52560640E-07
   2.99999642       8.32030082E-07
   3.01999640       1.02699005E-06
   3.03999639       1.13691021E-06
   3.05999637       9.30886813E-07
   3.07999635       9.66398716E-07
   3.09999633       8.24355197E-07
