  -2.00000000       4.42895299E-07
  -1.98000002       3.48061974E-07
  -1.96000004       4.38085692E-07
  -1.94000006       3.91660535E-07
  -1.92000008       2.64294869E-07
  -1.90000010       2.70232533E-07
  -1.88000011       3.21654767E-07
  -1.86000013       2.33707482E-07
  -1.84000015       1.52090507E-07
  -1.82000017       2.15691429E-07
  -1.80000019       2.76808095E-07
  -1.78000021       2.08258868E-07
  -1.76000023       2.13100506E-07
  -1.74000025       4.11234396E-07
  -1.72000027       5.35815786E-07
  -1.70000029       4.78974414E-07
  -1.68000031       7.02205796E-07
  -1.66000032       1.38876896E-06
  -1.64000034       1.95014309E-06
  -1.62000036       2.03276522E-06
  -1.60000038       2.32413208E-06
  -1.58000040       3.62097853E-06
  -1.56000042       5.59184900E-06
  -1.54000044       8.06035587E-06
  -1.52000046       1.22613874E-05
  -1.50000048       1.85171430E-05
  -1.48000050       2.36421565E-05
  -1.46000051       2.43270333E-05
  -1.44000053       2.57261618E-05
  -1.42000055       3.94576891E-05
  -1.40000057       6.38488054E-05
  -1.38000059       8.26628457E-05
  -1.36000061       9.61130499E-05
  -1.34000063       1.19957389E-04
  -1.32000065       1.53192013E-04
  -1.30000067       1.88850798E-04
  -1.28000069       2.33903658E-04
  -1.26000071       2.93031568E-04
  -1.24000072       3.50499817E-04
  -1.22000074       4.11726738E-04
  -1.20000076       4.82218253E-04
  -1.18000078       5.82021312E-04
  -1.16000080       7.07713771E-04
  -1.14000082       8.39767337E-04
  -1.12000084       1.00678648E-03
  -1.10000086       1.18202565E-03
  -1.08000088       1.44790288E-03
  -1.06000090       1.71424320E-03
  -1.04000092       2.06612027E-03
  -1.02000093       2.36446201E-03
  -1.00000095       2.72739353E-03
 -0.980000973       3.21111642E-03
 -0.960000992       3.61634279E-03
 -0.940001011       4.40608524E-03
 -0.920001030       4.82745189E-03
 -0.900001049       5.97325340E-03
 -0.880001068       6.48551201E-03
 -0.860001087       7.84143526E-03
 -0.840001106       8.71975813E-03
 -0.820001125       9.53245349E-03
 -0.800001144       1.13596478E-02
 -0.780001163       1.12732155E-02
 -0.760001183       1.50691587E-02
 -0.740001202       1.39126647E-02
 -0.720001221       1.90427657E-02
 -0.700001240       1.74599700E-02
 -0.680001259       2.13832464E-02
 -0.660001278       2.31439061E-02
 -0.640001297       2.22068410E-02
 -0.620001316       3.18589397E-02
 -0.600001335       2.21084375E-02
 -0.580001354       4.07232605E-02
 -0.560001373       2.36307345E-02
 -0.540001392       4.54649217E-02
 -0.520001411       3.24838236E-02
 -0.500001431       4.21957746E-02
 -0.480001420       5.13641164E-02
 -0.460001409       2.99350452E-02
 -0.440001398       7.64227286E-02
 -0.420001388       1.76836103E-02
 -0.400001377       9.66041535E-02
 -0.380001366       2.14936994E-02
 -0.360001355       9.43851396E-02
 -0.340001345       5.57045452E-02
 -0.320001334       6.43477887E-02
 -0.300001323      0.120432064    
 -0.280001312       2.08033435E-02
 -0.260001302      0.190058574    
 -0.240001306       3.41278879E-04
 -0.220001310      0.228416413    
 -0.200001314       4.41161208E-02
 -0.180001318      0.205575407    
 -0.160001323      0.167588294    
 -0.140001327      0.136092663    
 -0.120001331      0.337082475    
 -0.100001335       7.92665854E-02
  -8.00013393E-02  0.483272672    
  -6.00013398E-02  0.111907087    
  -4.00013402E-02  0.545791626    
  -2.00013407E-02  0.278630614    
  -1.34110451E-06  0.490610421    
   1.99986584E-02  0.715695262    
   3.99986580E-02  0.796041489    
   5.99986576E-02  0.886102855    
   7.99986571E-02  0.985059679    
   9.99986529E-02   1.07953250    
  0.119998649       1.17021120    
  0.139998645       1.25906241    
  0.159998640       1.34412897    
  0.179998636       1.42056453    
  0.199998632       1.48811007    
  0.219998628       1.54928863    
  0.239998624       1.60070002    
  0.259998620       1.63822079    
  0.279998630       1.66463757    
  0.299998641       1.68196583    
  0.319998652       1.68638790    
  0.339998662       1.67621911    
  0.359998673       1.65562212    
  0.379998684       1.62646866    
  0.399998695       1.58625805    
  0.419998705       1.53423154    
  0.439998716       1.47426784    
  0.459998727       1.40931809    
  0.479998738       1.33869553    
  0.499998748       1.26162922    
  0.519998729       1.18052411    
  0.539998710       1.09875655    
  0.559998691       1.01728094    
  0.579998672      0.935475230    
  0.599998653      0.853370607    
  0.619998634      0.773116827    
  0.639998615      0.696834326    
  0.659998596      0.625095963    
  0.679998577      0.557266712    
  0.699998558      0.492972910    
  0.719998538      0.432699293    
  0.739998519      0.377500802    
  0.759998500      0.327878684    
  0.779998481      0.283520103    
  0.799998462      0.243696168    
  0.819998443      0.207799658    
  0.839998424      0.175699934    
  0.859998405      0.147415429    
  0.879998386      0.122995272    
  0.899998367      0.102245063    
  0.919998348       8.46954510E-02
  0.939998329       6.98420256E-02
  0.959998310       5.72413504E-02
  0.979998291       4.65087444E-02
  0.999998271       3.74512225E-02
   1.01999831       2.99058929E-02
   1.03999829       2.36949194E-02
   1.05999827       1.86624303E-02
   1.07999825       1.46269212E-02
   1.09999824       1.14186229E-02
   1.11999822       8.87141377E-03
   1.13999820       6.85025332E-03
   1.15999818       5.25509706E-03
   1.17999816       3.99819762E-03
   1.19999814       3.02064675E-03
   1.21999812       2.26904894E-03
   1.23999810       1.69065373E-03
   1.25999808       1.25117705E-03
   1.27999806       9.19879240E-04
   1.29999804       6.71991031E-04
   1.31999803       4.91365674E-04
   1.33999801       3.60903097E-04
   1.35999799       2.64117029E-04
   1.37999797       1.93285086E-04
   1.39999795       1.41717712E-04
   1.41999793       1.04502178E-04
   1.43999791       7.84095901E-05
   1.45999789       5.92195647E-05
   1.47999787       4.48656283E-05
   1.49999785       3.44848413E-05
   1.51999784       2.67360774E-05
   1.53999782       2.09083264E-05
   1.55999780       1.68730930E-05
   1.57999778       1.40740422E-05
   1.59999776       1.19995966E-05
   1.61999774       1.01867090E-05
   1.63999772       8.76217018E-06
   1.65999770       7.91164257E-06
   1.67999768       7.46155138E-06
   1.69999766       6.94590017E-06
   1.71999764       6.50392303E-06
   1.73999763       6.20700393E-06
   1.75999761       6.09722565E-06
   1.77999759       5.83285828E-06
   1.79999757       5.34232822E-06
   1.81999755       4.86018325E-06
   1.83999753       4.65674157E-06
   1.85999751       4.59292096E-06
   1.87999749       4.37194740E-06
   1.89999747       4.00109684E-06
   1.91999745       3.89705247E-06
   1.93999743       4.15827481E-06
   1.95999742       4.37601511E-06
   1.97999740       4.41631528E-06
   1.99999738       4.37832796E-06
   2.01999736       4.08495316E-06
   2.03999734       3.54893632E-06
   2.05999732       3.02652552E-06
   2.07999730       2.75381558E-06
   2.09999728       2.51543952E-06
   2.11999726       2.32655270E-06
   2.13999724       2.33703258E-06
   2.15999722       2.51500114E-06
   2.17999721       2.43465161E-06
   2.19999719       2.12614236E-06
   2.21999717       1.64501978E-06
   2.23999715       1.20257005E-06
   2.25999713       1.03641798E-06
   2.27999711       1.15519140E-06
   2.29999709       1.27550152E-06
   2.31999707       1.12428233E-06
   2.33999705       8.15136900E-07
   2.35999703       5.90504555E-07
   2.37999701       4.31223839E-07
   2.39999700       4.49032257E-07
   2.41999698       4.74273065E-07
   2.43999696       3.89862322E-07
   2.45999694       2.30968297E-07
   2.47999692       7.94407953E-08
   2.49999690       4.91433205E-08
   2.51999688       7.08773271E-08
   2.53999686       1.31656194E-07
   2.55999684       8.49958255E-08
   2.57999682       1.25532074E-08
   2.59999681       6.21200247E-09
   2.61999679       2.62337951E-09
   2.63999677       8.60749694E-08
   2.65999675       1.88502639E-07
   2.67999673       1.57313835E-07
   2.69999671       1.09400524E-07
   2.71999669       1.95232573E-07
   2.73999667       4.13737183E-07
   2.75999665       5.24122299E-07
   2.77999663       4.34011383E-07
   2.79999661       4.29956287E-07
   2.81999660       5.58916270E-07
   2.83999658       7.74351236E-07
   2.85999656       7.40913094E-07
   2.87999654       9.60563852E-07
   2.89999652       1.18882372E-06
   2.91999650       9.95608389E-07
   2.93999648       9.23063453E-07
   2.95999646       1.10861924E-06
   2.97999644       1.02520676E-06
   2.99999642       8.88270847E-07
   3.01999640       1.08875145E-06
   3.03999639       1.11642544E-06
   3.05999637       8.92393700E-07
   3.07999635       9.52721734E-07
   3.09999633       7.84953897E-07
