  -2.00000000       5.10267284E-07
  -1.98000002       3.24014252E-07
  -1.96000004       1.55486717E-07
  -1.94000006       1.36359390E-07
  -1.92000008       1.79331238E-07
  -1.90000010       1.54340384E-07
  -1.88000011       1.04852333E-07
  -1.86000013       1.24732296E-07
  -1.84000015       2.43431828E-07
  -1.82000017       3.94727465E-07
  -1.80000019       4.41422003E-07
  -1.78000021       4.75992238E-07
  -1.76000023       7.46974138E-07
  -1.74000025       1.25634745E-06
  -1.72000027       1.63532013E-06
  -1.70000029       1.79534970E-06
  -1.68000031       2.37189920E-06
  -1.66000032       3.72064505E-06
  -1.64000034       5.08934045E-06
  -1.62000036       5.72841964E-06
  -1.60000038       6.52208428E-06
  -1.58000040       9.28662394E-06
  -1.56000042       1.44694513E-05
  -1.54000044       2.02613410E-05
  -1.52000046       2.43299000E-05
  -1.50000048       2.50124704E-05
  -1.48000050       2.43987779E-05
  -1.46000051       3.08944291E-05
  -1.44000053       4.90457278E-05
  -1.42000055       6.83774997E-05
  -1.40000057       7.57351736E-05
  -1.38000059       8.17111941E-05
  -1.36000061       1.06406027E-04
  -1.34000063       1.38846619E-04
  -1.32000065       1.61484670E-04
  -1.30000067       1.88411272E-04
  -1.28000069       2.36768523E-04
  -1.26000071       2.98747880E-04
  -1.24000072       3.64271400E-04
  -1.22000074       4.42527526E-04
  -1.20000076       5.32160979E-04
  -1.18000078       6.62229140E-04
  -1.16000080       8.17573804E-04
  -1.14000082       9.90511966E-04
  -1.12000084       1.16967806E-03
  -1.10000086       1.35721604E-03
  -1.08000088       1.60554680E-03
  -1.06000090       1.84236187E-03
  -1.04000092       2.19238806E-03
  -1.02000093       2.45553884E-03
  -1.00000095       2.91097560E-03
 -0.980000973       3.40347574E-03
 -0.960000992       4.02604649E-03
 -0.940001011       4.82670031E-03
 -0.920001030       5.37029793E-03
 -0.900001049       6.49177190E-03
 -0.880001068       6.81151543E-03
 -0.860001087       8.35230481E-03
 -0.840001106       8.79278593E-03
 -0.820001125       1.03748590E-02
 -0.800001144       1.16658369E-02
 -0.780001163       1.25674214E-02
 -0.760001183       1.57143511E-02
 -0.740001202       1.46503551E-02
 -0.720001221       1.98989101E-02
 -0.700001240       1.71255991E-02
 -0.680001259       2.35548727E-02
 -0.660001278       2.23607570E-02
 -0.640001297       2.55570579E-02
 -0.620001316       3.04365288E-02
 -0.600001335       2.43381355E-02
 -0.580001354       4.04592231E-02
 -0.560001373       2.36806367E-02
 -0.540001392       4.92837913E-02
 -0.520001411       2.84991991E-02
 -0.500001431       4.89423499E-02
 -0.480001420       4.38520797E-02
 -0.460001409       3.78317684E-02
 -0.440001398       7.07188398E-02
 -0.420001388       2.16377564E-02
 -0.400001377       9.59528089E-02
 -0.380001366       1.61880124E-02
 -0.360001355      0.103241004    
 -0.340001345       4.14828509E-02
 -0.320001334       7.91503564E-02
 -0.300001323      0.101728015    
 -0.280001312       3.24728340E-02
 -0.260001302      0.178216696    
 -0.240001306       7.16412615E-04
 -0.220001310      0.226294875    
 -0.200001314       2.99783070E-02
 -0.180001318      0.214895427    
 -0.160001323      0.142398894    
 -0.140001327      0.145840466    
 -0.120001331      0.312165290    
 -0.100001335       8.06787089E-02
  -8.00013393E-02  0.462287426    
  -6.00013398E-02  0.103011735    
  -4.00013402E-02  0.528504014    
  -2.00013407E-02  0.260655433    
  -1.34110451E-06  0.472025156    
   1.99986584E-02  0.690307200    
   3.99986580E-02  0.765600204    
   5.99986576E-02  0.857193291    
   7.99986571E-02  0.954855025    
   9.99986529E-02   1.04454434    
  0.119998649       1.13791502    
  0.139998645       1.22801840    
  0.159998640       1.30902004    
  0.179998636       1.38809454    
  0.199998632       1.46087945    
  0.219998628       1.52034521    
  0.239998624       1.57217836    
  0.259998620       1.61734188    
  0.279998630       1.64779508    
  0.299998641       1.66406238    
  0.319998652       1.67277169    
  0.339998662       1.67136037    
  0.359998673       1.65435934    
  0.379998684       1.62502098    
  0.399998695       1.58933353    
  0.419998705       1.54547024    
  0.439998716       1.48952591    
  0.459998727       1.42419827    
  0.479998738       1.35536897    
  0.499998748       1.28395951    
  0.519998729       1.20722985    
  0.539998710       1.12536407    
  0.559998691       1.04238415    
  0.579998672      0.961644769    
  0.599998653      0.882528603    
  0.619998634      0.803608775    
  0.639998615      0.725569904    
  0.659998596      0.651020527    
  0.679998577      0.581837237    
  0.699998558      0.517828286    
  0.719998538      0.457690746    
  0.739998519      0.401017874    
  0.759998500      0.348545820    
  0.779998481      0.301332891    
  0.799998462      0.259674042    
  0.819998443      0.222919002    
  0.839998424      0.190168604    
  0.859998405      0.160723493    
  0.879998386      0.134511113    
  0.899998367      0.111719280    
  0.919998348       9.23697054E-02
  0.939998329       7.62522295E-02
  0.959998310       6.28770739E-02
  0.979998291       5.16286641E-02
  0.999998271       4.20859493E-02
   1.01999831       3.39471549E-02
   1.03999829       2.70407014E-02
   1.05999827       2.12952662E-02
   1.07999825       1.66194253E-02
   1.09999824       1.29087977E-02
   1.11999822       1.00055709E-02
   1.13999820       7.75296241E-03
   1.15999818       6.01037918E-03
   1.17999816       4.64676227E-03
   1.19999814       3.58180981E-03
   1.21999812       2.74536805E-03
   1.23999810       2.08343449E-03
   1.25999808       1.56588783E-03
   1.27999806       1.16002175E-03
   1.29999804       8.46224197E-04
   1.31999803       6.11856347E-04
   1.33999801       4.39652475E-04
   1.35999799       3.13267781E-04
   1.37999797       2.22104529E-04
   1.39999795       1.55879272E-04
   1.41999793       1.09332228E-04
   1.43999791       7.83052528E-05
   1.45999789       5.64313195E-05
   1.47999787       4.09735585E-05
   1.49999785       3.02855588E-05
   1.51999784       2.27400360E-05
   1.53999782       1.74108809E-05
   1.55999780       1.38083960E-05
   1.57999778       1.12594980E-05
   1.59999776       9.58745295E-06
   1.61999774       8.32659953E-06
   1.63999772       7.31939144E-06
   1.65999770       6.50667744E-06
   1.67999768       6.07418860E-06
   1.69999766       5.74571413E-06
   1.71999764       5.44221894E-06
   1.73999763       5.05629896E-06
   1.75999761       4.78284619E-06
   1.77999759       4.45836395E-06
   1.79999757       4.04732418E-06
   1.81999755       3.58137459E-06
   1.83999753       3.18512866E-06
   1.85999751       2.97524412E-06
   1.87999749       2.96282792E-06
   1.89999747       2.89011655E-06
   1.91999745       2.83452459E-06
   1.93999743       2.85900023E-06
   1.95999742       2.82758401E-06
   1.97999740       2.60937600E-06
   1.99999738       2.29958687E-06
   2.01999736       1.87147771E-06
   2.03999734       1.45259423E-06
   2.05999732       1.12275620E-06
   2.07999730       9.89359364E-07
   2.09999728       1.00334682E-06
   2.11999726       9.29116254E-07
   2.13999724       7.76426191E-07
   2.15999722       7.03081525E-07
   2.17999721       5.63968001E-07
   2.19999719       3.49345754E-07
   2.21999717       1.75368342E-07
   2.23999715       1.21005954E-07
   2.25999713       1.06066885E-07
   2.27999711       7.75791591E-08
   2.29999709       7.10018782E-08
   2.31999707       4.16749586E-08
   2.33999705       1.14403322E-08
   2.35999703       5.22317869E-08
   2.37999701       3.83619678E-08
   2.39999700       1.40610297E-08
   2.41999698       5.33444684E-08
   2.43999696       2.19297959E-07
   2.45999694       3.94572425E-07
   2.47999692       3.73300793E-07
   2.49999690       2.82688092E-07
   2.51999688       3.79957612E-07
   2.53999686       7.96711561E-07
   2.55999684       1.01641513E-06
   2.57999682       8.21929007E-07
   2.59999681       6.55404961E-07
   2.61999679       9.21082346E-07
   2.63999677       1.46276216E-06
   2.65999675       1.69480393E-06
   2.67999673       1.43903299E-06
   2.69999671       1.38035057E-06
   2.71999669       1.78718938E-06
   2.73999667       2.09842119E-06
   2.75999665       1.94387394E-06
   2.77999663       2.04786511E-06
   2.79999661       2.47819025E-06
   2.81999660       2.20930201E-06
   2.83999658       1.72310786E-06
   2.85999656       2.08359052E-06
   2.87999654       2.56762405E-06
   2.89999652       2.36469828E-06
   2.91999650       1.99544525E-06
   2.93999648       2.18566606E-06
   2.95999646       2.03934837E-06
   2.97999644       1.57047350E-06
   2.99999642       1.50709502E-06
   3.01999640       1.37477741E-06
   3.03999639       9.66339144E-07
   3.05999637       8.84445114E-07
   3.07999635       8.15593182E-07
   3.09999633       6.41687791E-07
