  -2.00000000       4.76873424E-07
  -1.98000002       6.21867002E-07
  -1.96000004       7.13572831E-07
  -1.94000006       6.43088526E-07
  -1.92000008       6.20301137E-07
  -1.90000010       7.91782384E-07
  -1.88000011       9.68379823E-07
  -1.86000013       1.00822729E-06
  -1.84000015       1.16379772E-06
  -1.82000017       1.59260424E-06
  -1.80000019       2.05965125E-06
  -1.78000021       2.24835753E-06
  -1.76000023       2.50714425E-06
  -1.74000025       3.26552640E-06
  -1.72000027       4.32463048E-06
  -1.70000029       4.98006557E-06
  -1.68000031       5.47730588E-06
  -1.66000032       6.98492022E-06
  -1.64000034       9.40266364E-06
  -1.62000036       1.11608624E-05
  -1.60000038       1.17138943E-05
  -1.58000040       1.22614238E-05
  -1.56000042       1.46947241E-05
  -1.54000044       1.95789835E-05
  -1.52000046       2.73965379E-05
  -1.50000048       3.69863810E-05
  -1.48000050       4.27098530E-05
  -1.46000051       4.17420924E-05
  -1.44000053       4.31846129E-05
  -1.42000055       5.82926295E-05
  -1.40000057       7.91969505E-05
  -1.38000059       9.18403530E-05
  -1.36000061       1.06331412E-04
  -1.34000063       1.36452043E-04
  -1.32000065       1.70977117E-04
  -1.30000067       2.05111995E-04
  -1.28000069       2.61184381E-04
  -1.26000071       3.40091821E-04
  -1.24000072       4.30133106E-04
  -1.22000074       5.30788733E-04
  -1.20000076       6.41482417E-04
  -1.18000078       7.86282704E-04
  -1.16000080       9.46600689E-04
  -1.14000082       1.12733303E-03
  -1.12000084       1.28098228E-03
  -1.10000086       1.46536890E-03
  -1.08000088       1.68551737E-03
  -1.06000090       1.95272686E-03
  -1.04000092       2.34250701E-03
  -1.02000093       2.68354779E-03
  -1.00000095       3.26679437E-03
 -0.980000973       3.77807789E-03
 -0.960000992       4.56479471E-03
 -0.940001011       5.18422294E-03
 -0.920001030       5.84356766E-03
 -0.900001049       6.74036890E-03
 -0.880001068       7.19258003E-03
 -0.860001087       8.88797455E-03
 -0.840001106       9.27847717E-03
 -0.820001125       1.15364306E-02
 -0.800001144       1.20353438E-02
 -0.780001163       1.39287692E-02
 -0.760001183       1.56817399E-02
 -0.740001202       1.57173518E-02
 -0.720001221       2.04067510E-02
 -0.700001240       1.78603474E-02
 -0.680001259       2.56893206E-02
 -0.660001278       2.16667391E-02
 -0.640001297       2.85948310E-02
 -0.620001316       2.81226728E-02
 -0.600001335       2.79230122E-02
 -0.580001354       3.93682048E-02
 -0.560001373       2.58403290E-02
 -0.540001392       5.07000387E-02
 -0.520001411       2.56323107E-02
 -0.500001431       5.47036119E-02
 -0.480001420       3.70234102E-02
 -0.460001409       4.74868491E-02
 -0.440001398       6.18796088E-02
 -0.420001388       2.82283407E-02
 -0.400001377       9.20243338E-02
 -0.380001366       1.47552602E-02
 -0.360001355      0.109643973    
 -0.340001345       2.82798931E-02
 -0.320001334       9.26247984E-02
 -0.300001323       8.30285400E-02
 -0.280001312       4.72469516E-02
 -0.260001302      0.161484390    
 -0.240001306       4.52617556E-03
 -0.220001310      0.221954927    
 -0.200001314       1.76767502E-02
 -0.180001318      0.222250044    
 -0.160001323      0.118108623    
 -0.140001327      0.155251682    
 -0.120001331      0.285927206    
 -0.100001335       8.40651020E-02
  -8.00013393E-02  0.439273059    
  -6.00013398E-02   9.34057981E-02
  -4.00013402E-02  0.511600077    
  -2.00013407E-02  0.243318364    
  -1.34110451E-06  0.450912118    
   1.99986584E-02  0.663181484    
   3.99986580E-02  0.737538457    
   5.99986576E-02  0.823575020    
   7.99986571E-02  0.922712564    
   9.99986529E-02   1.01198673    
  0.119998649       1.10036504    
  0.139998645       1.19314933    
  0.159998640       1.27667105    
  0.179998636       1.35185778    
  0.199998632       1.42681706    
  0.219998628       1.49274039    
  0.239998624       1.54401374    
  0.259998620       1.58890676    
  0.279998630       1.62713218    
  0.299998641       1.64923990    
  0.319998652       1.65730453    
  0.339998662       1.65898693    
  0.359998673       1.65119243    
  0.379998684       1.62730396    
  0.399998695       1.59147823    
  0.419998705       1.55061519    
  0.439998716       1.50282538    
  0.459998727       1.44319820    
  0.479998738       1.37443626    
  0.499998748       1.30322444    
  0.519998729       1.23101652    
  0.539998710       1.15442288    
  0.559998691       1.07261026    
  0.579998672      0.989933789    
  0.599998653      0.910205185    
  0.619998634      0.833381236    
  0.639998615      0.757362545    
  0.659998596      0.682052851    
  0.679998577      0.609927237    
  0.699998558      0.543370724    
  0.719998538      0.482471555    
  0.739998519      0.425903797    
  0.759998500      0.372663587    
  0.779998481      0.323160052    
  0.799998462      0.278468430    
  0.819998443      0.239162117    
  0.839998424      0.204904258    
  0.859998405      0.174640954    
  0.879998386      0.147577226    
  0.899998367      0.123435035    
  0.919998348      0.102270715    
  0.939998329       8.42777118E-02
  0.959998310       6.93417564E-02
  0.979998291       5.70167825E-02
  0.999998271       4.68151979E-02
   1.01999831       3.82227078E-02
   1.03999829       3.08829993E-02
   1.05999827       2.46270299E-02
   1.07999825       1.93659216E-02
   1.09999824       1.50591517E-02
   1.11999822       1.16183264E-02
   1.13999820       8.93662963E-03
   1.15999818       6.88437605E-03
   1.17999816       5.31344069E-03
   1.19999814       4.11707489E-03
   1.21999812       3.19239101E-03
   1.23999810       2.46761763E-03
   1.25999808       1.89884682E-03
   1.27999806       1.44238491E-03
   1.29999804       1.07857934E-03
   1.31999803       7.95918109E-04
   1.33999801       5.79499407E-04
   1.35999799       4.17484029E-04
   1.37999797       2.97538267E-04
   1.39999795       2.07524150E-04
   1.41999793       1.42908189E-04
   1.43999791       9.89622858E-05
   1.45999789       6.82429018E-05
   1.47999787       4.69448314E-05
   1.49999785       3.23266831E-05
   1.51999784       2.23901552E-05
   1.53999782       1.58040366E-05
   1.55999780       1.14454870E-05
   1.57999778       8.47191495E-06
   1.59999776       6.62672392E-06
   1.61999774       5.50200502E-06
   1.63999772       4.71230305E-06
   1.65999770       4.00673662E-06
   1.67999768       3.52553252E-06
   1.69999766       3.30426951E-06
   1.71999764       3.10153723E-06
   1.73999763       2.80110544E-06
   1.75999761       2.46162426E-06
   1.77999759       2.17634192E-06
   1.79999757       1.94660197E-06
   1.81999755       1.69261250E-06
   1.83999753       1.37843858E-06
   1.85999751       1.16851515E-06
   1.87999749       1.17757133E-06
   1.89999747       1.29262321E-06
   1.91999745       1.30259116E-06
   1.93999743       1.16723311E-06
   1.95999742       1.03765262E-06
   1.97999740       8.63207390E-07
   1.99999738       6.21981883E-07
   2.01999736       3.94683752E-07
   2.03999734       2.41174945E-07
   2.05999732       1.51111323E-07
   2.07999730       1.10728159E-07
   2.09999728       1.23149192E-07
   2.11999726       1.17109373E-07
   2.13999724       6.66326585E-08
   2.15999722       6.70268392E-08
   2.17999721       1.02035948E-07
   2.19999719       1.13379002E-07
   2.21999717       1.03027922E-07
   2.23999715       7.79793936E-08
   2.25999713       8.58611173E-08
   2.27999711       1.88892159E-07
   2.29999709       3.76878461E-07
   2.31999707       5.27617203E-07
   2.33999705       6.15552665E-07
   2.35999703       6.98494318E-07
   2.37999701       6.31611442E-07
   2.39999700       7.08151049E-07
   2.41999698       1.02483102E-06
   2.43999696       1.38286998E-06
   2.45999694       1.48138929E-06
   2.47999692       1.27201679E-06
   2.49999690       1.19235199E-06
   2.51999688       1.66472012E-06
   2.53999686       2.38390180E-06
   2.55999684       2.33230253E-06
   2.57999682       1.81756263E-06
   2.59999681       1.94798758E-06
   2.61999679       2.45376600E-06
   2.63999677       2.72312013E-06
   2.65999675       2.63265019E-06
   2.67999673       2.57741272E-06
   2.69999671       2.89452964E-06
   2.71999669       3.04993500E-06
   2.73999667       2.81834036E-06
   2.75999665       2.65654171E-06
   2.77999663       3.11348799E-06
   2.79999661       3.48886920E-06
   2.81999660       2.90602179E-06
   2.83999658       2.33447190E-06
   2.85999656       2.56590033E-06
   2.87999654       2.56340695E-06
   2.89999652       2.16893068E-06
   2.91999650       2.25963413E-06
   2.93999648       2.22694916E-06
   2.95999646       1.73273884E-06
   2.97999644       1.56421754E-06
   2.99999642       1.41750058E-06
   3.01999640       9.21885942E-07
   3.03999639       7.53311213E-07
   3.05999637       7.17948240E-07
   3.07999635       4.99358066E-07
   3.09999633       5.21213622E-07
