  -2.00000000       3.73041871E-07
  -1.98000002       5.46935837E-07
  -1.96000004       7.54463827E-07
  -1.94000006       7.43207579E-07
  -1.92000008       6.85208704E-07
  -1.90000010       8.63807998E-07
  -1.88000011       1.13340923E-06
  -1.86000013       1.22099857E-06
  -1.84000015       1.32449634E-06
  -1.82000017       1.73212356E-06
  -1.80000019       2.32601133E-06
  -1.78000021       2.62802610E-06
  -1.76000023       2.83000804E-06
  -1.74000025       3.49740435E-06
  -1.72000027       4.65456196E-06
  -1.70000029       5.49757578E-06
  -1.68000031       5.94269932E-06
  -1.66000032       7.24489882E-06
  -1.64000034       9.74535760E-06
  -1.62000036       1.19753886E-05
  -1.60000038       1.29230866E-05
  -1.58000040       1.32062414E-05
  -1.56000042       1.45179356E-05
  -1.54000044       1.75970326E-05
  -1.52000046       2.37838631E-05
  -1.50000048       3.39892940E-05
  -1.48000050       4.33630921E-05
  -1.46000051       4.52209861E-05
  -1.44000053       4.42453165E-05
  -1.42000055       5.47659256E-05
  -1.40000057       7.64457218E-05
  -1.38000059       9.39433521E-05
  -1.36000061       1.09945206E-04
  -1.34000063       1.40345466E-04
  -1.32000065       1.79049704E-04
  -1.30000067       2.18050714E-04
  -1.28000069       2.77888204E-04
  -1.26000071       3.61476996E-04
  -1.24000072       4.57347749E-04
  -1.22000074       5.60623477E-04
  -1.20000076       6.72350172E-04
  -1.18000078       8.13634659E-04
  -1.16000080       9.69713379E-04
  -1.14000082       1.14792178E-03
  -1.12000084       1.29686750E-03
  -1.10000086       1.48764020E-03
  -1.08000088       1.71257043E-03
  -1.06000090       2.00669398E-03
  -1.04000092       2.41508940E-03
  -1.02000093       2.78662774E-03
  -1.00000095       3.38517874E-03
 -0.980000973       3.88494483E-03
 -0.960000992       4.68532974E-03
 -0.940001011       5.24108531E-03
 -0.920001030       5.95278619E-03
 -0.900001049       6.80297846E-03
 -0.880001068       7.37002958E-03
 -0.860001087       9.08174552E-03
 -0.840001106       9.49193258E-03
 -0.820001125       1.18263522E-02
 -0.800001144       1.20903822E-02
 -0.780001163       1.42465588E-02
 -0.760001183       1.56303830E-02
 -0.740001202       1.61560103E-02
 -0.720001221       2.05515400E-02
 -0.700001240       1.82400271E-02
 -0.680001259       2.60776225E-02
 -0.660001278       2.14892812E-02
 -0.640001297       2.93197855E-02
 -0.620001316       2.75680255E-02
 -0.600001335       2.91827451E-02
 -0.580001354       3.88261452E-02
 -0.560001373       2.66824737E-02
 -0.540001392       5.05383462E-02
 -0.520001411       2.52869558E-02
 -0.500001431       5.61878122E-02
 -0.480001420       3.52972411E-02
 -0.460001409       5.00906892E-02
 -0.440001398       5.90355396E-02
 -0.420001388       3.05268969E-02
 -0.400001377       9.05708224E-02
 -0.380001366       1.50501486E-02
 -0.360001355      0.110451065    
 -0.340001345       2.51954645E-02
 -0.320001334       9.62424055E-02
 -0.300001323       7.78100640E-02
 -0.280001312       5.16246669E-02
 -0.260001302      0.156214446    
 -0.240001306       6.12398470E-03
 -0.220001310      0.220493644    
 -0.200001314       1.47425421E-02
 -0.180001318      0.223429054    
 -0.160001323      0.111913688    
 -0.140001327      0.158213019    
 -0.120001331      0.278048247    
 -0.100001335       8.49688128E-02
  -8.00013393E-02  0.433430284    
  -6.00013398E-02   9.07458737E-02
  -4.00013402E-02  0.506145060    
  -2.00013407E-02  0.238989964    
  -1.34110451E-06  0.445609421    
   1.99986584E-02  0.654751062    
   3.99986580E-02  0.729995787    
   5.99986576E-02  0.814797997    
   7.99986571E-02  0.912649512    
   9.99986529E-02   1.00316346    
  0.119998649       1.09060895    
  0.139998645       1.18221211    
  0.159998640       1.26740551    
  0.179998636       1.34274065    
  0.199998632       1.41642904    
  0.219998628       1.48389530    
  0.239998624       1.53697658    
  0.259998620       1.58113885    
  0.279998630       1.61976790    
  0.299998641       1.64464462    
  0.319998652       1.65396166    
  0.339998662       1.65514410    
  0.359998673       1.64869559    
  0.379998684       1.62770391    
  0.399998695       1.59302783    
  0.419998705       1.55182755    
  0.439998716       1.50511718    
  0.459998727       1.44800234    
  0.479998738       1.38061905    
  0.499998748       1.30907631    
  0.519998729       1.23685050    
  0.539998710       1.16164780    
  0.559998691       1.08131361    
  0.579998672      0.998773336    
  0.599998653      0.918284953    
  0.619998634      0.841181099    
  0.639998615      0.765744328    
  0.659998596      0.691003263    
  0.679998577      0.618615985    
  0.699998558      0.551134646    
  0.719998538      0.489412785    
  0.739998519      0.432564586    
  0.759998500      0.379349530    
  0.779998481      0.329673707    
  0.799998462      0.284375817    
  0.819998443      0.244213372    
  0.839998424      0.209195912    
  0.859998405      0.178462774    
  0.879998386      0.151159555    
  0.899998367      0.126814917    
  0.919998348      0.105331369    
  0.939998329       8.68882686E-02
  0.959998310       7.14534521E-02
  0.979998291       5.86900041E-02
  0.999998271       4.81741354E-02
   1.01999831       3.93866487E-02
   1.03999829       3.19276191E-02
   1.05999827       2.55741887E-02
   1.07999825       2.02036276E-02
   1.09999824       1.57659054E-02
   1.11999822       1.21825477E-02
   1.13999820       9.36448295E-03
   1.15999818       7.19565107E-03
   1.17999816       5.53538464E-03
   1.19999814       4.27669846E-03
   1.21999812       3.31106503E-03
   1.23999810       2.56173103E-03
   1.25999808       1.97814172E-03
   1.27999806       1.51139067E-03
   1.29999804       1.13910506E-03
   1.31999803       8.47802905E-04
   1.33999801       6.22516149E-04
   1.35999799       4.52731067E-04
   1.37999797       3.25686327E-04
   1.39999795       2.29153418E-04
   1.41999793       1.58953844E-04
   1.43999791       1.10425164E-04
   1.45999789       7.62896234E-05
   1.47999787       5.24723691E-05
   1.49999785       3.59430487E-05
   1.51999784       2.46504696E-05
   1.53999782       1.71548054E-05
   1.55999780       1.21444164E-05
   1.57999778       8.72615783E-06
   1.59999776       6.58275258E-06
   1.61999774       5.28556802E-06
   1.63999772       4.38905772E-06
   1.65999770       3.61775642E-06
   1.67999768       3.07639266E-06
   1.69999766       2.82603924E-06
   1.71999764       2.61005539E-06
   1.73999763       2.32051025E-06
   1.75999761       1.98527755E-06
   1.77999759       1.71569241E-06
   1.79999757       1.51071322E-06
   1.81999755       1.29096009E-06
   1.83999753       1.01478224E-06
   1.85999751       8.29509816E-07
   1.87999749       8.32549745E-07
   1.89999747       9.45887734E-07
   1.91999745       9.68891754E-07
   1.93999743       8.58885755E-07
   1.95999742       7.69212591E-07
   1.97999740       6.55057136E-07
   1.99999738       4.80858091E-07
   2.01999736       3.11990192E-07
   2.03999734       1.92341560E-07
   2.05999732       1.14195750E-07
   2.07999730       8.32639984E-08
   2.09999728       1.06369974E-07
   2.11999726       1.17618328E-07
   2.13999724       1.11371641E-07
   2.15999722       1.91178998E-07
   2.17999721       2.85114083E-07
   2.19999719       2.98119517E-07
   2.21999717       2.46138654E-07
   2.23999715       1.91636929E-07
   2.25999713       2.10104915E-07
   2.27999711       3.73679001E-07
   2.29999709       6.41728093E-07
   2.31999707       8.28301381E-07
   2.33999705       8.21287756E-07
   2.35999703       8.11318444E-07
   2.37999701       7.97403459E-07
   2.39999700       9.94532343E-07
   2.41999698       1.33327603E-06
   2.43999696       1.58189482E-06
   2.45999694       1.55622888E-06
   2.47999692       1.36796677E-06
   2.49999690       1.42058900E-06
   2.51999688       1.91188701E-06
   2.53999686       2.46563877E-06
   2.55999684       2.30459659E-06
   2.57999682       1.89698198E-06
   2.59999681       2.16482681E-06
   2.61999679       2.57411057E-06
   2.63999677       2.61307696E-06
   2.65999675       2.44275429E-06
   2.67999673       2.54584370E-06
   2.69999671       2.92670506E-06
   2.71999669       2.89514151E-06
   2.73999667       2.53031385E-06
   2.75999665       2.47121761E-06
   2.77999663       2.90164280E-06
   2.79999661       3.08961853E-06
   2.81999660       2.58349633E-06
   2.83999658       2.20642005E-06
   2.85999656       2.21897562E-06
   2.87999654       2.03695345E-06
   2.89999652       1.74335696E-06
   2.91999650       1.91276331E-06
   2.93999648       1.76415074E-06
   2.95999646       1.32675029E-06
   2.97999644       1.26579835E-06
   2.99999642       1.06679045E-06
   3.01999640       6.44876195E-07
   3.03999639       5.87141074E-07
   3.05999637       5.16858904E-07
   3.07999635       3.71371385E-07
   3.09999633       4.12847555E-07
