  -2.00000000       3.03543601E-07
  -1.98000002       3.08498755E-07
  -1.96000004       4.69197687E-07
  -1.94000006       7.03068451E-07
  -1.92000008       7.90344131E-07
  -1.90000010       8.29758847E-07
  -1.88000011       1.06005518E-06
  -1.86000013       1.32463549E-06
  -1.84000015       1.36453275E-06
  -1.82000017       1.44700300E-06
  -1.80000019       1.93219057E-06
  -1.78000021       2.50188191E-06
  -1.76000023       2.66872985E-06
  -1.74000025       2.82102906E-06
  -1.72000027       3.60217950E-06
  -1.70000029       4.68109920E-06
  -1.68000031       5.14325620E-06
  -1.66000032       5.44355953E-06
  -1.64000034       6.72825945E-06
  -1.62000036       8.48333639E-06
  -1.60000038       9.08417678E-06
  -1.58000040       8.77973980E-06
  -1.56000042       1.10604406E-05
  -1.54000044       1.84693545E-05
  -1.52000046       2.79239448E-05
  -1.50000048       3.21984226E-05
  -1.48000050       2.89963664E-05
  -1.46000051       2.98969080E-05
  -1.44000053       4.84245138E-05
  -1.42000055       7.43211203E-05
  -1.40000057       8.73292083E-05
  -1.38000059       9.90561966E-05
  -1.36000061       1.34033224E-04
  -1.34000063       1.83485346E-04
  -1.32000065       2.28271572E-04
  -1.30000067       2.77317798E-04
  -1.28000069       3.48014320E-04
  -1.26000071       4.35419526E-04
  -1.24000072       5.35148371E-04
  -1.22000074       6.32446201E-04
  -1.20000076       7.35525216E-04
  -1.18000078       8.57234176E-04
  -1.16000080       1.00796483E-03
  -1.14000082       1.19355042E-03
  -1.12000084       1.36673194E-03
  -1.10000086       1.61176268E-03
  -1.08000088       1.88518304E-03
  -1.06000090       2.27559032E-03
  -1.04000092       2.70634494E-03
  -1.02000093       3.13725485E-03
  -1.00000095       3.68398242E-03
 -0.980000973       4.13945876E-03
 -0.960000992       4.94982768E-03
 -0.940001011       5.42221498E-03
 -0.920001030       6.39773114E-03
 -0.900001049       7.17016216E-03
 -0.880001068       8.16451479E-03
 -0.860001087       9.66581423E-03
 -0.840001106       1.01682190E-02
 -0.820001125       1.24060679E-02
 -0.800001144       1.22595700E-02
 -0.780001163       1.52768232E-02
 -0.760001183       1.57415569E-02
 -0.740001202       1.79497804E-02
 -0.720001221       2.07358524E-02
 -0.700001240       1.95898674E-02
 -0.680001259       2.65138056E-02
 -0.660001278       2.14467943E-02
 -0.640001297       3.15961502E-02
 -0.620001316       2.63051726E-02
 -0.600001335       3.32991853E-02
 -0.580001354       3.61244194E-02
 -0.560001373       2.99219806E-02
 -0.540001392       4.92122695E-02
 -0.520001411       2.58540269E-02
 -0.500001431       5.98491505E-02
 -0.480001420       3.02442703E-02
 -0.460001409       5.74116968E-02
 -0.440001398       5.02360910E-02
 -0.420001388       3.93264666E-02
 -0.400001377       8.40257555E-02
 -0.380001366       1.77378003E-02
 -0.360001355      0.110553302    
 -0.340001345       1.76053587E-02
 -0.320001334      0.107312821    
 -0.300001323       6.08486943E-02
 -0.280001312       6.51725009E-02
 -0.260001302      0.139555469    
 -0.240001306       1.30066955E-02
 -0.220001310      0.213052094    
 -0.200001314       7.50507740E-03
 -0.180001318      0.226365432    
 -0.160001323       9.25254896E-02
 -0.140001327      0.167587072    
 -0.120001331      0.253395140    
 -0.100001335       8.74369144E-02
  -8.00013393E-02  0.414751410    
  -6.00013398E-02   8.36705714E-02
  -4.00013402E-02  0.487947762    
  -2.00013407E-02  0.224556431    
  -1.34110451E-06  0.429977298    
   1.99986584E-02  0.628886759    
   3.99986580E-02  0.703125954    
   5.99986576E-02  0.789218485    
   7.99986571E-02  0.881107271    
   9.99986529E-02  0.971620262    
  0.119998649       1.06170583    
  0.139998645       1.14855182    
  0.159998640       1.23372757    
  0.179998636       1.31421626    
  0.199998632       1.38603497    
  0.219998628       1.45214200    
  0.239998624       1.51179814    
  0.259998620       1.55934584    
  0.279998630       1.59609449    
  0.299998641       1.62502766    
  0.319998652       1.64253676    
  0.339998662       1.64588344    
  0.359998673       1.63916779    
  0.379998684       1.62416005    
  0.399998695       1.59752679    
  0.419998705       1.55858970    
  0.439998716       1.51170385    
  0.459998727       1.45908439    
  0.479998738       1.39881349    
  0.499998748       1.33029020    
  0.519998729       1.25703800    
  0.539998710       1.18247294    
  0.559998691       1.10631537    
  0.579998672       1.02744949    
  0.599998653      0.946822584    
  0.619998634      0.867453694    
  0.639998615      0.791245699    
  0.659998596      0.717920601    
  0.679998577      0.646729171    
  0.699998558      0.578178525    
  0.719998538      0.513656259    
  0.739998519      0.454279482    
  0.759998500      0.399948865    
  0.779998481      0.350014389    
  0.799998462      0.304008782    
  0.819998443      0.262042224    
  0.839998424      0.224533126    
  0.859998405      0.191492230    
  0.879998386      0.162611872    
  0.899998367      0.137346819    
  0.919998348      0.115139201    
  0.939998329       9.57737640E-02
  0.959998310       7.90972188E-02
  0.979998291       6.49448484E-02
  0.999998271       5.31547815E-02
   1.01999831       4.33842875E-02
   1.03999829       3.52703631E-02
   1.05999827       2.84978263E-02
   1.07999825       2.28215456E-02
   1.09999824       1.80856604E-02
   1.11999822       1.41677465E-02
   1.13999820       1.09857451E-02
   1.15999818       8.45238380E-03
   1.17999816       6.46651862E-03
   1.19999814       4.94195335E-03
   1.21999812       3.77605902E-03
   1.23999810       2.89173913E-03
   1.25999808       2.22213450E-03
   1.27999806       1.70345884E-03
   1.29999804       1.29991001E-03
   1.31999803       9.85188526E-04
   1.33999801       7.39832933E-04
   1.35999799       5.53993799E-04
   1.37999797       4.12032270E-04
   1.39999795       3.01573658E-04
   1.41999793       2.18105721E-04
   1.43999791       1.56788767E-04
   1.45999789       1.12454669E-04
   1.47999787       8.04820666E-05
   1.49999785       5.70918382E-05
   1.51999784       4.04261300E-05
   1.53999782       2.89270156E-05
   1.55999780       2.07257508E-05
   1.57999778       1.49032585E-05
   1.59999776       1.09786197E-05
   1.61999774       8.52031280E-06
   1.63999772       6.79082359E-06
   1.65999770       5.37854794E-06
   1.67999768       4.32316665E-06
   1.69999766       3.78922277E-06
   1.71999764       3.39431563E-06
   1.73999763       2.99888825E-06
   1.75999761       2.55832219E-06
   1.77999759       2.23375173E-06
   1.79999757       2.00596128E-06
   1.81999755       1.76691617E-06
   1.83999753       1.45210686E-06
   1.85999751       1.24778785E-06
   1.87999749       1.27432338E-06
   1.89999747       1.47492096E-06
   1.91999745       1.60929483E-06
   1.93999743       1.61962521E-06
   1.95999742       1.70089436E-06
   1.97999740       1.75963987E-06
   1.99999738       1.64110554E-06
   2.01999736       1.44437774E-06
   2.03999734       1.27097928E-06
   2.05999732       1.14494958E-06
   2.07999730       1.10291830E-06
   2.09999728       1.24639939E-06
   2.11999726       1.40675547E-06
   2.13999724       1.45272509E-06
   2.15999722       1.50756159E-06
   2.17999721       1.57364786E-06
   2.19999719       1.40145391E-06
   2.21999717       1.19303900E-06
   2.23999715       1.19113929E-06
   2.25999713       1.31424099E-06
   2.27999711       1.45482147E-06
   2.29999709       1.66390157E-06
   2.31999707       1.75329308E-06
   2.33999705       1.43534635E-06
   2.35999703       1.17919171E-06
   2.37999701       1.43738953E-06
   2.39999700       1.87042986E-06
   2.41999698       1.90903870E-06
   2.43999696       1.56354372E-06
   2.45999694       1.26948851E-06
   2.47999692       1.39865745E-06
   2.49999690       1.84471537E-06
   2.51999688       1.90105993E-06
   2.53999686       1.53277858E-06
   2.55999684       1.33382480E-06
   2.57999682       1.63074048E-06
   2.59999681       1.95424832E-06
   2.61999679       1.74416800E-06
   2.63999677       1.29428065E-06
   2.65999675       1.16204569E-06
   2.67999673       1.49929826E-06
   2.69999671       1.67879136E-06
   2.71999669       1.31246600E-06
   2.73999667       1.01298781E-06
   2.75999665       1.15179000E-06
   2.77999663       1.17376408E-06
   2.79999661       9.30307067E-07
   2.81999660       8.80095570E-07
   2.83999658       9.98185556E-07
   2.85999656       5.80770632E-07
   2.87999654       2.97838653E-07
   2.89999652       3.13691345E-07
   2.91999650       3.68659272E-07
   2.93999648       1.98746037E-07
   2.95999646       1.31606015E-07
   2.97999644       1.36991304E-07
   2.99999642       4.11510825E-08
   3.01999640       7.53352154E-08
   3.03999639       1.13964489E-07
   3.05999637       1.24286501E-07
   3.07999635       2.49055745E-07
   3.09999633       2.62655703E-07
