  -2.00000000       6.63597802E-07
  -1.98000002       5.95265476E-07
  -1.96000004       4.56079647E-07
  -1.94000006       5.82718314E-07
  -1.92000008       8.26334315E-07
  -1.90000010       8.37188225E-07
  -1.88000011       7.98613314E-07
  -1.86000013       9.68941890E-07
  -1.84000015       1.08664756E-06
  -1.82000017       1.02629974E-06
  -1.80000019       1.08569270E-06
  -1.78000021       1.46821185E-06
  -1.76000023       1.70360795E-06
  -1.74000025       1.68388601E-06
  -1.72000027       1.92998755E-06
  -1.70000029       2.69798034E-06
  -1.68000031       3.28055603E-06
  -1.66000032       3.50623282E-06
  -1.64000034       4.51617052E-06
  -1.62000036       6.66750611E-06
  -1.60000038       8.28724660E-06
  -1.58000040       7.99215741E-06
  -1.56000042       7.67240181E-06
  -1.54000044       1.17073259E-05
  -1.52000046       2.21326973E-05
  -1.50000048       3.48013418E-05
  -1.48000050       4.11545989E-05
  -1.46000051       4.14190654E-05
  -1.44000053       5.26261138E-05
  -1.42000055       8.27256881E-05
  -1.40000057       1.12424626E-04
  -1.38000059       1.32116140E-04
  -1.36000061       1.64727768E-04
  -1.34000063       2.19961512E-04
  -1.32000065       2.74614402E-04
  -1.30000067       3.24345747E-04
  -1.28000069       3.88233864E-04
  -1.26000071       4.69571096E-04
  -1.24000072       5.63269947E-04
  -1.22000074       6.53565512E-04
  -1.20000076       7.56258902E-04
  -1.18000078       8.78920953E-04
  -1.16000080       1.05209742E-03
  -1.14000082       1.26885367E-03
  -1.12000084       1.49098958E-03
  -1.10000086       1.77960668E-03
  -1.08000088       2.08076788E-03
  -1.06000090       2.50084349E-03
  -1.04000092       2.89029023E-03
  -1.02000093       3.33162141E-03
  -1.00000095       3.80345643E-03
 -0.980000973       4.30595269E-03
 -0.960000992       5.16007701E-03
 -0.940001011       5.71722211E-03
 -0.920001030       6.88509038E-03
 -0.900001049       7.56232580E-03
 -0.880001068       8.78050365E-03
 -0.860001087       9.88776982E-03
 -0.840001106       1.06108002E-02
 -0.820001125       1.26467207E-02
 -0.800001144       1.26856547E-02
 -0.780001163       1.61997620E-02
 -0.760001183       1.60711370E-02
 -0.740001202       1.92752592E-02
 -0.720001221       2.04141345E-02
 -0.700001240       2.07183547E-02
 -0.680001259       2.64773984E-02
 -0.660001278       2.22826134E-02
 -0.640001297       3.30624171E-02
 -0.620001316       2.56175343E-02
 -0.600001335       3.58383730E-02
 -0.580001354       3.37260030E-02
 -0.560001373       3.31726000E-02
 -0.540001392       4.76791598E-02
 -0.520001411       2.76163965E-02
 -0.500001431       6.06463142E-02
 -0.480001420       2.74966434E-02
 -0.460001409       6.23130798E-02
 -0.440001398       4.41784002E-02
 -0.420001388       4.67083342E-02
 -0.400001377       7.69696534E-02
 -0.380001366       2.14945115E-02
 -0.360001355      0.109273322    
 -0.340001345       1.39223998E-02
 -0.320001334      0.113651924    
 -0.300001323       4.89220768E-02
 -0.280001312       7.52599686E-02
 -0.260001302      0.126760811    
 -0.240001306       1.98631827E-02
 -0.220001310      0.204744726    
 -0.200001314       3.94351687E-03
 -0.180001318      0.228560925    
 -0.160001323       7.82393143E-02
 -0.140001327      0.173074305    
 -0.120001331      0.236554325    
 -0.100001335       9.01210010E-02
  -8.00013393E-02  0.398726702    
  -6.00013398E-02   7.91522637E-02
  -4.00013402E-02  0.476082981    
  -2.00013407E-02  0.212789431    
  -1.34110451E-06  0.416849256    
   1.99986584E-02  0.612082183    
   3.99986580E-02  0.681970537    
   5.99986576E-02  0.768533468    
   7.99986571E-02  0.860398471    
   9.99986529E-02  0.946501672    
  0.119998649       1.03784072    
  0.139998645       1.12624466    
  0.159998640       1.20774150    
  0.179998636       1.28922510    
  0.199998632       1.36507201    
  0.219998628       1.42960143    
  0.239998624       1.48876917    
  0.259998620       1.54169083    
  0.279998630       1.58109057    
  0.299998641       1.60878611    
  0.319998652       1.62949336    
  0.339998662       1.63912392    
  0.359998673       1.63432527    
  0.379998684       1.61918116    
  0.399998695       1.59673285    
  0.419998705       1.56383657    
  0.439998716       1.51902294    
  0.459998727       1.46621287    
  0.479998738       1.40869737    
  0.499998748       1.34520197    
  0.519998729       1.27452862    
  0.539998710       1.19934225    
  0.559998691       1.12308669    
  0.579998672       1.04666042    
  0.599998653      0.968757927    
  0.619998634      0.889663577    
  0.639998615      0.811761856    
  0.659998596      0.737244248    
  0.679998577      0.666484594    
  0.699998558      0.598771095    
  0.719998538      0.533839881    
  0.739998519      0.472614139    
  0.759998500      0.416147023    
  0.779998481      0.364875734    
  0.799998462      0.318363726    
  0.819998443      0.275977015    
  0.839998424      0.237470150    
  0.859998405      0.202828214    
  0.879998386      0.172204927    
  0.899998367      0.145530701    
  0.919998348      0.122398153    
  0.939998329      0.102430113    
  0.959998310       8.51843879E-02
  0.979998291       7.03256950E-02
  0.999998271       5.76892532E-02
   1.01999831       4.70491350E-02
   1.03999829       3.81801389E-02
   1.05999827       3.08355819E-02
   1.07999825       2.47734450E-02
   1.09999824       1.97766442E-02
   1.11999822       1.56588070E-02
   1.13999820       1.22891711E-02
   1.15999818       9.55471303E-03
   1.17999816       7.36203510E-03
   1.19999814       5.63434744E-03
   1.21999812       4.28551342E-03
   1.23999810       3.25343781E-03
   1.25999808       2.47154874E-03
   1.27999806       1.87554676E-03
   1.29999804       1.42251141E-03
   1.31999803       1.07562321E-03
   1.33999801       8.09810415E-04
   1.35999799       6.11367694E-04
   1.37999797       4.60645853E-04
   1.39999795       3.44486994E-04
   1.41999793       2.55822437E-04
   1.43999791       1.88407357E-04
   1.45999789       1.39006399E-04
   1.47999787       1.02805432E-04
   1.49999785       7.56248410E-05
   1.51999784       5.57625208E-05
   1.53999782       4.16196963E-05
   1.55999780       3.10864125E-05
   1.57999778       2.33922419E-05
   1.59999776       1.79145627E-05
   1.61999774       1.43825237E-05
   1.63999772       1.18795551E-05
   1.65999770       9.84876169E-06
   1.67999768       8.17647924E-06
   1.69999766       7.24327538E-06
   1.71999764       6.58654653E-06
   1.73999763       5.98333872E-06
   1.75999761       5.26482700E-06
   1.77999759       4.73054524E-06
   1.79999757       4.37701692E-06
   1.81999755       4.04106095E-06
   1.83999753       3.56937039E-06
   1.85999751       3.22973551E-06
   1.87999749       3.24740495E-06
   1.89999747       3.66712129E-06
   1.91999745       3.97201120E-06
   1.93999743       3.95976349E-06
   1.95999742       3.95575717E-06
   1.97999740       3.94517838E-06
   1.99999738       3.62424316E-06
   2.01999736       3.25497172E-06
   2.03999734       2.99251019E-06
   2.05999732       2.90077332E-06
   2.07999730       2.89087734E-06
   2.09999728       3.05100684E-06
   2.11999726       3.32568175E-06
   2.13999724       3.31728211E-06
   2.15999722       2.96609210E-06
   2.17999721       2.70840383E-06
   2.19999719       2.43137220E-06
   2.21999717       2.33027549E-06
   2.23999715       2.47136632E-06
   2.25999713       2.60910474E-06
   2.27999711       2.48897800E-06
   2.29999709       2.27825626E-06
   2.31999707       2.07270386E-06
   2.33999705       1.86003842E-06
   2.35999703       1.78089590E-06
   2.37999701       1.97462850E-06
   2.39999700       2.08654546E-06
   2.41999698       1.78394600E-06
   2.43999696       1.31597244E-06
   2.45999694       1.18360526E-06
   2.47999692       1.42419742E-06
   2.49999690       1.65821154E-06
   2.51999688       1.30629144E-06
   2.53999686       7.62898765E-07
   2.55999684       7.67677250E-07
   2.57999682       1.16748140E-06
   2.59999681       1.17505419E-06
   2.61999679       7.86061207E-07
   2.63999677       5.09020254E-07
   2.65999675       5.01644422E-07
   2.67999673       5.71483440E-07
   2.69999671       4.95818483E-07
   2.71999669       3.12949851E-07
   2.73999667       2.72759195E-07
   2.75999665       2.74704831E-07
   2.77999663       1.54700913E-07
   2.79999661       4.89885679E-08
   2.81999660       8.24160509E-08
   2.83999658       1.37714039E-07
   2.85999656       6.02859984E-09
   2.87999654       2.29263328E-08
   2.89999652       1.12432277E-08
   2.91999650       5.34933768E-08
   2.93999648       1.04322297E-07
   2.95999646       8.83878428E-08
   2.97999644       1.23863956E-07
   2.99999642       2.60364800E-07
   3.01999640       3.13706352E-07
   3.03999639       3.40874607E-07
   3.05999637       5.40272083E-07
   3.07999635       5.92270794E-07
   3.09999633       6.66109543E-07
