  -2.00000000       1.16420921E-07
  -1.98000002       6.87100439E-08
  -1.96000004       8.06359566E-08
  -1.94000006       6.50529941E-08
  -1.92000008       5.48475647E-08
  -1.90000010       6.42151079E-08
  -1.88000011       7.64343469E-08
  -1.86000013       1.74978993E-07
  -1.84000015       3.46295593E-07
  -1.82000017       4.80935853E-07
  -1.80000019       6.22736707E-07
  -1.78000021       1.07589608E-06
  -1.76000023       1.74696515E-06
  -1.74000025       2.27827763E-06
  -1.72000027       2.81784287E-06
  -1.70000029       4.08383676E-06
  -1.68000031       6.04953630E-06
  -1.66000032       7.89467231E-06
  -1.64000034       1.00889056E-05
  -1.62000036       1.40722886E-05
  -1.60000038       1.86657053E-05
  -1.58000040       2.05900178E-05
  -1.56000042       1.99194928E-05
  -1.54000044       2.45559640E-05
  -1.52000046       4.16012590E-05
  -1.50000048       6.35419638E-05
  -1.48000050       7.35427602E-05
  -1.46000051       7.25153950E-05
  -1.44000053       8.63247333E-05
  -1.42000055       1.23240519E-04
  -1.40000057       1.55189962E-04
  -1.38000059       1.72572589E-04
  -1.36000061       2.04360593E-04
  -1.34000063       2.57608423E-04
  -1.32000065       3.15326557E-04
  -1.30000067       3.76251992E-04
  -1.28000069       4.46251390E-04
  -1.26000071       5.44216717E-04
  -1.24000072       6.71140617E-04
  -1.22000074       8.13295890E-04
  -1.20000076       9.67488508E-04
  -1.18000078       1.13582984E-03
  -1.16000080       1.35585410E-03
  -1.14000082       1.58908649E-03
  -1.12000084       1.84796355E-03
  -1.10000086       2.09516636E-03
  -1.08000088       2.41147960E-03
  -1.06000090       2.84071011E-03
  -1.04000092       3.28489207E-03
  -1.02000093       3.91531968E-03
  -1.00000095       4.43666382E-03
 -0.980000973       5.25865797E-03
 -0.960000992       6.01156568E-03
 -0.940001011       6.76375208E-03
 -0.920001030       7.73249473E-03
 -0.900001049       8.30904767E-03
 -0.880001068       9.92380735E-03
 -0.860001087       1.05735427E-02
 -0.840001106       1.25478627E-02
 -0.820001125       1.36212939E-02
 -0.800001144       1.48344794E-02
 -0.780001163       1.74542684E-02
 -0.760001183       1.70173645E-02
 -0.740001202       2.15726532E-02
 -0.720001221       2.01968588E-02
 -0.700001240       2.51191948E-02
 -0.680001259       2.57585961E-02
 -0.660001278       2.62085460E-02
 -0.640001297       3.31054293E-02
 -0.620001316       2.61361822E-02
 -0.600001335       4.08272929E-02
 -0.580001354       2.96711568E-02
 -0.560001373       4.25074436E-02
 -0.540001392       3.98624688E-02
 -0.520001411       3.57627831E-02
 -0.500001431       5.74777760E-02
 -0.480001420       2.74619088E-02
 -0.460001409       7.02244267E-02
 -0.440001398       3.03560235E-02
 -0.420001388       6.43688589E-02
 -0.400001377       5.69806360E-02
 -0.380001366       3.81401628E-02
 -0.360001355       9.70464796E-02
 -0.340001345       1.24782659E-02
 -0.320001334      0.121912949    
 -0.300001323       2.44697873E-02
 -0.280001312      0.100482330    
 -0.260001302       9.02332067E-02
 -0.240001306       4.12365831E-02
 -0.220001310      0.180063635    
 -0.200001314       1.24575663E-03
 -0.180001318      0.225784674    
 -0.160001323       4.76710536E-02
 -0.140001327      0.186858162    
 -0.120001331      0.191489264    
 -0.100001335       9.79239270E-02
  -8.00013393E-02  0.359368086    
  -6.00013398E-02   6.76027685E-02
  -4.00013402E-02  0.442926735    
  -2.00013407E-02  0.186413333    
  -1.34110451E-06  0.384247243    
   1.99986584E-02  0.564111471    
   3.99986580E-02  0.632883668    
   5.99986576E-02  0.714108229    
   7.99986571E-02  0.801412284    
   9.99986529E-02  0.887661755    
  0.119998649      0.974752665    
  0.139998645       1.06047833    
  0.159998640       1.14507127    
  0.179998636       1.22571313    
  0.199998632       1.30003786    
  0.219998628       1.37023079    
  0.239998624       1.43417299    
  0.259998620       1.48740172    
  0.279998630       1.53226542    
  0.299998641       1.57003319    
  0.319998652       1.59620476    
  0.339998662       1.60939980    
  0.359998673       1.61401021    
  0.379998684       1.61021960    
  0.399998695       1.59400272    
  0.419998705       1.56582439    
  0.439998716       1.53029048    
  0.459998727       1.48816705    
  0.479998738       1.43680644    
  0.499998748       1.37650180    
  0.519998729       1.31132829    
  0.539998710       1.24385643    
  0.559998691       1.17281508    
  0.579998672       1.09750128    
  0.599998653       1.01999736    
  0.619998634      0.943346798    
  0.639998615      0.868539631    
  0.659998596      0.794680834    
  0.679998577      0.721598625    
  0.699998558      0.650827467    
  0.719998538      0.584165037    
  0.739998519      0.522266865    
  0.759998500      0.464430571    
  0.779998481      0.410030544    
  0.799998462      0.359169811    
  0.819998443      0.312609255    
  0.839998424      0.270946622    
  0.859998405      0.233999804    
  0.879998386      0.201146588    
  0.899998367      0.171708897    
  0.919998348      0.145288080    
  0.939998329      0.121959731    
  0.959998310      0.101748891    
  0.979998291       8.45723748E-02
  0.999998271       7.01653436E-02
   1.01999831       5.80633096E-02
   1.03999829       4.78217788E-02
   1.05999827       3.90762091E-02
   1.07999825       3.16287950E-02
   1.09999824       2.53322013E-02
   1.11999822       2.00970899E-02
   1.13999820       1.58333108E-02
   1.15999818       1.24080433E-02
   1.17999816       9.70489345E-03
   1.19999814       7.57573452E-03
   1.21999812       5.89665119E-03
   1.23999810       4.58060065E-03
   1.25999808       3.54068866E-03
   1.27999806       2.72188429E-03
   1.29999804       2.07820465E-03
   1.31999803       1.56784023E-03
   1.33999801       1.16925838E-03
   1.35999799       8.64407979E-04
   1.37999797       6.33249176E-04
   1.39999795       4.62674303E-04
   1.41999793       3.36251716E-04
   1.43999791       2.41629488E-04
   1.45999789       1.73448876E-04
   1.47999787       1.25173901E-04
   1.49999785       9.11729148E-05
   1.51999784       6.74244075E-05
   1.53999782       5.04633099E-05
   1.55999780       3.83196239E-05
   1.57999778       2.97909392E-05
   1.59999776       2.37636650E-05
   1.61999774       1.94222866E-05
   1.63999772       1.64785433E-05
   1.65999770       1.44985761E-05
   1.67999768       1.28717429E-05
   1.69999766       1.12210018E-05
   1.71999764       9.94881520E-06
   1.73999763       8.89448711E-06
   1.75999761       8.01591159E-06
   1.77999759       7.17832927E-06
   1.79999757       6.45112459E-06
   1.81999755       5.94944413E-06
   1.83999753       5.76858702E-06
   1.85999751       5.65467462E-06
   1.87999749       5.51835637E-06
   1.89999747       5.38319819E-06
   1.91999745       5.38760423E-06
   1.93999743       5.20923868E-06
   1.95999742       4.51273354E-06
   1.97999740       3.70480439E-06
   1.99999738       3.21430321E-06
   2.01999736       2.95815062E-06
   2.03999734       2.85410056E-06
   2.05999732       2.84589578E-06
   2.07999730       2.86069553E-06
   2.09999728       2.66521283E-06
   2.11999726       2.33194078E-06
   2.13999724       1.97896770E-06
   2.15999722       1.56250951E-06
   2.17999721       1.18624132E-06
   2.19999719       1.14545367E-06
   2.21999717       1.24593964E-06
   2.23999715       1.20977461E-06
   2.25999713       9.89955083E-07
   2.27999711       7.09889719E-07
   2.29999709       4.32688807E-07
   2.31999707       3.17922400E-07
   2.33999705       3.58313059E-07
   2.35999703       4.27465437E-07
   2.37999701       2.43273263E-07
   2.39999700       5.78979318E-08
   2.41999698       1.93379766E-08
   2.43999696       5.32105844E-08
   2.45999694       6.82134029E-08
   2.47999692       2.76124865E-08
   2.49999690       5.20244612E-08
   2.51999688       6.16953457E-08
   2.53999686       1.54095048E-08
   2.55999684       2.84516837E-08
   2.57999682       2.35229038E-07
   2.59999681       3.79333841E-07
   2.61999679       2.89591412E-07
   2.63999677       2.13228134E-07
   2.65999675       3.41051731E-07
   2.67999673       6.39573386E-07
   2.69999671       7.79847767E-07
   2.71999669       7.02502007E-07
   2.73999667       8.09944027E-07
   2.75999665       1.05561685E-06
   2.77999663       1.05359447E-06
   2.79999661       9.65190338E-07
   2.81999660       1.33854655E-06
   2.83999658       1.65622760E-06
   2.85999656       1.17338573E-06
   2.87999654       9.39075903E-07
   2.89999652       1.28717875E-06
   2.91999650       1.36996823E-06
   2.93999648       1.22151448E-06
   2.95999646       1.34387790E-06
   2.97999644       1.22202664E-06
   2.99999642       8.54514155E-07
   3.01999640       7.78028664E-07
   3.03999639       6.51064624E-07
   3.05999637       4.22053148E-07
   3.07999635       3.77580875E-07
   3.09999633       2.29989212E-07
