  -2.00000000       1.04777463E-07
  -1.98000002       6.48727934E-08
  -1.96000004       6.38244089E-08
  -1.94000006       1.07744221E-07
  -1.92000008       1.86780085E-07
  -1.90000010       2.30323721E-07
  -1.88000011       2.46389902E-07
  -1.86000013       3.95436757E-07
  -1.84000015       6.59503712E-07
  -1.82000017       8.65331231E-07
  -1.80000019       1.04487231E-06
  -1.78000021       1.58979674E-06
  -1.76000023       2.45731485E-06
  -1.74000025       3.19038054E-06
  -1.72000027       3.84698342E-06
  -1.70000029       5.20466438E-06
  -1.68000031       7.26374174E-06
  -1.66000032       8.80049174E-06
  -1.64000034       9.64083029E-06
  -1.62000036       1.15524072E-05
  -1.60000038       1.58190160E-05
  -1.58000040       2.26595494E-05
  -1.56000042       3.18460443E-05
  -1.54000044       4.18503769E-05
  -1.52000046       4.74940862E-05
  -1.50000048       4.79771734E-05
  -1.48000050       5.57672211E-05
  -1.46000051       7.97981920E-05
  -1.44000053       1.05965875E-04
  -1.42000055       1.21328885E-04
  -1.40000057       1.40650212E-04
  -1.38000059       1.73897526E-04
  -1.36000061       2.11080696E-04
  -1.34000063       2.55727296E-04
  -1.32000065       3.18359700E-04
  -1.30000067       3.87902604E-04
  -1.28000069       4.61111398E-04
  -1.26000071       5.65323804E-04
  -1.24000072       6.98699383E-04
  -1.22000074       8.46188806E-04
  -1.20000076       1.00136478E-03
  -1.18000078       1.16763590E-03
  -1.16000080       1.38107559E-03
  -1.14000082       1.60768209E-03
  -1.12000084       1.86589186E-03
  -1.10000086       2.11261632E-03
  -1.08000088       2.44637020E-03
  -1.06000090       2.89227394E-03
  -1.04000092       3.36723868E-03
  -1.02000093       4.01669135E-03
  -1.00000095       4.53863805E-03
 -0.980000973       5.36330929E-03
 -0.960000992       6.06967416E-03
 -0.940001011       6.84297504E-03
 -0.920001030       7.77953863E-03
 -0.900001049       8.42690747E-03
 -0.880001068       1.00849867E-02
 -0.860001087       1.07361097E-02
 -0.840001106       1.27864471E-02
 -0.820001125       1.36788934E-02
 -0.800001144       1.50379362E-02
 -0.780001163       1.74714513E-02
 -0.760001183       1.72379613E-02
 -0.740001202       2.18254048E-02
 -0.720001221       2.03220043E-02
 -0.700001240       2.55508423E-02
 -0.680001259       2.55335327E-02
 -0.660001278       2.66804770E-02
 -0.640001297       3.29580531E-02
 -0.620001316       2.65714154E-02
 -0.600001335       4.11547497E-02
 -0.580001354       2.93617174E-02
 -0.560001373       4.32650819E-02
 -0.540001392       3.89789939E-02
 -0.520001411       3.70272174E-02
 -0.500001431       5.67634180E-02
 -0.480001420       2.79342234E-02
 -0.460001409       7.03306049E-02
 -0.440001398       2.93748118E-02
 -0.420001388       6.62175044E-02
 -0.400001377       5.47186248E-02
 -0.380001366       4.01943699E-02
 -0.360001355       9.50529426E-02
 -0.340001345       1.31288236E-02
 -0.320001334      0.122247368    
 -0.300001323       2.23093312E-02
 -0.280001312      0.102640733    
 -0.260001302       8.65604132E-02
 -0.240001306       4.39541340E-02
 -0.220001310      0.176679030    
 -0.200001314       1.54175749E-03
 -0.180001318      0.225190774    
 -0.160001323       4.46885489E-02
 -0.140001327      0.188058987    
 -0.120001331      0.186939344    
 -0.100001335       9.87257510E-02
  -8.00013393E-02  0.355013907    
  -6.00013398E-02   6.67111948E-02
  -4.00013402E-02  0.439314514    
  -2.00013407E-02  0.183425382    
  -1.34110451E-06  0.380941391    
   1.99986584E-02  0.559316456    
   3.99986580E-02  0.626989484    
   5.99986576E-02  0.708748519    
   7.99986571E-02  0.795260787    
   9.99986529E-02  0.880561590    
  0.119998649      0.968462527    
  0.139998645       1.05365789    
  0.159998640       1.13734233    
  0.179998636       1.21904969    
  0.199998632       1.29359043    
  0.219998628       1.36284447    
  0.239998624       1.42770696    
  0.259998620       1.48226607    
  0.279998630       1.52666140    
  0.299998641       1.56453168    
  0.319998652       1.59257352    
  0.339998662       1.60677516    
  0.359998673       1.61100745    
  0.379998684       1.60798788    
  0.399998695       1.59380519    
  0.419998705       1.56656325    
  0.439998716       1.53079009    
  0.459998727       1.48932862    
  0.479998738       1.43974805    
  0.499998748       1.38052857    
  0.519998729       1.31517792    
  0.539998710       1.24769163    
  0.559998691       1.17767417    
  0.579998672       1.10349095    
  0.599998653       1.02613902    
  0.619998634      0.948978662    
  0.639998615      0.874046564    
  0.659998596      0.800717413    
  0.679998577      0.728121758    
  0.699998558      0.657163084    
  0.719998538      0.589823484    
  0.739998519      0.527390301    
  0.759998500      0.469469279    
  0.779998481      0.415183455    
  0.799998462      0.364206642    
  0.819998443      0.317152262    
  0.839998424      0.274823099    
  0.859998405      0.237343624    
  0.879998386      0.204218119    
  0.899998367      0.174665049    
  0.919998348      0.148103938    
  0.939998329      0.124499120    
  0.959998310      0.103890575    
  0.979998291       8.63006115E-02
  0.999998271       7.15586320E-02
   1.01999831       5.92393987E-02
   1.03999829       4.88757901E-02
   1.05999827       4.00484614E-02
   1.07999825       3.25140432E-02
   1.09999824       2.61022262E-02
   1.11999822       2.07298826E-02
   1.13999820       1.63252819E-02
   1.15999818       1.27747050E-02
   1.17999816       9.97558050E-03
   1.19999814       7.77996983E-03
   1.21999812       6.05964661E-03
   1.23999810       4.71829670E-03
   1.25999808       3.66079668E-03
   1.27999806       2.82806065E-03
   1.29999804       2.17063515E-03
   1.31999803       1.64571649E-03
   1.33999801       1.23249972E-03
   1.35999799       9.13087861E-04
   1.37999797       6.69067085E-04
   1.39999795       4.88152495E-04
   1.41999793       3.53584066E-04
   1.43999791       2.52778118E-04
   1.45999789       1.79885537E-04
   1.47999787       1.28285348E-04
   1.49999785       9.22107283E-05
   1.51999784       6.72235401E-05
   1.53999782       4.95312233E-05
   1.55999780       3.70893358E-05
   1.57999778       2.84999678E-05
   1.59999776       2.25638341E-05
   1.61999774       1.83062766E-05
   1.63999772       1.54586778E-05
   1.65999770       1.35966911E-05
   1.67999768       1.21263201E-05
   1.69999766       1.05465115E-05
   1.71999764       9.28787631E-06
   1.73999763       8.24958533E-06
   1.75999761       7.43996725E-06
   1.77999759       6.65303469E-06
   1.79999757       5.94848780E-06
   1.81999755       5.47086256E-06
   1.83999753       5.35209483E-06
   1.85999751       5.30143507E-06
   1.87999749       5.16444015E-06
   1.89999747       4.91126957E-06
   1.91999745       4.81421603E-06
   1.93999743       4.61691343E-06
   1.95999742       3.94409699E-06
   1.97999740       3.15515945E-06
   1.99999738       2.72105558E-06
   2.01999736       2.51770143E-06
   2.03999734       2.44469697E-06
   2.05999732       2.41698331E-06
   2.07999730       2.39692508E-06
   2.09999728       2.19176741E-06
   2.11999726       1.82069755E-06
   2.13999724       1.46807952E-06
   2.15999722       1.14911188E-06
   2.17999721       8.76541094E-07
   2.19999719       8.38588562E-07
   2.21999717       8.81432413E-07
   2.23999715       8.14871896E-07
   2.25999713       6.11778148E-07
   2.27999711       3.92452648E-07
   2.29999709       2.12555719E-07
   2.31999707       1.56668946E-07
   2.33999705       1.61175137E-07
   2.35999703       1.88973090E-07
   2.37999701       7.84997312E-08
   2.39999700       3.71022524E-09
   2.41999698       4.89935648E-09
   2.43999696       1.97881467E-09
   2.45999694       8.44672599E-09
   2.47999692       5.36509042E-08
   2.49999690       1.87225766E-07
   2.51999688       1.91419019E-07
   2.53999686       8.05952141E-08
   2.55999684       1.47746150E-07
   2.57999682       4.89019328E-07
   2.59999681       6.59645821E-07
   2.61999679       5.15762679E-07
   2.63999677       4.33647955E-07
   2.65999675       6.27443796E-07
   2.67999673       9.42991790E-07
   2.69999671       1.05178901E-06
   2.71999669       1.01541605E-06
   2.73999667       1.20585787E-06
   2.75999665       1.40197108E-06
   2.77999663       1.30898229E-06
   2.79999661       1.24910912E-06
   2.81999660       1.68651343E-06
   2.83999658       1.94438917E-06
   2.85999656       1.45183253E-06
   2.87999654       1.19861750E-06
   2.89999652       1.44680871E-06
   2.91999650       1.41161229E-06
   2.93999648       1.31676268E-06
   2.95999646       1.43710815E-06
   2.97999644       1.18911032E-06
   2.99999642       8.47214949E-07
   3.01999640       7.94036680E-07
   3.03999639       5.84966699E-07
   3.05999637       3.66418334E-07
   3.07999635       3.05492250E-07
   3.09999633       1.45436857E-07
