  -2.00000000       6.84529539E-07
  -1.98000002       8.37934522E-07
  -1.96000004       8.65759262E-07
  -1.94000006       9.54216716E-07
  -1.92000008       1.37540155E-06
  -1.90000010       1.85847773E-06
  -1.88000011       2.06045002E-06
  -1.86000013       2.25744543E-06
  -1.84000015       2.89041759E-06
  -1.82000017       3.57920749E-06
  -1.80000019       3.95698225E-06
  -1.78000021       4.46958757E-06
  -1.76000023       5.81675431E-06
  -1.74000025       7.39301913E-06
  -1.72000027       8.37855805E-06
  -1.70000029       9.30341866E-06
  -1.68000031       1.11794416E-05
  -1.66000032       1.32653458E-05
  -1.64000034       1.42791314E-05
  -1.62000036       1.61978114E-05
  -1.60000038       2.26621305E-05
  -1.58000040       3.29710892E-05
  -1.56000042       4.03564518E-05
  -1.54000044       3.91920548E-05
  -1.52000046       3.58695834E-05
  -1.50000048       4.48278151E-05
  -1.48000050       6.80942539E-05
  -1.46000051       8.70537260E-05
  -1.44000053       9.29781527E-05
  -1.42000055       1.10830566E-04
  -1.40000057       1.51894448E-04
  -1.38000059       1.91708663E-04
  -1.36000061       2.30813996E-04
  -1.34000063       2.95259146E-04
  -1.32000065       3.83262959E-04
  -1.30000067       4.75579465E-04
  -1.28000069       5.71535027E-04
  -1.26000071       6.88598608E-04
  -1.24000072       8.26773525E-04
  -1.22000074       9.76133568E-04
  -1.20000076       1.11170113E-03
  -1.18000078       1.26007944E-03
  -1.16000080       1.44928240E-03
  -1.14000082       1.68526720E-03
  -1.12000084       1.98974274E-03
  -1.10000086       2.30025616E-03
  -1.08000088       2.75226776E-03
  -1.06000090       3.26387119E-03
  -1.04000092       3.83818406E-03
  -1.02000093       4.44916496E-03
  -1.00000095       4.92607290E-03
 -0.980000973       5.70234330E-03
 -0.960000992       6.30425056E-03
 -0.940001011       7.32390163E-03
 -0.920001030       8.21927469E-03
 -0.900001049       9.30501055E-03
 -0.880001068       1.08895414E-02
 -0.860001087       1.15007944E-02
 -0.840001106       1.35838985E-02
 -0.820001125       1.38418740E-02
 -0.800001144       1.61494501E-02
 -0.780001163       1.78008862E-02
 -0.760001183       1.88625976E-02
 -0.740001202       2.27227397E-02
 -0.720001221       2.09480114E-02
 -0.700001240       2.69915890E-02
 -0.680001259       2.46807355E-02
 -0.660001278       2.95300912E-02
 -0.640001297       3.21954712E-02
 -0.620001316       2.92598289E-02
 -0.600001335       4.12382893E-02
 -0.580001354       2.85901297E-02
 -0.560001373       4.66750450E-02
 -0.540001392       3.54179032E-02
 -0.520001411       4.35244180E-02
 -0.500001431       5.15635423E-02
 -0.480001420       3.14133614E-02
 -0.460001409       6.98565468E-02
 -0.440001398       2.64831223E-02
 -0.420001388       7.38006160E-02
 -0.400001377       4.35260534E-02
 -0.380001366       5.05101383E-02
 -0.360001355       8.49626586E-02
 -0.340001345       1.84194855E-02
 -0.320001334      0.120433412    
 -0.300001323       1.39440103E-02
 -0.280001312      0.112813719    
 -0.260001302       6.85625523E-02
 -0.240001306       5.74662499E-02
 -0.220001310      0.159196883    
 -0.200001314       4.29630606E-03
 -0.180001318      0.221411631    
 -0.160001323       3.14148664E-02
 -0.140001327      0.192098171    
 -0.120001331      0.165766969    
 -0.100001335      0.103967473    
  -8.00013393E-02  0.332154155    
  -6.00013398E-02   6.20085150E-02
  -4.00013402E-02  0.423608750    
  -2.00013407E-02  0.169009387    
  -1.34110451E-06  0.362660676    
   1.99986584E-02  0.537029743    
   3.99986580E-02  0.599922299    
   5.99986576E-02  0.679123163    
   7.99986571E-02  0.767245889    
   9.99986529E-02  0.847217500    
  0.119998649      0.933582604    
  0.139998645       1.02200079    
  0.159998640       1.10164487    
  0.179998636       1.18183029    
  0.199998632       1.26175082    
  0.219998628       1.33023846    
  0.239998624       1.39260471    
  0.259998620       1.45322132    
  0.279998630       1.50237823    
  0.299998641       1.53823340    
  0.319998652       1.56913471    
  0.339998662       1.59226537    
  0.359998673       1.59987903    
  0.379998684       1.59597647    
  0.399998695       1.58711910    
  0.419998705       1.56907117    
  0.439998716       1.53669906    
  0.459998727       1.49466264    
  0.479998738       1.44918203    
  0.499998748       1.39805901    
  0.519998729       1.33691382    
  0.539998710       1.26852643    
  0.559998691       1.19889271    
  0.579998672       1.12938452    
  0.599998653       1.05670655    
  0.619998634      0.979870617    
  0.639998615      0.902576745    
  0.659998596      0.828572750    
  0.679998577      0.758002758    
  0.699998558      0.688824892    
  0.719998538      0.620451033    
  0.739998519      0.554886580    
  0.759998500      0.494322896    
  0.779998481      0.439259142    
  0.799998462      0.388435155    
  0.819998443      0.340717047    
  0.839998424      0.296160519    
  0.859998405      0.255641520    
  0.879998386      0.219927743    
  0.899998367      0.188849717    
  0.919998348      0.161549017    
  0.939998329      0.137243733    
  0.959998310      0.115430765    
  0.979998291       9.61306393E-02
  0.999998271       7.95252770E-02
   1.01999831       6.56176358E-02
   1.03999829       5.41542843E-02
   1.05999827       4.46716845E-02
   1.07999825       3.67323607E-02
   1.09999824       2.99508628E-02
   1.11999822       2.41271369E-02
   1.13999820       1.91710088E-02
   1.15999818       1.50267947E-02
   1.17999816       1.16754333E-02
   1.19999814       9.02225822E-03
   1.21999812       6.96904957E-03
   1.23999810       5.40480344E-03
   1.25999808       4.20736382E-03
   1.27999806       3.29122250E-03
   1.29999804       2.57752370E-03
   1.31999803       2.00694613E-03
   1.33999801       1.54910621E-03
   1.35999799       1.17843319E-03
   1.37999797       8.83070636E-04
   1.39999795       6.54986827E-04
   1.41999793       4.79073991E-04
   1.43999791       3.44088156E-04
   1.45999789       2.42252368E-04
   1.47999787       1.68150887E-04
   1.49999785       1.16317562E-04
   1.51999784       8.04717274E-05
   1.53999782       5.52497513E-05
   1.55999780       3.81661303E-05
   1.57999778       2.68151634E-05
   1.59999776       1.94615914E-05
   1.61999774       1.44078649E-05
   1.63999772       1.11728941E-05
   1.65999770       9.20060211E-06
   1.67999768       7.91592720E-06
   1.69999766       6.59139187E-06
   1.71999764       5.41469626E-06
   1.73999763       4.50624384E-06
   1.75999761       3.92670518E-06
   1.77999759       3.41125974E-06
   1.79999757       2.94747224E-06
   1.81999755       2.65455719E-06
   1.83999753       2.64116397E-06
   1.85999751       2.71606996E-06
   1.87999749       2.59941135E-06
   1.89999747       2.16839658E-06
   1.91999745       1.81063399E-06
   1.93999743       1.57079887E-06
   1.95999742       1.22299559E-06
   1.97999740       8.37205050E-07
   1.99999738       6.57432395E-07
   2.01999736       6.03482931E-07
   2.03999734       5.94516109E-07
   2.05999732       5.38620156E-07
   2.07999730       4.62778871E-07
   2.09999728       3.63147024E-07
   2.11999726       1.93692372E-07
   2.13999724       8.76687878E-08
   2.15999722       4.30326921E-08
   2.17999721       2.23223573E-08
   2.19999719       1.59695599E-08
   2.21999717       4.64219667E-08
   2.23999715       1.13497983E-07
   2.25999713       1.69084117E-07
   2.27999711       2.02782005E-07
   2.29999709       1.70356529E-07
   2.31999707       1.50710619E-07
   2.33999705       2.82479419E-07
   2.35999703       5.96455948E-07
   2.37999701       7.28055284E-07
   2.39999700       7.14603914E-07
   2.41999698       6.72554393E-07
   2.43999696       7.29025999E-07
   2.45999694       1.05702338E-06
   2.47999692       1.40142220E-06
   2.49999690       1.42837371E-06
   2.51999688       1.24187511E-06
   2.53999686       1.36163942E-06
   2.55999684       1.79170365E-06
   2.57999682       2.11273777E-06
   2.59999681       2.10569601E-06
   2.61999679       2.02462797E-06
   2.63999677       2.28389786E-06
   2.65999675       2.52263249E-06
   2.67999673       2.30012711E-06
   2.69999671       2.17403294E-06
   2.71999669       2.61910577E-06
   2.73999667       3.03259321E-06
   2.75999665       2.58884597E-06
   2.77999663       2.24929977E-06
   2.79999661       2.50512699E-06
   2.81999660       2.55969508E-06
   2.83999658       2.19485946E-06
   2.85999656       2.31857643E-06
   2.87999654       2.25548888E-06
   2.89999652       1.55963710E-06
   2.91999650       1.20724860E-06
   2.93999648       1.33152594E-06
   2.95999646       1.13810563E-06
   2.97999644       8.04907700E-07
   2.99999642       8.52181074E-07
   3.01999640       7.21775166E-07
   3.03999639       5.54733163E-07
   3.05999637       5.82798009E-07
   3.07999635       4.87294301E-07
   3.09999633       6.58579381E-07
