  -2.00000000       8.90309934E-07
  -1.98000002       1.08726488E-06
  -1.96000004       1.24846622E-06
  -1.94000006       1.29934642E-06
  -1.92000008       1.61515902E-06
  -1.90000010       2.19694243E-06
  -1.88000011       2.59014678E-06
  -1.86000013       2.78466086E-06
  -1.84000015       3.35033724E-06
  -1.82000017       4.12975851E-06
  -1.80000019       4.64596633E-06
  -1.78000021       5.03973706E-06
  -1.76000023       6.21894515E-06
  -1.74000025       7.93554591E-06
  -1.72000027       9.18769638E-06
  -1.70000029       1.00989355E-05
  -1.68000031       1.18751932E-05
  -1.66000032       1.41631554E-05
  -1.64000034       1.48957470E-05
  -1.62000036       1.47356250E-05
  -1.60000038       1.80909883E-05
  -1.58000040       2.74006379E-05
  -1.56000042       3.84842497E-05
  -1.54000044       4.29891807E-05
  -1.52000046       4.01803882E-05
  -1.50000048       4.25289400E-05
  -1.48000050       6.16003163E-05
  -1.46000051       8.70636868E-05
  -1.44000053       1.01153877E-04
  -1.42000055       1.18725860E-04
  -1.40000057       1.60534211E-04
  -1.38000059       2.09784863E-04
  -1.36000061       2.56545522E-04
  -1.34000063       3.24243418E-04
  -1.32000065       4.18371259E-04
  -1.30000067       5.16125408E-04
  -1.28000069       6.12753385E-04
  -1.26000071       7.24457263E-04
  -1.24000072       8.56122002E-04
  -1.22000074       1.00082753E-03
  -1.20000076       1.13219838E-03
  -1.18000078       1.28557906E-03
  -1.16000080       1.48424483E-03
  -1.14000082       1.74880004E-03
  -1.12000084       2.08635000E-03
  -1.10000086       2.42950581E-03
  -1.08000088       2.90780049E-03
  -1.06000090       3.41075240E-03
  -1.04000092       3.98785714E-03
  -1.02000093       4.54883045E-03
  -1.00000095       5.03562950E-03
 -0.980000973       5.81973512E-03
 -0.960000992       6.47021364E-03
 -0.940001011       7.61262374E-03
 -0.920001030       8.47810414E-03
 -0.900001049       9.68307815E-03
 -0.880001068       1.10898623E-02
 -0.860001087       1.17346346E-02
 -0.840001106       1.37830600E-02
 -0.820001125       1.40237035E-02
 -0.800001144       1.67292226E-02
 -0.780001163       1.80229470E-02
 -0.760001183       1.95546150E-02
 -0.740001202       2.27627400E-02
 -0.720001221       2.12389585E-02
 -0.700001240       2.74256058E-02
 -0.680001259       2.46766675E-02
 -0.660001278       3.07794958E-02
 -0.640001297       3.16807702E-02
 -0.620001316       3.03535201E-02
 -0.600001335       4.07737084E-02
 -0.580001354       2.88942549E-02
 -0.560001373       4.78841625E-02
 -0.540001392       3.42069529E-02
 -0.520001411       4.57821228E-02
 -0.500001431       4.91308123E-02
 -0.480001420       3.34817246E-02
 -0.460001409       6.92321286E-02
 -0.440001398       2.60354560E-02
 -0.420001388       7.56684765E-02
 -0.400001377       3.96337211E-02
 -0.380001366       5.48821278E-02
 -0.360001355       8.05097520E-02
 -0.340001345       2.11842246E-02
 -0.320001334      0.118478000    
 -0.300001323       1.17733749E-02
 -0.280001312      0.116584726    
 -0.260001302       6.14150427E-02
 -0.240001306       6.24413565E-02
 -0.220001310      0.152636886    
 -0.200001314       6.09175395E-03
 -0.180001318      0.218605682    
 -0.160001323       2.71535888E-02
 -0.140001327      0.193758592    
 -0.120001331      0.157163650    
 -0.100001335      0.106015570    
  -8.00013393E-02  0.323793232    
  -6.00013398E-02   5.99763617E-02
  -4.00013402E-02  0.417021692    
  -2.00013407E-02  0.164192528    
  -1.34110451E-06  0.355716676    
   1.99986584E-02  0.527254224    
   3.99986580E-02  0.590775013    
   5.99986576E-02  0.667109549    
   7.99986571E-02  0.755270004    
   9.99986529E-02  0.835833132    
  0.119998649      0.919324458    
  0.139998645       1.00823212    
  0.159998640       1.08930063    
  0.179998636       1.16710877    
  0.199998632       1.24720514    
  0.219998628       1.31842494    
  0.239998624       1.37982237    
  0.259998620       1.43960023    
  0.279998630       1.49202740    
  0.299998641       1.52963138    
  0.319998652       1.55928302    
  0.339998662       1.58401430    
  0.359998673       1.59563911    
  0.379998684       1.59276152    
  0.399998695       1.58324945    
  0.419998705       1.56761384    
  0.439998716       1.53917408    
  0.459998727       1.49824309    
  0.479998738       1.45216382    
  0.499998748       1.40266430    
  0.519998729       1.34490693    
  0.539998710       1.27813876    
  0.559998691       1.20782423    
  0.579998672       1.13816297    
  0.599998653       1.06730103    
  0.619998634      0.992416263    
  0.639998615      0.915228963    
  0.659998596      0.840035260    
  0.679998577      0.768888593    
  0.699998558      0.700378358    
  0.719998538      0.632792830    
  0.739998519      0.566934526    
  0.759998500      0.505086124    
  0.779998481      0.448771119    
  0.799998462      0.397437066    
  0.819998443      0.349746019    
  0.839998424      0.305046201    
  0.859998405      0.263795048    
  0.879998386      0.226930946    
  0.899998367      0.194746792    
  0.919998348      0.166726246    
  0.939998329      0.142070293    
  0.959998310      0.120021880    
  0.979998291      0.100364923    
  0.999998271       8.31993446E-02
   1.01999831       6.86223879E-02
   1.03999829       5.65325990E-02
   1.05999827       4.65780720E-02
   1.07999825       3.83428410E-02
   1.09999824       3.13908421E-02
   1.11999822       2.54480615E-02
   1.13999820       2.03627329E-02
   1.15999818       1.60566885E-02
   1.17999816       1.25173172E-02
   1.19999814       9.67182033E-03
   1.21999812       7.44791515E-03
   1.23999810       5.74615179E-03
   1.25999808       4.44967858E-03
   1.27999806       3.46956309E-03
   1.29999804       2.71706679E-03
   1.31999803       2.12492095E-03
   1.33999801       1.65406952E-03
   1.35999799       1.27152074E-03
   1.37999797       9.64578125E-04
   1.39999795       7.24408019E-04
   1.41999793       5.36673004E-04
   1.43999791       3.90920817E-04
   1.45999789       2.78477470E-04
   1.47999787       1.94945154E-04
   1.49999785       1.35658440E-04
   1.51999784       9.40530808E-05
   1.53999782       6.44066313E-05
   1.55999780       4.41366828E-05
   1.57999778       3.05106059E-05
   1.59999776       2.16003336E-05
   1.61999774       1.54702248E-05
   1.63999772       1.15046387E-05
   1.65999770       9.05249271E-06
   1.67999768       7.47013974E-06
   1.69999766       6.00006024E-06
   1.71999764       4.71101202E-06
   1.73999763       3.74968636E-06
   1.75999761       3.13633086E-06
   1.77999759       2.63087941E-06
   1.79999757       2.20135530E-06
   1.81999755       1.93705387E-06
   1.83999753       1.90394155E-06
   1.85999751       1.96795918E-06
   1.87999749       1.87102444E-06
   1.89999747       1.51212896E-06
   1.91999745       1.20363961E-06
   1.93999743       1.01773878E-06
   1.95999742       7.71165901E-07
   1.97999740       4.89257047E-07
   1.99999738       3.56376262E-07
   2.01999736       3.24491396E-07
   2.03999734       3.35235313E-07
   2.05999732       3.23450564E-07
   2.07999730       3.14667346E-07
   2.09999728       3.00164402E-07
   2.11999726       2.22794540E-07
   2.13999724       1.78710607E-07
   2.15999722       1.37230330E-07
   2.17999721       7.96125619E-08
   2.19999719       1.13197800E-07
   2.21999717       2.58288139E-07
   2.23999715       4.32968363E-07
   2.25999713       5.27547570E-07
   2.27999711       5.39882990E-07
   2.29999709       4.33727507E-07
   2.31999707       4.04875863E-07
   2.33999705       6.64187894E-07
   2.35999703       1.14221916E-06
   2.37999701       1.22258575E-06
   2.39999700       1.02485251E-06
   2.41999698       9.54074267E-07
   2.43999696       1.20985885E-06
   2.45999694       1.68807128E-06
   2.47999692       1.89766217E-06
   2.49999690       1.64452820E-06
   2.51999688       1.50839696E-06
   2.53999686       1.94441600E-06
   2.55999684       2.35998118E-06
   2.57999682       2.30389537E-06
   2.59999681       2.19665208E-06
   2.61999679       2.34399658E-06
   2.63999677       2.76062383E-06
   2.65999675       2.80265044E-06
   2.67999673       2.33607761E-06
   2.69999671       2.21312848E-06
   2.71999669       2.72088278E-06
   2.73999667       2.98173450E-06
   2.75999665       2.43564136E-06
   2.77999663       2.20998936E-06
   2.79999661       2.44330795E-06
   2.81999660       2.18603623E-06
   2.83999658       1.75847106E-06
   2.85999656       2.06723007E-06
   2.87999654       2.06224968E-06
   2.89999652       1.26425562E-06
   2.91999650       9.75882813E-07
   2.93999648       9.94046218E-07
   2.95999646       7.32634931E-07
   2.97999644       6.05461594E-07
   2.99999642       6.90691365E-07
   3.01999640       5.55582687E-07
   3.03999639       5.74663716E-07
   3.05999637       6.47024194E-07
   3.07999635       6.81934807E-07
   3.09999633       9.75985927E-07
