  -2.00000000       8.98262954E-07
  -1.98000002       1.06640277E-06
  -1.96000004       1.32605658E-06
  -1.94000006       1.37131019E-06
  -1.92000008       1.51285769E-06
  -1.90000010       2.03294485E-06
  -1.88000011       2.54790439E-06
  -1.86000013       2.76247988E-06
  -1.84000015       3.16685782E-06
  -1.82000017       3.88412900E-06
  -1.80000019       4.47357570E-06
  -1.78000021       4.75866364E-06
  -1.76000023       5.57343310E-06
  -1.74000025       7.00930559E-06
  -1.72000027       8.05470609E-06
  -1.70000029       8.45415252E-06
  -1.68000031       9.58466990E-06
  -1.66000032       1.22596120E-05
  -1.64000034       1.55105627E-05
  -1.62000036       1.92855241E-05
  -1.60000038       2.44787352E-05
  -1.58000040       2.83926765E-05
  -1.56000042       2.72318794E-05
  -1.54000044       2.58371765E-05
  -1.52000046       3.74661067E-05
  -1.50000048       6.11180585E-05
  -1.48000050       7.63014468E-05
  -1.46000051       7.93985964E-05
  -1.44000053       9.68016393E-05
  -1.42000055       1.39186624E-04
  -1.40000057       1.82979682E-04
  -1.38000059       2.23185125E-04
  -1.36000061       2.79438711E-04
  -1.34000063       3.54170566E-04
  -1.32000065       4.44357691E-04
  -1.30000067       5.42652328E-04
  -1.28000069       6.38374768E-04
  -1.26000071       7.42227596E-04
  -1.24000072       8.69431475E-04
  -1.22000074       1.01412251E-03
  -1.20000076       1.15015404E-03
  -1.18000078       1.31730735E-03
  -1.16000080       1.53276883E-03
  -1.14000082       1.82561763E-03
  -1.12000084       2.18553934E-03
  -1.10000086       2.54550227E-03
  -1.08000088       3.02523305E-03
  -1.06000090       3.50756850E-03
  -1.04000092       4.08174656E-03
  -1.02000093       4.61288961E-03
  -1.00000095       5.13987802E-03
 -0.980000973       5.95070096E-03
 -0.960000992       6.66352222E-03
 -0.940001011       7.87786208E-03
 -0.920001030       8.68484285E-03
 -0.900001049       9.94980149E-03
 -0.880001068       1.11909304E-02
 -0.860001087       1.19333556E-02
 -0.840001106       1.39716407E-02
 -0.820001125       1.42793749E-02
 -0.800001144       1.72380861E-02
 -0.780001163       1.81747004E-02
 -0.760001183       2.00573541E-02
 -0.740001202       2.26902589E-02
 -0.720001221       2.15877350E-02
 -0.700001240       2.78138872E-02
 -0.680001259       2.48085596E-02
 -0.660001278       3.17104049E-02
 -0.640001297       3.11275832E-02
 -0.620001316       3.12814489E-02
 -0.600001335       4.03588638E-02
 -0.580001354       2.94428989E-02
 -0.560001373       4.86642383E-02
 -0.540001392       3.32350768E-02
 -0.520001411       4.74673100E-02
 -0.500001431       4.72064801E-02
 -0.480001420       3.55092958E-02
 -0.460001409       6.83304965E-02
 -0.440001398       2.59063002E-02
 -0.420001388       7.68116638E-02
 -0.400001377       3.67957838E-02
 -0.380001366       5.85892089E-02
 -0.360001355       7.64541179E-02
 -0.340001345       2.36610845E-02
 -0.320001334      0.116700925    
 -0.300001323       1.04000103E-02
 -0.280001312      0.119259372    
 -0.260001302       5.57088442E-02
 -0.240001306       6.64934739E-02
 -0.220001310      0.147224531    
 -0.200001314       7.90255424E-03
 -0.180001318      0.215729728    
 -0.160001323       2.39587221E-02
 -0.140001327      0.195348173    
 -0.120001331      0.149913818    
 -0.100001335      0.107398063    
  -8.00013393E-02  0.317391306    
  -6.00013398E-02   5.84742278E-02
  -4.00013402E-02  0.410996497    
  -2.00013407E-02  0.160452276    
  -1.34110451E-06  0.350592881    
   1.99986584E-02  0.518700063    
   3.99986580E-02  0.583196461    
   5.99986576E-02  0.657945514    
   7.99986571E-02  0.744622171    
   9.99986529E-02  0.826529860    
  0.119998649      0.908360004    
  0.139998645      0.996013820    
  0.159998640       1.07895458    
  0.179998636       1.15591753    
  0.199998632       1.23453856    
  0.219998628       1.30791640    
  0.239998624       1.37017560    
  0.259998620       1.42839444    
  0.279998630       1.48221886    
  0.299998641       1.52262652    
  0.319998652       1.55201387    
  0.339998662       1.57646155    
  0.359998673       1.59099793    
  0.379998684       1.59057355    
  0.399998695       1.58070087    
  0.419998705       1.56551003    
  0.439998716       1.54015362    
  0.459998727       1.50158346    
  0.479998738       1.45534301    
  0.499998748       1.40591431    
  0.519998729       1.35040987    
  0.539998710       1.28602374    
  0.559998691       1.21599543    
  0.579998672       1.14562118    
  0.599998653       1.07530093    
  0.619998634       1.00214458    
  0.639998615      0.925974607    
  0.659998596      0.850236416    
  0.679998577      0.778103828    
  0.699998558      0.709480107    
  0.719998538      0.642555356    
  0.739998519      0.577035844    
  0.759998500      0.514574111    
  0.779998481      0.457110256    
  0.799998462      0.404903203    
  0.819998443      0.356945604    
  0.839998424      0.312238038    
  0.859998405      0.270717204    
  0.879998386      0.233139411    
  0.899998367      0.200012788    
  0.919998348      0.171178505    
  0.939998329      0.146017805    
  0.959998310      0.123707466    
  0.979998291      0.103839651    
  0.999998271       8.63544643E-02
   1.01999831       7.13247284E-02
   1.03999829       5.87246940E-02
   1.05999827       4.83107008E-02
   1.07999825       3.97344045E-02
   1.09999824       3.25672440E-02
   1.11999822       2.64971647E-02
   1.13999820       2.13175230E-02
   1.15999818       1.69131048E-02
   1.17999816       1.32538155E-02
   1.19999814       1.02716945E-02
   1.21999812       7.91156571E-03
   1.23999810       6.08648686E-03
   1.25999808       4.69092885E-03
   1.27999806       3.63908987E-03
   1.29999804       2.83868727E-03
   1.31999803       2.21816613E-03
   1.33999801       1.73104415E-03
   1.35999799       1.33737212E-03
   1.37999797       1.02215772E-03
   1.39999795       7.74391054E-04
   1.41999793       5.79757383E-04
   1.43999791       4.27934807E-04
   1.45999789       3.09063878E-04
   1.47999787       2.19305104E-04
   1.49999785       1.54674679E-04
   1.51999784       1.08589178E-04
   1.53999782       7.52419510E-05
   1.55999780       5.20730537E-05
   1.57999778       3.62042811E-05
   1.59999776       2.56145759E-05
   1.61999774       1.82299045E-05
   1.63999772       1.33402154E-05
   1.65999770       1.02462100E-05
   1.67999768       8.23022401E-06
   1.69999766       6.47604656E-06
   1.71999764       4.95487984E-06
   1.73999763       3.84252007E-06
   1.75999761       3.12437305E-06
   1.77999759       2.55857844E-06
   1.79999757       2.09386417E-06
   1.81999755       1.80850327E-06
   1.83999753       1.75544562E-06
   1.85999751       1.82399094E-06
   1.87999749       1.75620312E-06
   1.89999747       1.45164847E-06
   1.91999745       1.19066397E-06
   1.93999743       1.05313381E-06
   1.95999742       8.43424175E-07
   1.97999740       5.65829112E-07
   1.99999738       4.30746496E-07
   2.01999736       4.13357100E-07
   2.03999734       4.57210348E-07
   2.05999732       4.91225194E-07
   2.07999730       5.38814447E-07
   2.09999728       5.78300103E-07
   2.11999726       5.03256274E-07
   2.13999724       4.31641951E-07
   2.15999722       3.83473605E-07
   2.17999721       3.17686528E-07
   2.19999719       3.85283386E-07
   2.21999717       6.03087528E-07
   2.23999715       8.31524574E-07
   2.25999713       8.97081009E-07
   2.27999711       8.38069866E-07
   2.29999709       6.91932769E-07
   2.31999707       7.04247157E-07
   2.33999705       1.01671094E-06
   2.35999703       1.50110338E-06
   2.37999701       1.49550635E-06
   2.39999700       1.16923252E-06
   2.41999698       1.11133465E-06
   2.43999696       1.51788754E-06
   2.45999694       2.00527347E-06
   2.47999692       1.99325814E-06
   2.49999690       1.55642635E-06
   2.51999688       1.54088764E-06
   2.53999686       2.15628984E-06
   2.55999684       2.43257159E-06
   2.57999682       2.06360482E-06
   2.59999681       1.92227685E-06
   2.61999679       2.24796895E-06
   2.63999677       2.69400221E-06
   2.65999675       2.54812858E-06
   2.67999673       2.02506681E-06
   2.69999671       1.95415441E-06
   2.71999669       2.36920528E-06
   2.73999667       2.44792113E-06
   2.75999665       1.98569501E-06
   2.77999663       1.89436389E-06
   2.79999661       2.00746399E-06
   2.81999660       1.59352339E-06
   2.83999658       1.25300562E-06
   2.85999656       1.55481052E-06
   2.87999654       1.54782811E-06
   2.89999652       8.93103504E-07
   2.91999650       6.91562605E-07
   2.93999648       5.86304509E-07
   2.95999646       3.67422984E-07
   2.97999644       3.92545218E-07
   2.99999642       4.38812521E-07
   3.01999640       3.64663151E-07
   3.03999639       5.06762092E-07
   3.05999637       5.87407783E-07
   3.07999635       7.70803865E-07
   3.09999633       1.05771414E-06
