  -2.00000000       8.92530409E-07
  -1.98000002       1.03749437E-06
  -1.96000004       1.32325340E-06
  -1.94000006       1.37774839E-06
  -1.92000008       1.45117417E-06
  -1.90000010       1.92091170E-06
  -1.88000011       2.46871809E-06
  -1.86000013       2.70245073E-06
  -1.84000015       3.03929255E-06
  -1.82000017       3.71317424E-06
  -1.80000019       4.32996785E-06
  -1.78000021       4.60447882E-06
  -1.76000023       5.30585794E-06
  -1.74000025       6.67497534E-06
  -1.72000027       7.74839373E-06
  -1.70000029       8.09582161E-06
  -1.68000031       8.96416168E-06
  -1.66000032       1.12913722E-05
  -1.64000034       1.42919289E-05
  -1.62000036       1.80500792E-05
  -1.60000038       2.38041612E-05
  -1.58000040       2.89345298E-05
  -1.56000042       2.85672322E-05
  -1.54000044       2.61315563E-05
  -1.52000046       3.59648984E-05
  -1.50000048       6.04376182E-05
  -1.48000050       7.91888087E-05
  -1.46000051       8.40705834E-05
  -1.44000053       1.00315126E-04
  -1.42000055       1.43362544E-04
  -1.40000057       1.90570572E-04
  -1.38000059       2.32658640E-04
  -1.36000061       2.88863637E-04
  -1.34000063       3.63964937E-04
  -1.32000065       4.54076246E-04
  -1.30000067       5.51348203E-04
  -1.28000069       6.45857537E-04
  -1.26000071       7.47219368E-04
  -1.24000072       8.73291166E-04
  -1.22000074       1.01941591E-03
  -1.20000076       1.15955062E-03
  -1.18000078       1.33403367E-03
  -1.16000080       1.55740092E-03
  -1.14000082       1.86123303E-03
  -1.12000084       2.22744467E-03
  -1.10000086       2.59092986E-03
  -1.08000088       3.06661939E-03
  -1.06000090       3.53954849E-03
  -1.04000092       4.11364716E-03
  -1.02000093       4.63822670E-03
  -1.00000095       5.18892193E-03
 -0.980000973       6.01317780E-03
 -0.960000992       6.75221533E-03
 -0.940001011       7.98391085E-03
 -0.920001030       8.76045786E-03
 -0.900001049       1.00425929E-02
 -0.880001068       1.12207644E-02
 -0.860001087       1.20210461E-02
 -0.840001106       1.40577164E-02
 -0.820001125       1.44051118E-02
 -0.800001144       1.74367446E-02
 -0.780001163       1.82220209E-02
 -0.760001183       2.02392805E-02
 -0.740001202       2.26490255E-02
 -0.720001221       2.17616912E-02
 -0.700001240       2.79717669E-02
 -0.680001259       2.48845872E-02
 -0.660001278       3.20402980E-02
 -0.640001297       3.08892671E-02
 -0.620001316       3.16673182E-02
 -0.600001335       4.01942320E-02
 -0.580001354       2.97235940E-02
 -0.560001373       4.88970056E-02
 -0.540001392       3.28684784E-02
 -0.520001411       4.81063202E-02
 -0.500001431       4.64728400E-02
 -0.480001420       3.63780782E-02
 -0.460001409       6.78571239E-02
 -0.440001398       2.59236526E-02
 -0.420001388       7.71962479E-02
 -0.400001377       3.57545428E-02
 -0.380001366       6.00535683E-02
 -0.360001355       7.47641400E-02
 -0.340001345       2.46977955E-02
 -0.320001334      0.115968868    
 -0.300001323       9.95087810E-03
 -0.280001312      0.120173581    
 -0.260001302       5.35250790E-02
 -0.240001306       6.81218430E-02
 -0.220001310      0.145020559    
 -0.200001314       8.69229343E-03
 -0.180001318      0.214512616    
 -0.160001323       2.27426998E-02
 -0.140001327      0.195986435    
 -0.120001331      0.147051230    
 -0.100001335      0.107882746    
  -8.00013393E-02  0.314907610    
  -6.00013398E-02   5.79483807E-02
  -4.00013402E-02  0.408508569    
  -2.00013407E-02  0.158962160    
  -1.34110451E-06  0.348680675    
   1.99986584E-02  0.515286386    
   3.99986580E-02  0.580061615    
   5.99986576E-02  0.654516339    
   7.99986571E-02  0.740300417    
   9.99986529E-02  0.822712600    
  0.119998649      0.904239058    
  0.139998645      0.991061151    
  0.159998640       1.07465792    
  0.179998636       1.15169787    
  0.199998632       1.22949576    
  0.219998628       1.30345690    
  0.239998624       1.36645710    
  0.259998620       1.42409718    
  0.279998630       1.47804487    
  0.299998641       1.51970184    
  0.319998652       1.54934716    
  0.339998662       1.57343233    
  0.359998673       1.58882797    
  0.379998684       1.58966684    
  0.399998695       1.57989788    
  0.419998705       1.56459284    
  0.439998716       1.54023230    
  0.459998727       1.50286663    
  0.479998738       1.45680237    
  0.499998748       1.40720344    
  0.519998729       1.35234106    
  0.539998710       1.28902388    
  0.559998691       1.21938586    
  0.579998672       1.14872563    
  0.599998653       1.07838464    
  0.619998634       1.00581992    
  0.639998615      0.930221975    
  0.659998596      0.854449093    
  0.679998577      0.781895101    
  0.699998558      0.713060260    
  0.719998538      0.646317959    
  0.739998519      0.581022620    
  0.759998500      0.518453658    
  0.779998481      0.460569978    
  0.799998462      0.407936096    
  0.819998443      0.359776199    
  0.839998424      0.315045416    
  0.859998405      0.273476809    
  0.879998386      0.235688463    
  0.899998367      0.202211082    
  0.919998348      0.173020035    
  0.939998329      0.147604719    
  0.959998310      0.125156149    
  0.979998291      0.105206728    
  0.999998271       8.76216143E-02
   1.01999831       7.24403039E-02
   1.03999829       5.96495531E-02
   1.05999827       4.90457192E-02
   1.07999825       4.03147899E-02
   1.09999824       3.30425203E-02
   1.11999822       2.69096829E-02
   1.13999820       2.16899477E-02
   1.15999818       1.72511265E-02
   1.17999816       1.35515770E-02
   1.19999814       1.05216345E-02
   1.21999812       8.11070763E-03
   1.23999810       6.23635994E-03
   1.25999808       4.79861675E-03
   1.27999806       3.71424365E-03
   1.29999804       2.89081293E-03
   1.31999803       2.25592009E-03
   1.33999801       1.76039722E-03
   1.35999799       1.36156403E-03
   1.37999797       1.04311842E-03
   1.39999795       7.92746665E-04
   1.41999793       5.95926191E-04
   1.43999791       4.42213233E-04
   1.45999789       3.21214146E-04
   1.47999787       2.29248675E-04
   1.49999785       1.62619064E-04
   1.51999784       1.14804367E-04
   1.53999782       8.00167472E-05
   1.55999780       5.56949126E-05
   1.57999778       3.89169545E-05
   1.59999776       2.76294468E-05
   1.61999774       1.97179070E-05
   1.63999772       1.44247988E-05
   1.65999770       1.10398014E-05
   1.67999768       8.81971482E-06
   1.69999766       6.92378808E-06
   1.71999764       5.27845441E-06
   1.73999763       4.07786092E-06
   1.75999761       3.29616410E-06
   1.77999759       2.68764325E-06
   1.79999757       2.19181334E-06
   1.81999755       1.88645743E-06
   1.83999753       1.82347242E-06
   1.85999751       1.89691400E-06
   1.87999749       1.84086070E-06
   1.89999747       1.55137502E-06
   1.91999745       1.30357478E-06
   1.93999743       1.18090429E-06
   1.95999742       9.77708964E-07
   1.97999740       6.88926718E-07
   1.99999738       5.45808973E-07
   2.01999736       5.35882180E-07
   2.03999734       5.99197108E-07
   2.05999732       6.53812492E-07
   2.07999730       7.20989192E-07
   2.09999728       7.75759986E-07
   2.11999726       6.82835264E-07
   2.13999724       5.80498522E-07
   2.15999722       5.30212105E-07
   2.17999721       4.76174563E-07
   2.19999719       5.54395911E-07
   2.21999717       7.83214546E-07
   2.23999715       1.01593139E-06
   2.25999713       1.05529864E-06
   2.27999711       9.59335694E-07
   2.29999709       8.11545817E-07
   2.31999707       8.53305323E-07
   2.33999705       1.16436127E-06
   2.35999703       1.60960053E-06
   2.37999701       1.56981469E-06
   2.39999700       1.21867026E-06
   2.41999698       1.17885668E-06
   2.43999696       1.62727008E-06
   2.45999694       2.08703204E-06
   2.47999692       1.98177827E-06
   2.49999690       1.50700350E-06
   2.51999688       1.55038106E-06
   2.53999686       2.19813660E-06
   2.55999684       2.39986275E-06
   2.57999682       1.93380129E-06
   2.59999681       1.78947948E-06
   2.61999679       2.16493891E-06
   2.63999677       2.59301078E-06
   2.65999675       2.37801464E-06
   2.67999673       1.86580792E-06
   2.69999671       1.81533562E-06
   2.71999669       2.15932209E-06
   2.73999667       2.16203352E-06
   2.75999665       1.76147614E-06
   2.77999663       1.71810780E-06
   2.79999661       1.76780213E-06
   2.81999660       1.32743594E-06
   2.83999658       1.04299181E-06
   2.85999656       1.30842966E-06
   2.87999654       1.29424222E-06
   2.89999652       7.38939320E-07
   2.91999650       5.73061698E-07
   2.93999648       4.30926065E-07
   2.95999646       2.52134726E-07
   2.97999644       3.18065389E-07
   2.99999642       3.44371784E-07
   3.01999640       3.08329362E-07
   3.03999639       4.81400036E-07
   3.05999637       5.67632753E-07
   3.07999635       8.08003392E-07
   3.09999633       1.06919731E-06
