  -2.00000000       8.39583151E-07
  -1.98000002       9.43630312E-07
  -1.96000004       1.24076621E-06
  -1.94000006       1.31543300E-06
  -1.92000008       1.30541173E-06
  -1.90000010       1.67946018E-06
  -1.88000011       2.24071277E-06
  -1.86000013       2.50234257E-06
  -1.84000015       2.74462218E-06
  -1.82000017       3.32988748E-06
  -1.80000019       3.95201459E-06
  -1.78000021       4.21147342E-06
  -1.76000023       4.76438254E-06
  -1.74000025       6.08211576E-06
  -1.72000027       7.42020393E-06
  -1.70000029       8.34063303E-06
  -1.68000031       1.00240050E-05
  -1.66000032       1.31177985E-05
  -1.64000034       1.54247991E-05
  -1.62000036       1.50054148E-05
  -1.60000038       1.43648658E-05
  -1.58000040       1.83585944E-05
  -1.56000042       2.94054862E-05
  -1.54000044       4.28359308E-05
  -1.52000046       5.04757627E-05
  -1.50000048       5.24978786E-05
  -1.48000050       6.37836274E-05
  -1.46000051       9.32381372E-05
  -1.44000053       1.24089827E-04
  -1.42000055       1.49653046E-04
  -1.40000057       1.91156301E-04
  -1.38000059       2.49924749E-04
  -1.36000061       3.06729955E-04
  -1.34000063       3.73440562E-04
  -1.32000065       4.65647492E-04
  -1.30000067       5.62308414E-04
  -1.28000069       6.53347466E-04
  -1.26000071       7.52901193E-04
  -1.24000072       8.79104016E-04
  -1.22000074       1.02945184E-03
  -1.20000076       1.17840001E-03
  -1.18000078       1.36513647E-03
  -1.16000080       1.60015875E-03
  -1.14000082       1.91822427E-03
  -1.12000084       2.28952174E-03
  -1.10000086       2.65440275E-03
  -1.08000088       3.12030059E-03
  -1.06000090       3.58074997E-03
  -1.04000092       4.15896950E-03
  -1.02000093       4.68161050E-03
  -1.00000095       5.27452119E-03
 -0.980000973       6.11797022E-03
 -0.960000992       6.89247390E-03
 -0.940001011       8.13480373E-03
 -0.920001030       8.86140391E-03
 -0.900001049       1.01679955E-02
 -0.880001068       1.12639414E-02
 -0.860001087       1.21705029E-02
 -0.840001106       1.42009193E-02
 -0.820001125       1.46110663E-02
 -0.800001144       1.77146625E-02
 -0.780001163       1.82747189E-02
 -0.760001183       2.04972979E-02
 -0.740001202       2.25929506E-02
 -0.720001221       2.20663603E-02
 -0.700001240       2.81999968E-02
 -0.680001259       2.50069220E-02
 -0.660001278       3.24787050E-02
 -0.640001297       3.05345673E-02
 -0.620001316       3.22784781E-02
 -0.600001335       3.99492271E-02
 -0.580001354       3.01887617E-02
 -0.560001373       4.91416082E-02
 -0.540001392       3.23601142E-02
 -0.520001411       4.90520895E-02
 -0.500001431       4.54107486E-02
 -0.480001420       3.77147160E-02
 -0.460001409       6.70177713E-02
 -0.440001398       2.60357019E-02
 -0.420001388       7.77299926E-02
 -0.400001377       3.42766084E-02
 -0.380001366       6.21869452E-02
 -0.360001355       7.21888691E-02
 -0.340001345       2.63147391E-02
 -0.320001334      0.114843659    
 -0.300001323       9.37428791E-03
 -0.280001312      0.121357724    
 -0.260001302       5.03812321E-02
 -0.240001306       7.06019774E-02
 -0.220001310      0.141623378    
 -0.200001314       9.92627721E-03
 -0.180001318      0.212692469    
 -0.160001323       2.09623165E-02
 -0.140001327      0.196876898    
 -0.120001331      0.142860562    
 -0.100001335      0.108574271    
  -8.00013393E-02  0.311176479    
  -6.00013398E-02   5.72496839E-02
  -4.00013402E-02  0.404784739    
  -2.00013407E-02  0.156673566    
  -1.34110451E-06  0.345890999    
   1.99986584E-02  0.510298014    
   3.99986580E-02  0.575169623    
   5.99986576E-02  0.649587750    
   7.99986571E-02  0.733888865    
   9.99986529E-02  0.816772044    
  0.119998649      0.898306489    
  0.139998645      0.983717501    
  0.159998640       1.06794572    
  0.179998636       1.14555359    
  0.199998632       1.22212410    
  0.219998628       1.29647732    
  0.239998624       1.36086547    
  0.259998620       1.41795337    
  0.279998630       1.47163641    
  0.299998641       1.51502860    
  0.319998652       1.54553044    
  0.339998662       1.56905925    
  0.359998673       1.58527446    
  0.379998684       1.58808911    
  0.399998695       1.57890880    
  0.419998705       1.56331515    
  0.439998716       1.54003382    
  0.459998727       1.50456703    
  0.479998738       1.45915353    
  0.499998748       1.40928066    
  0.519998729       1.35502064    
  0.539998710       1.29323363    
  0.559998691       1.22449660    
  0.579998672       1.15358615    
  0.599998653       1.08301377    
  0.619998634       1.01109517    
  0.639998615      0.936419785    
  0.659998596      0.860847890    
  0.679998577      0.787761271    
  0.699998558      0.718460619    
  0.719998538      0.651817381    
  0.739998519      0.586869001    
  0.759998500      0.524296045    
  0.779998481      0.465901375    
  0.799998462      0.412599623    
  0.819998443      0.364018917    
  0.839998424      0.319174409    
  0.859998405      0.277557731    
  0.879998386      0.239539087    
  0.899998367      0.205601349    
  0.919998348      0.175877318    
  0.939998329      0.150031954    
  0.959998310      0.127320185    
  0.979998291      0.107223682    
  0.999998271       8.95018801E-02
   1.01999831       7.41264522E-02
   1.03999829       6.10789396E-02
   1.05999827       5.02006263E-02
   1.07999825       4.12275977E-02
   1.09999824       3.37767191E-02
   1.11999822       2.75295917E-02
   1.13999820       2.22379752E-02
   1.15999818       1.77462026E-02
   1.17999816       1.39923161E-02
   1.19999814       1.08994301E-02
   1.21999812       8.41958728E-03
   1.23999810       6.47494290E-03
   1.25999808       4.97398758E-03
   1.27999806       3.83831980E-03
   1.29999804       2.97667831E-03
   1.31999803       2.31664279E-03
   1.33999801       1.80570164E-03
   1.35999799       1.39738515E-03
   1.37999797       1.07313960E-03
   1.39999795       8.18365428E-04
   1.41999793       6.18107151E-04
   1.43999791       4.61641932E-04
   1.45999789       3.37782054E-04
   1.47999787       2.42938462E-04
   1.49999785       1.73726148E-04
   1.51999784       1.23700491E-04
   1.53999782       8.71114171E-05
   1.55999780       6.13263546E-05
   1.57999778       4.33533969E-05
   1.59999776       3.11000040E-05
   1.61999774       2.24363757E-05
   1.63999772       1.65318888E-05
   1.65999770       1.26786936E-05
   1.67999768       1.01110654E-05
   1.69999766       7.96412769E-06
   1.71999764       6.08826804E-06
   1.73999763       4.71485873E-06
   1.75999761       3.80471806E-06
   1.77999759       3.10636005E-06
   1.79999757       2.54218276E-06
   1.81999755       2.19271283E-06
   1.83999753       2.10907729E-06
   1.85999751       2.18984064E-06
   1.87999749       2.14309784E-06
   1.89999747       1.85672764E-06
   1.91999745       1.60354477E-06
   1.93999743       1.48072991E-06
   1.95999742       1.27558951E-06
   1.97999740       9.64038009E-07
   1.99999738       8.03076375E-07
   2.01999736       8.05094658E-07
   2.03999734       9.00616044E-07
   2.05999732       9.83352038E-07
   2.07999730       1.06923392E-06
   2.09999728       1.13556678E-06
   2.11999726       1.00112470E-06
   2.13999724       8.39762265E-07
   2.15999722       7.91691264E-07
   2.17999721       7.79228799E-07
   2.19999719       8.69480232E-07
   2.21999717       1.08553525E-06
   2.23999715       1.29811997E-06
   2.25999713       1.28482282E-06
   2.27999711       1.13015085E-06
   2.29999709       9.97653842E-07
   2.31999707       1.08905215E-06
   2.33999705       1.35924688E-06
   2.35999703       1.68896474E-06
   2.37999701       1.59908677E-06
   2.39999700       1.24794963E-06
   2.41999698       1.24217615E-06
   2.43999696       1.70905173E-06
   2.45999694       2.08569736E-06
   2.47999692       1.85524027E-06
   2.49999690       1.37968789E-06
   2.51999688       1.50940662E-06
   2.53999686       2.14635975E-06
   2.55999684       2.23389634E-06
   2.57999682       1.68743907E-06
   2.59999681       1.55774512E-06
   2.61999679       1.97303552E-06
   2.63999677       2.34987419E-06
   2.65999675       2.06384038E-06
   2.67999673       1.60689535E-06
   2.69999671       1.58295745E-06
   2.71999669       1.80450365E-06
   2.73999667       1.71262764E-06
   2.75999665       1.41678527E-06
   2.77999663       1.42505451E-06
   2.79999661       1.38034318E-06
   2.81999660       9.42574047E-07
   2.83999658       7.44245824E-07
   2.85999656       9.30217482E-07
   2.87999654       9.01024066E-07
   2.89999652       5.10455550E-07
   2.91999650       3.91575497E-07
   2.93999648       2.23835556E-07
   2.95999646       1.18782886E-07
   2.97999644       2.10013013E-07
   2.99999642       2.10378531E-07
   3.01999640       2.32874953E-07
   3.03999639       4.18239068E-07
   3.05999637       5.13429029E-07
   3.07999635       8.12220378E-07
   3.09999633       1.01305511E-06
