  -2.00000000       4.89082588E-08
  -1.98000002       2.67063580E-08
  -1.96000004       1.79252080E-08
  -1.94000006       3.29683090E-08
  -1.92000008       4.44038690E-08
  -1.90000010       9.41465146E-08
  -1.88000011       3.35290792E-07
  -1.86000013       7.15391479E-07
  -1.84000015       9.79239871E-07
  -1.82000017       1.38235725E-06
  -1.80000019       2.24114183E-06
  -1.78000021       3.33522894E-06
  -1.76000023       4.29029342E-06
  -1.74000025       5.88847161E-06
  -1.72000027       8.68106781E-06
  -1.70000029       1.16364217E-05
  -1.68000031       1.36217068E-05
  -1.66000032       1.54509671E-05
  -1.64000034       1.91654999E-05
  -1.62000036       2.61954629E-05
  -1.60000038       3.84071318E-05
  -1.58000040       5.54100698E-05
  -1.56000042       6.88167202E-05
  -1.54000044       7.17003859E-05
  -1.52000046       7.66129815E-05
  -1.50000048       1.03534891E-04
  -1.48000050       1.41565717E-04
  -1.46000051       1.63506164E-04
  -1.44000053       1.80883973E-04
  -1.42000055       2.18064582E-04
  -1.40000057       2.67025258E-04
  -1.38000059       3.18550301E-04
  -1.36000061       3.78711382E-04
  -1.34000063       4.51065745E-04
  -1.32000065       5.45723131E-04
  -1.30000067       6.72518741E-04
  -1.28000069       8.14014114E-04
  -1.26000071       9.61642421E-04
  -1.24000072       1.14681129E-03
  -1.22000074       1.36126182E-03
  -1.20000076       1.58255617E-03
  -1.18000078       1.79642322E-03
  -1.16000080       2.03833450E-03
  -1.14000082       2.36380636E-03
  -1.12000084       2.72482610E-03
  -1.10000086       3.17751151E-03
  -1.08000088       3.67746712E-03
  -1.06000090       4.32979641E-03
  -1.04000092       5.08201774E-03
  -1.02000093       5.70591213E-03
  -1.00000095       6.51031174E-03
 -0.980000973       7.13780010E-03
 -0.960000992       8.12997110E-03
 -0.940001011       9.12875310E-03
 -0.920001030       1.00724017E-02
 -0.900001049       1.17780445E-02
 -0.880001068       1.26486886E-02
 -0.860001087       1.45836668E-02
 -0.840001106       1.54146692E-02
 -0.820001125       1.68345161E-02
 -0.800001144       1.92222409E-02
 -0.780001163       1.95703711E-02
 -0.760001183       2.36725695E-02
 -0.740001202       2.29426343E-02
 -0.720001221       2.64608990E-02
 -0.700001240       2.81539019E-02
 -0.680001259       2.74940152E-02
 -0.660001278       3.51152420E-02
 -0.640001297       2.94636991E-02
 -0.620001316       3.95193845E-02
 -0.600001335       3.52133140E-02
 -0.580001354       3.70775014E-02
 -0.560001373       4.70059775E-02
 -0.540001392       3.26403528E-02
 -0.520001411       5.66273443E-02
 -0.500001431       3.47253233E-02
 -0.480001420       5.20658158E-02
 -0.460001409       5.35860062E-02
 -0.440001398       3.49162295E-02
 -0.420001388       7.67351016E-02
 -0.400001377       2.36649234E-02
 -0.380001366       7.98542127E-02
 -0.360001355       4.58251014E-02
 -0.340001345       4.87404466E-02
 -0.320001334       9.42907333E-02
 -0.300001323       1.10918926E-02
 -0.280001312      0.126764208    
 -0.260001302       2.22630743E-02
 -0.240001306       9.61834416E-02
 -0.220001310      0.101846963    
 -0.200001314       2.70813927E-02
 -0.180001318      0.190420762    
 -0.160001323       6.46950537E-03
 -0.140001327      0.199950531    
 -0.120001331      0.102278113    
 -0.100001335      0.118114933    
  -8.00013393E-02  0.266889870    
  -6.00013398E-02   5.06075695E-02
  -4.00013402E-02  0.368783087    
  -2.00013407E-02  0.131020114    
  -1.34110451E-06  0.311866254    
   1.99986584E-02  0.461847246    
   3.99986580E-02  0.521265924    
   5.99986576E-02  0.591718853    
   7.99986571E-02  0.671523273    
   9.99986529E-02  0.749002695    
  0.119998649      0.828245401    
  0.139998645      0.911521137    
  0.159998640      0.991946161    
  0.179998636       1.06947458    
  0.199998632       1.14771235    
  0.219998628       1.22124183    
  0.239998624       1.28724694    
  0.259998620       1.35002255    
  0.279998630       1.40760815    
  0.299998641       1.45425737    
  0.319998652       1.49234807    
  0.339998662       1.52495086    
  0.359998673       1.54747713    
  0.379998684       1.55727649    
  0.399998695       1.55872393    
  0.419998705       1.55354095    
  0.439998716       1.53779542    
  0.459998727       1.51030147    
  0.479998738       1.47534251    
  0.499998748       1.43529618    
  0.519998729       1.38767409    
  0.539998710       1.33153534    
  0.559998691       1.27004647    
  0.579998672       1.20644617    
  0.599998653       1.14047396    
  0.619998634       1.07061303    
  0.639998615      0.998021007    
  0.659998596      0.925540149    
  0.679998577      0.854868770    
  0.699998558      0.785510123    
  0.719998538      0.716772735    
  0.739998519      0.649537802    
  0.759998500      0.585521936    
  0.779998481      0.525856316    
  0.799998462      0.470200688    
  0.819998443      0.417867601    
  0.839998424      0.368602425    
  0.859998405      0.322878122    
  0.879998386      0.281504363    
  0.899998367      0.244554311    
  0.919998348      0.211646512    
  0.939998329      0.182191476    
  0.959998310      0.155651897    
  0.979998291      0.131918922    
  0.999998271      0.111034438    
   1.01999831       9.30313841E-02
   1.03999829       7.77158067E-02
   1.05999827       6.47727549E-02
   1.07999825       5.37937507E-02
   1.09999824       4.44233380E-02
   1.11999822       3.64128500E-02
   1.13999820       2.95707937E-02
   1.15999818       2.38102805E-02
   1.17999816       1.90210082E-02
   1.19999814       1.51001932E-02
   1.21999812       1.19443191E-02
   1.23999810       9.40985791E-03
   1.25999808       7.39129679E-03
   1.27999806       5.78723708E-03
   1.29999804       4.51028580E-03
   1.31999803       3.50494706E-03
   1.33999801       2.70940247E-03
   1.35999799       2.07618228E-03
   1.37999797       1.57717639E-03
   1.39999795       1.18571275E-03
   1.41999793       8.85301270E-04
   1.43999791       6.57715194E-04
   1.45999789       4.85003839E-04
   1.47999787       3.55077413E-04
   1.49999785       2.58496555E-04
   1.51999784       1.87788610E-04
   1.53999782       1.37863331E-04
   1.55999780       1.02633945E-04
   1.57999778       7.79377297E-05
   1.59999776       6.02028631E-05
   1.61999774       4.80052331E-05
   1.63999772       3.89775450E-05
   1.65999770       3.19483952E-05
   1.67999768       2.63925413E-05
   1.69999766       2.23565839E-05
   1.71999764       1.90688552E-05
   1.73999763       1.62084652E-05
   1.75999761       1.37719881E-05
   1.77999759       1.21732573E-05
   1.79999757       1.13542583E-05
   1.81999755       1.09449147E-05
   1.83999753       1.04744067E-05
   1.85999751       9.91333854E-06
   1.87999749       9.31238446E-06
   1.89999747       8.57712985E-06
   1.91999745       7.33038723E-06
   1.93999743       6.09412837E-06
   1.95999742       5.58511829E-06
   1.97999740       5.71134342E-06
   1.99999738       5.73684974E-06
   2.01999736       5.52999063E-06
   2.03999734       5.23936114E-06
   2.05999732       4.89333479E-06
   2.07999730       4.30293721E-06
   2.09999728       3.59458522E-06
   2.11999726       3.24615689E-06
   2.13999724       3.21633502E-06
   2.15999722       3.19526453E-06
   2.17999721       3.19178594E-06
   2.19999719       2.97804286E-06
   2.21999717       2.37103814E-06
   2.23999715       1.77594666E-06
   2.25999713       1.58906380E-06
   2.27999711       1.72695241E-06
   2.29999709       1.78119581E-06
   2.31999707       1.50717733E-06
   2.33999705       1.05936556E-06
   2.35999703       7.58717874E-07
   2.37999701       6.94690414E-07
   2.39999700       8.02796308E-07
   2.41999698       7.26986855E-07
   2.43999696       3.55083500E-07
   2.45999694       1.71639584E-07
   2.47999692       2.41891712E-07
   2.49999690       3.02994550E-07
   2.51999688       1.43940014E-07
   2.53999686       9.52397361E-09
   2.55999684       2.13526103E-08
   2.57999682       2.83076762E-08
   2.59999681       8.85159590E-09
   2.61999679       4.30010019E-08
   2.63999677       1.58462242E-07
   2.65999675       1.18555235E-07
   2.67999673       9.73000667E-08
   2.69999671       2.03154656E-07
   2.71999669       3.82281286E-07
   2.73999667       4.37326207E-07
   2.75999665       5.14393719E-07
   2.77999663       7.27564895E-07
   2.79999661       7.66042263E-07
   2.81999660       6.38421682E-07
   2.83999658       8.00971065E-07
   2.85999656       1.09670987E-06
   2.87999654       1.18939749E-06
   2.89999652       9.75655553E-07
   2.91999650       9.21680225E-07
   2.93999648       8.69798214E-07
   2.95999646       8.04611830E-07
   2.97999644       9.44873420E-07
   2.99999642       8.93797619E-07
   3.01999640       6.58956708E-07
   3.03999639       5.60354522E-07
   3.05999637       3.28946385E-07
   3.07999635       1.48640737E-07
   3.09999633       1.21535706E-07
