  -2.00000000       3.00765663E-07
  -1.98000002       3.76708300E-07
  -1.96000004       4.88900127E-07
  -1.94000006       7.55935787E-07
  -1.92000008       9.72188104E-07
  -1.90000010       1.10978544E-06
  -1.88000011       1.54760039E-06
  -1.86000013       2.40555164E-06
  -1.84000015       3.14312615E-06
  -1.82000017       3.80821484E-06
  -1.80000019       4.97685596E-06
  -1.78000021       6.70642703E-06
  -1.76000023       8.11120481E-06
  -1.74000025       9.40011614E-06
  -1.72000027       1.16090168E-05
  -1.70000029       1.43240477E-05
  -1.68000031       1.63830136E-05
  -1.66000032       1.95889079E-05
  -1.64000034       2.80754630E-05
  -1.62000036       4.11985602E-05
  -1.60000038       5.10313002E-05
  -1.58000040       5.21832117E-05
  -1.56000042       5.20524845E-05
  -1.54000044       6.58220961E-05
  -1.52000046       9.33953052E-05
  -1.50000048       1.15178118E-04
  -1.48000050       1.26262239E-04
  -1.46000051       1.50217078E-04
  -1.44000053       1.93518194E-04
  -1.42000055       2.33497296E-04
  -1.40000057       2.79010070E-04
  -1.38000059       3.52450734E-04
  -1.36000061       4.36096627E-04
  -1.34000063       5.21922368E-04
  -1.32000065       6.32311101E-04
  -1.30000067       7.72237545E-04
  -1.28000069       9.17601457E-04
  -1.26000071       1.05932495E-03
  -1.24000072       1.22304575E-03
  -1.22000074       1.41780055E-03
  -1.20000076       1.63621991E-03
  -1.18000078       1.85662333E-03
  -1.16000080       2.14214181E-03
  -1.14000082       2.52693682E-03
  -1.12000084       2.97127757E-03
  -1.10000086       3.49664525E-03
  -1.08000088       4.00397088E-03
  -1.06000090       4.65614581E-03
  -1.04000092       5.31599671E-03
  -1.02000093       5.92164975E-03
  -1.00000095       6.71997247E-03
 -0.980000973       7.42767705E-03
 -0.960000992       8.64473823E-03
 -0.940001011       9.64942947E-03
 -0.920001030       1.07716685E-02
 -0.900001049       1.22354031E-02
 -0.880001068       1.30385235E-02
 -0.860001087       1.50122307E-02
 -0.840001106       1.56885777E-02
 -0.820001125       1.78384446E-02
 -0.800001144       1.97806042E-02
 -0.780001163       2.05361620E-02
 -0.760001183       2.41578985E-02
 -0.740001202       2.29808707E-02
 -0.720001221       2.76191104E-02
 -0.700001240       2.80419122E-02
 -0.680001259       2.93212701E-02
 -0.660001278       3.51497754E-02
 -0.640001297       2.97739469E-02
 -0.620001316       4.06244732E-02
 -0.600001335       3.39726396E-02
 -0.580001354       4.02190797E-02
 -0.560001373       4.52161878E-02
 -0.540001392       3.42419073E-02
 -0.520001411       5.65203987E-02
 -0.500001431       3.30270268E-02
 -0.480001420       5.65335713E-02
 -0.460001409       4.85839397E-02
 -0.440001398       3.91637087E-02
 -0.420001388       7.34352022E-02
 -0.400001377       2.35745497E-02
 -0.380001366       8.34961161E-02
 -0.360001355       3.82221602E-02
 -0.340001345       5.56869507E-02
 -0.320001334       8.65240619E-02
 -0.300001323       1.48119396E-02
 -0.280001312      0.124878176    
 -0.260001302       1.60484146E-02
 -0.240001306      0.102959305    
 -0.220001310       8.96899104E-02
 -0.200001314       3.37014496E-02
 -0.180001318      0.181449160    
 -0.160001323       3.98281682E-03
 -0.140001327      0.200178549    
 -0.120001331       9.05513987E-02
 -0.100001335      0.120151639    
  -8.00013393E-02  0.254219234    
  -6.00013398E-02   4.94439490E-02
  -4.00013402E-02  0.356540024    
  -2.00013407E-02  0.123686798    
  -1.34110451E-06  0.302760094    
   1.99986584E-02  0.446398616    
   3.99986580E-02  0.504432142    
   5.99986576E-02  0.575600505    
   7.99986571E-02  0.650912881    
   9.99986529E-02  0.728178918    
  0.119998649      0.808206439    
  0.139998645      0.887249887    
  0.159998640      0.968080342    
  0.179998636       1.04762900    
  0.199998632       1.12248063    
  0.219998628       1.19611716    
  0.239998624       1.26609099    
  0.259998620       1.32763207    
  0.279998630       1.38399339    
  0.299998641       1.43553579    
  0.319998652       1.47648954    
  0.339998662       1.50743461    
  0.359998673       1.53241324    
  0.379998684       1.54852009    
  0.399998695       1.55193806    
  0.419998705       1.54597950    
  0.439998716       1.53405178    
  0.459998727       1.51293528    
  0.479998738       1.48011339    
  0.499998748       1.43947601    
  0.519998729       1.39459538    
  0.539998710       1.34400046    
  0.559998691       1.28538740    
  0.579998672       1.22105408    
  0.599998653       1.15520072    
  0.619998634       1.08850980    
  0.639998615       1.01919043    
  0.659998596      0.946987748    
  0.679998577      0.874642491    
  0.699998558      0.804734349    
  0.719998538      0.737402916    
  0.739998519      0.671515822    
  0.759998500      0.606899858    
  0.779998481      0.545093417    
  0.799998462      0.487567544    
  0.819998443      0.434697837    
  0.839998424      0.385636389    
  0.859998405      0.339572221    
  0.879998386      0.296742469    
  0.899998367      0.257686317    
  0.919998348      0.222936988    
  0.939998329      0.192400321    
  0.959998310      0.165370896    
  0.979998291      0.141201973    
  0.999998271      0.119525030    
   1.01999831      0.100336261    
   1.03999829       8.36902782E-02
   1.05999827       6.95975795E-02
   1.07999825       5.78080676E-02
   1.09999824       4.79581393E-02
   1.11999822       3.96530293E-02
   1.13999820       3.25407125E-02
   1.15999818       2.64489986E-02
   1.17999816       2.12440100E-02
   1.19999814       1.68763380E-02
   1.21999812       1.33004189E-02
   1.23999810       1.04194488E-02
   1.25999808       8.14957265E-03
   1.27999806       6.37575425E-03
   1.29999804       4.99245478E-03
   1.31999803       3.92064638E-03
   1.33999801       3.07584787E-03
   1.35999799       2.40181177E-03
   1.37999797       1.85964163E-03
   1.39999795       1.42146228E-03
   1.41999793       1.07363239E-03
   1.43999791       8.00756447E-04
   1.45999789       5.90099546E-04
   1.47999787       4.29122330E-04
   1.49999785       3.07042617E-04
   1.51999784       2.16742323E-04
   1.53999782       1.53324800E-04
   1.55999780       1.09268010E-04
   1.57999778       7.91494967E-05
   1.59999776       5.83795954E-05
   1.61999774       4.46789963E-05
   1.63999772       3.51853414E-05
   1.65999770       2.80398453E-05
   1.67999768       2.25412568E-05
   1.69999766       1.85686640E-05
   1.71999764       1.57623490E-05
   1.73999763       1.33549074E-05
   1.75999761       1.13570668E-05
   1.77999759       1.00529169E-05
   1.79999757       9.47131321E-06
   1.81999755       9.15937198E-06
   1.83999753       8.65916354E-06
   1.85999751       7.78465346E-06
   1.87999749       6.96240795E-06
   1.89999747       6.13919065E-06
   1.91999745       5.17768285E-06
   1.93999743       4.27618261E-06
   1.95999742       3.80142023E-06
   1.97999740       3.81038740E-06
   1.99999738       3.94861581E-06
   2.01999736       3.70564203E-06
   2.03999734       3.21703283E-06
   2.05999732       2.71202180E-06
   2.07999730       2.20219908E-06
   2.09999728       1.73801538E-06
   2.11999726       1.59949252E-06
   2.13999724       1.69894236E-06
   2.15999722       1.63559162E-06
   2.17999721       1.32354319E-06
   2.19999719       1.07715471E-06
   2.21999717       7.87311194E-07
   2.23999715       5.34020273E-07
   2.25999713       4.63681658E-07
   2.27999711       5.05996297E-07
   2.29999709       4.10972774E-07
   2.31999707       2.16166526E-07
   2.33999705       9.22218888E-08
   2.35999703       9.97670995E-08
   2.37999701       7.61696128E-08
   2.39999700       3.55316274E-08
   2.41999698       4.06396126E-08
   2.43999696       2.67750480E-08
   2.45999694       5.43156453E-08
   2.47999692       2.12668425E-08
   2.49999690       7.44556701E-08
   2.51999688       2.18767099E-07
   2.53999686       3.20097968E-07
   2.55999684       3.13200843E-07
   2.57999682       3.12404097E-07
   2.59999681       4.49793504E-07
   2.61999679       7.04723675E-07
   2.63999677       8.46178580E-07
   2.65999675       8.29467467E-07
   2.67999673       1.02623790E-06
   2.69999671       1.17880825E-06
   2.71999669       1.02599836E-06
   2.73999667       1.01048010E-06
   2.75999665       1.47022354E-06
   2.77999663       1.69306998E-06
   2.79999661       1.31562774E-06
   2.81999660       1.23760674E-06
   2.83999658       1.47301944E-06
   2.85999656       1.31130787E-06
   2.87999654       1.21325536E-06
   2.89999652       1.46719219E-06
   2.91999650       1.10869200E-06
   2.93999648       5.68915311E-07
   2.95999646       5.19657078E-07
   2.97999644       5.62453465E-07
   2.99999642       3.75943387E-07
   3.01999640       2.94815891E-07
   3.03999639       1.87682375E-07
   3.05999637       1.29583825E-07
   3.07999635       2.21383530E-07
   3.09999633       2.11530207E-07
