  -2.00000000       1.04069306E-06
  -1.98000002       1.26538259E-06
  -1.96000004       1.36505366E-06
  -1.94000006       1.71788531E-06
  -1.92000008       2.21816572E-06
  -1.90000010       2.48992933E-06
  -1.88000011       2.81120492E-06
  -1.86000013       3.74848128E-06
  -1.84000015       4.89154036E-06
  -1.82000017       5.75784043E-06
  -1.80000019       6.85654231E-06
  -1.78000021       8.74680700E-06
  -1.76000023       1.06884618E-05
  -1.74000025       1.22796537E-05
  -1.72000027       1.46867833E-05
  -1.70000029       1.79266026E-05
  -1.68000031       1.96681631E-05
  -1.66000032       1.96822257E-05
  -1.64000034       2.27715536E-05
  -1.62000036       3.33902281E-05
  -1.60000038       4.79346054E-05
  -1.58000040       5.72262798E-05
  -1.56000042       5.78376821E-05
  -1.54000044       6.14322998E-05
  -1.52000046       8.18699627E-05
  -1.50000048       1.11714566E-04
  -1.48000050       1.33737078E-04
  -1.46000051       1.57728471E-04
  -1.44000053       2.03043528E-04
  -1.42000055       2.57071893E-04
  -1.40000057       3.14531178E-04
  -1.38000059       3.95970768E-04
  -1.36000061       4.92804160E-04
  -1.34000063       5.86478913E-04
  -1.32000065       6.94866932E-04
  -1.30000067       8.29694269E-04
  -1.28000069       9.65950894E-04
  -1.26000071       1.09658123E-03
  -1.24000072       1.24705862E-03
  -1.22000074       1.44315802E-03
  -1.20000076       1.68425345E-03
  -1.18000078       1.94132421E-03
  -1.16000080       2.28135474E-03
  -1.14000082       2.71004811E-03
  -1.12000084       3.19349812E-03
  -1.10000086       3.71744949E-03
  -1.08000088       4.18543722E-03
  -1.06000090       4.80617676E-03
  -1.04000092       5.42112533E-03
  -1.02000093       6.09212974E-03
  -1.00000095       6.95132324E-03
 -0.980000973       7.78325507E-03
 -0.960000992       9.09904856E-03
 -0.940001011       1.00126313E-02
 -0.920001030       1.11641251E-02
 -0.900001049       1.23937344E-02
 -0.880001068       1.33256838E-02
 -0.860001087       1.53946765E-02
 -0.840001106       1.61271170E-02
 -0.820001125       1.86604857E-02
 -0.800001144       2.00404413E-02
 -0.780001163       2.10974514E-02
 -0.760001183       2.42475756E-02
 -0.740001202       2.32844241E-02
 -0.720001221       2.86111254E-02
 -0.700001240       2.80853566E-02
 -0.680001259       3.05493698E-02
 -0.660001278       3.46554741E-02
 -0.640001297       3.02897114E-02
 -0.620001316       4.13770266E-02
 -0.600001335       3.35291848E-02
 -0.580001354       4.22924943E-02
 -0.560001373       4.33676839E-02
 -0.540001392       3.57474871E-02
 -0.520001411       5.62342852E-02
 -0.500001431       3.25743929E-02
 -0.480001420       5.90524189E-02
 -0.460001409       4.47955132E-02
 -0.440001398       4.25186008E-02
 -0.420001388       7.09131807E-02
 -0.400001377       2.43588425E-02
 -0.380001366       8.46594125E-02
 -0.360001355       3.34921852E-02
 -0.340001345       6.08906858E-02
 -0.320001334       8.05508867E-02
 -0.300001323       1.80479698E-02
 -0.280001312      0.122428514    
 -0.260001302       1.26273753E-02
 -0.240001306      0.107740819    
 -0.220001310       8.06514174E-02
 -0.200001314       3.82617936E-02
 -0.180001318      0.175531104    
 -0.160001323       2.72363657E-03
 -0.140001327      0.198932037    
 -0.120001331       8.31994861E-02
 -0.100001335      0.122188315    
  -8.00013393E-02  0.244161472    
  -6.00013398E-02   4.86910716E-02
  -4.00013402E-02  0.349052668    
  -2.00013407E-02  0.117948182    
  -1.34110451E-06  0.295346051    
   1.99986584E-02  0.437002510    
   3.99986580E-02  0.491703272    
   5.99986576E-02  0.563511312    
   7.99986571E-02  0.638058960    
   9.99986529E-02  0.711957932    
  0.119998649      0.793456912    
  0.139998645      0.871917605    
  0.159998640      0.949549079    
  0.179998636       1.03100383    
  0.199998632       1.10660076    
  0.219998628       1.17727470    
  0.239998624       1.24879277    
  0.259998620       1.31326056    
  0.279998630       1.36777961    
  0.299998641       1.41931307    
  0.319998652       1.46469700    
  0.339998662       1.49695992    
  0.359998673       1.52046907    
  0.379998684       1.53935635    
  0.399998695       1.54759467    
  0.419998705       1.54227316    
  0.439998716       1.52968800    
  0.459998727       1.51206732    
  0.479998738       1.48395777    
  0.499998748       1.44420397    
  0.519998729       1.39857018    
  0.539998710       1.35028291    
  0.559998691       1.29588854    
  0.579998672       1.23324883    
  0.599998653       1.16636610    
  0.619998634       1.09962714    
  0.639998615       1.03273916    
  0.659998596      0.962910116    
  0.679998577      0.890499651    
  0.699998558      0.819024324    
  0.719998538      0.751092851    
  0.739998519      0.686212420    
  0.759998500      0.622626662    
  0.779998481      0.560353339    
  0.799998462      0.501113772    
  0.819998443      0.446702361    
  0.839998424      0.397155315    
  0.859998405      0.351266801    
  0.879998386      0.308299184    
  0.899998367      0.268252701    
  0.919998348      0.231957719    
  0.939998329      0.200001881    
  0.959998310      0.172129527    
  0.979998291      0.147617072    
  0.999998271      0.125712574    
   1.01999831      0.106067628    
   1.03999829       8.86481777E-02
   1.05999827       7.36311600E-02
   1.07999825       6.09938502E-02
   1.09999824       5.05375266E-02
   1.11999822       4.18812260E-02
   1.13999820       3.45835797E-02
   1.15999818       2.83570159E-02
   1.17999816       2.29758658E-02
   1.19999814       1.83690861E-02
   1.21999812       1.45078553E-02
   1.23999810       1.13399271E-02
   1.25999808       8.82164203E-03
   1.27999806       6.85578212E-03
   1.29999804       5.34312334E-03
   1.31999803       4.19326033E-03
   1.33999801       3.30452551E-03
   1.35999799       2.60807760E-03
   1.37999797       2.04940187E-03
   1.39999795       1.59362797E-03
   1.41999793       1.22394937E-03
   1.43999791       9.25600238E-04
   1.45999789       6.90518296E-04
   1.47999787       5.06938668E-04
   1.49999785       3.64114298E-04
   1.51999784       2.56113475E-04
   1.53999782       1.78944247E-04
   1.55999780       1.24817860E-04
   1.57999778       8.75983096E-05
   1.59999776       6.21256913E-05
   1.61999774       4.53298744E-05
   1.63999772       3.40092483E-05
   1.65999770       2.57940537E-05
   1.67999768       1.97537211E-05
   1.69999766       1.54590944E-05
   1.71999764       1.26495497E-05
   1.73999763       1.04233886E-05
   1.75999761       8.73214321E-06
   1.77999759       7.64450942E-06
   1.79999757       7.15024680E-06
   1.81999755       6.83464486E-06
   1.83999753       6.34491562E-06
   1.85999751       5.46305046E-06
   1.87999749       4.63249626E-06
   1.89999747       3.85757994E-06
   1.91999745       3.20484696E-06
   1.93999743       2.67426367E-06
   1.95999742       2.30705450E-06
   1.97999740       2.18160721E-06
   1.99999738       2.26357565E-06
   2.01999736       2.06610207E-06
   2.03999734       1.62898073E-06
   2.05999732       1.19467177E-06
   2.07999730       8.62593254E-07
   2.09999728       6.42365819E-07
   2.11999726       5.93536413E-07
   2.13999724       6.47342119E-07
   2.15999722       5.87497311E-07
   2.17999721       3.53912242E-07
   2.19999719       2.22086825E-07
   2.21999717       1.21126931E-07
   2.23999715       5.58481403E-08
   2.25999713       3.83140133E-08
   2.27999711       4.85277845E-08
   2.29999709       6.70055016E-08
   2.31999707       8.67736745E-08
   2.33999705       7.14915060E-08
   2.35999703       2.81967765E-08
   2.37999701       4.63768757E-08
   2.39999700       2.17264429E-07
   2.41999698       4.54618799E-07
   2.43999696       4.60345973E-07
   2.45999694       3.71475608E-07
   2.47999692       3.96956437E-07
   2.49999690       7.63916546E-07
   2.51999688       1.03969785E-06
   2.53999686       9.51793709E-07
   2.55999684       8.87403928E-07
   2.57999682       1.17085244E-06
   2.59999681       1.47089213E-06
   2.61999679       1.52530947E-06
   2.63999677       1.49509469E-06
   2.65999675       1.73027047E-06
   2.67999673       2.14264514E-06
   2.69999671       2.10628900E-06
   2.71999669       1.65259348E-06
   2.73999667       1.68836527E-06
   2.75999665       2.14976671E-06
   2.77999663       2.14602005E-06
   2.79999661       1.73195167E-06
   2.81999660       1.81504799E-06
   2.83999658       1.77503387E-06
   2.85999656       1.34012771E-06
   2.87999654       1.17763398E-06
   2.89999652       1.47508160E-06
   2.91999650       1.08697043E-06
   2.93999648       6.84485599E-07
   2.95999646       5.62790774E-07
   2.97999644       3.73326031E-07
   2.99999642       2.98954120E-07
   3.01999640       3.31708833E-07
   3.03999639       3.20154612E-07
   3.05999637       5.79724542E-07
   3.07999635       7.44759461E-07
   3.09999633       8.86726014E-07
