  -2.00000000       8.36241668E-07
  -1.98000002       1.02174704E-06
  -1.96000004       1.12722284E-06
  -1.94000006       1.47675894E-06
  -1.92000008       1.90871197E-06
  -1.90000010       2.13837916E-06
  -1.88000011       2.50644325E-06
  -1.86000013       3.46301590E-06
  -1.84000015       4.52099312E-06
  -1.82000017       5.34246601E-06
  -1.80000019       6.49241019E-06
  -1.78000021       8.40334087E-06
  -1.76000023       1.02462427E-05
  -1.74000025       1.17646450E-05
  -1.72000027       1.41083246E-05
  -1.70000029       1.71347219E-05
  -1.68000031       1.87488349E-05
  -1.66000032       1.93631222E-05
  -1.64000034       2.39429955E-05
  -1.62000036       3.58022080E-05
  -1.60000038       4.97794317E-05
  -1.58000040       5.68619471E-05
  -1.56000042       5.62536297E-05
  -1.54000044       6.16298203E-05
  -1.52000046       8.42313166E-05
  -1.50000048       1.12599613E-04
  -1.48000050       1.31310284E-04
  -1.46000051       1.54415669E-04
  -1.44000053       1.99245216E-04
  -1.42000055       2.49928067E-04
  -1.40000057       3.04245681E-04
  -1.38000059       3.84027633E-04
  -1.36000061       4.78338450E-04
  -1.34000063       5.70845907E-04
  -1.32000065       6.80688303E-04
  -1.30000067       8.17733409E-04
  -1.28000069       9.56584467E-04
  -1.26000071       1.08946650E-03
  -1.24000072       1.24187872E-03
  -1.22000074       1.43549300E-03
  -1.20000076       1.66877592E-03
  -1.18000078       1.91500096E-03
  -1.16000080       2.24153115E-03
  -1.14000082       2.66149919E-03
  -1.12000084       3.13869701E-03
  -1.10000086       3.66747612E-03
  -1.08000088       4.14654939E-03
  -1.06000090       4.77403682E-03
  -1.04000092       5.39439684E-03
  -1.02000093       6.04213122E-03
  -1.00000095       6.88358443E-03
 -0.980000973       7.68521475E-03
 -0.960000992       8.98726936E-03
 -0.940001011       9.93084162E-03
 -0.920001030       1.10784806E-02
 -0.900001049       1.23607190E-02
 -0.880001068       1.32427430E-02
 -0.860001087       1.52863208E-02
 -0.840001106       1.60023011E-02
 -0.820001125       1.84626114E-02
 -0.800001144       1.99956186E-02
 -0.780001163       2.09667571E-02
 -0.760001183       2.42285617E-02
 -0.740001202       2.31749322E-02
 -0.720001221       2.83584855E-02
 -0.700001240       2.80803032E-02
 -0.680001259       3.02659124E-02
 -0.660001278       3.48032787E-02
 -0.640001297       3.01201381E-02
 -0.620001316       4.11889069E-02
 -0.600001335       3.36201452E-02
 -0.580001354       4.18174602E-02
 -0.560001373       4.38518040E-02
 -0.540001392       3.53271812E-02
 -0.520001411       5.63167185E-02
 -0.500001431       3.26457545E-02
 -0.480001420       5.85080683E-02
 -0.460001409       4.57205065E-02
 -0.440001398       4.16413918E-02
 -0.420001388       7.15707839E-02
 -0.400001377       2.41158195E-02
 -0.380001366       8.44823867E-02
 -0.360001355       3.45869288E-02
 -0.340001345       5.95689602E-02
 -0.320001334       8.21043327E-02
 -0.300001323       1.72135960E-02
 -0.280001312      0.123064615    
 -0.260001302       1.34125734E-02
 -0.240001306      0.106607467    
 -0.220001310       8.28837156E-02
 -0.200001314       3.71284597E-02
 -0.180001318      0.176999405    
 -0.160001323       2.98256031E-03
 -0.140001327      0.199337900    
 -0.120001331       8.49727392E-02
 -0.100001335      0.121621594    
  -8.00013393E-02  0.246723369    
  -6.00013398E-02   4.89093699E-02
  -4.00013402E-02  0.350810051    
  -2.00013407E-02  0.119368635    
  -1.34110451E-06  0.297290087    
   1.99986584E-02  0.439263970    
   3.99986580E-02  0.494798511    
   5.99986576E-02  0.566669762    
   7.99986571E-02  0.641110837    
   9.99986529E-02  0.715969086    
  0.119998649      0.797294676    
  0.139998645      0.875569403    
  0.159998640      0.954124093    
  0.179998636       1.03534830    
  0.199998632       1.11043084    
  0.219998628       1.18185127    
  0.239998624       1.25332868    
  0.259998620       1.31685102    
  0.279998630       1.37161350    
  0.299998641       1.42348778    
  0.319998652       1.46784496    
  0.339998662       1.49942350    
  0.359998673       1.52334499    
  0.379998684       1.54188502    
  0.399998695       1.54881442    
  0.419998705       1.54302120    
  0.439998716       1.53073382    
  0.459998727       1.51253760    
  0.479998738       1.48313534    
  0.499998748       1.44287455    
  0.519998729       1.39749861    
  0.539998710       1.34891021    
  0.559998691       1.29345894    
  0.579998672       1.23014212    
  0.599998653       1.16343105    
  0.619998634       1.09689391    
  0.639998615       1.02954841    
  0.659998596      0.959023416    
  0.679998577      0.886439681    
  0.699998558      0.815334916    
  0.719998538      0.747698069    
  0.739998519      0.682670355    
  0.759998500      0.618769825    
  0.779998481      0.556479871    
  0.799998462      0.497612357    
  0.819998443      0.443649530    
  0.839998424      0.394319654    
  0.859998405      0.348415911    
  0.879998386      0.305428922    
  0.899998367      0.265555084    
  0.919998348      0.229616657    
  0.939998329      0.198044971    
  0.959998310      0.170436755    
  0.979998291      0.146043897    
  0.999998271      0.124191433    
   1.01999831      0.104629539    
   1.03999829       8.73721540E-02
   1.05999827       7.25737885E-02
   1.07999825       6.01577163E-02
   1.09999824       4.98741753E-02
   1.11999822       4.13256437E-02
   1.13999820       3.40842791E-02
   1.15999818       2.78903022E-02
   1.17999816       2.25448217E-02
   1.19999814       1.79880708E-02
   1.21999812       1.41915204E-02
   1.23999810       1.10933520E-02
   1.25999808       8.63939244E-03
   1.27999806       6.72612153E-03
   1.29999804       5.25075989E-03
   1.31999803       4.12449893E-03
   1.33999801       3.24927224E-03
   1.35999799       2.55942740E-03
   1.37999797       2.00470164E-03
   1.39999795       1.55244628E-03
   1.41999793       1.18718564E-03
   1.43999791       8.94282421E-04
   1.45999789       6.64624327E-04
   1.47999787       4.86265606E-04
   1.49999785       3.48430098E-04
   1.51999784       2.44855939E-04
   1.53999782       1.71267195E-04
   1.55999780       1.19853554E-04
   1.57999778       8.46181938E-05
   1.59999776       6.05117020E-05
   1.61999774       4.46583254E-05
   1.63999772       3.39319959E-05
   1.65999770       2.60888555E-05
   1.67999768       2.02595875E-05
   1.69999766       1.60962954E-05
   1.71999764       1.33324029E-05
   1.73999763       1.10915498E-05
   1.75999761       9.34512082E-06
   1.77999759       8.21596586E-06
   1.79999757       7.71066061E-06
   1.81999755       7.40165660E-06
   1.83999753       6.90876914E-06
   1.85999751       6.01404918E-06
   1.87999749       5.17454919E-06
   1.89999747       4.37953940E-06
   1.91999745       3.65483425E-06
   1.93999743       3.03897673E-06
   1.95999742       2.64218033E-06
   1.97999740       2.54371434E-06
   1.99999738       2.64461323E-06
   2.01999736       2.43194404E-06
   2.03999734       1.96963697E-06
   2.05999732       1.50585277E-06
   2.07999730       1.12837188E-06
   2.09999728       8.55741291E-07
   2.11999726       7.91301545E-07
   2.13999724       8.59192312E-07
   2.15999722       7.93802940E-07
   2.17999721       5.23092410E-07
   2.19999719       3.55206765E-07
   2.21999717       2.19468347E-07
   2.23999715       1.24901931E-07
   2.25999713       9.71504974E-08
   2.27999711       1.00931167E-07
   2.29999709       7.67996795E-08
   2.31999707       4.69092392E-08
   2.33999705       2.18088356E-08
   2.35999703       4.18887591E-09
   2.37999701       1.01307744E-08
   2.39999700       1.09570259E-07
   2.41999698       2.87158173E-07
   2.43999696       3.15062607E-07
   2.45999694       2.69612087E-07
   2.47999692       2.59249362E-07
   2.49999690       5.36204880E-07
   2.51999688       8.04219553E-07
   2.53999686       7.85429563E-07
   2.55999684       7.28135547E-07
   2.57999682       9.26615769E-07
   2.59999681       1.19171318E-06
   2.61999679       1.32401567E-06
   2.63999677       1.34169170E-06
   2.65999675       1.50130654E-06
   2.67999673       1.87152227E-06
   2.69999671       1.89523746E-06
   2.71999669       1.49523021E-06
   2.73999667       1.51133656E-06
   2.75999665       2.01067974E-06
   2.77999663       2.07318840E-06
   2.79999661       1.63173070E-06
   2.81999660       1.67870508E-06
   2.83999658       1.72817283E-06
   2.85999656       1.33563458E-06
   2.87999654       1.17937532E-06
   2.89999652       1.50782603E-06
   2.91999650       1.10313124E-06
   2.93999648       6.26936071E-07
   2.95999646       5.32132844E-07
   2.97999644       3.96336020E-07
   2.99999642       2.82902278E-07
   3.01999640       2.95946535E-07
   3.03999639       2.46439015E-07
   3.05999637       4.31355033E-07
   3.07999635       5.92131812E-07
   3.09999633       6.81739948E-07
