  -2.00000000       1.27633643E-06
  -1.98000002       1.34631148E-06
  -1.96000004       1.56567387E-06
  -1.94000006       1.60519539E-06
  -1.92000008       1.79770768E-06
  -1.90000010       2.24367545E-06
  -1.88000011       2.40083068E-06
  -1.86000013       2.40750137E-06
  -1.84000015       3.04630385E-06
  -1.82000017       4.07319885E-06
  -1.80000019       4.73574028E-06
  -1.78000021       5.36327434E-06
  -1.76000023       6.58902627E-06
  -1.74000025       7.60549074E-06
  -1.72000027       8.36664913E-06
  -1.70000029       1.12413736E-05
  -1.68000031       1.78252722E-05
  -1.66000032       2.62814701E-05
  -1.64000034       3.30245930E-05
  -1.62000036       3.62419123E-05
  -1.60000038       3.89600718E-05
  -1.58000040       5.08147932E-05
  -1.56000042       7.85220691E-05
  -1.54000044       1.09657005E-04
  -1.52000046       1.28103726E-04
  -1.50000048       1.48083374E-04
  -1.48000050       1.93189699E-04
  -1.46000051       2.50729121E-04
  -1.44000053       3.00976273E-04
  -1.42000055       3.57736135E-04
  -1.40000057       4.26003477E-04
  -1.38000059       5.01753762E-04
  -1.36000061       5.91943448E-04
  -1.34000063       6.82875107E-04
  -1.32000065       7.80906179E-04
  -1.30000067       9.14761506E-04
  -1.28000069       1.08204246E-03
  -1.26000071       1.26937788E-03
  -1.24000072       1.48062769E-03
  -1.22000074       1.76043599E-03
  -1.20000076       2.08436488E-03
  -1.18000078       2.40454637E-03
  -1.16000080       2.76121311E-03
  -1.14000082       3.15324729E-03
  -1.12000084       3.63703677E-03
  -1.10000086       4.13060375E-03
  -1.08000088       4.68857773E-03
  -1.06000090       5.44196693E-03
  -1.04000092       6.21675421E-03
  -1.02000093       7.14341318E-03
  -1.00000095       7.91881979E-03
 -0.980000973       8.84910487E-03
 -0.960000992       9.94780101E-03
 -0.940001011       1.07912682E-02
 -0.920001030       1.23057934E-02
 -0.900001049       1.33945839E-02
 -0.880001068       1.51825817E-02
 -0.860001087       1.67492423E-02
 -0.840001106       1.75373312E-02
 -0.820001125       2.01361738E-02
 -0.800001144       2.04692334E-02
 -0.780001163       2.34235432E-02
 -0.760001183       2.50223968E-02
 -0.740001202       2.57001221E-02
 -0.720001221       3.02992240E-02
 -0.700001240       2.78329104E-02
 -0.680001259       3.37883346E-02
 -0.660001278       3.33823301E-02
 -0.640001297       3.44207920E-02
 -0.620001316       4.16351631E-02
 -0.600001335       3.29156369E-02
 -0.580001354       4.66091447E-02
 -0.560001373       3.84895280E-02
 -0.540001392       4.31762561E-02
 -0.520001411       5.21187410E-02
 -0.500001431       3.35071534E-02
 -0.480001420       6.29012734E-02
 -0.460001409       3.60037796E-02
 -0.440001398       5.45149297E-02
 -0.420001388       5.88909127E-02
 -0.400001377       3.02078817E-02
 -0.380001366       8.41026083E-02
 -0.360001355       2.34798696E-02
 -0.340001345       7.54566640E-02
 -0.320001334       5.94065562E-02
 -0.300001323       3.10428757E-02
 -0.280001312      0.112697795    
 -0.260001302       5.87371737E-03
 -0.240001306      0.116915025    
 -0.220001310       5.57885505E-02
 -0.200001314       5.44790402E-02
 -0.180001318      0.152628362    
 -0.160001323       2.13546515E-03
 -0.140001327      0.194415510    
 -0.120001331       6.06038645E-02
 -0.100001335      0.127647623    
  -8.00013393E-02  0.214997843    
  -6.00013398E-02   4.58227210E-02
  -4.00013402E-02  0.324256629    
  -2.00013407E-02  0.103100695    
  -1.34110451E-06  0.272740811    
   1.99986584E-02  0.403886169    
   3.99986580E-02  0.458168060    
   5.99986576E-02  0.522595644    
   7.99986571E-02  0.595340371    
   9.99986529E-02  0.668335855    
  0.119998649      0.742195666    
  0.139998645      0.820812583    
  0.159998640      0.899204373    
  0.179998636      0.973966122    
  0.199998632       1.05046785    
  0.219998628       1.12557352    
  0.239998624       1.19293892    
  0.259998620       1.25747240    
  0.279998630       1.32002163    
  0.299998641       1.37294960    
  0.319998652       1.41697609    
  0.339998662       1.45737624    
  0.359998673       1.48968017    
  0.379998684       1.50925243    
  0.399998695       1.52085006    
  0.419998705       1.52705765    
  0.439998716       1.52279592    
  0.459998727       1.50653672    
  0.479998738       1.48327672    
  0.499998748       1.45499349    
  0.519998729       1.41775978    
  0.539998710       1.37081802    
  0.559998691       1.31881893    
  0.579998672       1.26447272    
  0.599998653       1.20576429    
  0.619998634       1.14094067    
  0.639998615       1.07282674    
  0.659998596       1.00505781    
  0.679998577      0.938086629    
  0.699998558      0.870015204    
  0.719998538      0.800638556    
  0.739998519      0.732395530    
  0.759998500      0.667645276    
  0.779998481      0.606652558    
  0.799998462      0.548062980    
  0.819998443      0.491423935    
  0.839998424      0.437602490    
  0.859998405      0.387836844    
  0.879998386      0.342800885    
  0.899998367      0.301800519    
  0.919998348      0.264048964    
  0.939998329      0.229239821    
  0.959998310      0.197598323    
  0.979998291      0.169480637    
  0.999998271      0.144945800    
   1.01999831      0.123635083    
   1.03999829      0.104944274    
   1.05999827       8.84680673E-02
   1.07999825       7.39362687E-02
   1.09999824       6.13372661E-02
   1.11999822       5.06317317E-02
   1.13999820       4.16869000E-02
   1.15999818       3.43013667E-02
   1.17999816       2.81575583E-02
   1.19999814       2.30109878E-02
   1.21999812       1.86475404E-02
   1.23999810       1.49406157E-02
   1.25999808       1.18284961E-02
   1.27999806       9.24685784E-03
   1.29999804       7.16552092E-03
   1.31999803       5.53109124E-03
   1.33999801       4.26897081E-03
   1.35999799       3.31462012E-03
   1.37999797       2.58802879E-03
   1.39999795       2.02906062E-03
   1.41999793       1.58933213E-03
   1.43999791       1.23715063E-03
   1.45999789       9.59610741E-04
   1.47999787       7.38746487E-04
   1.49999785       5.59991749E-04
   1.51999784       4.16889670E-04
   1.53999782       3.06120492E-04
   1.55999780       2.23240539E-04
   1.57999778       1.62363227E-04
   1.59999776       1.18861193E-04
   1.61999774       8.73268073E-05
   1.63999772       6.47429479E-05
   1.65999770       4.79661830E-05
   1.67999768       3.54202202E-05
   1.69999766       2.60251563E-05
   1.71999764       1.95084231E-05
   1.73999763       1.49870684E-05
   1.75999761       1.19318674E-05
   1.77999759       9.84854432E-06
   1.79999757       8.48647051E-06
   1.81999755       7.49264200E-06
   1.83999753       6.58132603E-06
   1.85999751       5.53186874E-06
   1.87999749       4.45052319E-06
   1.89999747       3.52287884E-06
   1.91999745       3.01714226E-06
   1.93999743       2.75914476E-06
   1.95999742       2.47192338E-06
   1.97999740       2.27725786E-06
   1.99999738       2.42415877E-06
   2.01999736       2.48535707E-06
   2.03999734       2.18130458E-06
   2.05999732       1.76200706E-06
   2.07999730       1.49250650E-06
   2.09999728       1.41646353E-06
   2.11999726       1.51094537E-06
   2.13999724       1.74945171E-06
   2.15999722       1.89689979E-06
   2.17999721       1.66147458E-06
   2.19999719       1.45545880E-06
   2.21999717       1.39552776E-06
   2.23999715       1.38078121E-06
   2.25999713       1.48579579E-06
   2.27999711       1.69917178E-06
   2.29999709       1.68253212E-06
   2.31999707       1.41613373E-06
   2.33999705       1.33443234E-06
   2.35999703       1.62747745E-06
   2.37999701       1.79925928E-06
   2.39999700       1.67991766E-06
   2.41999698       1.50656774E-06
   2.43999696       1.40758266E-06
   2.45999694       1.63824018E-06
   2.47999692       1.93075039E-06
   2.49999690       1.83786563E-06
   2.51999688       1.50414780E-06
   2.53999686       1.47141145E-06
   2.55999684       1.66734822E-06
   2.57999682       1.70949488E-06
   2.59999681       1.59587830E-06
   2.61999679       1.33673427E-06
   2.63999677       1.31330853E-06
   2.65999675       1.34445531E-06
   2.67999673       1.21244989E-06
   2.69999671       1.05798119E-06
   2.71999669       1.18972889E-06
   2.73999667       1.02616764E-06
   2.75999665       5.66737413E-07
   2.77999663       4.35640146E-07
   2.79999661       5.92967751E-07
   2.81999660       4.58164664E-07
   2.83999658       2.56315417E-07
   2.85999656       2.62214826E-07
   2.87999654       1.93443441E-07
   2.89999652       7.97375961E-08
   2.91999650       1.53285200E-07
   2.93999648       2.79066569E-07
   2.95999646       4.02517855E-07
   2.97999644       6.92882281E-07
   2.99999642       7.65041477E-07
   3.01999640       9.28618533E-07
   3.03999639       1.20080051E-06
   3.05999637       1.18263426E-06
   3.07999635       1.40589896E-06
   3.09999633       1.65909910E-06
