  -2.00000000       8.16188162E-07
  -1.98000002       7.76449269E-07
  -1.96000004       9.38064602E-07
  -1.94000006       9.76359047E-07
  -1.92000008       1.04034393E-06
  -1.90000010       1.35919151E-06
  -1.88000011       1.55118312E-06
  -1.86000013       1.55568023E-06
  -1.84000015       2.01919170E-06
  -1.82000017       2.93746598E-06
  -1.80000019       3.65181472E-06
  -1.78000021       4.48861419E-06
  -1.76000023       6.42737587E-06
  -1.74000025       9.14561133E-06
  -1.72000027       1.22181345E-05
  -1.70000029       1.63353707E-05
  -1.68000031       2.06029508E-05
  -1.66000032       2.24740561E-05
  -1.64000034       2.42164297E-05
  -1.62000036       3.53375217E-05
  -1.60000038       5.90649252E-05
  -1.58000040       8.09051344E-05
  -1.56000042       8.85600457E-05
  -1.54000044       9.87036328E-05
  -1.52000046       1.35419046E-04
  -1.50000048       1.82506439E-04
  -1.48000050       2.12409417E-04
  -1.46000051       2.47925578E-04
  -1.44000053       3.10937350E-04
  -1.42000055       3.73573683E-04
  -1.40000057       4.26884013E-04
  -1.38000059       5.02478040E-04
  -1.36000061       5.99031220E-04
  -1.34000063       6.94049464E-04
  -1.32000065       8.04089417E-04
  -1.30000067       9.52140370E-04
  -1.28000069       1.13680435E-03
  -1.26000071       1.34058890E-03
  -1.24000072       1.55856658E-03
  -1.22000074       1.83633307E-03
  -1.20000076       2.14952114E-03
  -1.18000078       2.45973328E-03
  -1.16000080       2.80479086E-03
  -1.14000082       3.20323254E-03
  -1.12000084       3.71873844E-03
  -1.10000086       4.25153179E-03
  -1.08000088       4.86521795E-03
  -1.06000090       5.63358562E-03
  -1.04000092       6.40645158E-03
  -1.02000093       7.30282068E-03
  -1.00000095       8.01680423E-03
 -0.980000973       8.98231473E-03
 -0.960000992       1.00901369E-02
 -0.940001011       1.10518234E-02
 -0.920001030       1.26328431E-02
 -0.900001049       1.36702275E-02
 -0.880001068       1.54939704E-02
 -0.860001087       1.68296099E-02
 -0.840001106       1.77631676E-02
 -0.820001125       2.03877352E-02
 -0.800001144       2.07771193E-02
 -0.780001163       2.39799004E-02
 -0.760001183       2.50710063E-02
 -0.740001202       2.60909796E-02
 -0.720001221       3.03114168E-02
 -0.700001240       2.80600209E-02
 -0.680001259       3.45030501E-02
 -0.660001278       3.31993811E-02
 -0.640001297       3.51802334E-02
 -0.620001316       4.11483571E-02
 -0.600001335       3.32261249E-02
 -0.580001354       4.73471209E-02
 -0.560001373       3.78006659E-02
 -0.540001392       4.44566533E-02
 -0.520001411       5.07589690E-02
 -0.500001431       3.43517326E-02
 -0.480001420       6.32799044E-02
 -0.460001409       3.47646251E-02
 -0.440001398       5.63169941E-02
 -0.420001388       5.63819185E-02
 -0.400001377       3.20960470E-02
 -0.380001366       8.33117515E-02
 -0.360001355       2.21899580E-02
 -0.340001345       7.74212405E-02
 -0.320001334       5.58286868E-02
 -0.300001323       3.40441242E-02
 -0.280001312      0.109802008    
 -0.260001302       5.40426746E-03
 -0.240001306      0.118279055    
 -0.220001310       5.13914563E-02
 -0.200001314       5.74360713E-02
 -0.180001318      0.148174509    
 -0.160001323       2.43800692E-03
 -0.140001327      0.193270028    
 -0.120001331       5.68052903E-02
 -0.100001335      0.128297970    
  -8.00013393E-02  0.209775656    
  -6.00013398E-02   4.56878431E-02
  -4.00013402E-02  0.319335401    
  -2.00013407E-02  0.100249596    
  -1.34110451E-06  0.269094646    
   1.99986584E-02  0.397834271    
   3.99986580E-02  0.451199144    
   5.99986576E-02  0.516186953    
   7.99986571E-02  0.586852133    
   9.99986529E-02  0.659630537    
  0.119998649      0.734047771    
  0.139998645      0.810470402    
  0.159998640      0.889006436    
  0.179998636      0.964834690    
  0.199998632       1.03936815    
  0.219998628       1.11442161    
  0.239998624       1.18377268    
  0.259998620       1.24728179    
  0.279998630       1.30898595    
  0.299998641       1.36435044    
  0.319998652       1.40934408    
  0.339998662       1.44847226    
  0.359998673       1.48209369    
  0.379998684       1.50456870    
  0.399998695       1.51638532    
  0.419998705       1.52207434    
  0.439998716       1.52007651    
  0.459998727       1.50657094    
  0.479998738       1.48350966    
  0.499998748       1.45500672    
  0.519998729       1.41983521    
  0.539998710       1.37549126    
  0.559998691       1.32399845    
  0.579998672       1.26913178    
  0.599998653       1.21138120    
  0.619998634       1.14869261    
  0.639998615       1.08164728    
  0.659998596       1.01332641    
  0.679998577      0.945858538    
  0.699998558      0.878543973    
  0.719998538      0.810371101    
  0.739998519      0.742366016    
  0.759998500      0.676755428    
  0.779998481      0.614879370    
  0.799998462      0.556182563    
  0.819998443      0.499935836    
  0.839998424      0.446184009    
  0.859998405      0.395774722    
  0.879998386      0.349719018    
  0.899998367      0.307911813    
  0.919998348      0.269814700    
  0.939998329      0.234905601    
  0.959998310      0.203049898    
  0.979998291      0.174412459    
  0.999998271      0.149150476    
   1.01999831      0.127138764    
   1.03999829      0.107947208    
   1.05999827       9.11821574E-02
   1.07999825       7.64689744E-02
   1.09999824       6.36751577E-02
   1.11999822       5.26940674E-02
   1.13999820       4.34120409E-02
   1.15999818       3.56801562E-02
   1.17999816       2.92427856E-02
   1.19999814       2.38839481E-02
   1.21999812       1.93821676E-02
   1.23999810       1.55899702E-02
   1.25999808       1.24134161E-02
   1.27999806       9.76702757E-03
   1.29999804       7.61324679E-03
   1.31999803       5.89735480E-03
   1.33999801       4.55387775E-03
   1.35999799       3.52609344E-03
   1.37999797       2.73943041E-03
   1.39999795       2.13534595E-03
   1.41999793       1.66286319E-03
   1.43999791       1.28848536E-03
   1.45999789       9.96587216E-04
   1.47999787       7.66927318E-04
   1.49999785       5.83264802E-04
   1.51999784       4.37278824E-04
   1.53999782       3.23932647E-04
   1.55999780       2.38808818E-04
   1.57999778       1.76019050E-04
   1.59999776       1.30986897E-04
   1.61999774       9.78719108E-05
   1.63999772       7.37289229E-05
   1.65999770       5.56243540E-05
   1.67999768       4.18750496E-05
   1.69999766       3.13919300E-05
   1.71999764       2.38717621E-05
   1.73999763       1.87193036E-05
   1.75999761       1.52755256E-05
   1.77999759       1.28866595E-05
   1.79999757       1.12039388E-05
   1.81999755       9.91302932E-06
   1.83999753       8.73569752E-06
   1.85999751       7.47963850E-06
   1.87999749       6.12459326E-06
   1.89999747       4.97930614E-06
   1.91999745       4.39677660E-06
   1.93999743       4.17044384E-06
   1.95999742       3.85715248E-06
   1.97999740       3.55569682E-06
   1.99999738       3.60375066E-06
   2.01999736       3.64590392E-06
   2.03999734       3.24189205E-06
   2.05999732       2.65709787E-06
   2.07999730       2.30179489E-06
   2.09999728       2.28062163E-06
   2.11999726       2.42639726E-06
   2.13999724       2.61702621E-06
   2.15999722       2.67328278E-06
   2.17999721       2.30743149E-06
   2.19999719       1.92737366E-06
   2.21999717       1.88271611E-06
   2.23999715       2.02232536E-06
   2.25999713       2.13028716E-06
   2.27999711       2.09753034E-06
   2.29999709       1.86993896E-06
   2.31999707       1.57210638E-06
   2.33999705       1.59744195E-06
   2.35999703       1.96931524E-06
   2.37999701       2.07527955E-06
   2.39999700       1.63588015E-06
   2.41999698       1.27482213E-06
   2.43999696       1.35667119E-06
   2.45999694       1.73658520E-06
   2.47999692       1.77028699E-06
   2.49999690       1.38411417E-06
   2.51999688       1.11339648E-06
   2.53999686       1.25454164E-06
   2.55999684       1.38331302E-06
   2.57999682       1.17406557E-06
   2.59999681       9.66496259E-07
   2.61999679       8.97973564E-07
   2.63999677       9.16788338E-07
   2.65999675       7.48977243E-07
   2.67999673       5.67536858E-07
   2.69999671       5.30431237E-07
   2.71999669       6.68678410E-07
   2.73999667       4.82479095E-07
   2.75999665       1.86938124E-07
   2.77999663       1.41559951E-07
   2.79999661       1.88779168E-07
   2.81999660       9.48151992E-08
   2.83999658       5.31822835E-08
   2.85999656       7.21779543E-08
   2.87999654       5.22957819E-08
   2.89999652       1.50278041E-07
   2.91999650       1.47836730E-07
   2.93999648       1.32369095E-07
   2.95999646       3.56395162E-07
   2.97999644       7.05393575E-07
   2.99999642       7.90558261E-07
   3.01999640       9.69743041E-07
   3.03999639       1.04007484E-06
   3.05999637       9.41912845E-07
   3.07999635       1.12127225E-06
   3.09999633       1.15426519E-06
