  -2.00000000       9.48354142E-08
  -1.98000002       4.51020234E-08
  -1.96000004       1.04895975E-07
  -1.94000006       1.83569753E-07
  -1.92000008       2.89947224E-07
  -1.90000010       6.11167650E-07
  -1.88000011       9.63189450E-07
  -1.86000013       1.24537519E-06
  -1.84000015       2.00232444E-06
  -1.82000017       3.48709591E-06
  -1.80000019       5.10000973E-06
  -1.78000021       6.93857328E-06
  -1.76000023       9.98191899E-06
  -1.74000025       1.37199731E-05
  -1.72000027       1.63816421E-05
  -1.70000029       1.83173906E-05
  -1.68000031       2.22886047E-05
  -1.66000032       3.09415409E-05
  -1.64000034       4.61505588E-05
  -1.62000036       6.61247177E-05
  -1.60000038       8.16113607E-05
  -1.58000040       8.60158907E-05
  -1.56000042       9.53471317E-05
  -1.54000044       1.30074841E-04
  -1.52000046       1.73328153E-04
  -1.50000048       1.95281566E-04
  -1.48000050       2.14834916E-04
  -1.46000051       2.63697992E-04
  -1.44000053       3.22028151E-04
  -1.42000055       3.73579940E-04
  -1.40000057       4.36860370E-04
  -1.38000059       5.23073191E-04
  -1.36000061       6.33433287E-04
  -1.34000063       7.59680581E-04
  -1.32000065       8.99456558E-04
  -1.30000067       1.07113621E-03
  -1.28000069       1.27859961E-03
  -1.26000071       1.48947129E-03
  -1.24000072       1.69451965E-03
  -1.22000074       1.94531190E-03
  -1.20000076       2.23459932E-03
  -1.18000078       2.55141105E-03
  -1.16000080       2.91980011E-03
  -1.14000082       3.39071127E-03
  -1.12000084       4.00242209E-03
  -1.10000086       4.60748887E-03
  -1.08000088       5.27616590E-03
  -1.06000090       5.98142017E-03
  -1.04000092       6.70564407E-03
  -1.02000093       7.53683271E-03
  -1.00000095       8.24043434E-03
 -0.980000973       9.39869881E-03
 -0.960000992       1.05778184E-02
 -0.940001011       1.17572984E-02
 -0.920001030       1.32580288E-02
 -0.900001049       1.41137494E-02
 -0.880001068       1.59784984E-02
 -0.860001087       1.70219950E-02
 -0.840001106       1.85258742E-02
 -0.820001125       2.10935045E-02
 -0.800001144       2.15502046E-02
 -0.780001163       2.48581246E-02
 -0.760001183       2.49507073E-02
 -0.740001202       2.70345863E-02
 -0.720001221       3.05009149E-02
 -0.700001240       2.90062092E-02
 -0.680001259       3.56997401E-02
 -0.660001278       3.25597674E-02
 -0.640001297       3.67037579E-02
 -0.620001316       4.01915312E-02
 -0.600001335       3.46180722E-02
 -0.580001354       4.83651571E-02
 -0.560001373       3.62482741E-02
 -0.540001392       4.69397046E-02
 -0.520001411       4.80457731E-02
 -0.500001431       3.69946286E-02
 -0.480001420       6.29837438E-02
 -0.460001409       3.24450843E-02
 -0.440001398       5.99234663E-02
 -0.420001388       5.13421856E-02
 -0.400001377       3.67323048E-02
 -0.380001366       8.00867155E-02
 -0.360001355       2.03728825E-02
 -0.340001345       8.16130936E-02
 -0.320001334       4.80926819E-02
 -0.300001323       4.04382087E-02
 -0.280001312      0.103034504    
 -0.260001302       5.35693346E-03
 -0.240001306      0.120656125    
 -0.220001310       4.21038419E-02
 -0.200001314       6.34045154E-02
 -0.180001318      0.138975009    
 -0.160001323       3.72159411E-03
 -0.140001327      0.189397484    
 -0.120001331       4.94037978E-02
 -0.100001335      0.130473047    
  -8.00013393E-02  0.197561249    
  -6.00013398E-02   4.51048240E-02
  -4.00013402E-02  0.310117602    
  -2.00013407E-02   9.38359872E-02
  -1.34110451E-06  0.259965092    
   1.99986584E-02  0.386233449    
   3.99986580E-02  0.435958952    
   5.99986576E-02  0.501121521    
   7.99986571E-02  0.570615470    
   9.99986529E-02  0.639681220    
  0.119998649      0.715433955    
  0.139998645      0.790468931    
  0.159998640      0.865532517    
  0.179998636      0.943583608    
  0.199998632       1.01787472    
  0.219998628       1.08949101    
  0.239998624       1.16125977    
  0.259998620       1.22712398    
  0.279998630       1.28599882    
  0.299998641       1.34239483    
  0.319998652       1.39241505    
  0.339998662       1.43168092    
  0.359998673       1.46410584    
  0.379998684       1.49114740    
  0.399998695       1.50774086    
  0.419998705       1.51311266    
  0.439998716       1.51172841    
  0.459998727       1.50376606    
  0.479998738       1.48520565    
  0.499998748       1.45673168    
  0.519998729       1.42233717    
  0.539998710       1.38272595    
  0.559998691       1.33566475    
  0.579998672       1.28133059    
  0.599998653       1.22316420    
  0.619998634       1.16290987    
  0.639998615       1.09970593    
  0.659998596       1.03287745    
  0.679998577      0.964321077    
  0.699998558      0.896374702    
  0.719998538      0.829671025    
  0.739998519      0.763560355    
  0.759998500      0.698015928    
  0.779998481      0.634406209    
  0.799998462      0.574038267    
  0.819998443      0.517451882    
  0.839998424      0.464152128    
  0.859998405      0.413606465    
  0.879998386      0.366193742    
  0.899998367      0.322388977    
  0.919998348      0.282627970    
  0.939998329      0.246826589    
  0.959998310      0.214560345    
  0.979998291      0.185376108    
  0.999998271      0.159099460    
   1.01999831      0.135704711    
   1.03999829      0.115133859    
   1.05999827       9.72886160E-02
   1.07999825       8.18686113E-02
   1.09999824       6.86097518E-02
   1.11999822       5.72022051E-02
   1.13999820       4.74199690E-02
   1.15999818       3.90850566E-02
   1.17999816       3.20214704E-02
   1.19999814       2.60981806E-02
   1.21999812       2.11451873E-02
   1.23999810       1.70358606E-02
   1.25999808       1.36425104E-02
   1.27999806       1.08406330E-02
   1.29999804       8.55728146E-03
   1.31999803       6.70934189E-03
   1.33999801       5.23118023E-03
   1.35999799       4.06943494E-03
   1.37999797       3.16041941E-03
   1.39999795       2.45153578E-03
   1.41999793       1.89200905E-03
   1.43999791       1.45029859E-03
   1.45999789       1.10788306E-03
   1.47999787       8.42297624E-04
   1.49999785       6.35403383E-04
   1.51999784       4.75202396E-04
   1.53999782       3.52252217E-04
   1.55999780       2.60865811E-04
   1.57999778       1.94422901E-04
   1.59999776       1.47421757E-04
   1.61999774       1.12917369E-04
   1.63999772       8.73052268E-05
   1.65999770       6.80713783E-05
   1.67999768       5.31797523E-05
   1.69999766       4.15683135E-05
   1.71999764       3.26485169E-05
   1.73999763       2.66947081E-05
   1.75999761       2.28839617E-05
   1.77999759       2.01919611E-05
   1.79999757       1.78819191E-05
   1.81999755       1.58113980E-05
   1.83999753       1.38689093E-05
   1.85999751       1.20907771E-05
   1.87999749       1.01122059E-05
   1.89999747       8.55851249E-06
   1.91999745       7.81857216E-06
   1.93999743       7.69147573E-06
   1.95999742       7.40825362E-06
   1.97999740       6.80767334E-06
   1.99999738       6.25235862E-06
   2.01999736       6.00217027E-06
   2.03999734       5.42295174E-06
   2.05999732       4.64009372E-06
   2.07999730       4.20635479E-06
   2.09999728       4.31135186E-06
   2.11999726       4.47104276E-06
   2.13999724       4.29175407E-06
   2.15999722       3.92111542E-06
   2.17999721       3.41934219E-06
   2.19999719       2.85848478E-06
   2.21999717       2.82252154E-06
   2.23999715       3.20186064E-06
   2.25999713       3.17087643E-06
   2.27999711       2.47901130E-06
   2.29999709       1.92624270E-06
   2.31999707       1.81322969E-06
   2.33999705       2.01595935E-06
   2.35999703       2.16123317E-06
   2.37999701       1.97411373E-06
   2.39999700       1.29678335E-06
   2.41999698       9.39622112E-07
   2.43999696       1.16512763E-06
   2.45999694       1.40729628E-06
   2.47999692       9.94960374E-07
   2.49999690       5.39461212E-07
   2.51999688       5.28909595E-07
   2.53999686       6.79029483E-07
   2.55999684       5.76428590E-07
   2.57999682       2.67163387E-07
   2.59999681       1.33110120E-07
   2.61999679       2.04860157E-07
   2.63999677       1.87226249E-07
   2.65999675       2.87813826E-08
   2.67999673       2.35161113E-09
   2.69999671       4.98358332E-09
   2.71999669       1.11335225E-08
   2.73999667       9.09639031E-09
   2.75999665       6.89406718E-08
   2.77999663       8.50521573E-08
   2.79999661       1.36211256E-07
   2.81999660       2.48021820E-07
   2.83999658       2.23399553E-07
   2.85999656       2.44694604E-07
   2.87999654       3.90001389E-07
   2.89999652       5.97630901E-07
   2.91999650       5.31214141E-07
   2.93999648       4.66245268E-07
   2.95999646       4.70724245E-07
   2.97999644       5.64088964E-07
   2.99999642       7.23698520E-07
   3.01999640       7.67955100E-07
   3.03999639       5.13890654E-07
   3.05999637       4.38635084E-07
   3.07999635       3.76378352E-07
   3.09999633       1.94227553E-07
