  -2.00000000       9.96290396E-07
  -1.98000002       1.21971584E-06
  -1.96000004       1.73922217E-06
  -1.94000006       2.43603154E-06
  -1.92000008       2.92592608E-06
  -1.90000010       3.65183200E-06
  -1.88000011       4.99950966E-06
  -1.86000013       6.26746714E-06
  -1.84000015       7.24593156E-06
  -1.82000017       9.31107843E-06
  -1.80000019       1.27057201E-05
  -1.78000021       1.63477071E-05
  -1.76000023       2.02968349E-05
  -1.74000025       2.53562193E-05
  -1.72000027       2.91988745E-05
  -1.70000029       2.97016322E-05
  -1.68000031       3.15631041E-05
  -1.66000032       4.22541052E-05
  -1.64000034       6.18156992E-05
  -1.62000036       7.91556449E-05
  -1.60000038       8.51718432E-05
  -1.58000040       8.83709581E-05
  -1.56000042       1.08107066E-04
  -1.54000044       1.44316946E-04
  -1.52000046       1.75206835E-04
  -1.50000048       2.01955248E-04
  -1.48000050       2.47605116E-04
  -1.46000051       3.09484807E-04
  -1.44000053       3.80312267E-04
  -1.42000055       4.70127619E-04
  -1.40000057       5.70839329E-04
  -1.38000059       6.77950622E-04
  -1.36000061       8.09457561E-04
  -1.34000063       9.54843010E-04
  -1.32000065       1.08954322E-03
  -1.30000067       1.23588648E-03
  -1.28000069       1.42243691E-03
  -1.26000071       1.62831205E-03
  -1.24000072       1.85925153E-03
  -1.22000074       2.15997011E-03
  -1.20000076       2.55339220E-03
  -1.18000078       3.01129674E-03
  -1.16000080       3.47132795E-03
  -1.14000082       4.01198026E-03
  -1.12000084       4.59172949E-03
  -1.10000086       5.13639161E-03
  -1.08000088       5.76125504E-03
  -1.06000090       6.42989762E-03
  -1.04000092       7.37338793E-03
  -1.02000093       8.35836586E-03
  -1.00000095       9.30320751E-03
 -0.980000973       1.05769113E-02
 -0.960000992       1.14974547E-02
 -0.940001011       1.27516314E-02
 -0.920001030       1.38960388E-02
 -0.900001049       1.51482131E-02
 -0.880001068       1.73622686E-02
 -0.860001087       1.82530619E-02
 -0.840001106       2.04284359E-02
 -0.820001125       2.17433479E-02
 -0.800001144       2.27496177E-02
 -0.780001163       2.59137936E-02
 -0.760001183       2.57298779E-02
 -0.740001202       2.98575498E-02
 -0.720001221       3.05091701E-02
 -0.700001240       3.09347808E-02
 -0.680001259       3.61881256E-02
 -0.660001278       3.25006098E-02
 -0.640001297       4.04838845E-02
 -0.620001316       3.81195694E-02
 -0.600001335       3.80086452E-02
 -0.580001354       4.73310277E-02
 -0.560001373       3.53826694E-02
 -0.540001392       5.20454571E-02
 -0.520001411       4.23992090E-02
 -0.500001431       4.29088548E-02
 -0.480001420       5.87274469E-02
 -0.460001409       3.17285098E-02
 -0.440001398       6.61329702E-02
 -0.420001388       4.07047085E-02
 -0.400001377       4.61707972E-02
 -0.380001366       7.14896917E-02
 -0.360001355       2.12495048E-02
 -0.340001345       8.63452181E-02
 -0.320001334       3.33599783E-02
 -0.300001323       5.34522645E-02
 -0.280001312       8.87637809E-02
 -0.260001302       8.46804306E-03
 -0.240001306      0.120058887    
 -0.220001310       2.69692279E-02
 -0.200001314       7.64585733E-02
 -0.180001318      0.117472075    
 -0.160001323       7.89144076E-03
 -0.140001327      0.182218269    
 -0.120001331       3.48612070E-02
 -0.100001335      0.132847115    
  -8.00013393E-02  0.175740883    
  -6.00013398E-02   4.40523252E-02
  -4.00013402E-02  0.289374918    
  -2.00013407E-02   8.33220258E-02
  -1.34110451E-06  0.243146047    
   1.99986584E-02  0.359568566    
   3.99986580E-02  0.409500808    
   5.99986576E-02  0.469563127    
   7.99986571E-02  0.535577238    
   9.99986529E-02  0.604590535    
  0.119998649      0.674779534    
  0.139998645      0.747933626    
  0.159998640      0.823685288    
  0.179998636      0.897043109    
  0.199998632      0.970450163    
  0.219998628       1.04474437    
  0.239998624       1.11375844    
  0.259998620       1.17898607    
  0.279998630       1.24299240    
  0.299998641       1.30029690    
  0.319998652       1.34932566    
  0.339998662       1.39442146    
  0.359998673       1.43310928    
  0.379998684       1.46070230    
  0.399998695       1.48021841    
  0.419998705       1.49457908    
  0.439998716       1.49945998    
  0.459998727       1.49285579    
  0.479998738       1.47893476    
  0.499998748       1.45989001    
  0.519998729       1.43209136    
  0.539998710       1.39414191    
  0.559998691       1.35033035    
  0.579998672       1.30351245    
  0.599998653       1.25186026    
  0.619998634       1.19337308    
  0.639998615       1.13058388    
  0.659998596       1.06709564    
  0.679998577       1.00351453    
  0.699998558      0.937983513    
  0.719998538      0.870296538    
  0.739998519      0.802856207    
  0.759998500      0.738037229    
  0.779998481      0.676117599    
  0.799998462      0.615779281    
  0.819998443      0.556809306    
  0.839998424      0.500358462    
  0.859998405      0.447781831    
  0.879998386      0.399616927    
  0.899998367      0.355087280    
  0.919998348      0.313418180    
  0.939998329      0.274502337    
  0.959998310      0.238911450    
  0.979998291      0.207106277    
  0.999998271      0.179136649    
   1.01999831      0.154482558    
   1.03999829      0.132495165    
   1.05999827      0.112745807    
   1.07999825       9.51044783E-02
   1.09999824       7.96811357E-02
   1.11999822       6.64760321E-02
   1.13999820       5.54040149E-02
   1.15999818       4.61462103E-02
   1.17999816       3.83605100E-02
   1.19999814       3.17322612E-02
   1.21999812       2.60094814E-02
   1.23999810       2.10951455E-02
   1.25999808       1.69096813E-02
   1.27999806       1.34118404E-02
   1.29999804       1.05668157E-02
   1.31999803       8.28929525E-03
   1.33999801       6.50513917E-03
   1.35999799       5.12144295E-03
   1.37999797       4.05403879E-03
   1.39999795       3.22017982E-03
   1.41999793       2.54873862E-03
   1.43999791       2.00266764E-03
   1.45999789       1.55504397E-03
   1.47999787       1.18892221E-03
   1.49999785       8.94966361E-04
   1.51999784       6.63375366E-04
   1.53999782       4.82275849E-04
   1.55999780       3.45324195E-04
   1.57999778       2.46426294E-04
   1.59999776       1.77162423E-04
   1.61999774       1.28843734E-04
   1.63999772       9.44074854E-05
   1.65999770       7.02469479E-05
   1.67999768       5.29852477E-05
   1.69999766       4.06986801E-05
   1.71999764       3.18443927E-05
   1.73999763       2.63129150E-05
   1.75999761       2.31702506E-05
   1.77999759       2.10681901E-05
   1.79999757       1.87717196E-05
   1.81999755       1.61392709E-05
   1.83999753       1.35613891E-05
   1.85999751       1.13968472E-05
   1.87999749       9.77872060E-06
   1.89999747       8.78454193E-06
   1.91999745       8.09892936E-06
   1.93999743       7.62493710E-06
   1.95999742       7.32950730E-06
   1.97999740       6.61667991E-06
   1.99999738       5.29747331E-06
   2.01999736       4.17853562E-06
   2.03999734       3.72471891E-06
   2.05999732       3.63678305E-06
   2.07999730       3.57550266E-06
   2.09999728       3.33460525E-06
   2.11999726       2.91055903E-06
   2.13999724       2.29238276E-06
   2.15999722       1.72849059E-06
   2.17999721       1.52739528E-06
   2.19999719       1.57100226E-06
   2.21999717       1.44502280E-06
   2.23999715       1.17490561E-06
   2.25999713       8.56854740E-07
   2.27999711       5.95472898E-07
   2.29999709       5.22779885E-07
   2.31999707       5.08008668E-07
   2.33999705       3.90844889E-07
   2.35999703       1.74234543E-07
   2.37999701       5.22086552E-08
   2.39999700       9.30602724E-08
   2.41999698       1.48629866E-07
   2.43999696       2.42861997E-08
   2.45999694       2.44757086E-08
   2.47999692       6.40013624E-08
   2.49999690       7.06037042E-08
   2.51999688       5.50376704E-08
   2.53999686       1.72879254E-07
   2.55999684       3.41663679E-07
   2.57999682       3.64508168E-07
   2.59999681       3.78023174E-07
   2.61999679       5.80503013E-07
   2.63999677       8.25922484E-07
   2.65999675       7.92983542E-07
   2.67999673       8.06674620E-07
   2.69999671       1.11446684E-06
   2.71999669       1.49272955E-06
   2.73999667       1.28345562E-06
   2.75999665       1.01177829E-06
   2.77999663       1.17090860E-06
   2.79999661       1.40126679E-06
   2.81999660       1.25718691E-06
   2.83999658       1.23818029E-06
   2.85999656       1.17698698E-06
   2.87999654       8.67809774E-07
   2.89999652       5.76063371E-07
   2.91999650       6.01746763E-07
   2.93999648       5.90286163E-07
   2.95999646       3.85650566E-07
   2.97999644       2.21079205E-07
   2.99999642       7.30422798E-08
   3.01999640       1.18223618E-07
   3.03999639       1.71188660E-07
   3.05999637       2.90802149E-07
   3.07999635       6.48982848E-07
   3.09999633       8.82137726E-07
