  -2.00000000       2.79685969E-06
  -1.98000002       3.07834011E-06
  -1.96000004       3.22005781E-06
  -1.94000006       3.65461347E-06
  -1.92000008       4.33690866E-06
  -1.90000010       4.79999608E-06
  -1.88000011       5.54045118E-06
  -1.86000013       6.90075831E-06
  -1.84000015       7.89408477E-06
  -1.82000017       8.28003613E-06
  -1.80000019       9.38402627E-06
  -1.78000021       1.10708343E-05
  -1.76000023       1.22939309E-05
  -1.74000025       1.49348671E-05
  -1.72000027       2.20735928E-05
  -1.70000029       3.22594569E-05
  -1.68000031       4.04667371E-05
  -1.66000032       4.40881267E-05
  -1.64000034       4.76249297E-05
  -1.62000036       6.27123954E-05
  -1.60000038       9.46701621E-05
  -1.58000040       1.28632862E-04
  -1.56000042       1.49279760E-04
  -1.54000044       1.76201676E-04
  -1.52000046       2.33243030E-04
  -1.50000048       2.99212232E-04
  -1.48000050       3.53595620E-04
  -1.46000051       4.16112074E-04
  -1.44000053       4.98033362E-04
  -1.42000055       5.84688736E-04
  -1.40000057       6.72358961E-04
  -1.38000059       7.61666626E-04
  -1.36000061       8.70660879E-04
  -1.34000063       1.01639295E-03
  -1.32000065       1.17725367E-03
  -1.30000067       1.36970147E-03
  -1.28000069       1.62851915E-03
  -1.26000071       1.93330133E-03
  -1.24000072       2.25620135E-03
  -1.22000074       2.59409379E-03
  -1.20000076       2.99293385E-03
  -1.18000078       3.40930722E-03
  -1.16000080       3.81092890E-03
  -1.14000082       4.33503790E-03
  -1.12000084       4.95998142E-03
  -1.10000086       5.70276193E-03
  -1.08000088       6.50390470E-03
  -1.06000090       7.32809026E-03
  -1.04000092       8.32960196E-03
  -1.02000093       9.11325868E-03
  -1.00000095       1.00195678E-02
 -0.980000973       1.11492909E-02
 -0.960000992       1.22947367E-02
 -0.940001011       1.39622595E-02
 -0.920001030       1.50973620E-02
 -0.900001049       1.67241003E-02
 -0.880001068       1.82578713E-02
 -0.860001087       1.90476682E-02
 -0.840001106       2.15044264E-02
 -0.820001125       2.25008111E-02
 -0.800001144       2.49388963E-02
 -0.780001163       2.68972088E-02
 -0.760001183       2.68809050E-02
 -0.740001202       3.10640298E-02
 -0.720001221       3.01463883E-02
 -0.700001240       3.37931924E-02
 -0.680001259       3.64058949E-02
 -0.660001278       3.39191407E-02
 -0.640001297       4.17308025E-02
 -0.620001316       3.60056050E-02
 -0.600001335       4.23182696E-02
 -0.580001354       4.54479083E-02
 -0.560001373       3.70582752E-02
 -0.540001392       5.32274395E-02
 -0.520001411       3.79959047E-02
 -0.500001431       4.96257320E-02
 -0.480001420       5.30713201E-02
 -0.460001409       3.42008509E-02
 -0.440001398       6.69145808E-02
 -0.420001388       3.36864442E-02
 -0.400001377       5.58994003E-02
 -0.380001366       6.06314465E-02
 -0.360001355       2.53912285E-02
 -0.340001345       8.61617923E-02
 -0.320001334       2.38791946E-02
 -0.300001323       6.49388283E-02
 -0.280001312       7.26280436E-02
 -0.260001302       1.46843521E-02
 -0.240001306      0.117453486    
 -0.220001310       1.54809821E-02
 -0.200001314       8.56010020E-02
 -0.180001318       9.92877930E-02
 -0.160001323       1.38603123E-02
 -0.140001327      0.171909630    
 -0.120001331       2.46075597E-02
 -0.100001335      0.135241762    
  -8.00013393E-02  0.154821008    
  -6.00013398E-02   4.36410159E-02
  -4.00013402E-02  0.272441626    
  -2.00013407E-02   7.29150996E-02
  -1.34110451E-06  0.227003694    
   1.99986584E-02  0.338891596    
   3.99986580E-02  0.382673800    
   5.99986576E-02  0.441988498    
   7.99986571E-02  0.506583631    
   9.99986529E-02  0.568518698    
  0.119998649      0.639932215    
  0.139998645      0.711498320    
  0.159998640      0.780381083    
  0.179998636      0.856236100    
  0.199998632      0.929943740    
  0.219998628      0.997849047    
  0.239998624       1.06954288    
  0.259998620       1.13886786    
  0.279998630       1.19825685    
  0.299998641       1.25649142    
  0.319998652       1.31345785    
  0.339998662       1.35878468    
  0.359998673       1.39569879    
  0.379998684       1.43119967    
  0.399998695       1.45825922    
  0.419998705       1.47183919    
  0.439998716       1.47902155    
  0.459998727       1.48285258    
  0.479998738       1.47585893    
  0.499998748       1.45646465    
  0.519998729       1.43192446    
  0.539998710       1.40413308    
  0.559998691       1.36752057    
  0.579998672       1.32066083    
  0.599998653       1.26981187    
  0.619998634       1.21839035    
  0.639998615       1.16310728    
  0.659998596       1.10095561    
  0.679998577       1.03527284    
  0.699998558      0.970924497    
  0.719998538      0.908303082    
  0.739998519      0.844357073    
  0.759998500      0.778177857    
  0.779998481      0.712802887    
  0.799998462      0.651249945    
  0.819998443      0.593861580    
  0.839998424      0.538671970    
  0.859998405      0.484482348    
  0.879998386      0.432436109    
  0.899998367      0.384394228    
  0.919998348      0.341186196    
  0.939998329      0.302034944    
  0.959998310      0.265752107    
  0.979998291      0.231724620    
  0.999998271      0.200412840    
   1.01999831      0.172504455    
   1.03999829      0.148318931    
   1.05999827      0.127418458    
   1.07999825      0.109068662    
   1.09999824       9.26637128E-02
   1.11999822       7.79021531E-02
   1.13999820       6.48995116E-02
   1.15999818       5.37331402E-02
   1.17999816       4.44462411E-02
   1.19999814       3.68352644E-02
   1.21999812       3.05582210E-02
   1.23999810       2.53013689E-02
   1.25999808       2.07725875E-02
   1.27999806       1.68389324E-02
   1.29999804       1.34447748E-02
   1.31999803       1.05648786E-02
   1.33999801       8.20793211E-03
   1.35999799       6.34107972E-03
   1.37999797       4.91955830E-03
   1.39999795       3.85355623E-03
   1.41999793       3.05102486E-03
   1.43999791       2.43964186E-03
   1.45999789       1.95228506E-03
   1.47999787       1.55085151E-03
   1.49999785       1.21914339E-03
   1.51999784       9.45874490E-04
   1.53999782       7.20779877E-04
   1.55999780       5.38322725E-04
   1.57999778       3.96284478E-04
   1.59999776       2.88331095E-04
   1.61999774       2.08628335E-04
   1.63999772       1.49493630E-04
   1.65999770       1.06058142E-04
   1.67999768       7.47194063E-05
   1.69999766       5.24887619E-05
   1.71999764       3.74964693E-05
   1.73999763       2.77390955E-05
   1.75999761       2.16791614E-05
   1.77999759       1.75742716E-05
   1.79999757       1.41775872E-05
   1.81999755       1.09721659E-05
   1.83999753       8.19340949E-06
   1.85999751       6.01479587E-06
   1.87999749       4.86718091E-06
   1.89999747       4.22663061E-06
   1.91999745       3.68231917E-06
   1.93999743       3.07352934E-06
   1.95999742       2.62911317E-06
   1.97999740       2.16475723E-06
   1.99999738       1.54775307E-06
   2.01999736       9.28079885E-07
   2.03999734       7.12313124E-07
   2.05999732       7.76674540E-07
   2.07999730       8.36921970E-07
   2.09999728       7.02886723E-07
   2.11999726       5.08804078E-07
   2.13999724       3.50340827E-07
   2.15999722       2.25438285E-07
   2.17999721       2.02227625E-07
   2.19999719       3.11288858E-07
   2.21999717       3.90221118E-07
   2.23999715       4.52053825E-07
   2.25999713       4.77219544E-07
   2.27999711       3.54528737E-07
   2.29999709       3.16932812E-07
   2.31999707       5.21426784E-07
   2.33999705       8.33682464E-07
   2.35999703       9.39247741E-07
   2.37999701       8.49634262E-07
   2.39999700       8.25463417E-07
   2.41999698       1.06951711E-06
   2.43999696       1.35162202E-06
   2.45999694       1.50601625E-06
   2.47999692       1.37638801E-06
   2.49999690       1.46416255E-06
   2.51999688       1.82463373E-06
   2.53999686       2.04194339E-06
   2.55999684       1.96211158E-06
   2.57999682       1.87155285E-06
   2.59999681       2.01729245E-06
   2.61999679       2.20762104E-06
   2.63999677       2.15347654E-06
   2.65999675       1.97194072E-06
   2.67999673       1.99236592E-06
   2.69999671       1.97445411E-06
   2.71999669       1.69271368E-06
   2.73999667       1.71099634E-06
   2.75999665       1.92366178E-06
   2.77999663       1.53332894E-06
   2.79999661       9.72625685E-07
   2.81999660       9.34151331E-07
   2.83999658       8.66762150E-07
   2.85999656       6.67041377E-07
   2.87999654       7.14772398E-07
   2.89999652       7.76367301E-07
   2.91999650       6.18231240E-07
   2.93999648       6.65960499E-07
   2.95999646       7.60967623E-07
   2.97999644       1.18574462E-06
   2.99999642       2.03346121E-06
   3.01999640       2.36670098E-06
   3.03999639       2.57487568E-06
   3.05999637       3.10032692E-06
   3.07999635       3.15310513E-06
   3.09999633       3.23379095E-06
