  -2.00000000       2.35762923E-06
  -1.98000002       2.53704684E-06
  -1.96000004       2.58937143E-06
  -1.94000006       2.77560684E-06
  -1.92000008       3.34376000E-06
  -1.90000010       3.79448966E-06
  -1.88000011       4.31153057E-06
  -1.86000013       5.50563618E-06
  -1.84000015       6.75855699E-06
  -1.82000017       7.52310871E-06
  -1.80000019       8.94226741E-06
  -1.78000021       1.10949450E-05
  -1.76000023       1.24151238E-05
  -1.74000025       1.38742598E-05
  -1.72000027       1.95373887E-05
  -1.70000029       3.08147610E-05
  -1.68000031       4.41968805E-05
  -1.66000032       5.44186441E-05
  -1.64000034       5.97162507E-05
  -1.62000036       7.00056480E-05
  -1.60000038       1.00025551E-04
  -1.58000040       1.43741636E-04
  -1.56000042       1.75168476E-04
  -1.54000044       1.98520400E-04
  -1.52000046       2.48347555E-04
  -1.50000048       3.18515144E-04
  -1.48000050       3.75956210E-04
  -1.46000051       4.30829037E-04
  -1.44000053       5.06673823E-04
  -1.42000055       5.92692522E-04
  -1.40000057       6.81240926E-04
  -1.38000059       7.75727734E-04
  -1.36000061       8.95375968E-04
  -1.34000063       1.05849525E-03
  -1.32000065       1.24219467E-03
  -1.30000067       1.45385123E-03
  -1.28000069       1.72301184E-03
  -1.26000071       2.03179289E-03
  -1.24000072       2.34638969E-03
  -1.22000074       2.66527664E-03
  -1.20000076       3.05292523E-03
  -1.18000078       3.47375497E-03
  -1.16000080       3.90941603E-03
  -1.14000082       4.48154053E-03
  -1.12000084       5.15784230E-03
  -1.10000086       5.94299706E-03
  -1.08000088       6.72311801E-03
  -1.06000090       7.51604512E-03
  -1.04000092       8.46882351E-03
  -1.02000093       9.23884381E-03
  -1.00000095       1.02340719E-02
 -0.980000973       1.14206448E-02
 -0.960000992       1.26823224E-02
 -0.940001011       1.43266004E-02
 -0.920001030       1.53398123E-02
 -0.900001049       1.69774331E-02
 -0.880001068       1.83768831E-02
 -0.860001087       1.94069240E-02
 -0.840001106       2.19522361E-02
 -0.820001125       2.28606332E-02
 -0.800001144       2.54207514E-02
 -0.780001163       2.68563926E-02
 -0.760001183       2.72094607E-02
 -0.740001202       3.14252153E-02
 -0.720001221       3.03924959E-02
 -0.700001240       3.45756374E-02
 -0.680001259       3.60678956E-02
 -0.660001278       3.43146697E-02
 -0.640001297       4.19238061E-02
 -0.620001316       3.59388404E-02
 -0.600001335       4.34802584E-02
 -0.580001354       4.44205552E-02
 -0.560001373       3.76843587E-02
 -0.540001392       5.33244461E-02
 -0.520001411       3.74255553E-02
 -0.500001431       5.12028225E-02
 -0.480001420       5.09814993E-02
 -0.460001409       3.53573710E-02
 -0.440001398       6.68805987E-02
 -0.420001388       3.23297419E-02
 -0.400001377       5.79308830E-02
 -0.380001366       5.75140193E-02
 -0.360001355       2.72525363E-02
 -0.340001345       8.55551437E-02
 -0.320001334       2.17394512E-02
 -0.300001323       6.74069151E-02
 -0.280001312       6.86819851E-02
 -0.260001302       1.69306230E-02
 -0.240001306      0.115590192    
 -0.220001310       1.31759662E-02
 -0.200001314       8.81548002E-02
 -0.180001318       9.40841883E-02
 -0.160001323       1.55948792E-02
 -0.140001327      0.169304833    
 -0.120001331       2.19944119E-02
 -0.100001335      0.135533318    
  -8.00013393E-02  0.149814308    
  -6.00013398E-02   4.34397273E-02
  -4.00013402E-02  0.267631918    
  -2.00013407E-02   7.07369894E-02
  -1.34110451E-06  0.222893149    
   1.99986584E-02  0.332646787    
   3.99986580E-02  0.376920044    
   5.99986576E-02  0.433844149    
   7.99986571E-02  0.498712540    
   9.99986529E-02  0.560426772    
  0.119998649      0.629265070    
  0.139998645      0.701906204    
  0.159998640      0.770470560    
  0.179998636      0.843721867    
  0.199998632      0.918884814    
  0.219998628      0.987270594    
  0.239998624       1.05635214    
  0.259998620       1.12683249    
  0.279998630       1.18826926    
  0.299998641       1.24454522    
  0.319998652       1.30138767    
  0.339998662       1.34999394    
  0.359998673       1.38716078    
  0.379998684       1.42118609    
  0.399998695       1.45059931    
  0.419998705       1.46732807    
  0.439998716       1.47402346    
  0.459998727       1.47749507    
  0.479998738       1.47370243    
  0.499998748       1.45715296    
  0.519998729       1.43221128    
  0.539998710       1.40429521    
  0.559998691       1.37052774    
  0.579998672       1.32651150    
  0.599998653       1.27567875    
  0.619998634       1.22352755    
  0.639998615       1.16970837    
  0.659998596       1.11018693    
  0.679998577       1.04542029    
  0.699998558      0.980088353    
  0.719998538      0.916958272    
  0.739998519      0.854192436    
  0.759998500      0.789499760    
  0.779998481      0.724189341    
  0.799998462      0.661419570    
  0.819998443      0.603048980    
  0.839998424      0.547982752    
  0.859998405      0.494429439    
  0.879998386      0.442410380    
  0.899998367      0.393451333    
  0.919998348      0.348985612    
  0.939998329      0.309003383    
  0.959998310      0.272515506    
  0.979998291      0.238504037    
  0.999998271      0.206922397    
   1.01999831      0.178291619    
   1.03999829      0.153169304    
   1.05999827      0.131455347    
   1.07999825      0.112616673    
   1.09999824       9.59900543E-02
   1.11999822       8.10835063E-02
   1.13999820       6.78424463E-02
   1.15999818       5.62885590E-02
   1.17999816       4.65297364E-02
   1.19999814       3.84650119E-02
   1.21999812       3.18411365E-02
   1.23999810       2.63658594E-02
   1.25999808       2.17184070E-02
   1.27999806       1.77183244E-02
   1.29999804       1.42587824E-02
   1.31999803       1.12908157E-02
   1.33999801       8.81890114E-03
   1.35999799       6.82338979E-03
   1.37999797       5.27797919E-03
   1.39999795       4.10658913E-03
   1.41999793       3.22636357E-03
   1.43999791       2.56359065E-03
   1.45999789       2.04454013E-03
   1.47999787       1.62443600E-03
   1.49999785       1.28158741E-03
   1.51999784       1.00095861E-03
   1.53999782       7.70755112E-04
   1.55999780       5.83642104E-04
   1.57999778       4.36224305E-04
   1.59999776       3.22281296E-04
   1.61999774       2.36676875E-04
   1.63999772       1.72278698E-04
   1.65999770       1.23950929E-04
   1.67999768       8.84767360E-05
   1.69999766       6.28980197E-05
   1.71999764       4.55393638E-05
   1.73999763       3.39063117E-05
   1.75999761       2.63347902E-05
   1.77999759       2.10470134E-05
   1.79999757       1.67936505E-05
   1.81999755       1.29250875E-05
   1.83999753       9.61595924E-06
   1.85999751       7.04926833E-06
   1.87999749       5.68981886E-06
   1.89999747       4.91210449E-06
   1.91999745       4.27042414E-06
   1.93999743       3.57470594E-06
   1.95999742       3.05638946E-06
   1.97999740       2.56222984E-06
   1.99999738       1.93041456E-06
   2.01999736       1.25360646E-06
   2.03999734       1.01625176E-06
   2.05999732       1.13231692E-06
   2.07999730       1.26559291E-06
   2.09999728       1.15762202E-06
   2.11999726       9.40669281E-07
   2.13999724       7.55130998E-07
   2.15999722       6.03265391E-07
   2.17999721       5.90136210E-07
   2.19999719       8.16061004E-07
   2.21999717       9.61374781E-07
   2.23999715       9.29585553E-07
   2.25999713       8.55323606E-07
   2.27999711       7.78238359E-07
   2.29999709       8.12015003E-07
   2.31999707       1.04991591E-06
   2.33999705       1.30317892E-06
   2.35999703       1.25283771E-06
   2.37999701       1.05980394E-06
   2.39999700       1.24319752E-06
   2.41999698       1.66705479E-06
   2.43999696       1.68759095E-06
   2.45999694       1.46703007E-06
   2.47999692       1.44849059E-06
   2.49999690       1.79114738E-06
   2.51999688       2.04503226E-06
   2.53999686       1.95002713E-06
   2.55999684       1.77427864E-06
   2.57999682       1.85615318E-06
   2.59999681       2.05365563E-06
   2.61999679       1.89945615E-06
   2.63999677       1.70992200E-06
   2.65999675       1.76781543E-06
   2.67999673       1.79683809E-06
   2.69999671       1.47202411E-06
   2.71999669       1.16085414E-06
   2.73999667       1.31970160E-06
   2.75999665       1.46676973E-06
   2.77999663       1.05021695E-06
   2.79999661       7.21015397E-07
   2.81999660       6.48238256E-07
   2.83999658       4.68120049E-07
   2.85999656       4.28869754E-07
   2.87999654       6.15986835E-07
   2.89999652       5.76188768E-07
   2.91999650       6.50288882E-07
   2.93999648       9.08230902E-07
   2.95999646       8.90917136E-07
   2.97999644       1.28530667E-06
   2.99999642       2.11124484E-06
   3.01999640       2.46995091E-06
   3.03999639       2.87659327E-06
   3.05999637       3.14419322E-06
   3.07999635       2.97243650E-06
   3.09999633       3.00570082E-06
