  -2.00000000       1.70814508E-06
  -1.98000002       2.42153556E-06
  -1.96000004       3.52207053E-06
  -1.94000006       4.61170976E-06
  -1.92000008       6.27069903E-06
  -1.90000010       8.73537374E-06
  -1.88000011       1.11103973E-05
  -1.86000013       1.36534372E-05
  -1.84000015       1.74656398E-05
  -1.82000017       2.12175019E-05
  -1.80000019       2.31064696E-05
  -1.78000021       2.56092644E-05
  -1.76000023       3.24494831E-05
  -1.74000025       4.41929988E-05
  -1.72000027       5.97048311E-05
  -1.70000029       7.44141289E-05
  -1.68000031       7.95058513E-05
  -1.66000032       7.80176997E-05
  -1.64000034       9.24227134E-05
  -1.62000036       1.29554828E-04
  -1.60000038       1.59042116E-04
  -1.58000040       1.67511927E-04
  -1.56000042       1.95571833E-04
  -1.54000044       2.57584499E-04
  -1.52000046       3.12663033E-04
  -1.50000048       3.67346773E-04
  -1.48000050       4.62872180E-04
  -1.46000051       5.73360710E-04
  -1.44000053       6.74515904E-04
  -1.42000055       8.02768453E-04
  -1.40000057       9.51067486E-04
  -1.38000059       1.08602329E-03
  -1.36000061       1.22054259E-03
  -1.34000063       1.38252135E-03
  -1.32000065       1.57641165E-03
  -1.30000067       1.78964564E-03
  -1.28000069       2.06404296E-03
  -1.26000071       2.44253036E-03
  -1.24000072       2.87074223E-03
  -1.22000074       3.33209569E-03
  -1.20000076       3.84898484E-03
  -1.18000078       4.37960401E-03
  -1.16000080       4.89591109E-03
  -1.14000082       5.41145401E-03
  -1.12000084       6.09234022E-03
  -1.10000086       6.91795349E-03
  -1.08000088       7.77593395E-03
  -1.06000090       8.85844976E-03
  -1.04000092       9.90645587E-03
  -1.02000093       1.08932974E-02
  -1.00000095       1.19056143E-02
 -0.980000973       1.28630949E-02
 -0.960000992       1.44279487E-02
 -0.940001011       1.58074014E-02
 -0.920001030       1.72962695E-02
 -0.900001049       1.92285292E-02
 -0.880001068       2.00597849E-02
 -0.860001087       2.18845531E-02
 -0.840001106       2.32942700E-02
 -0.820001125       2.48335470E-02
 -0.800001144       2.78875064E-02
 -0.780001163       2.78457198E-02
 -0.760001183       3.06743104E-02
 -0.740001202       3.20457108E-02
 -0.720001221       3.20797153E-02
 -0.700001240       3.75373214E-02
 -0.680001259       3.50643210E-02
 -0.660001278       3.89600620E-02
 -0.640001297       4.06630076E-02
 -0.620001316       3.69258188E-02
 -0.600001335       4.75859977E-02
 -0.580001354       3.94709632E-02
 -0.560001373       4.45449203E-02
 -0.540001392       4.94449884E-02
 -0.520001411       3.68430093E-02
 -0.500001431       5.72498068E-02
 -0.480001420       4.03035507E-02
 -0.460001409       4.56177220E-02
 -0.440001398       5.94357811E-02
 -0.420001388       2.95241661E-02
 -0.400001377       6.73737526E-02
 -0.380001366       3.95435877E-02
 -0.360001355       4.09336463E-02
 -0.340001345       7.48330429E-02
 -0.320001334       1.61356293E-02
 -0.300001323       7.92489871E-02
 -0.280001312       4.38150093E-02
 -0.260001302       3.27823125E-02
 -0.240001306      0.101356849    
 -0.220001310       4.05180315E-03
 -0.200001314       9.87275690E-02
 -0.180001318       6.49954975E-02
 -0.160001323       2.80329641E-02
 -0.140001327      0.149981380    
 -0.120001331       9.94795468E-03
 -0.100001335      0.136041328    
  -8.00013393E-02  0.119876511    
  -6.00013398E-02   4.35388796E-02
  -4.00013402E-02  0.239193514    
  -2.00013407E-02   5.68914115E-02
  -1.34110451E-06  0.199409649    
   1.99986584E-02  0.297562480    
   3.99986580E-02  0.338306487    
   5.99986576E-02  0.390077353    
   7.99986571E-02  0.450076789    
   9.99986529E-02  0.508168280    
  0.119998649      0.571835876    
  0.139998645      0.640248477    
  0.159998640      0.706438720    
  0.179998636      0.775768876    
  0.199998632      0.847805381    
  0.219998628      0.915791094    
  0.239998624      0.983702481    
  0.259998620       1.05257940    
  0.279998630       1.11564136    
  0.299998641       1.17458880    
  0.319998652       1.23261297    
  0.339998662       1.28418636    
  0.359998673       1.32724118    
  0.379998684       1.36672270    
  0.399998695       1.40065324    
  0.419998705       1.42415500    
  0.439998716       1.43956673    
  0.459998727       1.45057380    
  0.479998738       1.45362055    
  0.499998748       1.44563901    
  0.519998729       1.43041396    
  0.539998710       1.41079223    
  0.559998691       1.38404000    
  0.579998672       1.34784937    
  0.599998653       1.30554605    
  0.619998634       1.26050293    
  0.639998615       1.21187437    
  0.659998596       1.15728855    
  0.679998577       1.09811008    
  0.699998558       1.03770447    
  0.719998538      0.977468491    
  0.739998519      0.916021883    
  0.759998500      0.852523804    
  0.779998481      0.788797259    
  0.799998462      0.726947129    
  0.819998443      0.667822063    
  0.839998424      0.610569417    
  0.859998405      0.554600596    
  0.879998386      0.500585079    
  0.899998367      0.449820131    
  0.919998348      0.402965903    
  0.939998329      0.359661222    
  0.959998310      0.319244534    
  0.979998291      0.281392038    
  0.999998271      0.246429503    
   1.01999831      0.214777321    
   1.03999829      0.186704770    
   1.05999827      0.161832660    
   1.07999825      0.139705867    
   1.09999824      0.119841993    
   1.11999822      0.102024786    
   1.13999820       8.62435699E-02
   1.15999818       7.25037828E-02
   1.17999816       6.07817844E-02
   1.19999814       5.08613065E-02
   1.21999812       4.25081998E-02
   1.23999810       3.54190692E-02
   1.25999808       2.93380264E-02
   1.27999806       2.41189115E-02
   1.29999804       1.96310095E-02
   1.31999803       1.58145744E-02
   1.33999801       1.26123214E-02
   1.35999799       9.99104790E-03
   1.37999797       7.88849685E-03
   1.39999795       6.22857222E-03
   1.41999793       4.94589936E-03
   1.43999791       3.95069178E-03
   1.45999789       3.15849553E-03
   1.47999787       2.51117838E-03
   1.49999785       1.97348883E-03
   1.51999784       1.52625376E-03
   1.53999782       1.16334029E-03
   1.55999780       8.77013023E-04
   1.57999778       6.52769406E-04
   1.59999776       4.80461138E-04
   1.61999774       3.49932467E-04
   1.63999772       2.53810664E-04
   1.65999770       1.83434837E-04
   1.67999768       1.33104782E-04
   1.69999766       9.92803616E-05
   1.71999764       7.77382302E-05
   1.73999763       6.39307327E-05
   1.75999761       5.32265840E-05
   1.77999759       4.40284348E-05
   1.79999757       3.62835017E-05
   1.81999755       3.01459022E-05
   1.83999753       2.54837632E-05
   1.85999751       2.24837495E-05
   1.87999749       1.99783699E-05
   1.89999747       1.79373583E-05
   1.91999745       1.60196505E-05
   1.93999743       1.39868744E-05
   1.95999742       1.15802159E-05
   1.97999740       9.72256748E-06
   1.99999738       8.87189890E-06
   2.01999736       8.82159748E-06
   2.03999734       8.22209586E-06
   2.05999732       7.03013666E-06
   2.07999730       5.92237211E-06
   2.09999728       5.14180419E-06
   2.11999726       4.62904927E-06
   2.13999724       4.32138040E-06
   2.15999722       4.20056131E-06
   2.17999721       3.95525331E-06
   2.19999719       3.10799419E-06
   2.21999717       2.37982522E-06
   2.23999715       2.27847204E-06
   2.25999713       2.35370294E-06
   2.27999711       2.04657795E-06
   2.29999709       1.67223004E-06
   2.31999707       1.26549867E-06
   2.33999705       1.02821002E-06
   2.35999703       1.03691843E-06
   2.37999701       9.64196943E-07
   2.39999700       5.38395284E-07
   2.41999698       2.26259957E-07
   2.43999696       2.95976662E-07
   2.45999694       4.36871858E-07
   2.47999692       2.02365428E-07
   2.49999690       4.68638532E-08
   2.51999688       8.10897802E-08
   2.53999686       1.16872137E-07
   2.55999684       9.65706164E-08
   2.57999682       1.59731329E-07
   2.59999681       3.30139073E-07
   2.61999679       3.12312352E-07
   2.63999677       3.40577429E-07
   2.65999675       6.26452561E-07
   2.67999673       8.31982163E-07
   2.69999671       6.58796637E-07
   2.71999669       7.05799891E-07
   2.73999667       1.13182386E-06
   2.75999665       1.32799209E-06
   2.77999663       1.05483116E-06
   2.79999661       1.00585692E-06
   2.81999660       9.65736604E-07
   2.83999658       8.09016342E-07
   2.85999656       7.97844507E-07
   2.87999654       9.03257444E-07
   2.89999652       6.04260208E-07
   2.91999650       3.40139849E-07
   2.93999648       1.68452701E-07
   2.95999646       3.80347664E-08
   2.97999644       2.10447322E-08
   2.99999642       7.91396531E-08
   3.01999640       2.55531603E-07
   3.03999639       6.96076597E-07
   3.05999637       8.33181161E-07
   3.07999635       1.16784850E-06
   3.09999633       1.70422516E-06
