  -2.00000000       3.06398965E-06
  -1.98000002       2.73063665E-06
  -1.96000004       2.75554112E-06
  -1.94000006       3.52051779E-06
  -1.92000008       4.42580586E-06
  -1.90000010       5.42956514E-06
  -1.88000011       7.13448526E-06
  -1.86000013       8.83186294E-06
  -1.84000015       1.01375963E-05
  -1.82000017       1.29135751E-05
  -1.80000019       1.84374803E-05
  -1.78000021       2.67816431E-05
  -1.76000023       3.94461313E-05
  -1.74000025       5.35339022E-05
  -1.72000027       6.12944132E-05
  -1.70000029       6.66160558E-05
  -1.68000031       8.91788659E-05
  -1.66000032       1.31680790E-04
  -1.64000034       1.67816266E-04
  -1.62000036       1.86713034E-04
  -1.60000038       2.20249349E-04
  -1.58000040       2.81997258E-04
  -1.56000042       3.36607365E-04
  -1.54000044       3.79776902E-04
  -1.52000046       4.44625271E-04
  -1.50000048       5.18099347E-04
  -1.48000050       5.87325601E-04
  -1.46000051       6.84279599E-04
  -1.44000053       7.98135006E-04
  -1.42000055       9.19310725E-04
  -1.40000057       1.08926534E-03
  -1.38000059       1.29533419E-03
  -1.36000061       1.50591799E-03
  -1.34000063       1.74968340E-03
  -1.32000065       2.03746813E-03
  -1.30000067       2.32390221E-03
  -1.28000069       2.61838781E-03
  -1.26000071       2.97374418E-03
  -1.24000072       3.39241885E-03
  -1.22000074       3.86310206E-03
  -1.20000076       4.41766437E-03
  -1.18000078       5.10973763E-03
  -1.16000080       5.81815746E-03
  -1.14000082       6.49717310E-03
  -1.12000084       7.28394324E-03
  -1.10000086       8.04397091E-03
  -1.08000088       8.87131039E-03
  -1.06000090       9.87038761E-03
  -1.04000092       1.09932842E-02
  -1.02000093       1.23469522E-02
  -1.00000095       1.34578105E-02
 -0.980000973       1.47165619E-02
 -0.960000992       1.61370821E-02
 -0.940001011       1.71250775E-02
 -0.920001030       1.89467259E-02
 -0.900001049       2.05334108E-02
 -0.880001068       2.20596399E-02
 -0.860001087       2.40840949E-02
 -0.840001106       2.46677399E-02
 -0.820001125       2.70591415E-02
 -0.800001144       2.85773911E-02
 -0.780001163       2.95316279E-02
 -0.760001183       3.32850851E-02
 -0.740001202       3.24374996E-02
 -0.720001221       3.50581482E-02
 -0.700001240       3.73768695E-02
 -0.680001259       3.57574299E-02
 -0.660001278       4.22332287E-02
 -0.640001297       3.86875644E-02
 -0.620001316       4.08787504E-02
 -0.600001335       4.63289432E-02
 -0.580001354       3.80777270E-02
 -0.560001373       4.99907434E-02
 -0.540001392       4.35086377E-02
 -0.520001411       4.13522013E-02
 -0.500001431       5.57355061E-02
 -0.480001420       3.54060605E-02
 -0.460001409       5.43989837E-02
 -0.440001398       4.84042615E-02
 -0.420001388       3.43468226E-02
 -0.400001377       6.75080344E-02
 -0.380001366       2.89001316E-02
 -0.360001355       5.33484593E-02
 -0.340001345       5.96915074E-02
 -0.320001334       1.96224041E-02
 -0.300001323       8.19455460E-02
 -0.280001312       2.67189275E-02
 -0.260001302       4.72433642E-02
 -0.240001306       8.41621161E-02
 -0.220001310       3.55812116E-03
 -0.200001314      0.102310061    
 -0.180001318       4.32976112E-02
 -0.160001323       3.94060612E-02
 -0.140001327      0.131561413    
 -0.120001331       3.88327520E-03
 -0.100001335      0.134020820    
  -8.00013393E-02   9.71065387E-02
  -6.00013398E-02   4.43551354E-02
  -4.00013402E-02  0.215821087    
  -2.00013407E-02   4.63362448E-02
  -1.34110451E-06  0.181014955    
   1.99986584E-02  0.269945294    
   3.99986580E-02  0.306086630    
   5.99986576E-02  0.355932623    
   7.99986571E-02  0.410327911    
   9.99986529E-02  0.464163482    
  0.119998649      0.526514292    
  0.139998645      0.588816285    
  0.159998640      0.651557982    
  0.179998636      0.720952451    
  0.199998632      0.787799776    
  0.219998628      0.852952242    
  0.239998624      0.923173368    
  0.259998620      0.989411652    
  0.279998630       1.04995644    
  0.299998641       1.11331999    
  0.319998652       1.17318630    
  0.339998662       1.22317922    
  0.359998673       1.27099216    
  0.379998684       1.31748307    
  0.399998695       1.35300958    
  0.419998705       1.37957096    
  0.439998716       1.40443087    
  0.459998727       1.42281115    
  0.479998738       1.42855680    
  0.499998748       1.42699111    
  0.519998729       1.42296052    
  0.539998710       1.41095161    
  0.559998691       1.38732922    
  0.579998672       1.35748124    
  0.599998653       1.32587647    
  0.619998634       1.28852081    
  0.639998615       1.24216115    
  0.659998596       1.19059598    
  0.679998577       1.13893449    
  0.699998558       1.08595419    
  0.719998538       1.02803195    
  0.739998519      0.965832353    
  0.759998500      0.903715312    
  0.779998481      0.844349325    
  0.799998462      0.785681367    
  0.819998443      0.725564718    
  0.839998424      0.664945960    
  0.859998405      0.606982768    
  0.879998386      0.553336203    
  0.899998367      0.503050983    
  0.919998348      0.454309225    
  0.939998329      0.406834066    
  0.959998310      0.361996144    
  0.979998291      0.321283787    
  0.999998271      0.284882307    
   1.01999831      0.251790434    
   1.03999829      0.221028820    
   1.05999827      0.192252502    
   1.07999825      0.166015908    
   1.09999824      0.142836168    
   1.11999822      0.122889146    
   1.13999820      0.105661258    
   1.15999818       9.05163884E-02
   1.17999816       7.69171268E-02
   1.19999814       6.46493584E-02
   1.21999812       5.38504757E-02
   1.23999810       4.46065292E-02
   1.25999808       3.69514525E-02
   1.27999806       3.07195596E-02
   1.29999804       2.55989823E-02
   1.31999803       2.12830957E-02
   1.33999801       1.75255835E-02
   1.35999799       1.42287128E-02
   1.37999797       1.13417711E-02
   1.39999795       8.89213942E-03
   1.41999793       6.91341702E-03
   1.43999791       5.37423743E-03
   1.45999789       4.21032216E-03
   1.47999787       3.33739165E-03
   1.49999785       2.66581564E-03
   1.51999784       2.13312800E-03
   1.53999782       1.70458877E-03
   1.55999780       1.35861628E-03
   1.57999778       1.07712264E-03
   1.59999776       8.43991875E-04
   1.61999774       6.48975954E-04
   1.63999772       4.86841571E-04
   1.65999770       3.57507583E-04
   1.67999768       2.59128399E-04
   1.69999766       1.88847625E-04
   1.71999764       1.39536045E-04
   1.73999763       1.04528495E-04
   1.75999761       7.84516888E-05
   1.77999759       5.79569169E-05
   1.79999757       4.19325515E-05
   1.81999755       3.06068760E-05
   1.83999753       2.37420045E-05
   1.85999751       1.92087991E-05
   1.87999749       1.56399819E-05
   1.89999747       1.23182981E-05
   1.91999745       9.44264411E-06
   1.93999743       7.07635172E-06
   1.95999742       5.45212652E-06
   1.97999740       4.31271019E-06
   1.99999738       3.63889671E-06
   2.01999736       3.22332721E-06
   2.03999734       2.88164097E-06
   2.05999732       2.09732843E-06
   2.07999730       1.28424779E-06
   2.09999728       9.23999721E-07
   2.11999726       9.49590515E-07
   2.13999724       1.03776688E-06
   2.15999722       9.49870071E-07
   2.17999721       7.32614012E-07
   2.19999719       5.01246006E-07
   2.21999717       3.61608926E-07
   2.23999715       5.15125635E-07
   2.25999713       7.49249182E-07
   2.27999711       7.23477001E-07
   2.29999709       6.26305507E-07
   2.31999707       6.09568929E-07
   2.33999705       6.65722894E-07
   2.35999703       8.93168760E-07
   2.37999701       1.12405201E-06
   2.39999700       1.03345724E-06
   2.41999698       8.34724176E-07
   2.43999696       1.13952046E-06
   2.45999694       1.69524253E-06
   2.47999692       1.54058557E-06
   2.49999690       1.17458558E-06
   2.51999688       1.27419173E-06
   2.53999686       1.73567139E-06
   2.55999684       1.87373507E-06
   2.57999682       1.53407234E-06
   2.59999681       1.39387907E-06
   2.61999679       1.75772175E-06
   2.63999677       1.77593733E-06
   2.65999675       1.25908787E-06
   2.67999673       1.12660814E-06
   2.69999671       1.46407160E-06
   2.71999669       1.24346877E-06
   2.73999667       7.66492576E-07
   2.75999665       6.71155419E-07
   2.77999663       6.69299141E-07
   2.79999661       5.04650870E-07
   2.81999660       6.34129378E-07
   2.83999658       7.39900827E-07
   2.85999656       5.43919782E-07
   2.87999654       6.53053235E-07
   2.89999652       9.45735565E-07
   2.91999650       1.27385795E-06
   2.93999648       1.80068366E-06
   2.95999646       2.45369620E-06
   2.97999644       2.98130476E-06
   2.99999642       3.47419814E-06
   3.01999640       3.65214623E-06
   3.03999639       4.14042097E-06
   3.05999637       5.26413669E-06
   3.07999635       5.29241788E-06
   3.09999633       4.49428489E-06
