  -2.00000000       3.44764931E-06
  -1.98000002       2.90166849E-06
  -1.96000004       3.67635243E-06
  -1.94000006       5.79091056E-06
  -1.92000008       9.30269380E-06
  -1.90000010       1.50648157E-05
  -1.88000011       2.18473888E-05
  -1.86000013       2.74514296E-05
  -1.84000015       3.29326649E-05
  -1.82000017       4.09389322E-05
  -1.80000019       5.60042354E-05
  -1.78000021       8.33107042E-05
  -1.76000023       1.14366056E-04
  -1.74000025       1.30260960E-04
  -1.72000027       1.38058153E-04
  -1.70000029       1.70391548E-04
  -1.68000031       2.27740427E-04
  -1.66000032       2.69146927E-04
  -1.64000034       2.90498836E-04
  -1.62000036       3.32882744E-04
  -1.60000038       3.97950585E-04
  -1.58000040       4.54424939E-04
  -1.56000042       5.19344350E-04
  -1.54000044       6.11464784E-04
  -1.52000046       7.12410198E-04
  -1.50000048       8.40991852E-04
  -1.48000050       9.99742188E-04
  -1.46000051       1.16574403E-03
  -1.44000053       1.36554777E-03
  -1.42000055       1.58570451E-03
  -1.40000057       1.79014483E-03
  -1.38000059       2.02852534E-03
  -1.36000061       2.30836263E-03
  -1.34000063       2.59486493E-03
  -1.32000065       2.95099057E-03
  -1.30000067       3.41571262E-03
  -1.28000069       3.92490998E-03
  -1.26000071       4.48027160E-03
  -1.24000072       5.10437367E-03
  -1.22000074       5.73034771E-03
  -1.20000076       6.34136796E-03
  -1.18000078       7.01316074E-03
  -1.16000080       7.82078411E-03
  -1.14000082       8.69307946E-03
  -1.12000084       9.67721827E-03
  -1.10000086       1.08561059E-02
  -1.08000088       1.18915671E-02
  -1.06000090       1.29228439E-02
  -1.04000092       1.41417319E-02
  -1.02000093       1.52563462E-02
  -1.00000095       1.67013854E-02
 -0.980000973       1.82620306E-02
 -0.960000992       1.96917616E-02
 -0.940001011       2.13105436E-02
 -0.920001030       2.23757140E-02
 -0.900001049       2.39855479E-02
 -0.880001068       2.58453880E-02
 -0.860001087       2.68880837E-02
 -0.840001106       2.93363314E-02
 -0.820001125       3.04819308E-02
 -0.800001144       3.11967209E-02
 -0.780001163       3.41982991E-02
 -0.760001183       3.42225321E-02
 -0.740001202       3.64358351E-02
 -0.720001221       3.85847278E-02
 -0.700001240       3.68337892E-02
 -0.680001259       4.15411294E-02
 -0.660001278       4.05427292E-02
 -0.640001297       4.04535607E-02
 -0.620001316       4.62939478E-02
 -0.600001335       3.94775495E-02
 -0.580001354       4.54834849E-02
 -0.560001373       4.72351648E-02
 -0.540001392       3.84365618E-02
 -0.520001411       5.19560166E-02
 -0.500001431       4.13757749E-02
 -0.480001420       4.17985842E-02
 -0.460001409       5.53921238E-02
 -0.440001398       3.19837071E-02
 -0.420001388       5.20169735E-02
 -0.400001377       4.79658991E-02
 -0.380001366       2.84416713E-02
 -0.360001355       6.43043891E-02
 -0.340001345       2.90184580E-02
 -0.320001334       4.08008657E-02
 -0.300001323       6.53764233E-02
 -0.280001312       1.16132144E-02
 -0.260001302       6.82989508E-02
 -0.240001306       4.47845906E-02
 -0.220001310       1.79351885E-02
 -0.200001314       9.29221362E-02
 -0.180001318       1.25575615E-02
 -0.160001323       6.03588782E-02
 -0.140001327       9.07885954E-02
 -0.120001331       1.55345688E-03
 -0.100001335      0.124165960    
  -8.00013393E-02   5.81538416E-02
  -6.00013398E-02   4.62722480E-02
  -4.00013402E-02  0.171702474    
  -2.00013407E-02   2.89768074E-02
  -1.34110451E-06  0.146690309    
   1.99986584E-02  0.217860505    
   3.99986580E-02  0.247505665    
   5.99986576E-02  0.289459050    
   7.99986571E-02  0.334908187    
   9.99986529E-02  0.381855220    
  0.119998649      0.435749531    
  0.139998645      0.489642471    
  0.159998640      0.546599925    
  0.179998636      0.608314395    
  0.199998632      0.667975307    
  0.219998628      0.730265260    
  0.239998624      0.795738339    
  0.259998620      0.856770873    
  0.279998630      0.918120801    
  0.299998641      0.981975853    
  0.319998652       1.03971887    
  0.339998662       1.09344077    
  0.359998673       1.14892161    
  0.379998684       1.19862330    
  0.399998695       1.23927116    
  0.419998705       1.27838027    
  0.439998716       1.31472218    
  0.459998727       1.34033954    
  0.479998738       1.35814834    
  0.499998748       1.37421036    
  0.519998729       1.38398635    
  0.539998710       1.38217306    
  0.559998691       1.37386549    
  0.579998672       1.36321723    
  0.599998653       1.34590447    
  0.619998634       1.31827819    
  0.639998615       1.28512108    
  0.659998596       1.25047994    
  0.679998577       1.21180689    
  0.699998558       1.16557014    
  0.719998538       1.11437452    
  0.739998519       1.06320858    
  0.759998500       1.01172626    
  0.779998481      0.956827462    
  0.799998462      0.898058712    
  0.819998443      0.839077950    
  0.839998424      0.782715797    
  0.859998405      0.728128970    
  0.879998386      0.672916412    
  0.899998367      0.617129624    
  0.919998348      0.563143671    
  0.939998329      0.513136089    
  0.959998310      0.466802299    
  0.979998291      0.422559410    
  0.999998271      0.379377872    
   1.01999831      0.338151395    
   1.03999829      0.300228477    
   1.05999827      0.266365707    
   1.07999825      0.236002713    
   1.09999824      0.208060279    
   1.11999822      0.181886584    
   1.13999820      0.157615617    
   1.15999818      0.135876268    
   1.17999816      0.116991937    
   1.19999814      0.100876391    
   1.21999812       8.68860185E-02
   1.23999810       7.43760541E-02
   1.25999808       6.29990771E-02
   1.27999806       5.27574606E-02
   1.29999804       4.38434407E-02
   1.31999803       3.63687798E-02
   1.33999801       3.03185359E-02
   1.35999799       2.53940821E-02
   1.37999797       2.12640390E-02
   1.39999795       1.76812876E-02
   1.41999793       1.44895669E-02
   1.43999791       1.16730370E-02
   1.45999789       9.26907081E-03
   1.47999787       7.28201168E-03
   1.49999785       5.69456490E-03
   1.51999784       4.46363352E-03
   1.53999782       3.52682034E-03
   1.55999780       2.82073580E-03
   1.57999778       2.27904553E-03
   1.59999776       1.84945855E-03
   1.61999774       1.48964056E-03
   1.63999772       1.18099095E-03
   1.65999770       9.21484898E-04
   1.67999768       7.10783352E-04
   1.69999766       5.45103161E-04
   1.71999764       4.14279348E-04
   1.73999763       3.11741576E-04
   1.75999761       2.30133272E-04
   1.77999759       1.68678162E-04
   1.79999757       1.25949300E-04
   1.81999755       9.63391212E-05
   1.83999753       7.39973475E-05
   1.85999751       5.64143666E-05
   1.87999749       4.22867924E-05
   1.89999747       3.17361591E-05
   1.91999745       2.46409909E-05
   1.93999743       1.98369089E-05
   1.95999742       1.61203297E-05
   1.97999740       1.26237264E-05
   1.99999738       9.67526285E-06
   2.01999736       7.30565944E-06
   2.03999734       5.56730265E-06
   2.05999732       4.43811268E-06
   2.07999730       3.97178837E-06
   2.09999728       3.50125674E-06
   2.11999726       2.49347681E-06
   2.13999724       1.48646961E-06
   2.15999722       1.14533248E-06
   2.17999721       1.26474026E-06
   2.19999719       1.26063162E-06
   2.21999717       8.78499179E-07
   2.23999715       5.91912453E-07
   2.25999713       4.49436442E-07
   2.27999711       4.81324037E-07
   2.29999709       7.09909727E-07
   2.31999707       7.68227608E-07
   2.33999705       4.71072070E-07
   2.35999703       3.90108852E-07
   2.37999701       6.74273508E-07
   2.39999700       9.40539564E-07
   2.41999698       8.33951503E-07
   2.43999696       6.75010995E-07
   2.45999694       7.19046454E-07
   2.47999692       9.51266486E-07
   2.49999690       1.25432393E-06
   2.51999688       1.17128377E-06
   2.53999686       9.10035226E-07
   2.55999684       9.61557475E-07
   2.57999682       1.16432705E-06
   2.59999681       1.03414732E-06
   2.61999679       8.76273361E-07
   2.63999677       9.16201998E-07
   2.65999675       8.95532025E-07
   2.67999673       6.57123394E-07
   2.69999671       5.51438006E-07
   2.71999669       4.46508693E-07
   2.73999667       3.05752764E-07
   2.75999665       3.04041066E-07
   2.77999663       4.36079461E-07
   2.79999661       3.01977309E-07
   2.81999660       3.46875140E-07
   2.83999658       6.40447183E-07
   2.85999656       9.12792359E-07
   2.87999654       1.42626993E-06
   2.89999652       2.29114607E-06
   2.91999650       2.62264189E-06
   2.93999648       3.04753894E-06
   2.95999646       4.01807347E-06
   2.97999644       4.34269032E-06
   2.99999642       5.03952879E-06
   3.01999640       6.47216029E-06
   3.03999639       6.35927745E-06
   3.05999637       5.78281424E-06
   3.07999635       5.70950942E-06
   3.09999633       5.43841861E-06
