  -2.00000000       3.47626678E-06
  -1.98000002       3.65072515E-06
  -1.96000004       4.91380615E-06
  -1.94000006       7.64159995E-06
  -1.92000008       1.18339340E-05
  -1.90000010       1.91415656E-05
  -1.88000011       2.99551866E-05
  -1.86000013       4.16573457E-05
  -1.84000015       5.24194511E-05
  -1.82000017       6.08309456E-05
  -1.80000019       6.84536208E-05
  -1.78000021       8.67767521E-05
  -1.76000023       1.22756421E-04
  -1.74000025       1.56620023E-04
  -1.72000027       1.68758677E-04
  -1.70000029       1.79625436E-04
  -1.68000031       2.20359056E-04
  -1.66000032       2.72927224E-04
  -1.64000034       3.04778368E-04
  -1.62000036       3.35530058E-04
  -1.60000038       3.98777454E-04
  -1.58000040       4.76620218E-04
  -1.56000042       5.57629915E-04
  -1.54000044       6.65308035E-04
  -1.52000046       7.91555154E-04
  -1.50000048       9.37087869E-04
  -1.48000050       1.10548548E-03
  -1.46000051       1.27105368E-03
  -1.44000053       1.45237113E-03
  -1.42000055       1.65530387E-03
  -1.40000057       1.84655457E-03
  -1.38000059       2.08118116E-03
  -1.36000061       2.39185104E-03
  -1.34000063       2.73676380E-03
  -1.32000065       3.15712718E-03
  -1.30000067       3.67710972E-03
  -1.28000069       4.21248516E-03
  -1.26000071       4.73954435E-03
  -1.24000072       5.30141126E-03
  -1.22000074       5.89105906E-03
  -1.20000076       6.50910102E-03
  -1.18000078       7.25925015E-03
  -1.16000080       8.20049923E-03
  -1.14000082       9.16032586E-03
  -1.12000084       1.01539781E-02
  -1.10000086       1.12407012E-02
  -1.08000088       1.21537540E-02
  -1.06000090       1.31899016E-02
  -1.04000092       1.44989081E-02
  -1.02000093       1.58073865E-02
  -1.00000095       1.73821412E-02
 -0.980000973       1.87871922E-02
 -0.960000992       2.00923514E-02
 -0.940001011       2.15692166E-02
 -0.920001030       2.26938725E-02
 -0.900001049       2.46887617E-02
 -0.880001068       2.64556967E-02
 -0.860001087       2.74224076E-02
 -0.840001106       2.97010206E-02
 -0.820001125       3.04790437E-02
 -0.800001144       3.18334214E-02
 -0.780001163       3.48025523E-02
 -0.760001183       3.45232971E-02
 -0.740001202       3.69423814E-02
 -0.720001221       3.82130966E-02
 -0.700001240       3.72808389E-02
 -0.680001259       4.23006080E-02
 -0.660001278       4.01492715E-02
 -0.640001297       4.10908796E-02
 -0.620001316       4.57478426E-02
 -0.600001335       3.93636748E-02
 -0.580001354       4.68166023E-02
 -0.560001373       4.57159206E-02
 -0.540001392       3.88189442E-02
 -0.520001411       5.22048920E-02
 -0.500001431       3.99793983E-02
 -0.480001420       4.35698405E-02
 -0.460001409       5.33826426E-02
 -0.440001398       3.14931870E-02
 -0.420001388       5.38642295E-02
 -0.400001377       4.47430611E-02
 -0.380001366       2.99242381E-02
 -0.360001355       6.35726601E-02
 -0.340001345       2.66626198E-02
 -0.320001334       4.37629297E-02
 -0.300001323       6.13347813E-02
 -0.280001312       1.18326340E-02
 -0.260001302       6.99580386E-02
 -0.240001306       3.98257300E-02
 -0.220001310       2.03617122E-02
 -0.200001314       9.09342393E-02
 -0.180001318       9.98943206E-03
 -0.160001323       6.19798228E-02
 -0.140001327       8.61666575E-02
 -0.120001331       2.07896368E-03
 -0.100001335      0.121926345    
  -8.00013393E-02   5.43695278E-02
  -6.00013398E-02   4.66407984E-02
  -4.00013402E-02  0.166028276    
  -2.00013407E-02   2.74424143E-02
  -1.34110451E-06  0.142991573    
   1.99986584E-02  0.211101189    
   3.99986580E-02  0.241521448    
   5.99986576E-02  0.280915886    
   7.99986571E-02  0.326152891    
   9.99986529E-02  0.372648001    
  0.119998649      0.423750579    
  0.139998645      0.478610009    
  0.159998640      0.533989787    
  0.179998636      0.593335032    
  0.199998632      0.654633522    
  0.219998628      0.714991510    
  0.239998624      0.778282762    
  0.259998620      0.841680646    
  0.279998630      0.901778400    
  0.299998641      0.962996244    
  0.319998652       1.02357221    
  0.339998662       1.07803226    
  0.359998673       1.13044775    
  0.379998684       1.18206203    
  0.399998695       1.22631514    
  0.419998705       1.26363933    
  0.439998716       1.29925752    
  0.459998727       1.32953763    
  0.479998738       1.34960616    
  0.499998748       1.36366236    
  0.519998729       1.37498772    
  0.539998710       1.37842894    
  0.559998691       1.37173688    
  0.579998672       1.35962415    
  0.599998653       1.34442115    
  0.619998634       1.32182777    
  0.639998615       1.29054570    
  0.659998596       1.25465322    
  0.679998577       1.21700907    
  0.699998558       1.17494953    
  0.719998538       1.12639022    
  0.739998519       1.07440209    
  0.759998500       1.02212715    
  0.779998481      0.969287395    
  0.799998462      0.913505435    
  0.819998443      0.855146825    
  0.839998424      0.797186315    
  0.859998405      0.741648376    
  0.879998386      0.687569201    
  0.899998367      0.633442938    
  0.919998348      0.579494596    
  0.939998329      0.527801096    
  0.959998310      0.479781955    
  0.979998291      0.435188413    
  0.999998271      0.392612875    
   1.01999831      0.351621568    
   1.03999829      0.312754303    
   1.05999827      0.277184725    
   1.07999825      0.245327309    
   1.09999824      0.216717377    
   1.11999822      0.190460354    
   1.13999820      0.166072965    
   1.15999818      0.143703818    
   1.17999816      0.123708636    
   1.19999814      0.106403686    
   1.21999812       9.15189311E-02
   1.23999810       7.85409734E-02
   1.25999808       6.69637918E-02
   1.27999806       5.65439165E-02
   1.29999804       4.72913943E-02
   1.31999803       3.93122025E-02
   1.33999801       3.26900966E-02
   1.35999799       2.72516161E-02
   1.37999797       2.27467138E-02
   1.39999795       1.89305637E-02
   1.41999793       1.56068970E-02
   1.43999791       1.27034234E-02
   1.45999789       1.02127027E-02
   1.47999787       8.11521616E-03
   1.49999785       6.39685756E-03
   1.51999784       5.02742501E-03
   1.53999782       3.95983364E-03
   1.55999780       3.14406957E-03
   1.57999778       2.51572230E-03
   1.59999776       2.02057185E-03
   1.61999774       1.61298423E-03
   1.63999772       1.27192296E-03
   1.65999770       9.93308728E-04
   1.67999768       7.70674204E-04
   1.69999766       5.96318976E-04
   1.71999764       4.58043185E-04
   1.73999763       3.49135429E-04
   1.75999761       2.62342510E-04
   1.77999759       1.96932990E-04
   1.79999757       1.51078959E-04
   1.81999755       1.18421114E-04
   1.83999753       9.35365752E-05
   1.85999751       7.27261940E-05
   1.87999749       5.56182495E-05
   1.89999747       4.27544001E-05
   1.91999745       3.43684260E-05
   1.93999743       2.84296693E-05
   1.95999742       2.34465333E-05
   1.97999740       1.84663204E-05
   1.99999738       1.43912330E-05
   2.01999736       1.13375345E-05
   2.03999734       9.31673731E-06
   2.05999732       7.78076446E-06
   2.07999730       6.79663526E-06
   2.09999728       5.93828554E-06
   2.11999726       4.64510913E-06
   2.13999724       3.40535098E-06
   2.15999722       2.95132941E-06
   2.17999721       3.01615250E-06
   2.19999719       2.87735793E-06
   2.21999717       2.15910632E-06
   2.23999715       1.69931138E-06
   2.25999713       1.64965161E-06
   2.27999711       1.72760417E-06
   2.29999709       1.71597571E-06
   2.31999707       1.51666529E-06
   2.33999705       9.99149279E-07
   2.35999703       9.39774509E-07
   2.37999701       1.29739703E-06
   2.39999700       1.34906418E-06
   2.41999698       8.81584583E-07
   2.43999696       7.06115543E-07
   2.45999694       8.36895026E-07
   2.47999692       8.32519163E-07
   2.49999690       6.84772374E-07
   2.51999688       6.23778931E-07
   2.53999686       6.69257815E-07
   2.55999684       5.92279207E-07
   2.57999682       3.76842706E-07
   2.59999681       2.75366574E-07
   2.61999679       3.37981959E-07
   2.63999677       3.18228047E-07
   2.65999675       1.33522207E-07
   2.67999673       6.82339873E-08
   2.69999671       1.40607057E-07
   2.71999669       8.82603288E-08
   2.73999667       5.74415822E-08
   2.75999665       1.27575632E-07
   2.77999663       1.85782667E-07
   2.79999661       3.23579741E-07
   2.81999660       6.40895166E-07
   2.83999658       7.82672316E-07
   2.85999656       8.01099930E-07
   2.87999654       1.19312961E-06
   2.89999652       1.68461293E-06
   2.91999650       2.08442884E-06
   2.93999648       2.43097043E-06
   2.95999646       2.65096901E-06
   2.97999644       2.69003999E-06
   2.99999642       3.13053329E-06
   3.01999640       4.00528279E-06
   3.03999639       4.09216545E-06
   3.05999637       3.88051149E-06
   3.07999635       4.01935722E-06
   3.09999633       4.53328812E-06
