  -2.00000000       3.24750090E-06
  -1.98000002       3.62165861E-06
  -1.96000004       5.29502222E-06
  -1.94000006       8.18861372E-06
  -1.92000008       1.14881241E-05
  -1.90000010       1.57040522E-05
  -1.88000011       2.10965791E-05
  -1.86000013       2.84245598E-05
  -1.84000015       4.20387660E-05
  -1.82000017       6.30981085E-05
  -1.80000019       8.38642809E-05
  -1.78000021       9.70692709E-05
  -1.76000023       1.06091364E-04
  -1.74000025       1.23757884E-04
  -1.72000027       1.62043114E-04
  -1.70000029       2.07569610E-04
  -1.68000031       2.31559039E-04
  -1.66000032       2.47035379E-04
  -1.64000034       2.95720412E-04
  -1.62000036       3.56327393E-04
  -1.60000038       3.93956725E-04
  -1.58000040       4.52144712E-04
  -1.56000042       5.51524281E-04
  -1.54000044       6.47981302E-04
  -1.52000046       7.56286783E-04
  -1.50000048       9.11157695E-04
  -1.48000050       1.07583881E-03
  -1.46000051       1.24129036E-03
  -1.44000053       1.43500394E-03
  -1.42000055       1.64020143E-03
  -1.40000057       1.83339755E-03
  -1.38000059       2.06426042E-03
  -1.36000061       2.35933717E-03
  -1.34000063       2.68309773E-03
  -1.32000065       3.08437087E-03
  -1.30000067       3.59377847E-03
  -1.28000069       4.13029268E-03
  -1.26000071       4.67411848E-03
  -1.24000072       5.25659882E-03
  -1.22000074       5.85016515E-03
  -1.20000076       6.45269314E-03
  -1.18000078       7.16747483E-03
  -1.16000080       8.06756224E-03
  -1.14000082       9.01311543E-03
  -1.12000084       1.00220796E-02
  -1.10000086       1.11492062E-02
  -1.08000088       1.20915519E-02
  -1.06000090       1.31039824E-02
  -1.04000092       1.43667506E-02
  -1.02000093       1.56158982E-02
  -1.00000095       1.71785690E-02
 -0.980000973       1.86569151E-02
 -0.960000992       2.00002119E-02
 -0.940001011       2.14954298E-02
 -0.920001030       2.25655045E-02
 -0.900001049       2.44472381E-02
 -0.880001068       2.62814015E-02
 -0.860001087       2.72953026E-02
 -0.840001106       2.96245366E-02
 -0.820001125       3.04595083E-02
 -0.800001144       3.15960608E-02
 -0.780001163       3.46212722E-02
 -0.760001183       3.44633460E-02
 -0.740001202       3.68329808E-02
 -0.720001221       3.83114293E-02
 -0.700001240       3.70858274E-02
 -0.680001259       4.20841537E-02
 -0.660001278       4.03077267E-02
 -0.640001297       4.09248360E-02
 -0.620001316       4.58925776E-02
 -0.600001335       3.93321104E-02
 -0.580001354       4.64598462E-02
 -0.560001373       4.62292507E-02
 -0.540001392       3.86676341E-02
 -0.520001411       5.21064810E-02
 -0.500001431       4.03817259E-02
 -0.480001420       4.30965200E-02
 -0.460001409       5.40117696E-02
 -0.440001398       3.15468945E-02
 -0.420001388       5.33363819E-02
 -0.400001377       4.57612537E-02
 -0.380001366       2.94634122E-02
 -0.360001355       6.37633204E-02
 -0.340001345       2.73438022E-02
 -0.320001334       4.29563373E-02
 -0.300001323       6.25193417E-02
 -0.280001312       1.16948653E-02
 -0.260001302       6.95372224E-02
 -0.240001306       4.12975475E-02
 -0.220001310       1.96160171E-02
 -0.200001314       9.15268660E-02
 -0.180001318       1.07414471E-02
 -0.160001323       6.15587421E-02
 -0.140001327       8.74802917E-02
 -0.120001331       1.88853010E-03
 -0.100001335      0.122699872    
  -8.00013393E-02   5.54343946E-02
  -6.00013398E-02   4.64578606E-02
  -4.00013402E-02  0.167822912    
  -2.00013407E-02   2.78965589E-02
  -1.34110451E-06  0.143967569    
   1.99986584E-02  0.213202968    
   3.99986580E-02  0.243303835    
   5.99986576E-02  0.283326209    
   7.99986571E-02  0.328952610    
   9.99986529E-02  0.375226438    
  0.119998649      0.427318305    
  0.139998645      0.482076079    
  0.159998640      0.537505627    
  0.179998636      0.597877383    
  0.199998632      0.658778667    
  0.219998628      0.719265819    
  0.239998624      0.783576310    
  0.259998620      0.846412539    
  0.279998630      0.906370461    
  0.299998641      0.968654215    
  0.319998652       1.02872682    
  0.339998662       1.08244538    
  0.359998673       1.13576365    
  0.379998684       1.18736601    
  0.399998695       1.23027515    
  0.419998705       1.26770031    
  0.439998716       1.30399370    
  0.459998727       1.33316016    
  0.479998738       1.35201645    
  0.499998748       1.36654353    
  0.519998729       1.37796569    
  0.539998710       1.37988317    
  0.559998691       1.37216532    
  0.579998672       1.36048639    
  0.599998653       1.34516680    
  0.619998634       1.32109153    
  0.639998615       1.28876925    
  0.659998596       1.25316393    
  0.679998577       1.21563387    
  0.699998558       1.17249930    
  0.719998538       1.12280214    
  0.739998519       1.07079017    
  0.759998500       1.01896536    
  0.779998481      0.965831280    
  0.799998462      0.909098566    
  0.819998443      0.850233257    
  0.839998424      0.792626202    
  0.859998405      0.737575948    
  0.879998386      0.683384180    
  0.899998367      0.628721952    
  0.919998348      0.574533224    
  0.939998329      0.523210287    
  0.959998310      0.475783437    
  0.979998291      0.431475550    
  0.999998271      0.388789177    
   1.01999831      0.347633541    
   1.03999829      0.308903337    
   1.05999827      0.273788810    
   1.07999825      0.242445067    
   1.09999824      0.214143321    
   1.11999822      0.187967122    
   1.13999820      0.163583517    
   1.15999818      0.141324982    
   1.17999816      0.121603712    
   1.19999814      0.104653470    
   1.21999812       9.00805295E-02
   1.23999810       7.72957653E-02
   1.25999808       6.58071116E-02
   1.27999806       5.54352626E-02
   1.29999804       4.62569930E-02
   1.31999803       3.84000875E-02
   1.33999801       3.19341794E-02
   1.35999799       2.66519878E-02
   1.37999797       2.22740322E-02
   1.39999795       1.85461808E-02
   1.41999793       1.52763464E-02
   1.43999791       1.24054309E-02
   1.45999789       9.93999559E-03
   1.47999787       7.87016004E-03
   1.49999785       6.18412625E-03
   1.51999784       4.85034520E-03
   1.53999782       3.81852477E-03
   1.55999780       3.03483079E-03
   1.57999778       2.43371283E-03
   1.59999776       1.96085474E-03
   1.61999774       1.57076807E-03
   1.63999772       1.24243461E-03
   1.65999770       9.71902511E-04
   1.67999768       7.54304056E-04
   1.69999766       5.83242800E-04
   1.71999764       4.47262399E-04
   1.73999763       3.40020226E-04
   1.75999761       2.54322658E-04
   1.77999759       1.89631013E-04
   1.79999757       1.44369536E-04
   1.81999755       1.12382979E-04
   1.83999753       8.80478110E-05
   1.85999751       6.80430749E-05
   1.87999749       5.16964938E-05
   1.89999747       3.94197705E-05
   1.91999745       3.13382952E-05
   1.93999743       2.56786625E-05
   1.95999742       2.10474063E-05
   1.97999740       1.65007041E-05
   1.99999738       1.27667035E-05
   2.01999736       9.90896297E-06
   2.03999734       7.94841526E-06
   2.05999732       6.52985909E-06
   2.07999730       5.74140768E-06
   2.09999728       5.04071522E-06
   2.11999726       3.83644692E-06
   2.13999724       2.64465461E-06
   2.15999722       2.22662084E-06
   2.17999721       2.34626009E-06
   2.19999719       2.29041939E-06
   2.21999717       1.69210250E-06
   2.23999715       1.28518593E-06
   2.25999713       1.18905905E-06
   2.27999711       1.26651480E-06
   2.29999709       1.40081067E-06
   2.31999707       1.31688853E-06
   2.33999705       8.16454587E-07
   2.35999703       7.35820663E-07
   2.37999701       1.14065824E-06
   2.39999700       1.30091701E-06
   2.41999698       9.00609280E-07
   2.43999696       7.00415853E-07
   2.45999694       8.31383431E-07
   2.47999692       9.16400779E-07
   2.49999690       8.96370693E-07
   2.51999688       8.15721705E-07
   2.53999686       7.70284544E-07
   2.55999684       7.32136698E-07
   2.57999682       6.07886591E-07
   2.59999681       4.75732435E-07
   2.61999679       4.98322777E-07
   2.63999677       5.03339038E-07
   2.65999675       3.16939889E-07
   2.67999673       1.88320797E-07
   2.69999671       2.51804693E-07
   2.71999669       1.65533180E-07
   2.73999667       6.18948519E-08
   2.75999665       1.44814592E-07
   2.77999663       2.48400028E-07
   2.79999661       2.86242141E-07
   2.81999660       5.48809396E-07
   2.83999658       7.72571127E-07
   2.85999656       8.63277251E-07
   2.87999654       1.34523668E-06
   2.89999652       2.00898830E-06
   2.91999650       2.40536133E-06
   2.93999648       2.79605865E-06
   2.95999646       3.23956829E-06
   2.97999644       3.30828630E-06
   2.99999642       3.78207142E-06
   3.01999640       4.74159924E-06
   3.03999639       4.63243941E-06
   3.05999637       4.13772113E-06
   3.07999635       4.00768931E-06
   3.09999633       4.25675989E-06
