  -2.00000000       1.10082347E-05
  -1.98000002       1.30513517E-05
  -1.96000004       1.61076932E-05
  -1.94000006       2.11583556E-05
  -1.92000008       2.66218103E-05
  -1.90000010       3.07996052E-05
  -1.88000011       3.53459509E-05
  -1.86000013       4.27101331E-05
  -1.84000015       5.60183726E-05
  -1.82000017       7.78063986E-05
  -1.80000019       9.86971354E-05
  -1.78000021       1.05527572E-04
  -1.76000023       1.08200722E-04
  -1.74000025       1.31073088E-04
  -1.72000027       1.73021050E-04
  -1.70000029       2.08222089E-04
  -1.68000031       2.33142840E-04
  -1.66000032       2.79273838E-04
  -1.64000034       3.56792589E-04
  -1.62000036       4.32750414E-04
  -1.60000038       5.05518808E-04
  -1.58000040       6.08868082E-04
  -1.56000042       7.27531966E-04
  -1.54000044       8.37267900E-04
  -1.52000046       9.48694011E-04
  -1.50000048       1.07114529E-03
  -1.48000050       1.20819942E-03
  -1.46000051       1.35624700E-03
  -1.44000053       1.53760111E-03
  -1.42000055       1.78766646E-03
  -1.40000057       2.07757344E-03
  -1.38000059       2.41630408E-03
  -1.36000061       2.83234264E-03
  -1.34000063       3.24758631E-03
  -1.32000065       3.64523474E-03
  -1.30000067       4.08168184E-03
  -1.28000069       4.54417942E-03
  -1.26000071       5.03982371E-03
  -1.24000072       5.68173733E-03
  -1.22000074       6.48689922E-03
  -1.20000076       7.31828297E-03
  -1.18000078       8.18839576E-03
  -1.16000080       9.07965843E-03
  -1.14000082       9.83893313E-03
  -1.12000084       1.06951520E-02
  -1.10000086       1.17950747E-02
  -1.08000088       1.29939700E-02
  -1.06000090       1.44042568E-02
  -1.04000092       1.57689434E-02
  -1.02000093       1.69583578E-02
  -1.00000095       1.81685053E-02
 -0.980000973       1.93345062E-02
 -0.960000992       2.10715178E-02
 -0.940001011       2.28086710E-02
 -0.920001030       2.41363309E-02
 -0.900001049       2.59902067E-02
 -0.880001068       2.68258378E-02
 -0.860001087       2.81516779E-02
 -0.840001106       3.07629034E-02
 -0.820001125       3.15392762E-02
 -0.800001144       3.35368887E-02
 -0.780001163       3.49129587E-02
 -0.760001183       3.46278287E-02
 -0.740001202       3.81602496E-02
 -0.720001221       3.84112149E-02
 -0.700001240       3.88839245E-02
 -0.680001259       4.22566347E-02
 -0.660001278       3.89356837E-02
 -0.640001297       4.31939326E-02
 -0.620001316       4.50318493E-02
 -0.600001335       3.95894609E-02
 -0.580001354       4.76701930E-02
 -0.560001373       4.25166488E-02
 -0.540001392       4.15807664E-02
 -0.520001411       5.17447889E-02
 -0.500001431       3.67086269E-02
 -0.480001420       4.66788001E-02
 -0.460001409       4.95453924E-02
 -0.440001398       3.22103053E-02
 -0.420001388       5.52600101E-02
 -0.400001377       3.79932895E-02
 -0.380001366       3.47950943E-02
 -0.360001355       6.08464219E-02
 -0.340001345       2.20595114E-02
 -0.320001334       4.89744693E-02
 -0.300001323       5.36447801E-02
 -0.280001312       1.36200031E-02
 -0.260001302       7.03883171E-02
 -0.240001306       3.10659409E-02
 -0.220001310       2.68160701E-02
 -0.200001314       8.40772688E-02
 -0.180001318       5.92513056E-03
 -0.160001323       6.60761297E-02
 -0.140001327       7.52055570E-02
 -0.120001331       3.67493555E-03
 -0.100001335      0.117783189    
  -8.00013393E-02   4.57989201E-02
  -6.00013398E-02   4.73411381E-02
  -4.00013402E-02  0.155274272    
  -2.00013407E-02   2.33116578E-02
  -1.34110451E-06  0.134804100    
   1.99986584E-02  0.199152678    
   3.99986580E-02  0.225678876    
   5.99986576E-02  0.265960932    
   7.99986571E-02  0.306800723    
   9.99986529E-02  0.351194233    
  0.119998649      0.402453840    
  0.139998645      0.451976836    
  0.159998640      0.506915927    
  0.179998636      0.565593541    
  0.199998632      0.621761858    
  0.219998628      0.682665646    
  0.239998624      0.745523155    
  0.259998620      0.804401696    
  0.279998630      0.865807593    
  0.299998641      0.927959025    
  0.319998652      0.984734118    
  0.339998662       1.04062009    
  0.359998673       1.09659386    
  0.379998684       1.14596415    
  0.399998695       1.19047213    
  0.419998705       1.23377764    
  0.439998716       1.27095985    
  0.459998727       1.29981148    
  0.479998738       1.32491004    
  0.499998748       1.34576416    
  0.519998729       1.35770547    
  0.539998710       1.36179483    
  0.559998691       1.36222327    
  0.579998672       1.35695601    
  0.599998653       1.34265721    
  0.619998634       1.32125354    
  0.639998615       1.29672182    
  0.659998596       1.26768064    
  0.679998577       1.23150623    
  0.699998558       1.18960321    
  0.719998538       1.14530146    
  0.739998519       1.09946215    
  0.759998500       1.04979002    
  0.779998481      0.996109962    
  0.799998462      0.940847695    
  0.819998443      0.886053860    
  0.839998424      0.831357777    
  0.859998405      0.775758684    
  0.879998386      0.719600618    
  0.899998367      0.664653599    
  0.919998348      0.612005293    
  0.939998329      0.561533988    
  0.959998310      0.512591481    
  0.979998291      0.465301871    
  0.999998271      0.420253932    
   1.01999831      0.378287047    
   1.03999829      0.339337558    
   1.05999827      0.303142309    
   1.07999825      0.269342065    
   1.09999824      0.238035321    
   1.11999822      0.209308416    
   1.13999820      0.183332562    
   1.15999818      0.160018191    
   1.17999816      0.139116526    
   1.19999814      0.120517612    
   1.21999812      0.103948794    
   1.23999810       8.92176479E-02
   1.25999808       7.61188045E-02
   1.27999806       6.45440295E-02
   1.29999804       5.44048995E-02
   1.31999803       4.56994027E-02
   1.33999801       3.83799300E-02
   1.35999799       3.22361290E-02
   1.37999797       2.70332191E-02
   1.39999795       2.25374252E-02
   1.41999793       1.85956769E-02
   1.43999791       1.51632596E-02
   1.45999789       1.22377817E-02
   1.47999787       9.79184825E-03
   1.49999785       7.79820513E-03
   1.51999784       6.21000817E-03
   1.53999782       4.96775750E-03
   1.55999780       4.01045056E-03
   1.57999778       3.25926160E-03
   1.59999776       2.64284760E-03
   1.61999774       2.11417838E-03
   1.63999772       1.66035281E-03
   1.65999770       1.28637790E-03
   1.67999768       9.85658378E-04
   1.69999766       7.46828504E-04
   1.71999764       5.58222004E-04
   1.73999763       4.11272049E-04
   1.75999761       3.00830754E-04
   1.77999759       2.22868039E-04
   1.79999757       1.70290208E-04
   1.81999755       1.34046437E-04
   1.83999753       1.08264692E-04
   1.85999751       8.66810151E-05
   1.87999749       6.93655165E-05
   1.89999747       5.69629374E-05
   1.91999745       4.90802340E-05
   1.93999743       4.29866195E-05
   1.95999742       3.66938075E-05
   1.97999740       3.02527405E-05
   1.99999738       2.47905336E-05
   2.01999736       2.12313662E-05
   2.03999734       1.92514744E-05
   2.05999732       1.71767879E-05
   2.07999730       1.40134189E-05
   2.09999728       1.11820809E-05
   2.11999726       9.83153404E-06
   2.13999724       9.55806081E-06
   2.15999722       8.70814711E-06
   2.17999721       6.94752043E-06
   2.19999719       5.39255461E-06
   2.21999717       4.76915784E-06
   2.23999715       4.54040082E-06
   2.25999713       4.38218149E-06
   2.27999711       3.71695774E-06
   2.29999709       2.55361942E-06
   2.31999707       1.94592644E-06
   2.33999705       2.23406118E-06
   2.35999703       2.07873563E-06
   2.37999701       1.22243489E-06
   2.39999700       7.78856929E-07
   2.41999698       9.20739183E-07
   2.43999696       8.85519796E-07
   2.45999694       5.38394772E-07
   2.47999692       3.63727281E-07
   2.49999690       4.71912614E-07
   2.51999688       4.01786991E-07
   2.53999686       2.22778681E-07
   2.55999684       3.19016664E-07
   2.57999682       6.69975520E-07
   2.59999681       7.03162243E-07
   2.61999679       6.44121712E-07
   2.63999677       8.72302962E-07
   2.65999675       1.11692520E-06
   2.67999673       1.07883045E-06
   2.69999671       1.10909605E-06
   2.71999669       1.14268039E-06
   2.73999667       1.13543035E-06
   2.75999665       1.10914982E-06
   2.77999663       1.14626607E-06
   2.79999661       8.31061186E-07
   2.81999660       5.31850787E-07
   2.83999658       3.94367788E-07
   2.85999656       2.61954085E-07
   2.87999654       3.70055702E-08
   2.89999652       1.46560417E-08
   2.91999650       1.98652756E-07
   2.93999648       5.99961254E-07
   2.95999646       1.00222326E-06
   2.97999644       1.80749555E-06
   2.99999642       3.28529950E-06
   3.01999640       5.16933687E-06
   3.03999639       7.15538772E-06
   3.05999637       8.69259384E-06
   3.07999635       9.79683500E-06
   3.09999633       1.19460910E-05
