  -2.00000000       1.11114032E-05
  -1.98000002       1.13245351E-05
  -1.96000004       1.24361595E-05
  -1.94000006       1.55965645E-05
  -1.92000008       2.23625248E-05
  -1.90000010       3.11566037E-05
  -1.88000011       4.02141886E-05
  -1.86000013       4.75352208E-05
  -1.84000015       5.19770838E-05
  -1.82000017       6.24345994E-05
  -1.80000019       8.90776282E-05
  -1.78000021       1.22785685E-04
  -1.76000023       1.44907550E-04
  -1.74000025       1.59479969E-04
  -1.72000027       1.91583837E-04
  -1.70000029       2.51715770E-04
  -1.68000031       3.12767574E-04
  -1.66000032       3.58487770E-04
  -1.64000034       4.21748875E-04
  -1.62000036       5.13253617E-04
  -1.60000038       5.91389602E-04
  -1.58000040       6.65162341E-04
  -1.56000042       7.68598344E-04
  -1.54000044       8.77429673E-04
  -1.52000046       9.84339276E-04
  -1.50000048       1.12119631E-03
  -1.48000050       1.29934703E-03
  -1.46000051       1.50642858E-03
  -1.44000053       1.74786162E-03
  -1.42000055       2.04716553E-03
  -1.40000057       2.36891187E-03
  -1.38000059       2.68839137E-03
  -1.36000061       3.05490242E-03
  -1.34000063       3.43440729E-03
  -1.32000065       3.81528656E-03
  -1.30000067       4.29778406E-03
  -1.28000069       4.88777133E-03
  -1.26000071       5.52426232E-03
  -1.24000072       6.26196293E-03
  -1.22000074       7.07302941E-03
  -1.20000076       7.80200213E-03
  -1.18000078       8.54929909E-03
  -1.16000080       9.39484686E-03
  -1.14000082       1.02839386E-02
  -1.12000084       1.13864643E-02
  -1.10000086       1.26509238E-02
  -1.08000088       1.38839772E-02
  -1.06000090       1.50837777E-02
  -1.04000092       1.61844753E-02
  -1.02000093       1.74420327E-02
  -1.00000095       1.88502669E-02
 -0.980000973       2.03444120E-02
 -0.960000992       2.22093184E-02
 -0.940001011       2.34589186E-02
 -0.920001030       2.45895591E-02
 -0.900001049       2.64186859E-02
 -0.880001068       2.74594352E-02
 -0.860001087       2.94899028E-02
 -0.840001106       3.15746851E-02
 -0.820001125       3.18120308E-02
 -0.800001144       3.39679755E-02
 -0.780001163       3.49994376E-02
 -0.760001183       3.58017050E-02
 -0.740001202       3.90998125E-02
 -0.720001221       3.79085280E-02
 -0.700001240       3.94284874E-02
 -0.680001259       4.20934334E-02
 -0.660001278       3.94278504E-02
 -0.640001297       4.45495062E-02
 -0.620001316       4.32074554E-02
 -0.600001335       4.00029235E-02
 -0.580001354       4.83937040E-02
 -0.560001373       4.10935618E-02
 -0.540001392       4.32382785E-02
 -0.520001411       4.96196970E-02
 -0.500001431       3.59139405E-02
 -0.480001420       4.93682474E-02
 -0.460001409       4.57027666E-02
 -0.440001398       3.29845920E-02
 -0.420001388       5.56375422E-02
 -0.400001377       3.44578363E-02
 -0.380001366       3.81544232E-02
 -0.360001355       5.69804460E-02
 -0.340001345       2.06559319E-02
 -0.320001334       5.27461879E-02
 -0.300001323       4.69740890E-02
 -0.280001312       1.55687761E-02
 -0.260001302       7.06603527E-02
 -0.240001306       2.52425354E-02
 -0.220001310       3.07950955E-02
 -0.200001314       7.92423561E-02
 -0.180001318       3.98677960E-03
 -0.160001323       6.81062266E-02
 -0.140001327       6.78427741E-02
 -0.120001331       5.07242046E-03
 -0.100001335      0.114602506    
  -8.00013393E-02   4.03923579E-02
  -6.00013398E-02   4.74269129E-02
  -4.00013402E-02  0.147867218    
  -2.00013407E-02   2.11950839E-02
  -1.34110451E-06  0.128851190    
   1.99986584E-02  0.190154910    
   3.99986580E-02  0.216942728    
   5.99986576E-02  0.252932638    
   7.99986571E-02  0.295244485    
   9.99986529E-02  0.336914033    
  0.119998649      0.384838492    
  0.139998645      0.436699778    
  0.159998640      0.487167984    
  0.179998636      0.543742061    
  0.199998632      0.602572143    
  0.219998628      0.658595741    
  0.239998624      0.719755054    
  0.259998620      0.782101393    
  0.279998630      0.839551628    
  0.299998641      0.899411857    
  0.319998652      0.960616648    
  0.339998662       1.01494062    
  0.359998673       1.06757295    
  0.379998684       1.12138438    
  0.399998695       1.16821790    
  0.419998705       1.20818460    
  0.439998716       1.24753475    
  0.459998727       1.28228986    
  0.479998738       1.30716288    
  0.499998748       1.32680559    
  0.519998729       1.34421444    
  0.539998710       1.35359812    
  0.559998691       1.35332084    
  0.579998672       1.34856963    
  0.599998653       1.34059238    
  0.619998634       1.32429290    
  0.639998615       1.29941618    
  0.659998596       1.27070642    
  0.679998577       1.23980391    
  0.699998558       1.20325160    
  0.719998538       1.15950227    
  0.739998519       1.11264658    
  0.759998500       1.06549764    
  0.779998481       1.01658368    
  0.799998462      0.963522375    
  0.819998443      0.907492518    
  0.839998424      0.851836085    
  0.859998405      0.798012376    
  0.879998386      0.744529366    
  0.899998367      0.690120876    
  0.919998348      0.635676324    
  0.939998329      0.583382726    
  0.959998310      0.534337223    
  0.979998291      0.487980247    
  0.999998271      0.443065733    
   1.01999831      0.399619639    
   1.03999829      0.358411402    
   1.05999827      0.320501268    
   1.07999825      0.286010027    
   1.09999824      0.254515707    
   1.11999822      0.225199386    
   1.13999820      0.197871402    
   1.15999818      0.172698990    
   1.17999816      0.150035635    
   1.19999814      0.130184621    
   1.21999812      0.112916328    
   1.23999810       9.77516025E-02
   1.25999808       8.41314569E-02
   1.27999806       7.17510357E-02
   1.29999804       6.05286211E-02
   1.31999803       5.06926998E-02
   1.33999801       4.24089320E-02
   1.35999799       3.56095545E-02
   1.37999797       3.00494339E-02
   1.39999795       2.53549498E-02
   1.41999793       2.12382283E-02
   1.43999791       1.75658893E-02
   1.45999789       1.43052377E-02
   1.47999787       1.14648286E-02
   1.49999785       9.07391869E-03
   1.51999784       7.14073330E-03
   1.53999782       5.64370304E-03
   1.55999780       4.52683214E-03
   1.57999778       3.69570660E-03
   1.59999776       3.04013817E-03
   1.61999774       2.48455838E-03
   1.63999772       2.00318126E-03
   1.65999770       1.59599795E-03
   1.67999768       1.25674263E-03
   1.69999766       9.72117239E-04
   1.71999764       7.34964677E-04
   1.73999763       5.39988803E-04
   1.75999761       3.89956956E-04
   1.77999759       2.81741202E-04
   1.79999757       2.06011726E-04
   1.81999755       1.53184694E-04
   1.83999753       1.15782750E-04
   1.85999751       8.75477781E-05
   1.87999749       6.70686204E-05
   1.89999747       5.37977394E-05
   1.91999745       4.51308479E-05
   1.93999743       3.84619598E-05
   1.95999742       3.19956016E-05
   1.97999740       2.64369264E-05
   1.99999738       2.19665908E-05
   2.01999736       1.91273411E-05
   2.03999734       1.70714102E-05
   2.05999732       1.48687222E-05
   2.07999730       1.17202426E-05
   2.09999728       9.06693367E-06
   2.11999726       8.16033571E-06
   2.13999724       8.10766051E-06
   2.15999722       7.05417369E-06
   2.17999721       5.08934681E-06
   2.19999719       3.74106457E-06
   2.21999717       3.51080348E-06
   2.23999715       3.40294628E-06
   2.25999713       2.71434510E-06
   2.27999711       1.84127930E-06
   2.29999709       1.43031104E-06
   2.31999707       1.36055314E-06
   2.33999705       1.17006073E-06
   2.35999703       7.83081589E-07
   2.37999701       5.40756048E-07
   2.39999700       5.90526270E-07
   2.41999698       4.83133817E-07
   2.43999696       3.54988799E-07
   2.45999694       4.36227992E-07
   2.47999692       6.86592273E-07
   2.49999690       7.92238779E-07
   2.51999688       8.36047491E-07
   2.53999686       1.07320648E-06
   2.55999684       1.25398083E-06
   2.57999682       1.17522757E-06
   2.59999681       1.35254788E-06
   2.61999679       1.85310034E-06
   2.63999677       2.02656270E-06
   2.65999675       1.63387699E-06
   2.67999673       1.63378650E-06
   2.69999671       1.91454524E-06
   2.71999669       1.57678755E-06
   2.73999667       1.11701797E-06
   2.75999665       1.20738957E-06
   2.77999663       1.04558887E-06
   2.79999661       5.36672189E-07
   2.81999660       3.22337314E-07
   2.83999658       2.27074906E-07
   2.85999656       2.23054855E-07
   2.87999654       5.34370827E-07
   2.89999652       9.70014980E-07
   2.91999650       2.08404663E-06
   2.93999648       3.37126630E-06
   2.95999646       4.07559492E-06
   2.97999644       5.94502126E-06
   2.99999642       8.36489016E-06
   3.01999640       1.03596740E-05
   3.03999639       1.35472519E-05
   3.05999637       1.54839126E-05
   3.07999635       1.55096277E-05
   3.09999633       1.52131524E-05
