  -2.00000000       9.81967150E-06
  -1.98000002       9.92612240E-06
  -1.96000004       1.06809139E-05
  -1.94000006       1.26967034E-05
  -1.92000008       1.85194876E-05
  -1.90000010       2.82262299E-05
  -1.88000011       4.08630258E-05
  -1.86000013       5.36726147E-05
  -1.84000015       6.14904711E-05
  -1.82000017       6.91717942E-05
  -1.80000019       9.18491860E-05
  -1.78000021       1.30933389E-04
  -1.76000023       1.66794125E-04
  -1.74000025       1.88201477E-04
  -1.72000027       2.12549494E-04
  -1.70000029       2.66453775E-04
  -1.68000031       3.35923309E-04
  -1.66000032       3.86174739E-04
  -1.64000034       4.36009112E-04
  -1.62000036       5.19096327E-04
  -1.60000038       6.01197418E-04
  -1.58000040       6.71620073E-04
  -1.56000042       7.73845764E-04
  -1.54000044       8.96328653E-04
  -1.52000046       1.02003908E-03
  -1.50000048       1.17448578E-03
  -1.48000050       1.37333956E-03
  -1.46000051       1.59594906E-03
  -1.44000053       1.83953112E-03
  -1.42000055       2.12828093E-03
  -1.40000057       2.43591936E-03
  -1.38000059       2.73858430E-03
  -1.36000061       3.09987529E-03
  -1.34000063       3.50358849E-03
  -1.32000065       3.92619101E-03
  -1.30000067       4.45786212E-03
  -1.28000069       5.08870836E-03
  -1.26000071       5.72917471E-03
  -1.24000072       6.43307390E-03
  -1.22000074       7.19715189E-03
  -1.20000076       7.90379383E-03
  -1.18000078       8.68162513E-03
  -1.16000080       9.60220676E-03
  -1.14000082       1.05818771E-02
  -1.12000084       1.17147751E-02
  -1.10000086       1.29178865E-02
  -1.08000088       1.40767200E-02
  -1.06000090       1.52202966E-02
  -1.04000092       1.63739286E-02
  -1.02000093       1.77853815E-02
  -1.00000095       1.92449465E-02
 -0.980000973       2.07095668E-02
 -0.960000992       2.24397499E-02
 -0.940001011       2.35394295E-02
 -0.920001030       2.48197597E-02
 -0.900001049       2.67753787E-02
 -0.880001068       2.78477836E-02
 -0.860001087       2.98701730E-02
 -0.840001106       3.15938890E-02
 -0.820001125       3.18883955E-02
 -0.800001144       3.43127660E-02
 -0.780001163       3.52333486E-02
 -0.760001183       3.61902080E-02
 -0.740001202       3.90803926E-02
 -0.720001221       3.77063155E-02
 -0.700001240       3.98891903E-02
 -0.680001259       4.21489961E-02
 -0.660001278       3.95340770E-02
 -0.640001297       4.46643494E-02
 -0.620001316       4.26139794E-02
 -0.600001335       4.05678116E-02
 -0.580001354       4.84962165E-02
 -0.560001373       4.03654501E-02
 -0.540001392       4.37599607E-02
 -0.520001411       4.90085818E-02
 -0.500001431       3.59304398E-02
 -0.480001420       4.99021336E-02
 -0.460001409       4.41538915E-02
 -0.440001398       3.36946361E-02
 -0.420001388       5.56913875E-02
 -0.400001377       3.30271535E-02
 -0.380001366       3.92318964E-02
 -0.360001355       5.57643585E-02
 -0.340001345       2.03999653E-02
 -0.320001334       5.35724871E-02
 -0.300001323       4.46963422E-02
 -0.280001312       1.66543983E-02
 -0.260001302       7.03447685E-02
 -0.240001306       2.32074112E-02
 -0.220001310       3.23212147E-02
 -0.200001314       7.74535388E-02
 -0.180001318       3.37901968E-03
 -0.160001323       6.85594007E-02
 -0.140001327       6.54112175E-02
 -0.120001331       5.74535131E-03
 -0.100001335      0.112991184    
  -8.00013393E-02   3.86610478E-02
  -6.00013398E-02   4.77828495E-02
  -4.00013402E-02  0.144728199    
  -2.00013407E-02   2.03993283E-02
  -1.34110451E-06  0.127240583    
   1.99986584E-02  0.186501801    
   3.99986580E-02  0.213651970    
   5.99986576E-02  0.248925209    
   7.99986571E-02  0.289959669    
   9.99986529E-02  0.332527518    
  0.119998649      0.378521919    
  0.139998645      0.430016696    
  0.159998640      0.481264710    
  0.179998636      0.535388410    
  0.199998632      0.594465673    
  0.219998628      0.651309311    
  0.239998624      0.709875286    
  0.259998620      0.772576809    
  0.279998630      0.831437469    
  0.299998641      0.888931155    
  0.319998652      0.949938595    
  0.339998662       1.00653732    
  0.359998673       1.05780506    
  0.379998684       1.11037505    
  0.399998695       1.15977037    
  0.419998705       1.20044541    
  0.439998716       1.23793387    
  0.459998727       1.27397346    
  0.479998738       1.30165780    
  0.499998748       1.32078958    
  0.519998729       1.33735240    
  0.539998710       1.34930432    
  0.559998691       1.35141933    
  0.579998672       1.34596276    
  0.599998653       1.33780825    
  0.619998634       1.32426322    
  0.639998615       1.30168545    
  0.659998596       1.27251232    
  0.679998577       1.24121749    
  0.699998558       1.20678818    
  0.719998538       1.16548562    
  0.739998519       1.11876690    
  0.759998500       1.07069838    
  0.779998481       1.02245736    
  0.799998462      0.971494555    
  0.819998443      0.916604280    
  0.839998424      0.860263586    
  0.859998405      0.805552006    
  0.879998386      0.752528429    
  0.899998367      0.699398696    
  0.919998348      0.645480335    
  0.939998329      0.592411280    
  0.959998310      0.542260230    
  0.979998291      0.495565563    
  0.999998271      0.451104343    
   1.01999831      0.408036470    
   1.03999829      0.366453111    
   1.05999827      0.327545792    
   1.07999825      0.292092174    
   1.09999824      0.260165364    
   1.11999822      0.230867773    
   1.13999820      0.203577891    
   1.15999818      0.178082213    
   1.17999816      0.154713258    
   1.19999814      0.134035632    
   1.21999812      0.116140835    
   1.23999810      0.100679018    
   1.25999808       8.69975314E-02
   1.27999806       7.45792612E-02
   1.29999804       6.31631538E-02
   1.31999803       5.29529117E-02
   1.33999801       4.41992693E-02
   1.35999799       3.69733907E-02
   1.37999797       3.11249848E-02
   1.39999795       2.62883436E-02
   1.41999793       2.21292600E-02
   1.43999791       1.84471570E-02
   1.45999789       1.51501354E-02
   1.47999787       1.22237802E-02
   1.49999785       9.70182382E-03
   1.51999784       7.61730131E-03
   1.53999782       5.97974006E-03
   1.55999780       4.75340849E-03
   1.57999778       3.85229569E-03
   1.59999776       3.15861939E-03
   1.61999774       2.58578174E-03
   1.63999772       2.09896895E-03
   1.65999770       1.69031369E-03
   1.67999768       1.34953402E-03
   1.69999766       1.05968048E-03
   1.71999764       8.12913931E-04
   1.73999763       6.04856003E-04
   1.75999761       4.41687502E-04
   1.77999759       3.21580592E-04
   1.79999757       2.35237443E-04
   1.81999755       1.73593740E-04
   1.83999753       1.28856729E-04
   1.85999751       9.54451389E-05
   1.87999749       7.14572598E-05
   1.89999747       5.59204564E-05
   1.91999745       4.54770270E-05
   1.93999743       3.74880583E-05
   1.95999742       3.02634526E-05
   1.97999740       2.44864495E-05
   1.99999738       2.00792274E-05
   2.01999736       1.72310647E-05
   2.03999734       1.49581920E-05
   2.05999732       1.26119430E-05
   2.07999730       9.72506950E-06
   2.09999728       7.44144290E-06
   2.11999726       6.60668820E-06
   2.13999724       6.34474327E-06
   2.15999722       5.30904617E-06
   2.17999721       3.68329006E-06
   2.19999719       2.66681445E-06
   2.21999717       2.42977057E-06
   2.23999715       2.26410953E-06
   2.25999713       1.60344018E-06
   2.27999711       9.38102175E-07
   2.29999709       7.77661796E-07
   2.31999707       7.89295314E-07
   2.33999705       4.98133772E-07
   2.35999703       2.32085441E-07
   2.37999701       2.45692462E-07
   2.39999700       3.61254990E-07
   2.41999698       2.09523364E-07
   2.43999696       1.76536560E-07
   2.45999694       3.91409515E-07
   2.47999692       6.38557538E-07
   2.49999690       6.31514524E-07
   2.51999688       7.98143276E-07
   2.53999686       1.24954215E-06
   2.55999684       1.31570516E-06
   2.57999682       1.03776767E-06
   2.59999681       1.26545956E-06
   2.61999679       1.79653853E-06
   2.63999677       1.79969459E-06
   2.65999675       1.37876282E-06
   2.67999673       1.41262990E-06
   2.69999671       1.53272697E-06
   2.71999669       1.21212236E-06
   2.73999667       8.72658518E-07
   2.75999665       8.02025568E-07
   2.77999663       5.54555697E-07
   2.79999661       3.50433083E-07
   2.81999660       3.49256396E-07
   2.83999658       3.24229973E-07
   2.85999656       5.34091498E-07
   2.87999654       9.59552494E-07
   2.89999652       1.60219861E-06
   2.91999650       3.13940154E-06
   2.93999648       4.62313392E-06
   2.95999646       5.37384176E-06
   2.97999644       7.25363589E-06
   2.99999642       9.31483919E-06
   3.01999640       1.08014874E-05
   3.03999639       1.35427363E-05
   3.05999637       1.51011427E-05
   3.07999635       1.48697236E-05
   3.09999633       1.39461245E-05
