  -2.00000000       6.67088170E-06
  -1.98000002       8.63950299E-06
  -1.96000004       1.15923876E-05
  -1.94000006       1.44099658E-05
  -1.92000008       1.92760726E-05
  -1.90000010       2.84160651E-05
  -1.88000011       4.44500110E-05
  -1.86000013       6.86953572E-05
  -1.84000015       9.28213703E-05
  -1.82000017       1.06733743E-04
  -1.80000019       1.18861331E-04
  -1.78000021       1.48417079E-04
  -1.76000023       1.96615467E-04
  -1.74000025       2.40410751E-04
  -1.72000027       2.61055626E-04
  -1.70000029       2.85153161E-04
  -1.68000031       3.45365057E-04
  -1.66000032       4.10278735E-04
  -1.64000034       4.50676656E-04
  -1.62000036       5.15017426E-04
  -1.60000038       6.13286218E-04
  -1.58000040       7.06124527E-04
  -1.56000042       8.24048300E-04
  -1.54000044       9.83506441E-04
  -1.52000046       1.14645914E-03
  -1.50000048       1.32073334E-03
  -1.48000050       1.52916531E-03
  -1.46000051       1.74610340E-03
  -1.44000053       1.96200423E-03
  -1.42000055       2.21802271E-03
  -1.40000057       2.51813070E-03
  -1.38000059       2.84149055E-03
  -1.36000061       3.25698522E-03
  -1.34000063       3.75413732E-03
  -1.32000065       4.25804686E-03
  -1.30000067       4.82473150E-03
  -1.28000069       5.43786213E-03
  -1.26000071       6.01048442E-03
  -1.24000072       6.64525991E-03
  -1.22000074       7.40519445E-03
  -1.20000076       8.20966624E-03
  -1.18000078       9.13677365E-03
  -1.16000080       1.01682069E-02
  -1.14000082       1.11723579E-02
  -1.12000084       1.21870348E-02
  -1.10000086       1.32382074E-02
  -1.08000088       1.44045921E-02
  -1.06000090       1.56619400E-02
  -1.04000092       1.70350615E-02
  -1.02000093       1.85837261E-02
  -1.00000095       1.98483057E-02
 -0.980000973       2.11394969E-02
 -0.960000992       2.27519553E-02
 -0.940001011       2.39284690E-02
 -0.920001030       2.56349202E-02
 -0.900001049       2.75201034E-02
 -0.880001068       2.83423532E-02
 -0.860001087       3.02666854E-02
 -0.840001106       3.16679254E-02
 -0.820001125       3.25027369E-02
 -0.800001144       3.51488926E-02
 -0.780001163       3.54135633E-02
 -0.760001183       3.65857333E-02
 -0.740001202       3.89809236E-02
 -0.720001221       3.78615931E-02
 -0.700001240       4.09540758E-02
 -0.680001259       4.17494886E-02
 -0.660001278       3.95536348E-02
 -0.640001297       4.49687615E-02
 -0.620001316       4.19309400E-02
 -0.600001335       4.17091921E-02
 -0.580001354       4.78782840E-02
 -0.560001373       3.91792841E-02
 -0.540001392       4.52454276E-02
 -0.520001411       4.76440452E-02
 -0.500001431       3.58399674E-02
 -0.480001420       5.04792444E-02
 -0.460001409       4.16595526E-02
 -0.440001398       3.54878828E-02
 -0.420001388       5.47994897E-02
 -0.400001377       3.05289123E-02
 -0.380001366       4.17771861E-02
 -0.360001355       5.30414507E-02
 -0.340001345       1.99526902E-02
 -0.320001334       5.48534803E-02
 -0.300001323       4.07090858E-02
 -0.280001312       1.89719256E-02
 -0.260001302       6.87627345E-02
 -0.240001306       1.99148338E-02
 -0.220001310       3.57098468E-02
 -0.200001314       7.29901716E-02
 -0.180001318       2.56964331E-03
 -0.160001323       7.00065568E-02
 -0.140001327       6.00101240E-02
 -0.120001331       6.96813408E-03
 -0.100001335      0.110608645    
  -8.00013393E-02   3.48442793E-02
  -6.00013398E-02   4.80151922E-02
  -4.00013402E-02  0.139601797    
  -2.00013407E-02   1.85314715E-02
  -1.34110451E-06  0.123327129    
   1.99986584E-02  0.180729449    
   3.99986580E-02  0.205888420    
   5.99986576E-02  0.241907060    
   7.99986571E-02  0.280020416    
   9.99986529E-02  0.322385520    
  0.119998649      0.368140817    
  0.139998645      0.416041136    
  0.159998640      0.468587786    
  0.179998636      0.521459758    
  0.199998632      0.576931894    
  0.219998628      0.636012733    
  0.239998624      0.693251848    
  0.259998620      0.752138853    
  0.279998630      0.813824356    
  0.299998641      0.871337771    
  0.319998652      0.928049564    
  0.339998662      0.987061560    
  0.359998673       1.04098511    
  0.379998684       1.08975708    
  0.399998695       1.13943708    
  0.419998705       1.18523693    
  0.439998716       1.22198689    
  0.459998727       1.25554049    
  0.479998738       1.28759754    
  0.499998748       1.31094038    
  0.519998729       1.32553875    
  0.539998710       1.33748066    
  0.559998691       1.34538281    
  0.579998672       1.34326482    
  0.599998653       1.33340013    
  0.619998634       1.32079506    
  0.639998615       1.30392182    
  0.659998596       1.27820158    
  0.679998577       1.24559844    
  0.699998558       1.21122825    
  0.719998538       1.17443085    
  0.739998519       1.13178122    
  0.759998500       1.08341169    
  0.779998481       1.03361714    
  0.799998462      0.984375477    
  0.819998443      0.933381855    
  0.839998424      0.878720939    
  0.859998405      0.822408676    
  0.879998386      0.767760098    
  0.899998367      0.715602160    
  0.919998348      0.664039552    
  0.939998329      0.611724377    
  0.959998310      0.559897780    
  0.979998291      0.510981023    
  0.999998271      0.465826184    
   1.01999831      0.423583448    
   1.03999829      0.382702708    
   1.05999827      0.343031257    
   1.07999825      0.305567861    
   1.09999824      0.271680951    
   1.11999822      0.241456419    
   1.13999820      0.214201689    
   1.15999818      0.188822299    
   1.17999816      0.164883018    
   1.19999814      0.142830804    
   1.21999812      0.123305842    
   1.23999810      0.106592029    
   1.25999808       9.23320428E-02
   1.27999806       7.98215717E-02
   1.29999804       6.83567673E-02
   1.31999803       5.78130111E-02
   1.33999801       4.83637080E-02
   1.35999799       4.02643941E-02
   1.37999797       3.36200856E-02
   1.39999795       2.82267034E-02
   1.41999793       2.37836931E-02
   1.43999791       2.00161934E-02
   1.45999789       1.67017579E-02
   1.47999787       1.37237404E-02
   1.49999785       1.10600023E-02
   1.51999784       8.74894764E-03
   1.53999782       6.84921257E-03
   1.55999780       5.37579739E-03
   1.57999778       4.28001536E-03
   1.59999776       3.45100230E-03
   1.61999774       2.79488368E-03
   1.63999772       2.26547453E-03
   1.65999770       1.83876266E-03
   1.67999768       1.49287202E-03
   1.69999766       1.20024860E-03
   1.71999764       9.45980486E-04
   1.73999763       7.24815356E-04
   1.75999761       5.46224008E-04
   1.77999759       4.10153036E-04
   1.79999757       3.07627517E-04
   1.81999755       2.30657184E-04
   1.83999753       1.71152802E-04
   1.85999751       1.26360057E-04
   1.87999749       9.38686644E-05
   1.89999747       7.19105155E-05
   1.91999745       5.59614164E-05
   1.93999743       4.34846042E-05
   1.95999742       3.32200470E-05
   1.97999740       2.56181665E-05
   1.99999738       2.02542979E-05
   2.01999736       1.65722413E-05
   2.03999734       1.34077809E-05
   2.05999732       1.04191595E-05
   2.07999730       7.65572531E-06
   2.09999728       5.73268244E-06
   2.11999726       4.82248424E-06
   2.13999724       4.18424497E-06
   2.15999722       3.21081234E-06
   2.17999721       2.05413198E-06
   2.19999719       1.40088457E-06
   2.21999717       1.13561350E-06
   2.23999715       9.73957526E-07
   2.25999713       5.55882878E-07
   2.27999711       2.03414601E-07
   2.29999709       1.23649713E-07
   2.31999707       1.16865948E-07
   2.33999705       6.80498644E-08
   2.35999703       9.27065287E-08
   2.37999701       5.20833190E-08
   2.39999700       6.33011652E-08
   2.41999698       1.95981400E-07
   2.43999696       3.76485843E-07
   2.45999694       4.35610332E-07
   2.47999692       4.37153915E-07
   2.49999690       4.74337696E-07
   2.51999688       7.08861364E-07
   2.53999686       1.01789306E-06
   2.55999684       9.30882777E-07
   2.57999682       8.02956436E-07
   2.59999681       8.70499434E-07
   2.61999679       9.46105899E-07
   2.63999677       7.79402797E-07
   2.65999675       7.19598688E-07
   2.67999673       6.68714222E-07
   2.69999671       4.54370962E-07
   2.71999669       3.76422349E-07
   2.73999667       3.85349438E-07
   2.75999665       1.58362212E-07
   2.77999663       1.20240827E-07
   2.79999661       3.57504831E-07
   2.81999660       6.62831553E-07
   2.83999658       1.05850404E-06
   2.85999656       1.62192396E-06
   2.87999654       1.99568422E-06
   2.89999652       2.93487119E-06
   2.91999650       4.44520219E-06
   2.93999648       5.80180358E-06
   2.95999646       6.95962171E-06
   2.97999644       8.08364894E-06
   2.99999642       8.84311248E-06
   3.01999640       9.44377007E-06
   3.03999639       1.04295259E-05
   3.05999637       1.08377326E-05
   3.07999635       1.01131081E-05
   3.09999633       8.75982278E-06
