  -2.00000000       5.23469134E-06
  -1.98000002       6.66143887E-06
  -1.96000004       1.05941954E-05
  -1.94000006       1.72074415E-05
  -1.92000008       2.82233850E-05
  -1.90000010       4.16294861E-05
  -1.88000011       5.31870719E-05
  -1.86000013       6.34334283E-05
  -1.84000015       7.81185736E-05
  -1.82000017       1.05510255E-04
  -1.80000019       1.47317987E-04
  -1.78000021       1.83368640E-04
  -1.76000023       1.96188354E-04
  -1.74000025       2.14114873E-04
  -1.72000027       2.65479088E-04
  -1.70000029       3.17844126E-04
  -1.68000031       3.44024942E-04
  -1.66000032       3.85913445E-04
  -1.64000034       4.61469201E-04
  -1.62000036       5.32568316E-04
  -1.60000038       6.08523493E-04
  -1.58000040       7.23167672E-04
  -1.56000042       8.57107399E-04
  -1.54000044       1.00772933E-03
  -1.52000046       1.18354312E-03
  -1.50000048       1.35829381E-03
  -1.48000050       1.55520614E-03
  -1.46000051       1.77044107E-03
  -1.44000053       1.97793427E-03
  -1.42000055       2.23271269E-03
  -1.40000057       2.54381914E-03
  -1.38000059       2.88501359E-03
  -1.36000061       3.32183344E-03
  -1.34000063       3.83797684E-03
  -1.32000065       4.34707478E-03
  -1.30000067       4.90123639E-03
  -1.28000069       5.49489120E-03
  -1.26000071       6.05380069E-03
  -1.24000072       6.69341441E-03
  -1.22000074       7.48168351E-03
  -1.20000076       8.32898635E-03
  -1.18000078       9.28260759E-03
  -1.16000080       1.03061581E-02
  -1.14000082       1.12801958E-02
  -1.12000084       1.22567760E-02
  -1.10000086       1.33056790E-02
  -1.08000088       1.45236617E-02
  -1.06000090       1.58314817E-02
  -1.04000092       1.72307193E-02
  -1.02000093       1.87474750E-02
  -1.00000095       1.99298132E-02
 -0.980000973       2.12156549E-02
 -0.960000992       2.28661429E-02
 -0.940001011       2.41039172E-02
 -0.920001030       2.58655678E-02
 -0.900001049       2.76391339E-02
 -0.880001068       2.83952206E-02
 -0.860001087       3.03573422E-02
 -0.840001106       3.17646600E-02
 -0.820001125       3.27274501E-02
 -0.800001144       3.52951251E-02
 -0.780001163       3.53702642E-02
 -0.760001183       3.66749354E-02
 -0.740001202       3.90275456E-02
 -0.720001221       3.79818641E-02
 -0.700001240       4.11400683E-02
 -0.680001259       4.15424667E-02
 -0.660001278       3.96149866E-02
 -0.640001297       4.51139398E-02
 -0.620001316       4.17791717E-02
 -0.600001335       4.19068821E-02
 -0.580001354       4.76337038E-02
 -0.560001373       3.90325449E-02
 -0.540001392       4.56559397E-02
 -0.520001411       4.71684411E-02
 -0.500001431       3.58229429E-02
 -0.480001420       5.06487042E-02
 -0.460001409       4.11151946E-02
 -0.440001398       3.58978510E-02
 -0.420001388       5.44231758E-02
 -0.400001377       3.00705060E-02
 -0.380001366       4.24608923E-02
 -0.360001355       5.21939360E-02
 -0.340001345       1.99019164E-02
 -0.320001334       5.52278161E-02
 -0.300001323       3.97039242E-02
 -0.280001312       1.95085779E-02
 -0.260001302       6.83472604E-02
 -0.240001306       1.92022175E-02
 -0.220001310       3.65104564E-02
 -0.200001314       7.18092918E-02
 -0.180001318       2.45281751E-03
 -0.160001323       7.04022944E-02
 -0.140001327       5.86049557E-02
 -0.120001331       7.24302232E-03
 -0.100001335      0.110157393    
  -8.00013393E-02   3.38655077E-02
  -6.00013398E-02   4.79360186E-02
  -4.00013402E-02  0.138529435    
  -2.00013407E-02   1.80974733E-02
  -1.34110451E-06  0.122164458    
   1.99986584E-02  0.179487228    
   3.99986580E-02  0.203993633    
   5.99986576E-02  0.239976630    
   7.99986571E-02  0.277953655    
   9.99986529E-02  0.319561660    
  0.119998649      0.365671128    
  0.139998645      0.412905484    
  0.159998640      0.464982033    
  0.179998636      0.518325031    
  0.199998632      0.572838187    
  0.219998628      0.631668448    
  0.239998624      0.689508498    
  0.259998620      0.747376382    
  0.279998630      0.808809519    
  0.299998641      0.867229939    
  0.319998652      0.923136711    
  0.339998662      0.981580615    
  0.359998673       1.03668201    
  0.379998684       1.08536613    
  0.399998695       1.13406003    
  0.419998705       1.18079114    
  0.439998716       1.21857119    
  0.459998727       1.25131345    
  0.479998738       1.28329635    
  0.499998748       1.30822825    
  0.519998729       1.32331192    
  0.539998710       1.33448374    
  0.559998691       1.34300041    
  0.579998672       1.34253931    
  0.599998653       1.33296859    
  0.619998634       1.31977487    
  0.639998615       1.30362105    
  0.659998596       1.27949333    
  0.679998577       1.24729908    
  0.699998558       1.21237731    
  0.719998538       1.17591441    
  0.739998519       1.13460755    
  0.759998500       1.08700144    
  0.779998481       1.03680336    
  0.799998462      0.987235069    
  0.819998443      0.936924994    
  0.839998424      0.883241892    
  0.859998405      0.827084422    
  0.879998386      0.771845281    
  0.899998367      0.719346344    
  0.919998348      0.668184638    
  0.939998329      0.616460979    
  0.959998310      0.564667940    
  0.979998291      0.515185952    
  0.999998271      0.469471246    
   1.01999831      0.427141130    
   1.03999829      0.386530727    
   1.05999827      0.347005665    
   1.07999825      0.309266776    
   1.09999824      0.274817854    
   1.11999822      0.244107574    
   1.13999820      0.216674909    
   1.15999818      0.191347063    
   1.17999816      0.167444795    
   1.19999814      0.145221233    
   1.21999812      0.125328600    
   1.23999810      0.108205996    
   1.25999808       9.36613306E-02
   1.27999806       8.10404643E-02
   1.29999804       6.95703104E-02
   1.31999803       5.90171963E-02
   1.33999801       4.94780913E-02
   1.35999799       4.12064865E-02
   1.37999797       3.43561582E-02
   1.39999795       2.87790056E-02
   1.41999793       2.42106859E-02
   1.43999791       2.03820709E-02
   1.45999789       1.70497298E-02
   1.47999787       1.40687497E-02
   1.49999785       1.13922441E-02
   1.51999784       9.04809032E-03
   1.53999782       7.09906127E-03
   1.55999780       5.56982169E-03
   1.57999778       4.42199735E-03
   1.59999776       3.55005939E-03
   1.61999774       2.86204834E-03
   1.63999772       2.31182273E-03
   1.65999770       1.87298888E-03
   1.67999768       1.52126676E-03
   1.69999766       1.22649001E-03
   1.71999764       9.71011119E-04
   1.73999763       7.48641032E-04
   1.75999761       5.68458287E-04
   1.77999759       4.30356333E-04
   1.79999757       3.25360597E-04
   1.81999755       2.45611067E-04
   1.83999753       1.83015945E-04
   1.85999751       1.35756592E-04
   1.87999749       1.01426580E-04
   1.89999747       7.79681359E-05
   1.91999745       6.06005524E-05
   1.93999743       4.68502913E-05
   1.95999742       3.56710952E-05
   1.97999740       2.74384965E-05
   1.99999738       2.16798635E-05
   2.01999736       1.76316335E-05
   2.03999734       1.41044648E-05
   2.05999732       1.08166796E-05
   2.07999730       7.93250001E-06
   2.09999728       5.96412565E-06
   2.11999726       4.97282326E-06
   2.13999724       4.23992333E-06
   2.15999722       3.24300413E-06
   2.17999721       2.09170753E-06
   2.19999719       1.43256409E-06
   2.21999717       1.16616275E-06
   2.23999715       1.04145772E-06
   2.25999713       6.51465427E-07
   2.27999711       2.85385852E-07
   2.29999709       1.81925827E-07
   2.31999707       1.85046218E-07
   2.33999705       1.96844169E-07
   2.35999703       2.27797784E-07
   2.37999701       1.05929303E-07
   2.39999700       8.64883916E-08
   2.41999698       2.86473750E-07
   2.43999696       4.73208644E-07
   2.45999694       4.42804719E-07
   2.47999692       3.87198639E-07
   2.49999690       4.75457711E-07
   2.51999688       6.63537548E-07
   2.53999686       8.40168127E-07
   2.55999684       7.65107757E-07
   2.57999682       7.46236196E-07
   2.59999681       7.37804555E-07
   2.61999679       6.77830315E-07
   2.63999677       5.30620753E-07
   2.65999675       5.54587587E-07
   2.67999673       4.71422993E-07
   2.69999671       2.52348713E-07
   2.71999669       2.28072707E-07
   2.73999667       2.74745219E-07
   2.75999665       1.20525428E-07
   2.77999663       2.01822360E-07
   2.79999661       4.38724300E-07
   2.81999660       7.68222606E-07
   2.83999658       1.28693841E-06
   2.85999656       1.85552290E-06
   2.87999654       2.18413811E-06
   2.89999652       3.08293693E-06
   2.91999650       4.32091974E-06
   2.93999648       5.49485094E-06
   2.95999646       6.68963776E-06
   2.97999644       7.49377250E-06
   2.99999642       7.99241934E-06
   3.01999640       8.66301070E-06
   3.03999639       9.74225259E-06
   3.05999637       1.05929785E-05
   3.07999635       1.01504347E-05
   3.09999633       8.08897948E-06
