  -2.00000000       6.17744490E-06
  -1.98000002       8.17997079E-06
  -1.96000004       1.24344333E-05
  -1.94000006       1.91238705E-05
  -1.92000008       3.11857002E-05
  -1.90000010       4.85936944E-05
  -1.88000011       6.62951352E-05
  -1.86000013       8.04898082E-05
  -1.84000015       9.26386347E-05
  -1.82000017       1.11731868E-04
  -1.80000019       1.49942454E-04
  -1.78000021       1.95033019E-04
  -1.76000023       2.16417684E-04
  -1.74000025       2.24300675E-04
  -1.72000027       2.60219997E-04
  -1.70000029       3.15378129E-04
  -1.68000031       3.51087510E-04
  -1.66000032       3.89156980E-04
  -1.64000034       4.64620709E-04
  -1.62000036       5.51984413E-04
  -1.60000038       6.41464430E-04
  -1.58000040       7.65731151E-04
  -1.56000042       9.14792065E-04
  -1.54000044       1.07290212E-03
  -1.52000046       1.24754652E-03
  -1.50000048       1.41530647E-03
  -1.48000050       1.59637618E-03
  -1.46000051       1.80116342E-03
  -1.44000053       2.00739061E-03
  -1.42000055       2.27302243E-03
  -1.40000057       2.61741015E-03
  -1.38000059       3.00059351E-03
  -1.36000061       3.47084203E-03
  -1.34000063       4.00572503E-03
  -1.32000065       4.50309040E-03
  -1.30000067       5.02012577E-03
  -1.28000069       5.58245974E-03
  -1.26000071       6.14221627E-03
  -1.24000072       6.82360260E-03
  -1.22000074       7.68366968E-03
  -1.20000076       8.59931298E-03
  -1.18000078       9.56152938E-03
  -1.16000080       1.05307205E-02
  -1.14000082       1.14437267E-02
  -1.12000084       1.23868817E-02
  -1.10000086       1.34919109E-02
  -1.08000088       1.48340072E-02
  -1.06000090       1.61985103E-02
  -1.04000092       1.75774675E-02
  -1.02000093       1.89866330E-02
  -1.00000095       2.00544838E-02
 -0.980000973       2.14239229E-02
 -0.960000992       2.31860951E-02
 -0.940001011       2.44914796E-02
 -0.920001030       2.62506343E-02
 -0.900001049       2.77659483E-02
 -0.880001068       2.85023283E-02
 -0.860001087       3.06342468E-02
 -0.840001106       3.20433974E-02
 -0.820001125       3.31387334E-02
 -0.800001144       3.54355015E-02
 -0.780001163       3.52629162E-02
 -0.760001183       3.69656384E-02
 -0.740001202       3.91980223E-02
 -0.720001221       3.81842479E-02
 -0.700001240       4.13460732E-02
 -0.680001259       4.11296114E-02
 -0.660001278       3.99091914E-02
 -0.640001297       4.54060286E-02
 -0.620001316       4.13700081E-02
 -0.600001335       4.22157347E-02
 -0.580001354       4.72084358E-02
 -0.560001373       3.89098711E-02
 -0.540001392       4.63515073E-02
 -0.520001411       4.60652709E-02
 -0.500001431       3.59281115E-02
 -0.480001420       5.10551147E-02
 -0.460001409       3.99755910E-02
 -0.440001398       3.66157070E-02
 -0.420001388       5.36837466E-02
 -0.400001377       2.93404367E-02
 -0.380001366       4.37136702E-02
 -0.360001355       5.03620207E-02
 -0.340001345       1.99727379E-02
 -0.320001334       5.60107790E-02
 -0.300001323       3.75812277E-02
 -0.280001312       2.05472242E-02
 -0.260001302       6.76581189E-02
 -0.240001306       1.77900568E-02
 -0.220001310       3.79135497E-02
 -0.200001314       6.96219206E-02
 -0.180001318       2.29023024E-03
 -0.160001323       7.09783211E-02
 -0.140001327       5.59671074E-02
 -0.120001331       7.83452205E-03
 -0.100001335      0.109107487    
  -8.00013393E-02   3.20631862E-02
  -6.00013398E-02   4.77998257E-02
  -4.00013402E-02  0.136270300    
  -2.00013407E-02   1.73700247E-02
  -1.34110451E-06  0.119933501    
   1.99986584E-02  0.176781461    
   3.99986580E-02  0.200658187    
   5.99986576E-02  0.235749707    
   7.99986571E-02  0.274091214    
   9.99986529E-02  0.314136028    
  0.119998649      0.360299706    
  0.139998645      0.407243758    
  0.159998640      0.457673967    
  0.179998636      0.511708677    
  0.199998632      0.565417349    
  0.219998628      0.622717202    
  0.239998624      0.681677401    
  0.259998620      0.738720179    
  0.279998630      0.798539817    
  0.299998641      0.858461738    
  0.319998652      0.914183855    
  0.339998662      0.970692039    
  0.359998673       1.02720535    
  0.379998684       1.07713223    
  0.399998695       1.12395215    
  0.419998705       1.17101967    
  0.439998716       1.21145368    
  0.459998727       1.24382079    
  0.479998738       1.27456176    
  0.499998748       1.30175781    
  0.519998729       1.31910944    
  0.539998710       1.32932484    
  0.559998691       1.33767176    
  0.579998672       1.34011734    
  0.599998653       1.33248520    
  0.619998634       1.31845498    
  0.639998615       1.30243528    
  0.659998596       1.28107953    
  0.679998577       1.25089610    
  0.699998558       1.21543121    
  0.719998538       1.17862678    
  0.739998519       1.13926482    
  0.759998500       1.09390378    
  0.779998481       1.04383051    
  0.799998462      0.993297994    
  0.819998443      0.943392873    
  0.839998424      0.891536117    
  0.859998405      0.836502373    
  0.879998386      0.780645192    
  0.899998367      0.727072597    
  0.919998348      0.676000595    
  0.939998329      0.625357270    
  0.959998310      0.574199557    
  0.979998291      0.524094522    
  0.999998271      0.477159947    
   1.01999831      0.434155613    
   1.03999829      0.393771499    
   1.05999827      0.354701400    
   1.07999825      0.316826433    
   1.09999824      0.281501144    
   1.11999822      0.249712825    
   1.13999820      0.221615925    
   1.15999818      0.196176678    
   1.17999816      0.172380224    
   1.19999814      0.150020510    
   1.21999812      0.129592031    
   1.23999810      0.111705855    
   1.25999808       9.64916572E-02
   1.27999806       8.34903941E-02
   1.29999804       7.19002858E-02
   1.31999803       6.13191910E-02
   1.33999801       5.16721606E-02
   1.35999799       4.31509838E-02
   1.37999797       3.59518975E-02
   1.39999795       3.00156511E-02
   1.41999793       2.51591895E-02
   1.43999791       2.11515967E-02
   1.45999789       1.77344494E-02
   1.47999787       1.47219673E-02
   1.49999785       1.20195281E-02
   1.51999784       9.62525606E-03
   1.53999782       7.59899011E-03
   1.55999780       5.97675936E-03
   1.57999778       4.73601092E-03
   1.59999776       3.78142274E-03
   1.61999774       3.02642770E-03
   1.63999772       2.42753723E-03
   1.65999770       1.95619464E-03
   1.67999768       1.58483151E-03
   1.69999766       1.27932173E-03
   1.71999764       1.01691182E-03
   1.73999763       7.89911544E-04
   1.75999761       6.05979702E-04
   1.77999759       4.64402983E-04
   1.79999757       3.55938013E-04
   1.81999755       2.72331585E-04
   1.83999753       2.05214979E-04
   1.85999751       1.54395340E-04
   1.87999749       1.17503718E-04
   1.89999747       9.16917197E-05
   1.91999745       7.17574439E-05
   1.93999743       5.54342259E-05
   1.95999742       4.23454767E-05
   1.97999740       3.27472226E-05
   1.99999738       2.61339410E-05
   2.01999736       2.12303876E-05
   2.03999734       1.67934431E-05
   2.05999732       1.27137400E-05
   2.07999730       9.48972593E-06
   2.09999728       7.38549534E-06
   2.11999726       6.15154704E-06
   2.13999724       5.10402879E-06
   2.15999722       3.95124698E-06
   2.17999721       2.74472177E-06
   2.19999719       2.03900731E-06
   2.21999717       1.70937949E-06
   2.23999715       1.58416992E-06
   2.25999713       1.13041017E-06
   2.27999711       6.58532997E-07
   2.29999709       5.54048029E-07
   2.31999707       6.15958811E-07
   2.33999705       5.88037153E-07
   2.35999703       5.22703317E-07
   2.37999701       3.21457463E-07
   2.39999700       2.89092895E-07
   2.41999698       4.86445288E-07
   2.43999696       6.04954153E-07
   2.45999694       4.47139172E-07
   2.47999692       3.40940460E-07
   2.49999690       4.78848904E-07
   2.51999688       5.21672405E-07
   2.53999686       4.55870065E-07
   2.55999684       4.32716547E-07
   2.57999682       5.63094261E-07
   2.59999681       4.39534631E-07
   2.61999679       2.41160706E-07
   2.63999677       1.71228137E-07
   2.65999675       2.53059056E-07
   2.67999673       1.61012196E-07
   2.69999671       5.04056175E-08
   2.71999669       7.55250227E-08
   2.73999667       1.20093205E-07
   2.75999665       1.98336252E-07
   2.77999663       4.70740702E-07
   2.79999661       6.04435911E-07
   2.81999660       9.17179818E-07
   2.83999658       1.58245655E-06
   2.85999656       2.09038103E-06
   2.87999654       2.40406666E-06
   2.89999652       3.16071828E-06
   2.91999650       3.86899683E-06
   2.93999648       4.76198693E-06
   2.95999646       6.02695081E-06
   2.97999644       6.32817319E-06
   2.99999642       6.36119148E-06
   3.01999640       6.88859564E-06
   3.03999639       7.60488592E-06
   3.05999637       8.73221870E-06
   3.07999635       9.21440005E-06
   3.09999633       8.25156076E-06
