  -2.00000000       1.10042165E-05
  -1.98000002       1.49637553E-05
  -1.96000004       2.04601420E-05
  -1.94000006       2.61085952E-05
  -1.92000008       3.50963965E-05
  -1.90000010       5.21995717E-05
  -1.88000011       7.62986965E-05
  -1.86000013       1.01069112E-04
  -1.84000015       1.18487893E-04
  -1.82000017       1.26561063E-04
  -1.80000019       1.44637626E-04
  -1.78000021       1.86792677E-04
  -1.76000023       2.26488890E-04
  -1.74000025       2.38795052E-04
  -1.72000027       2.55242427E-04
  -1.70000029       3.06518079E-04
  -1.68000031       3.66661436E-04
  -1.66000032       4.19894612E-04
  -1.64000034       5.00154798E-04
  -1.62000036       6.11473632E-04
  -1.60000038       7.25526945E-04
  -1.58000040       8.54937767E-04
  -1.56000042       1.00676448E-03
  -1.54000044       1.15843304E-03
  -1.52000046       1.31324690E-03
  -1.50000048       1.46297470E-03
  -1.48000050       1.63028156E-03
  -1.46000051       1.84546935E-03
  -1.44000053       2.08975608E-03
  -1.42000055       2.40788795E-03
  -1.40000057       2.81772180E-03
  -1.38000059       3.24884127E-03
  -1.36000061       3.72031564E-03
  -1.34000063       4.22275392E-03
  -1.32000065       4.66651469E-03
  -1.30000067       5.14025521E-03
  -1.28000069       5.72322914E-03
  -1.26000071       6.37781760E-03
  -1.24000072       7.17811333E-03
  -1.22000074       8.12079851E-03
  -1.20000076       9.03857872E-03
  -1.18000078       9.89531819E-03
  -1.16000080       1.07490988E-02
  -1.14000082       1.16614727E-02
  -1.12000084       1.27114002E-02
  -1.10000086       1.40069639E-02
  -1.08000088       1.54703809E-02
  -1.06000090       1.67262368E-02
  -1.04000092       1.79359633E-02
  -1.02000093       1.92195829E-02
  -1.00000095       2.03498453E-02
 -0.980000973       2.20306832E-02
 -0.960000992       2.38618962E-02
 -0.940001011       2.50200909E-02
 -0.920001030       2.65905447E-02
 -0.900001049       2.78479196E-02
 -0.880001068       2.89218668E-02
 -0.860001087       3.13562825E-02
 -0.840001106       3.24892588E-02
 -0.820001125       3.35215442E-02
 -0.800001144       3.53996456E-02
 -0.780001163       3.53351571E-02
 -0.760001183       3.77783775E-02
 -0.740001202       3.93829942E-02
 -0.720001221       3.82342003E-02
 -0.700001240       4.14460078E-02
 -0.680001259       4.07672711E-02
 -0.660001278       4.07596231E-02
 -0.640001297       4.54997011E-02
 -0.620001316       4.04350646E-02
 -0.600001335       4.28403765E-02
 -0.580001354       4.67781089E-02
 -0.560001373       3.88466902E-02
 -0.540001392       4.69257161E-02
 -0.520001411       4.42187637E-02
 -0.500001431       3.66841927E-02
 -0.480001420       5.15254065E-02
 -0.460001409       3.78078558E-02
 -0.440001398       3.77903730E-02
 -0.420001388       5.27114980E-02
 -0.400001377       2.83463374E-02
 -0.380001366       4.51969504E-02
 -0.360001355       4.74301502E-02
 -0.340001345       2.06342004E-02
 -0.320001334       5.68885244E-02
 -0.300001323       3.39560397E-02
 -0.280001312       2.24576648E-02
 -0.260001302       6.66447505E-02
 -0.240001306       1.54087739E-02
 -0.220001310       3.98117825E-02
 -0.200001314       6.65539950E-02
 -0.180001318       2.15097750E-03
 -0.160001323       7.11311474E-02
 -0.140001327       5.22909425E-02
 -0.120001331       9.08616558E-03
 -0.100001335      0.106506176    
  -8.00013393E-02   2.96376590E-02
  -6.00013398E-02   4.80601825E-02
  -4.00013402E-02  0.131704167    
  -2.00013407E-02   1.64215863E-02
  -1.34110451E-06  0.117091872    
   1.99986584E-02  0.171334714    
   3.99986580E-02  0.196057767    
   5.99986576E-02  0.228650972    
   7.99986571E-02  0.267151654    
   9.99986529E-02  0.306571513    
  0.119998649      0.350320846    
  0.139998645      0.398263901    
  0.159998640      0.446738869    
  0.179998636      0.499228984    
  0.199998632      0.554130316    
  0.219998628      0.608876467    
  0.239998624      0.666903257    
  0.259998620      0.725511074    
  0.279998630      0.782754540    
  0.299998641      0.841851592    
  0.319998652      0.899951756    
  0.339998662      0.954589069    
  0.359998673       1.00954819    
  0.379998684       1.06267047    
  0.399998695       1.10965991    
  0.419998705       1.15420079    
  0.439998716       1.19713390    
  0.459998727       1.23277259    
  0.479998738       1.26176560    
  0.499998748       1.28863800    
  0.519998729       1.31053090    
  0.539998710       1.32292473    
  0.559998691       1.32946312    
  0.579998672       1.33322871    
  0.599998653       1.33055222    
  0.619998634       1.31838632    
  0.639998615       1.30091333    
  0.659998596       1.28098106    
  0.679998577       1.25541174    
  0.699998558       1.22220588    
  0.719998538       1.18424356    
  0.739998519       1.14506257    
  0.759998500       1.10317743    
  0.779998481       1.05607069    
  0.799998462       1.00518632    
  0.819998443      0.953981459    
  0.839998424      0.903209627    
  0.859998405      0.850935340    
  0.879998386      0.796312928    
  0.899998367      0.741469502    
  0.919998348      0.688895047    
  0.939998329      0.638592601    
  0.959998310      0.589006186    
  0.979998291      0.539534986    
  0.999998271      0.491400033    
   1.01999831      0.446503937    
   1.03999829      0.405190617    
   1.05999827      0.366457075    
   1.07999825      0.329117209    
   1.09999824      0.293385297    
   1.11999822      0.260160118    
   1.13999820      0.230434671    
   1.15999818      0.204007477    
   1.17999816      0.180006653    
   1.19999814      0.157676890    
   1.21999812      0.136934415    
   1.23999810      0.118197814    
   1.25999808      0.101878218    
   1.27999806       8.79194736E-02
   1.29999804       7.57455081E-02
   1.31999803       6.49050400E-02
   1.33999801       5.51120825E-02
   1.35999799       4.63740453E-02
   1.37999797       3.88114341E-02
   1.39999795       3.24017145E-02
   1.41999793       2.70594060E-02
   1.43999791       2.26491503E-02
   1.45999789       1.89542044E-02
   1.47999787       1.57787949E-02
   1.49999785       1.29791610E-02
   1.51999784       1.05033070E-02
   1.53999782       8.38650577E-03
   1.55999780       6.66116038E-03
   1.57999778       5.31033473E-03
   1.59999776       4.24615247E-03
   1.61999774       3.38849425E-03
   1.63999772       2.70085596E-03
   1.65999770       2.15742644E-03
   1.67999768       1.73101842E-03
   1.69999766       1.38649589E-03
   1.71999764       1.09557982E-03
   1.73999763       8.49981268E-04
   1.75999761       6.53821451E-04
   1.77999759       5.04216528E-04
   1.79999757       3.90746573E-04
   1.81999755       3.02898727E-04
   1.83999753       2.31572471E-04
   1.85999751       1.78007482E-04
   1.87999749       1.39984491E-04
   1.89999747       1.12646347E-04
   1.91999745       9.02409374E-05
   1.93999743       7.07916552E-05
   1.95999742       5.54174112E-05
   1.97999740       4.41744160E-05
   1.99999738       3.66217610E-05
   2.01999736       3.03834586E-05
   2.03999734       2.41869511E-05
   2.05999732       1.84544770E-05
   2.07999730       1.46407210E-05
   2.09999728       1.24249373E-05
   2.11999726       1.05176305E-05
   2.13999724       8.38359392E-06
   2.15999722       6.64786376E-06
   2.17999721       5.41032477E-06
   2.19999719       4.69010138E-06
   2.21999717       3.95063171E-06
   2.23999715       3.37705364E-06
   2.25999713       2.53574717E-06
   2.27999711       1.88242416E-06
   2.29999709       1.88711817E-06
   2.31999707       1.97439272E-06
   2.33999705       1.38899975E-06
   2.35999703       9.56024337E-07
   2.37999701       9.18166108E-07
   2.39999700       9.26666871E-07
   2.41999698       6.91044306E-07
   2.43999696       5.32316392E-07
   2.45999694       4.13631966E-07
   2.47999692       3.90568516E-07
   2.49999690       3.53279432E-07
   2.51999688       1.89437742E-07
   2.53999686       5.54352155E-08
   2.55999684       7.05223258E-08
   2.57999682       1.19269487E-07
   2.59999681       3.75197473E-08
   2.61999679       3.58687835E-08
   2.63999677       5.33020668E-08
   2.65999675       1.72545569E-08
   2.67999673       6.65184530E-08
   2.69999671       2.05136033E-07
   2.71999669       2.17716519E-07
   2.73999667       2.30112605E-07
   2.75999665       5.72153397E-07
   2.77999663       8.54267114E-07
   2.79999661       7.89622220E-07
   2.81999660       8.98065139E-07
   2.83999658       1.31894615E-06
   2.85999656       1.55553380E-06
   2.87999654       1.84621024E-06
   2.89999652       2.11682800E-06
   2.91999650       2.17412048E-06
   2.93999648       2.77347840E-06
   2.95999646       4.02330716E-06
   2.97999644       4.26068573E-06
   2.99999642       4.48193077E-06
   3.01999640       5.52575602E-06
   3.03999639       6.62357797E-06
   3.05999637       8.67784638E-06
   3.07999635       1.07414044E-05
   3.09999633       1.16704487E-05
