  -2.00000000       1.42573981E-05
  -1.98000002       1.33718449E-05
  -1.96000004       1.72919808E-05
  -1.94000006       2.84476519E-05
  -1.92000008       4.59230723E-05
  -1.90000010       6.63473329E-05
  -1.88000011       8.39439381E-05
  -1.86000013       9.63083003E-05
  -1.84000015       1.18132251E-04
  -1.82000017       1.65323683E-04
  -1.80000019       2.19251189E-04
  -1.78000021       2.51140678E-04
  -1.76000023       2.75501196E-04
  -1.74000025       3.27683054E-04
  -1.72000027       4.00942954E-04
  -1.70000029       4.55518399E-04
  -1.68000031       5.03016287E-04
  -1.66000032       5.86569018E-04
  -1.64000034       6.83292514E-04
  -1.62000036       7.64710654E-04
  -1.60000038       8.70705233E-04
  -1.58000040       1.00766879E-03
  -1.56000042       1.15834118E-03
  -1.54000044       1.34544168E-03
  -1.52000046       1.56747759E-03
  -1.50000048       1.80652458E-03
  -1.48000050       2.06407020E-03
  -1.46000051       2.35941471E-03
  -1.44000053       2.66636256E-03
  -1.42000055       2.97686411E-03
  -1.40000057       3.35236616E-03
  -1.38000059       3.77714657E-03
  -1.36000061       4.25181957E-03
  -1.34000063       4.84785391E-03
  -1.32000065       5.48603712E-03
  -1.30000067       6.12826133E-03
  -1.28000069       6.83386018E-03
  -1.26000071       7.52872089E-03
  -1.24000072       8.21880158E-03
  -1.22000074       9.05948598E-03
  -1.20000076       1.00321034E-02
  -1.18000078       1.10437451E-02
  -1.16000080       1.21877436E-02
  -1.14000082       1.33278975E-02
  -1.12000084       1.43093625E-02
  -1.10000086       1.54542141E-02
  -1.08000088       1.67306177E-02
  -1.06000090       1.80206541E-02
  -1.04000092       1.96468867E-02
  -1.02000093       2.10820660E-02
  -1.00000095       2.21917480E-02
 -0.980000973       2.36554202E-02
 -0.960000992       2.49124635E-02
 -0.940001011       2.64296532E-02
 -0.920001030       2.84047481E-02
 -0.900001049       2.94530299E-02
 -0.880001068       3.07980757E-02
 -0.860001087       3.22679915E-02
 -0.840001106       3.30825076E-02
 -0.820001125       3.53296958E-02
 -0.800001144       3.63602601E-02
 -0.780001163       3.65096480E-02
 -0.760001183       3.88278589E-02
 -0.740001202       3.85600664E-02
 -0.720001221       3.98419686E-02
 -0.700001240       4.24687415E-02
 -0.680001259       3.96928377E-02
 -0.660001278       4.23486754E-02
 -0.640001297       4.39738333E-02
 -0.620001316       3.99815552E-02
 -0.600001335       4.54701521E-02
 -0.580001354       4.28116694E-02
 -0.560001373       3.92076708E-02
 -0.540001392       4.83318828E-02
 -0.520001411       3.93681973E-02
 -0.500001431       3.97663489E-02
 -0.480001420       4.89837639E-02
 -0.460001409       3.31709273E-02
 -0.440001398       4.33773622E-02
 -0.420001388       4.59116176E-02
 -0.400001377       2.65486464E-02
 -0.380001366       4.97341938E-02
 -0.360001355       3.77063751E-02
 -0.340001345       2.40729973E-02
 -0.320001334       5.62904328E-02
 -0.300001323       2.43934616E-02
 -0.280001312       3.01376749E-02
 -0.260001302       5.90710118E-02
 -0.240001306       1.01443026E-02
 -0.220001310       4.68604304E-02
 -0.200001314       5.37974909E-02
 -0.180001318       3.17544001E-03
 -0.160001323       7.17863590E-02
 -0.140001327       3.93188335E-02
 -0.120001331       1.34584829E-02
 -0.100001335       9.82592404E-02
  -8.00013393E-02   2.12368127E-02
  -6.00013398E-02   4.84506041E-02
  -4.00013402E-02  0.117830738    
  -2.00013407E-02   1.24579640E-02
  -1.34110451E-06  0.106657684    
   1.99986584E-02  0.155894950    
   3.99986580E-02  0.176831439    
   5.99986576E-02  0.207904175    
   7.99986571E-02  0.242974862    
   9.99986529E-02  0.278413445    
  0.119998649      0.321061671    
  0.139998645      0.364217937    
  0.159998640      0.409129918    
  0.179998636      0.460747004    
  0.199998632      0.510622978    
  0.219998628      0.562371910    
  0.239998624      0.619939744    
  0.259998620      0.674343228    
  0.279998630      0.729013026    
  0.299998641      0.788778067    
  0.319998652      0.844478130    
  0.339998662      0.897257388    
  0.359998673      0.953887343    
  0.379998684       1.00715697    
  0.399998695       1.05366945    
  0.419998705       1.10093653    
  0.439998716       1.14665437    
  0.459998727       1.18364656    
  0.479998738       1.21622646    
  0.499998748       1.24820936    
  0.519998729       1.27346194    
  0.539998710       1.28964365    
  0.559998691       1.30275285    
  0.579998672       1.31268883    
  0.599998653       1.31404674    
  0.619998634       1.30731380    
  0.639998615       1.29758215    
  0.659998596       1.28428018    
  0.679998577       1.26280403    
  0.699998558       1.23446953    
  0.719998538       1.20364523    
  0.739998519       1.17073250    
  0.759998500       1.13239765    
  0.779998481       1.08829010    
  0.799998462       1.04208469    
  0.819998443      0.995917320    
  0.839998424      0.948109865    
  0.859998405      0.896903634    
  0.879998386      0.843631625    
  0.899998367      0.791041374    
  0.919998348      0.740267694    
  0.939998329      0.689977765    
  0.959998310      0.639272869    
  0.979998291      0.588896513    
  0.999998271      0.540493667    
   1.01999831      0.494964302    
   1.03999829      0.451972276    
   1.05999827      0.410751224    
   1.07999825      0.371021092    
   1.09999824      0.333285004    
   1.11999822      0.298169822    
   1.13999820      0.266213655    
   1.15999818      0.237165704    
   1.17999816      0.210503548    
   1.19999814      0.185625613    
   1.21999812      0.162466481    
   1.23999810      0.141328499    
   1.25999808      0.122737683    
   1.27999806      0.106729388    
   1.29999804       9.27885696E-02
   1.31999803       8.02840441E-02
   1.33999801       6.87808841E-02
   1.35999799       5.82944974E-02
   1.37999797       4.90338281E-02
   1.39999795       4.11214307E-02
   1.41999793       3.45502682E-02
   1.43999791       2.91831940E-02
   1.45999789       2.47559436E-02
   1.47999787       2.09636893E-02
   1.49999785       1.75472386E-02
   1.51999784       1.43930893E-02
   1.53999782       1.15643460E-02
   1.55999780       9.18560009E-03
   1.57999778       7.28887320E-03
   1.59999776       5.81440004E-03
   1.61999774       4.67509450E-03
   1.63999772       3.79756768E-03
   1.65999770       3.11911665E-03
   1.67999768       2.57626618E-03
   1.69999766       2.11806060E-03
   1.71999764       1.70942349E-03
   1.73999763       1.35245349E-03
   1.75999761       1.04939146E-03
   1.77999759       8.01350980E-04
   1.79999757       6.04085566E-04
   1.81999755       4.45317739E-04
   1.83999753       3.22766457E-04
   1.85999751       2.34652165E-04
   1.87999749       1.76395770E-04
   1.89999747       1.35544891E-04
   1.91999745       1.04314458E-04
   1.93999743       8.03550211E-05
   1.95999742       6.37214616E-05
   1.97999740       5.31802070E-05
   1.99999738       4.54110123E-05
   2.01999736       3.79206977E-05
   2.03999734       3.06204529E-05
   2.05999732       2.55405939E-05
   2.07999730       2.25529711E-05
   2.09999728       1.98525158E-05
   2.11999726       1.60904146E-05
   2.13999724       1.25656197E-05
   2.15999722       1.04256496E-05
   2.17999721       9.47461558E-06
   2.19999719       8.32880050E-06
   2.21999717       6.54108271E-06
   2.23999715       4.74805756E-06
   2.25999713       4.07590960E-06
   2.27999711       3.75262425E-06
   2.29999709       2.80195468E-06
   2.31999707       1.80885968E-06
   2.33999705       1.77915047E-06
   2.35999703       1.76277183E-06
   2.37999701       1.14155296E-06
   2.39999700       7.90464469E-07
   2.41999698       1.03271077E-06
   2.43999696       1.21592166E-06
   2.45999694       9.71360009E-07
   2.47999692       8.84103883E-07
   2.49999690       1.31462343E-06
   2.51999688       1.53719793E-06
   2.53999686       1.41017358E-06
   2.55999684       1.78445316E-06
   2.57999682       2.40222016E-06
   2.59999681       2.16992248E-06
   2.61999679       1.73337764E-06
   2.63999677       1.97389613E-06
   2.65999675       2.23171241E-06
   2.67999673       1.90965716E-06
   2.69999671       1.63390075E-06
   2.71999669       1.40244333E-06
   2.73999667       9.85524935E-07
   2.75999665       5.89122294E-07
   2.77999663       3.52061079E-07
   2.79999661       1.28216641E-07
   2.81999660       1.67864471E-07
   2.83999658       5.15772683E-07
   2.85999656       1.14261718E-06
   2.87999654       2.41560656E-06
   2.89999652       3.57675094E-06
   2.91999650       5.08084213E-06
   2.93999648       7.92112678E-06
   2.95999646       1.14127270E-05
   2.97999644       1.42848858E-05
   2.99999642       1.64926405E-05
   3.01999640       1.84207620E-05
   3.03999639       2.03885356E-05
   3.05999637       2.25826843E-05
   3.07999635       2.42876613E-05
   3.09999633       2.32191633E-05
