  -2.00000000       2.41259058E-05
  -1.98000002       4.13565867E-05
  -1.96000004       6.97879586E-05
  -1.94000006       1.00058176E-04
  -1.92000008       1.27278792E-04
  -1.90000010       1.65686215E-04
  -1.88000011       2.24427000E-04
  -1.86000013       2.85797869E-04
  -1.84000015       3.22285836E-04
  -1.82000017       3.37044999E-04
  -1.80000019       3.75059841E-04
  -1.78000021       4.37227107E-04
  -1.76000023       4.69900900E-04
  -1.74000025       4.97125322E-04
  -1.72000027       5.81157045E-04
  -1.70000029       6.82930113E-04
  -1.68000031       7.90967082E-04
  -1.66000032       9.52487288E-04
  -1.64000034       1.12895085E-03
  -1.62000036       1.30492332E-03
  -1.60000038       1.50561670E-03
  -1.58000040       1.68897014E-03
  -1.56000042       1.87932362E-03
  -1.54000044       2.10935972E-03
  -1.52000046       2.35407962E-03
  -1.50000048       2.65373522E-03
  -1.48000050       3.02581349E-03
  -1.46000051       3.45078646E-03
  -1.44000053       3.95158166E-03
  -1.42000055       4.47019469E-03
  -1.40000057       4.96844668E-03
  -1.38000059       5.50891599E-03
  -1.36000061       6.06758334E-03
  -1.34000063       6.67304872E-03
  -1.32000065       7.42773898E-03
  -1.30000067       8.24608561E-03
  -1.28000069       9.12998803E-03
  -1.26000071       1.00772250E-02
  -1.24000072       1.09482761E-02
  -1.22000074       1.18423207E-02
  -1.20000076       1.28524853E-02
  -1.18000078       1.39422053E-02
  -1.16000080       1.51731772E-02
  -1.14000082       1.64998174E-02
  -1.12000084       1.77438203E-02
  -1.10000086       1.89196859E-02
  -1.08000088       2.01586615E-02
  -1.06000090       2.14889459E-02
  -1.04000092       2.28660665E-02
  -1.02000093       2.43689660E-02
  -1.00000095       2.57661454E-02
 -0.980000973       2.69154292E-02
 -0.960000992       2.83276252E-02
 -0.940001011       2.97315624E-02
 -0.920001030       3.09303310E-02
 -0.900001049       3.25640813E-02
 -0.880001068       3.36453207E-02
 -0.860001087       3.43428180E-02
 -0.840001106       3.61136086E-02
 -0.820001125       3.68016809E-02
 -0.800001144       3.74350809E-02
 -0.780001163       3.93360779E-02
 -0.760001183       3.89307439E-02
 -0.740001202       3.96853276E-02
 -0.720001221       4.19092365E-02
 -0.700001240       4.00629267E-02
 -0.680001259       4.13914509E-02
 -0.660001278       4.32186313E-02
 -0.640001297       3.96117419E-02
 -0.620001316       4.28350531E-02
 -0.600001335       4.31571864E-02
 -0.580001354       3.79830264E-02
 -0.560001373       4.40950952E-02
 -0.540001392       4.14094739E-02
 -0.520001411       3.57607864E-02
 -0.500001431       4.51773256E-02
 -0.480001420       3.72630320E-02
 -0.460001409       3.38844657E-02
 -0.440001398       4.60729748E-02
 -0.420001388       3.07266489E-02
 -0.400001377       3.37797292E-02
 -0.380001366       4.60293517E-02
 -0.360001355       2.26656999E-02
 -0.340001345       3.64920944E-02
 -0.320001334       4.37940322E-02
 -0.300001323       1.47801917E-02
 -0.280001312       4.29668501E-02
 -0.260001302       3.84022146E-02
 -0.240001306       9.83682461E-03
 -0.220001310       5.31573519E-02
 -0.200001314       2.95287892E-02
 -0.180001318       1.13321496E-02
 -0.160001323       6.59697801E-02
 -0.140001327       1.85312852E-02
 -0.120001331       2.31710635E-02
 -0.100001335       7.93325529E-02
  -8.00013393E-02   8.89989734E-03
  -6.00013398E-02   4.86593731E-02
  -4.00013402E-02   9.13932025E-02
  -2.00013407E-02   6.48585893E-03
  -1.34110451E-06   8.81427824E-02
   1.99986584E-02  0.125684470    
   3.99986580E-02  0.142692119    
   5.99986576E-02  0.167758718    
   7.99986571E-02  0.196546629    
   9.99986529E-02  0.227129593    
  0.119998649      0.262529969    
  0.139998645      0.299450964    
  0.159998640      0.338707358    
  0.179998636      0.382489830    
  0.199998632      0.426292628    
  0.219998628      0.472871423    
  0.239998624      0.523428619    
  0.259998620      0.572274923    
  0.279998630      0.623250663    
  0.299998641      0.677862227    
  0.319998652      0.729366779    
  0.339998662      0.780946493    
  0.359998673      0.835883081    
  0.379998684      0.887009919    
  0.399998695      0.934756577    
  0.419998705      0.984885991    
  0.439998716       1.03214121    
  0.459998727       1.07261789    
  0.479998738       1.11213160    
  0.499998748       1.15060890    
  0.519998729       1.18163562    
  0.539998710       1.20683849    
  0.559998691       1.23083830    
  0.579998672       1.25036895    
  0.599998653       1.26127148    
  0.619998634       1.26737094    
  0.639998615       1.27097714    
  0.659998596       1.26871514    
  0.679998577       1.25846457    
  0.699998558       1.24372542    
  0.719998538       1.22648013    
  0.739998519       1.20405376    
  0.759998500       1.17509711    
  0.779998481       1.14225113    
  0.799998462       1.10782206    
  0.819998443       1.07052791    
  0.839998424       1.02875388    
  0.859998405      0.983664870    
  0.879998386      0.937901914    
  0.899998367      0.891781390    
  0.919998348      0.844385028    
  0.939998329      0.795035005    
  0.959998310      0.745126605    
  0.979998291      0.696128070    
  0.999998271      0.648805439    
   1.01999831      0.602534831    
   1.03999829      0.556790113    
   1.05999827      0.511496305    
   1.07999825      0.467944831    
   1.09999824      0.427160919    
   1.11999822      0.389328569    
   1.13999820      0.353559047    
   1.15999818      0.318910390    
   1.17999816      0.285526723    
   1.19999814      0.254677922    
   1.21999812      0.227154791    
   1.23999810      0.202556506    
   1.25999808      0.179922730    
   1.27999806      0.158490479    
   1.29999804      0.138469294    
   1.31999803      0.120349608    
   1.33999801      0.104478769    
   1.35999799       9.09157619E-02
   1.37999797       7.92407095E-02
   1.39999795       6.87849298E-02
   1.41999793       5.90545610E-02
   1.43999791       4.99651060E-02
   1.45999789       4.18673828E-02
   1.47999787       3.51154320E-02
   1.49999785       2.96721831E-02
   1.51999784       2.52191275E-02
   1.53999782       2.14693043E-02
   1.55999780       1.82002336E-02
   1.57999778       1.52523760E-02
   1.59999776       1.25413556E-02
   1.61999774       1.01000052E-02
   1.63999772       8.03420506E-03
   1.65999770       6.39050128E-03
   1.67999768       5.12080081E-03
   1.69999766       4.13655629E-03
   1.71999764       3.36947967E-03
   1.73999763       2.77054193E-03
   1.75999761       2.29945942E-03
   1.77999759       1.90267689E-03
   1.79999757       1.54267240E-03
   1.81999755       1.22546789E-03
   1.83999753       9.61157144E-04
   1.85999751       7.45732803E-04
   1.87999749       5.67433308E-04
   1.89999747       4.21538425E-04
   1.91999745       3.12340359E-04
   1.93999743       2.35432803E-04
   1.95999742       1.81457130E-04
   1.97999740       1.37831288E-04
   1.99999738       1.03955383E-04
   2.01999736       8.18467888E-05
   2.03999734       6.73870454E-05
   2.05999732       5.41551126E-05
   2.07999730       4.23609454E-05
   2.09999728       3.48991125E-05
   2.11999726       2.95422851E-05
   2.13999724       2.39916262E-05
   2.15999722       1.84951678E-05
   2.17999721       1.45993063E-05
   2.19999719       1.20552477E-05
   2.21999717       9.79825018E-06
   2.23999715       7.07045183E-06
   2.25999713       5.13475516E-06
   2.27999711       4.40089752E-06
   2.29999709       3.78282311E-06
   2.31999707       2.48173956E-06
   2.33999705       1.62943809E-06
   2.35999703       1.43056343E-06
   2.37999701       1.31768991E-06
   2.39999700       1.11581642E-06
   2.41999698       1.09159373E-06
   2.43999696       1.28233853E-06
   2.45999694       1.28698355E-06
   2.47999692       1.25048791E-06
   2.49999690       1.61180139E-06
   2.51999688       1.97617214E-06
   2.53999686       1.75918251E-06
   2.55999684       1.60476714E-06
   2.57999682       1.77451523E-06
   2.59999681       1.78224059E-06
   2.61999679       1.54362760E-06
   2.63999677       1.43201294E-06
   2.65999675       1.18105072E-06
   2.67999673       5.55301369E-07
   2.69999671       2.08583458E-07
   2.71999669       1.31550721E-07
   2.73999667       3.29194769E-08
   2.75999665       1.51755046E-07
   2.77999663       5.10749373E-07
   2.79999661       1.03093942E-06
   2.81999660       2.40309555E-06
   2.83999658       4.33411060E-06
   2.85999656       5.74305705E-06
   2.87999654       8.21765298E-06
   2.89999652       1.15692737E-05
   2.91999650       1.44544465E-05
   2.93999648       1.72303535E-05
   2.95999646       1.93457090E-05
   2.97999644       1.98390571E-05
   2.99999642       2.15025957E-05
   3.01999640       2.40148293E-05
   3.03999639       2.53297185E-05
   3.05999637       2.86529939E-05
   3.07999635       2.89291547E-05
   3.09999633       2.60617326E-05
