  -2.00000000       4.65191188E-05
  -1.98000002       6.94712944E-05
  -1.96000004       1.03311533E-04
  -1.94000006       1.35320428E-04
  -1.92000008       1.60651005E-04
  -1.90000010       1.96996480E-04
  -1.88000011       2.58025684E-04
  -1.86000013       3.11779993E-04
  -1.84000015       3.29593517E-04
  -1.82000017       3.47024295E-04
  -1.80000019       4.04405582E-04
  -1.78000021       4.78885486E-04
  -1.76000023       5.36992797E-04
  -1.74000025       6.20465085E-04
  -1.72000027       7.57794653E-04
  -1.70000029       8.89704505E-04
  -1.68000031       1.02073757E-03
  -1.66000032       1.18554861E-03
  -1.64000034       1.32642360E-03
  -1.62000036       1.45639316E-03
  -1.60000038       1.62865932E-03
  -1.58000040       1.82010082E-03
  -1.56000042       2.06796103E-03
  -1.54000044       2.41011800E-03
  -1.52000046       2.79539311E-03
  -1.50000048       3.19795357E-03
  -1.48000050       3.61075019E-03
  -1.46000051       3.99612542E-03
  -1.44000053       4.38707415E-03
  -1.42000055       4.84027388E-03
  -1.40000057       5.35922963E-03
  -1.38000059       6.04058383E-03
  -1.36000061       6.84672548E-03
  -1.34000063       7.63286604E-03
  -1.32000065       8.41065776E-03
  -1.30000067       9.11390688E-03
  -1.28000069       9.78634134E-03
  -1.26000071       1.06738387E-02
  -1.24000072       1.17350100E-02
  -1.22000074       1.29260318E-02
  -1.20000076       1.41920596E-02
  -1.18000078       1.52465357E-02
  -1.16000080       1.61600858E-02
  -1.14000082       1.72811970E-02
  -1.12000084       1.85871180E-02
  -1.10000086       2.00923122E-02
  -1.08000088       2.16889735E-02
  -1.06000090       2.28484627E-02
  -1.04000092       2.37894617E-02
  -1.02000093       2.51144804E-02
  -1.00000095       2.65930425E-02
 -0.980000973       2.82269083E-02
 -0.960000992       2.98322607E-02
 -0.940001011       3.05469893E-02
 -0.920001030       3.14670838E-02
 -0.900001049       3.32240053E-02
 -0.880001068       3.44231352E-02
 -0.860001087       3.56412865E-02
 -0.840001106       3.67088281E-02
 -0.820001125       3.64936441E-02
 -0.800001144       3.80824432E-02
 -0.780001163       3.99536900E-02
 -0.760001183       3.91307436E-02
 -0.740001202       4.02525030E-02
 -0.720001221       4.09971513E-02
 -0.700001240       3.98867093E-02
 -0.680001259       4.27260213E-02
 -0.660001278       4.18510064E-02
 -0.640001297       3.88808586E-02
 -0.620001316       4.34663780E-02
 -0.600001335       4.14849930E-02
 -0.580001354       3.84000689E-02
 -0.560001373       4.37119454E-02
 -0.540001392       3.83433625E-02
 -0.520001411       3.74656096E-02
 -0.500001431       4.44116481E-02
 -0.480001420       3.33846509E-02
 -0.460001409       3.60708758E-02
 -0.440001398       4.43165638E-02
 -0.420001388       2.76665539E-02
 -0.400001377       3.62526849E-02
 -0.380001366       4.21323925E-02
 -0.360001355       2.13564020E-02
 -0.340001345       3.91190201E-02
 -0.320001334       3.77458483E-02
 -0.300001323       1.54431332E-02
 -0.280001312       4.49252166E-02
 -0.260001302       3.12362965E-02
 -0.240001306       1.22346263E-02
 -0.220001310       5.30884638E-02
 -0.200001314       2.27837246E-02
 -0.180001318       1.46481358E-02
 -0.160001323       6.30066469E-02
 -0.140001327       1.35185597E-02
 -0.120001331       2.57330332E-02
 -0.100001335       7.36554563E-02
  -8.00013393E-02   6.07853057E-03
  -6.00013398E-02   4.81214747E-02
  -4.00013402E-02   8.43944475E-02
  -2.00013407E-02   4.94206976E-03
  -1.34110451E-06   8.24035555E-02
   1.99986584E-02  0.117863268    
   3.99986580E-02  0.132116795    
   5.99986576E-02  0.156559348    
   7.99986571E-02  0.183336899    
   9.99986529E-02  0.211421907    
  0.119998649      0.246160433    
  0.139998645      0.280051887    
  0.159998640      0.317663372    
  0.179998636      0.359807014    
  0.199998632      0.400625497    
  0.219998628      0.446047843    
  0.239998624      0.494266599    
  0.259998620      0.540825725    
  0.279998630      0.591358960    
  0.299998641      0.643209934    
  0.319998652      0.692941606    
  0.339998662      0.745399296    
  0.359998673      0.798021197    
  0.379998684      0.847315490    
  0.399998695      0.897591650    
  0.419998705      0.947307885    
  0.439998716      0.992023706    
  0.459998727       1.03556859    
  0.479998738       1.07845986    
  0.499998748       1.11512744    
  0.519998729       1.14701927    
  0.539998710       1.17850828    
  0.559998691       1.20494711    
  0.579998672       1.22330761    
  0.599998653       1.23830473    
  0.619998634       1.25176108    
  0.639998615       1.25767410    
  0.659998596       1.25535583    
  0.679998577       1.25044048    
  0.699998558       1.24338162    
  0.719998538       1.22889066    
  0.739998519       1.20664203    
  0.759998500       1.18211484    
  0.779998481       1.15659356    
  0.799998462       1.12579584    
  0.819998443       1.08823836    
  0.839998424       1.04827726    
  0.859998405       1.00888526    
  0.879998386      0.967892706    
  0.899998367      0.922017515    
  0.919998348      0.873260796    
  0.939998329      0.825588048    
  0.959998310      0.780012965    
  0.979998291      0.733452201    
  0.999998271      0.684415519    
   1.01999831      0.635184765    
   1.03999829      0.589253783    
   1.05999827      0.546493888    
   1.07999825      0.504509807    
   1.09999824      0.461717963    
   1.11999822      0.419793069    
   1.13999820      0.381359696    
   1.15999818      0.346980095    
   1.17999816      0.314767748    
   1.19999814      0.283305466    
   1.21999812      0.252715707    
   1.23999810      0.224336460    
   1.25999808      0.199171931    
   1.27999806      0.177036598    
   1.29999804      0.157120943    
   1.31999803      0.138487905    
   1.33999801      0.120807081    
   1.35999799      0.104545943    
   1.37999797       9.03648883E-02
   1.39999795       7.84048215E-02
   1.41999793       6.81421012E-02
   1.43999791       5.89053072E-02
   1.45999789       5.04062325E-02
   1.47999787       4.27542478E-02
   1.49999785       3.60320769E-02
   1.51999784       3.02334074E-02
   1.53999782       2.53857579E-02
   1.55999780       2.14119107E-02
   1.57999778       1.81061905E-02
   1.59999776       1.52339255E-02
   1.61999774       1.26576545E-02
   1.63999772       1.03948880E-02
   1.65999770       8.47107172E-03
   1.67999768       6.85261050E-03
   1.69999766       5.50858676E-03
   1.71999764       4.40454530E-03
   1.73999763       3.53292376E-03
   1.75999761       2.85804784E-03
   1.77999759       2.31122505E-03
   1.79999757       1.85796258E-03
   1.81999755       1.48984476E-03
   1.83999753       1.19740551E-03
   1.85999751       9.54180548E-04
   1.87999749       7.50925974E-04
   1.89999747       5.86509181E-04
   1.91999745       4.60635871E-04
   1.93999743       3.66829452E-04
   1.95999742       2.90691649E-04
   1.97999740       2.28237041E-04
   1.99999738       1.81733078E-04
   2.01999736       1.50137086E-04
   2.03999734       1.21512829E-04
   2.05999732       9.43668419E-05
   2.07999730       7.44726058E-05
   2.09999728       6.23307787E-05
   2.11999726       5.13265877E-05
   2.13999724       3.89971210E-05
   2.15999722       2.87158819E-05
   2.17999721       2.29146281E-05
   2.19999719       1.94211789E-05
   2.21999717       1.46521015E-05
   2.23999715       9.55506312E-06
   2.25999713       6.79187087E-06
   2.27999711       6.10776715E-06
   2.29999709       4.86854833E-06
   2.31999707       2.85078977E-06
   2.33999705       1.78242556E-06
   2.35999703       1.46136836E-06
   2.37999701       1.03146124E-06
   2.39999700       6.32039644E-07
   2.41999698       4.11739819E-07
   2.43999696       3.39328295E-07
   2.45999694       2.00477515E-07
   2.47999692       1.09021322E-07
   2.49999690       1.61509419E-07
   2.51999688       2.63270550E-07
   2.53999686       1.65077353E-07
   2.55999684       1.81864408E-07
   2.57999682       3.76326568E-07
   2.59999681       5.28030114E-07
   2.61999679       5.93199843E-07
   2.63999677       8.73429883E-07
   2.65999675       1.09185964E-06
   2.67999673       1.08203255E-06
   2.69999671       1.32776233E-06
   2.71999669       1.92906941E-06
   2.73999667       2.29968373E-06
   2.75999665       2.23099005E-06
   2.77999663       2.78085417E-06
   2.79999661       3.50948085E-06
   2.81999660       3.47587184E-06
   2.83999658       3.71444548E-06
   2.85999656       4.99547377E-06
   2.87999654       5.42892531E-06
   2.89999652       5.69549957E-06
   2.91999650       7.59499835E-06
   2.93999648       1.05301460E-05
   2.95999646       1.27215781E-05
   2.97999644       1.51000640E-05
   2.99999642       1.89811071E-05
   3.01999640       2.62481226E-05
   3.03999639       3.69971058E-05
   3.05999637       4.88711048E-05
   3.07999635       5.57398635E-05
   3.09999633       5.46445117E-05
