  -2.00000000       7.43659766E-05
  -1.98000002       1.18803116E-04
  -1.96000004       1.67640086E-04
  -1.94000006       2.11669714E-04
  -1.92000008       2.75096216E-04
  -1.90000010       3.61178070E-04
  -1.88000011       4.26585349E-04
  -1.86000013       4.42698307E-04
  -1.84000015       4.44670441E-04
  -1.82000017       4.78407223E-04
  -1.80000019       5.19290217E-04
  -1.78000021       5.53140475E-04
  -1.76000023       6.48461049E-04
  -1.74000025       7.99099333E-04
  -1.72000027       9.50237620E-04
  -1.70000029       1.14691723E-03
  -1.68000031       1.36723579E-03
  -1.66000032       1.54862355E-03
  -1.64000034       1.72648823E-03
  -1.62000036       1.88526162E-03
  -1.60000038       2.04301416E-03
  -1.58000040       2.27494584E-03
  -1.56000042       2.56758509E-03
  -1.54000044       2.95808422E-03
  -1.52000046       3.44023877E-03
  -1.50000048       3.92261660E-03
  -1.48000050       4.40138718E-03
  -1.46000051       4.86603379E-03
  -1.44000053       5.30668441E-03
  -1.42000055       5.81248710E-03
  -1.40000057       6.40876684E-03
  -1.38000059       7.13995891E-03
  -1.36000061       8.02204572E-03
  -1.34000063       8.88211932E-03
  -1.32000065       9.69824474E-03
  -1.30000067       1.04942843E-02
  -1.28000069       1.12549290E-02
  -1.26000071       1.22163119E-02
  -1.24000072       1.33520840E-02
  -1.22000074       1.45516749E-02
  -1.20000076       1.58339459E-02
  -1.18000078       1.69179570E-02
  -1.16000080       1.79236326E-02
  -1.14000082       1.91544946E-02
  -1.12000084       2.04301998E-02
  -1.10000086       2.18845718E-02
  -1.08000088       2.33738385E-02
  -1.06000090       2.44257562E-02
  -1.04000092       2.56033186E-02
  -1.02000093       2.69735400E-02
  -1.00000095       2.82256510E-02
 -0.980000973       2.98304837E-02
 -0.960000992       3.10835727E-02
 -0.940001011       3.17826159E-02
 -0.920001030       3.32390182E-02
 -0.900001049       3.44099291E-02
 -0.880001068       3.51971276E-02
 -0.860001087       3.66871804E-02
 -0.840001106       3.70601080E-02
 -0.820001125       3.74184549E-02
 -0.800001144       3.93456966E-02
 -0.780001163       3.93118039E-02
 -0.760001183       3.92832644E-02
 -0.740001202       4.10901681E-02
 -0.720001221       4.00404707E-02
 -0.700001240       4.03345376E-02
 -0.680001259       4.23797294E-02
 -0.660001278       3.95078175E-02
 -0.640001297       4.01810333E-02
 -0.620001316       4.28619385E-02
 -0.600001335       3.80436145E-02
 -0.580001354       3.97610776E-02
 -0.560001373       4.20891605E-02
 -0.540001392       3.51932757E-02
 -0.520001411       3.93863842E-02
 -0.500001431       4.04181369E-02
 -0.480001420       3.08856219E-02
 -0.460001409       3.92745361E-02
 -0.440001398       3.80286053E-02
 -0.420001388       2.60072555E-02
 -0.400001377       3.97855751E-02
 -0.380001366       3.42970490E-02
 -0.360001355       2.14493219E-02
 -0.340001345       4.13162634E-02
 -0.320001334       2.90940292E-02
 -0.300001323       1.81336869E-02
 -0.280001312       4.45357785E-02
 -0.260001302       2.24610418E-02
 -0.240001306       1.72721222E-02
 -0.220001310       4.93685640E-02
 -0.200001314       1.50523037E-02
 -0.180001318       2.05267109E-02
 -0.160001323       5.58742471E-02
 -0.140001327       7.96945021E-03
 -0.120001331       2.99455859E-02
 -0.100001335       6.37638047E-02
  -8.00013393E-02   3.06612323E-03
  -6.00013398E-02   4.77540195E-02
  -4.00013402E-02   7.31783137E-02
  -2.00013407E-02   3.21068615E-03
  -1.34110451E-06   7.49856383E-02
   1.99986584E-02  0.104936145    
   3.99986580E-02  0.118031941    
   5.99986576E-02  0.139236942    
   7.99986571E-02  0.163448542    
   9.99986529E-02  0.189662889    
  0.119998649      0.220191732    
  0.139998645      0.251829505    
  0.159998640      0.286862254    
  0.179998636      0.324573427    
  0.199998632      0.362919241    
  0.219998628      0.405652404    
  0.239998624      0.449480146    
  0.259998620      0.493546426    
  0.279998630      0.542166293    
  0.299998641      0.590346038    
  0.319998652      0.637470543    
  0.339998662      0.688954294    
  0.359998673      0.739523768    
  0.379998684      0.786748648    
  0.399998695      0.837011576    
  0.419998705      0.886916816    
  0.439998716      0.930996835    
  0.459998727      0.975202441    
  0.479998738       1.02013779    
  0.499998748       1.05893755    
  0.519998729       1.09280741    
  0.539998710       1.12728107    
  0.559998691       1.15770304    
  0.579998672       1.18040287    
  0.599998653       1.19976950    
  0.619998634       1.21767461    
  0.639998615       1.22910929    
  0.659998596       1.23324227    
  0.679998577       1.23430157    
  0.699998558       1.23235548    
  0.719998538       1.22376096    
  0.739998519       1.20882487    
  0.759998500       1.19095421    
  0.779998481       1.17019117    
  0.799998462       1.14415407    
  0.819998443       1.11303616    
  0.839998424       1.07950294    
  0.859998405       1.04413116    
  0.879998386       1.00586271    
  0.899998367      0.964111149    
  0.919998348      0.920457721    
  0.939998329      0.875997543    
  0.959998310      0.831104636    
  0.979998291      0.785392106    
  0.999998271      0.738880992    
   1.01999831      0.691900134    
   1.03999829      0.645637035    
   1.05999827      0.600902736    
   1.07999825      0.557919323    
   1.09999824      0.515683889    
   1.11999822      0.473693073    
   1.13999820      0.432996929    
   1.15999818      0.395282388    
   1.17999816      0.360495716    
   1.19999814      0.327641040    
   1.21999812      0.295721859    
   1.23999810      0.265103579    
   1.25999808      0.236659110    
   1.27999806      0.211078510    
   1.29999804      0.188399479    
   1.31999803      0.167831212    
   1.33999801      0.148440048    
   1.35999799      0.129902869    
   1.37999797      0.112843975    
   1.39999795       9.81174409E-02
   1.41999793       8.57277289E-02
   1.43999791       7.49724358E-02
   1.45999789       6.51990250E-02
   1.47999787       5.61595038E-02
   1.49999785       4.78034616E-02
   1.51999784       4.02568243E-02
   1.53999782       3.37748639E-02
   1.55999780       2.85260212E-02
   1.57999778       2.43397299E-02
   1.59999776       2.08434034E-02
   1.61999774       1.77433733E-02
   1.63999772       1.49220396E-02
   1.65999770       1.23616401E-02
   1.67999768       1.00727743E-02
   1.69999766       8.07929505E-03
   1.71999764       6.43490255E-03
   1.73999763       5.16372453E-03
   1.75999761       4.19184845E-03
   1.77999759       3.42410430E-03
   1.79999757       2.81778257E-03
   1.81999755       2.34438619E-03
   1.83999753       1.94940984E-03
   1.85999751       1.59538863E-03
   1.87999749       1.27555418E-03
   1.89999747       1.00741780E-03
   1.91999745       7.90633203E-04
   1.93999743       6.08585717E-04
   1.95999742       4.55653819E-04
   1.97999740       3.41626175E-04
   1.99999738       2.65072944E-04
   2.01999736       2.04844720E-04
   2.03999734       1.55588205E-04
   2.05999732       1.21364610E-04
   2.07999730       9.88237880E-05
   2.09999728       7.89264450E-05
   2.11999726       6.14508826E-05
   2.13999724       4.92725667E-05
   2.15999722       4.11448564E-05
   2.17999721       3.31571609E-05
   2.19999719       2.44395906E-05
   2.21999717       1.86150501E-05
   2.23999715       1.56629176E-05
   2.25999713       1.24376484E-05
   2.27999711       8.11813425E-06
   2.29999709       5.75998274E-06
   2.31999707       5.25153291E-06
   2.33999705       4.48173842E-06
   2.35999703       3.13809755E-06
   2.37999701       2.69246539E-06
   2.39999700       2.74912986E-06
   2.41999698       2.37857262E-06
   2.43999696       2.03128707E-06
   2.45999694       2.66017264E-06
   2.47999692       3.04630612E-06
   2.49999690       2.50491303E-06
   2.51999688       2.31972399E-06
   2.53999686       2.85864235E-06
   2.55999684       2.67661335E-06
   2.57999682       1.99521401E-06
   2.59999681       1.75749085E-06
   2.61999679       1.49927621E-06
   2.63999677       7.49193646E-07
   2.65999675       3.78392514E-07
   2.67999673       2.35062473E-07
   2.69999671       1.29678011E-08
   2.71999669       2.17886182E-07
   2.73999667       7.71577447E-07
   2.75999665       1.66716688E-06
   2.77999663       3.07072082E-06
   2.79999661       5.17986928E-06
   2.81999660       7.71777286E-06
   2.83999658       1.07032465E-05
   2.85999656       1.34911188E-05
   2.87999654       1.68542774E-05
   2.89999652       2.00121522E-05
   2.91999650       2.25575004E-05
   2.93999648       2.52174214E-05
   2.95999646       2.74795057E-05
   2.97999644       2.64600330E-05
   2.99999642       2.46000291E-05
   3.01999640       2.88817973E-05
   3.03999639       4.19386524E-05
   3.05999637       5.24998031E-05
   3.07999635       5.61403940E-05
   3.09999633       6.58707140E-05
