  -2.00000000       8.60517757E-05
  -1.98000002       1.10294670E-04
  -1.96000004       1.77668480E-04
  -1.94000006       2.56688334E-04
  -1.92000008       3.10622767E-04
  -1.90000010       3.51554831E-04
  -1.88000011       4.11799236E-04
  -1.86000013       4.78123955E-04
  -1.84000015       5.02574490E-04
  -1.82000017       5.14904677E-04
  -1.80000019       5.94250567E-04
  -1.78000021       7.05583254E-04
  -1.76000023       8.15325358E-04
  -1.74000025       9.77017917E-04
  -1.72000027       1.15396711E-03
  -1.70000029       1.30622718E-03
  -1.68000031       1.47584849E-03
  -1.66000032       1.63642003E-03
  -1.64000034       1.79784081E-03
  -1.62000036       2.00924254E-03
  -1.60000038       2.27064383E-03
  -1.58000040       2.62275268E-03
  -1.56000042       3.03290808E-03
  -1.54000044       3.44844395E-03
  -1.52000046       3.87662882E-03
  -1.50000048       4.25618235E-03
  -1.48000050       4.63311933E-03
  -1.46000051       5.11268200E-03
  -1.44000053       5.70051046E-03
  -1.42000055       6.42180955E-03
  -1.40000057       7.21373828E-03
  -1.38000059       7.96621013E-03
  -1.36000061       8.69249180E-03
  -1.34000063       9.35534295E-03
  -1.32000065       1.00726420E-02
  -1.30000067       1.10286372E-02
  -1.28000069       1.21300984E-02
  -1.26000071       1.33231655E-02
  -1.24000072       1.44308880E-02
  -1.22000074       1.53392274E-02
  -1.20000076       1.63273141E-02
  -1.18000078       1.74680483E-02
  -1.16000080       1.88592579E-02
  -1.14000082       2.04072837E-02
  -1.12000084       2.16237232E-02
  -1.10000086       2.26618629E-02
  -1.08000088       2.37645954E-02
  -1.06000090       2.49976255E-02
  -1.04000092       2.67130397E-02
  -1.02000093       2.82021631E-02
  -1.00000095       2.90979221E-02
 -0.980000973       3.01921014E-02
 -0.960000992       3.12805697E-02
 -0.940001011       3.26428860E-02
 -0.920001030       3.44157144E-02
 -0.900001049       3.48577350E-02
 -0.880001068       3.52596119E-02
 -0.860001087       3.67785841E-02
 -0.840001106       3.74562815E-02
 -0.820001125       3.84192169E-02
 -0.800001144       3.94056663E-02
 -0.780001163       3.84864807E-02
 -0.760001183       3.96656655E-02
 -0.740001202       4.15210351E-02
 -0.720001221       3.96815874E-02
 -0.700001240       4.02412973E-02
 -0.680001259       4.14497629E-02
 -0.660001278       3.92432660E-02
 -0.640001297       4.11391333E-02
 -0.620001316       4.12216187E-02
 -0.600001335       3.68141718E-02
 -0.580001354       4.08962779E-02
 -0.560001373       4.07062247E-02
 -0.540001392       3.40214670E-02
 -0.520001411       3.97002175E-02
 -0.500001431       3.85223813E-02
 -0.480001420       3.08722425E-02
 -0.460001409       3.93634476E-02
 -0.440001398       3.47966030E-02
 -0.420001388       2.69265864E-02
 -0.400001377       4.01945971E-02
 -0.380001366       3.00762933E-02
 -0.360001355       2.28042249E-02
 -0.340001345       4.16940860E-02
 -0.320001334       2.47471519E-02
 -0.300001323       1.98516846E-02
 -0.280001312       4.40853350E-02
 -0.260001302       1.86049156E-02
 -0.240001306       1.94075089E-02
 -0.220001310       4.75180931E-02
 -0.200001314       1.20567624E-02
 -0.180001318       2.27561668E-02
 -0.160001323       5.25323711E-02
 -0.140001327       5.99916838E-03
 -0.120001331       3.14563029E-02
 -0.100001335       5.92770316E-02
  -8.00013393E-02   2.00398429E-03
  -6.00013398E-02   4.74526882E-02
  -4.00013402E-02   6.81875423E-02
  -2.00013407E-02   2.41255783E-03
  -1.34110451E-06   7.17113540E-02
   1.99986584E-02   9.93481502E-02
   3.99986580E-02  0.110999703    
   5.99986576E-02  0.132239044    
   7.99986571E-02  0.153567046    
   9.99986529E-02  0.180085763    
  0.119998649      0.208553880    
  0.139998645      0.238202646    
  0.159998640      0.273314506    
  0.179998636      0.307928622    
  0.199998632      0.345504105    
  0.219998628      0.387206137    
  0.239998624      0.427933514    
  0.259998620      0.472138673    
  0.279998630      0.518920064    
  0.299998641      0.564421892    
  0.319998652      0.612609565    
  0.339998662      0.662027419    
  0.359998673      0.709833741    
  0.379998684      0.759232223    
  0.399998695      0.808575690    
  0.419998705      0.855127990    
  0.439998716      0.901802063    
  0.459998727      0.947857678    
  0.479998738      0.989271224    
  0.499998748       1.02913773    
  0.519998729       1.06812787    
  0.539998710       1.10178375    
  0.559998691       1.13031030    
  0.579998672       1.15800297    
  0.599998653       1.18200314    
  0.619998634       1.19830227    
  0.639998615       1.21030188    
  0.659998596       1.22106802    
  0.679998577       1.22631693    
  0.699998558       1.22330737    
  0.719998538       1.21634483    
  0.739998519       1.20808446    
  0.759998500       1.19467592    
  0.779998481       1.17351818    
  0.799998462       1.14841866    
  0.819998443       1.12278068    
  0.839998424       1.09433818    
  0.859998405       1.05953348    
  0.879998386       1.02056193    
  0.899998367      0.981600463    
  0.919998348      0.942999482    
  0.939998329      0.900975585    
  0.959998310      0.854692757    
  0.979998291      0.807864368    
  0.999998271      0.763729930    
   1.01999831      0.720546365    
   1.03999829      0.675115645    
   1.05999827      0.627671063    
   1.07999825      0.582203150    
   1.09999824      0.540853679    
   1.11999822      0.501546383    
   1.13999820      0.461461633    
   1.15999818      0.421028793    
   1.17999816      0.382699609    
   1.19999814      0.348367929    
   1.21999812      0.317306429    
   1.23999810      0.287775934    
   1.25999808      0.258506715    
   1.27999806      0.230051532    
   1.29999804      0.204151750    
   1.31999803      0.181816235    
   1.33999801      0.162412643    
   1.35999799      0.144363806    
   1.37999797      0.126850888    
   1.39999795      0.110387109    
   1.41999793       9.57012326E-02
   1.43999791       8.30241814E-02
   1.45999789       7.22474083E-02
   1.47999787       6.30028024E-02
   1.49999785       5.46958819E-02
   1.51999784       4.69226167E-02
   1.53999782       3.97060551E-02
   1.55999780       3.33705693E-02
   1.57999778       2.80758385E-02
   1.59999776       2.37049721E-02
   1.61999774       2.00876109E-02
   1.63999772       1.70550067E-02
   1.65999770       1.44375805E-02
   1.67999768       1.21048624E-02
   1.69999766       9.97566339E-03
   1.71999764       8.11330322E-03
   1.73999763       6.56467117E-03
   1.75999761       5.28193684E-03
   1.77999759       4.22477117E-03
   1.79999757       3.38718598E-03
   1.81999755       2.74991198E-03
   1.83999753       2.24557729E-03
   1.85999751       1.82805758E-03
   1.87999749       1.47979532E-03
   1.89999747       1.19836524E-03
   1.91999745       9.71557572E-04
   1.93999743       7.72487139E-04
   1.95999742       6.06546819E-04
   1.97999740       4.81788476E-04
   1.99999738       3.87016626E-04
   2.01999736       3.04347312E-04
   2.03999734       2.39250279E-04
   2.05999732       1.94817403E-04
   2.07999730       1.58541196E-04
   2.09999728       1.23770995E-04
   2.11999726       9.48837260E-05
   2.13999724       7.62240670E-05
   2.15999722       6.23098094E-05
   2.17999721       4.76652531E-05
   2.19999719       3.34119504E-05
   2.21999717       2.50108042E-05
   2.23999715       1.99433671E-05
   2.25999713       1.43648322E-05
   2.27999711       8.84796464E-06
   2.29999709       5.77468472E-06
   2.31999707       4.27589066E-06
   2.33999705       2.95230711E-06
   2.35999703       1.65862446E-06
   2.37999701       1.07448204E-06
   2.39999700       7.76317734E-07
   2.41999698       3.79977564E-07
   2.43999696       2.43329310E-07
   2.45999694       3.76530267E-07
   2.47999692       4.18365659E-07
   2.49999690       2.85632552E-07
   2.51999688       2.81730735E-07
   2.53999686       3.81772566E-07
   2.55999684       3.89170651E-07
   2.57999682       2.87494345E-07
   2.59999681       3.97212006E-07
   2.61999679       6.69773215E-07
   2.63999677       7.25816278E-07
   2.65999675       1.04309197E-06
   2.67999673       1.72900275E-06
   2.69999671       2.17647016E-06
   2.71999669       2.55472355E-06
   2.73999667       3.93029177E-06
   2.75999665       5.47945410E-06
   2.77999663       5.99934856E-06
   2.79999661       6.59959460E-06
   2.81999660       8.61238641E-06
   2.83999658       9.91230354E-06
   2.85999656       1.01857286E-05
   2.87999654       1.22131587E-05
   2.89999652       1.40738139E-05
   2.91999650       1.37554653E-05
   2.93999648       1.47716819E-05
   2.95999646       2.01796229E-05
   2.97999644       2.89116797E-05
   2.99999642       4.01066245E-05
   3.01999640       4.97948531E-05
   3.03999639       5.87093418E-05
   3.05999637       7.85006268E-05
   3.07999635       1.05526284E-04
   3.09999633       1.17349242E-04
