  -2.00000000       1.65919933E-04
  -1.98000002       2.11098668E-04
  -1.96000004       3.13825556E-04
  -1.94000006       4.58364550E-04
  -1.92000008       5.75849903E-04
  -1.90000010       6.14954741E-04
  -1.88000011       6.36314391E-04
  -1.86000013       6.80458033E-04
  -1.84000015       7.08537875E-04
  -1.82000017       7.59889313E-04
  -1.80000019       8.96907935E-04
  -1.78000021       1.08729454E-03
  -1.76000023       1.29921408E-03
  -1.74000025       1.52582105E-03
  -1.72000027       1.71909377E-03
  -1.70000029       1.87424384E-03
  -1.68000031       2.05371645E-03
  -1.66000032       2.27849069E-03
  -1.64000034       2.55767861E-03
  -1.62000036       2.92089023E-03
  -1.60000038       3.34171765E-03
  -1.58000040       3.77555494E-03
  -1.56000042       4.20945184E-03
  -1.54000044       4.61474061E-03
  -1.52000046       5.03105065E-03
  -1.50000048       5.56734297E-03
  -1.48000050       6.20160578E-03
  -1.46000051       6.93664374E-03
  -1.44000053       7.71109900E-03
  -1.42000055       8.39325786E-03
  -1.40000057       9.05215554E-03
  -1.38000059       9.76339169E-03
  -1.36000061       1.06248837E-02
  -1.34000063       1.16721019E-02
  -1.32000065       1.27306050E-02
  -1.30000067       1.37823625E-02
  -1.28000069       1.47367408E-02
  -1.26000071       1.56211685E-02
  -1.24000072       1.67658124E-02
  -1.22000074       1.80565901E-02
  -1.20000076       1.94102619E-02
  -1.18000078       2.06850078E-02
  -1.16000080       2.16358025E-02
  -1.14000082       2.26987116E-02
  -1.12000084       2.40333583E-02
  -1.10000086       2.54472345E-02
  -1.08000088       2.68617105E-02
  -1.06000090       2.79289242E-02
  -1.04000092       2.87837982E-02
  -1.02000093       2.99646091E-02
  -1.00000095       3.14719938E-02
 -0.980000973       3.27203386E-02
 -0.960000992       3.34731899E-02
 -0.940001011       3.42481993E-02
 -0.920001030       3.50492038E-02
 -0.900001049       3.61411199E-02
 -0.880001068       3.74772884E-02
 -0.860001087       3.74192968E-02
 -0.840001106       3.75168398E-02
 -0.820001125       3.90683636E-02
 -0.800001144       3.91817912E-02
 -0.780001163       3.92601974E-02
 -0.760001183       4.00193930E-02
 -0.740001202       3.88932824E-02
 -0.720001221       3.95471267E-02
 -0.700001240       4.10825722E-02
 -0.680001259       3.82833518E-02
 -0.660001278       3.83178927E-02
 -0.640001297       4.07107808E-02
 -0.620001316       3.73912938E-02
 -0.600001335       3.70556451E-02
 -0.580001354       3.93292457E-02
 -0.560001373       3.47037949E-02
 -0.540001392       3.55430134E-02
 -0.520001411       3.82146388E-02
 -0.500001431       3.07888780E-02
 -0.480001420       3.30956057E-02
 -0.460001409       3.76311243E-02
 -0.440001398       2.64407936E-02
 -0.420001388       3.02333720E-02
 -0.400001377       3.68814841E-02
 -0.380001366       2.18166187E-02
 -0.360001355       2.79512797E-02
 -0.340001345       3.61334607E-02
 -0.320001334       1.68804005E-02
 -0.300001323       2.67921668E-02
 -0.280001312       3.60604301E-02
 -0.260001302       1.16682965E-02
 -0.240001306       2.72442270E-02
 -0.220001310       3.71021405E-02
 -0.200001314       6.74640900E-03
 -0.180001318       2.98115555E-02
 -0.160001323       4.00197208E-02
 -0.140001327       2.68447562E-03
 -0.120001331       3.55904363E-02
 -0.100001335       4.53791842E-02
  -8.00013393E-02   3.34492361E-04
  -6.00013398E-02   4.61563058E-02
  -4.00013402E-02   5.39295711E-02
  -2.00013407E-02   9.51027381E-04
  -1.34110451E-06   6.22774549E-02
   1.99986584E-02   8.29134732E-02
   3.99986580E-02   9.23245102E-02
   5.99986576E-02  0.109625801    
   7.99986571E-02  0.127811998    
   9.99986529E-02  0.150850132    
  0.119998649      0.174296960    
  0.139998645      0.201158091    
  0.159998640      0.230896011    
  0.179998636      0.260574371    
  0.199998632      0.295165867    
  0.219998628      0.330540001    
  0.239998624      0.366635412    
  0.259998620      0.407428116    
  0.279998630      0.448051482    
  0.299998641      0.489672691    
  0.319998652      0.534843981    
  0.339998662      0.579247892    
  0.359998673      0.624123931    
  0.379998684      0.671198547    
  0.399998695      0.717152536    
  0.419998705      0.762758255    
  0.439998716      0.809197307    
  0.459998727      0.853395641    
  0.479998738      0.896078706    
  0.499998748      0.938667953    
  0.519998729      0.978153348    
  0.539998710       1.01404870    
  0.559998691       1.04914093    
  0.579998672       1.08132696    
  0.599998653       1.10773993    
  0.619998634       1.13121414    
  0.639998615       1.15310955    
  0.659998596       1.16969991    
  0.679998577       1.17981827    
  0.699998558       1.18719435    
  0.719998538       1.19234371    
  0.739998519       1.19133902    
  0.759998500       1.18364632    
  0.779998481       1.17308128    
  0.799998462       1.16094661    
  0.819998443       1.14360201    
  0.839998424       1.11971939    
  0.859998405       1.09269273    
  0.879998386       1.06562066    
  0.899998367       1.03590345    
  0.919998348       1.00029349    
  0.939998329      0.961048305    
  0.959998310      0.922759473    
  0.979998291      0.885235071    
  0.999998271      0.844193995    
   1.01999831      0.799006760    
   1.03999829      0.754263163    
   1.05999827      0.712835312    
   1.07999825      0.671985090    
   1.09999824      0.628729403    
   1.11999822      0.584077418    
   1.13999820      0.541701376    
   1.15999818      0.503107488    
   1.17999816      0.466610372    
   1.19999814      0.429673046    
   1.21999812      0.391875178    
   1.23999810      0.355912864    
   1.25999808      0.324195266    
   1.27999806      0.296039283    
   1.29999804      0.268829554    
   1.31999803      0.241397962    
   1.33999801      0.214997038    
   1.35999799      0.191235691    
   1.37999797      0.170560837    
   1.39999795      0.152457178    
   1.41999793      0.135915205    
   1.43999791      0.119945720    
   1.45999789      0.104565196    
   1.47999787       9.06495526E-02
   1.49999785       7.88218230E-02
   1.51999784       6.88568875E-02
   1.53999782       6.02049530E-02
   1.55999780       5.24119809E-02
   1.57999778       4.51940298E-02
   1.59999776       3.84784006E-02
   1.61999774       3.24179381E-02
   1.63999772       2.72675697E-02
   1.65999770       2.30987854E-02
   1.67999768       1.96526032E-02
   1.69999766       1.67320371E-02
   1.71999764       1.42340530E-02
   1.73999763       1.20220659E-02
   1.75999761       1.00003742E-02
   1.77999759       8.19313806E-03
   1.79999757       6.66191429E-03
   1.81999755       5.38208894E-03
   1.83999753       4.32223314E-03
   1.85999751       3.47452099E-03
   1.87999749       2.82816682E-03
   1.89999747       2.32449430E-03
   1.91999745       1.89175794E-03
   1.93999743       1.53690518E-03
   1.95999742       1.26050797E-03
   1.97999740       1.02281885E-03
   1.99999738       8.14667204E-04
   2.01999736       6.52787974E-04
   2.03999734       5.30312886E-04
   2.05999732       4.23992809E-04
   2.07999730       3.36886558E-04
   2.09999728       2.74253456E-04
   2.11999726       2.26430537E-04
   2.13999724       1.80166709E-04
   2.15999722       1.38184158E-04
   2.17999721       1.09099397E-04
   2.19999719       8.71354277E-05
   2.21999717       6.55696931E-05
   2.23999715       4.68448852E-05
   2.25999713       3.45283406E-05
   2.27999711       2.48427932E-05
   2.29999709       1.71181673E-05
   2.31999707       1.18474118E-05
   2.33999705       8.23438495E-06
   2.35999703       5.12000270E-06
   2.37999701       3.41122995E-06
   2.39999700       3.12068414E-06
   2.41999698       2.89702962E-06
   2.43999696       2.11386578E-06
   2.45999694       1.92708421E-06
   2.47999692       1.89895752E-06
   2.49999690       1.42370925E-06
   2.51999688       1.17427498E-06
   2.53999686       1.22183690E-06
   2.55999684       9.10839333E-07
   2.57999682       6.82514610E-07
   2.59999681       7.16543582E-07
   2.61999679       9.22305276E-07
   2.63999677       1.46260027E-06
   2.65999675       2.31551053E-06
   2.67999673       3.17840636E-06
   2.69999671       4.92924846E-06
   2.71999669       6.81256461E-06
   2.73999667       7.71355735E-06
   2.75999665       9.51903348E-06
   2.77999663       1.26868081E-05
   2.79999661       1.50415563E-05
   2.81999660       1.58664243E-05
   2.83999658       1.75031855E-05
   2.85999656       1.87370570E-05
   2.87999654       1.82424883E-05
   2.89999652       1.89612456E-05
   2.91999650       2.58202781E-05
   2.93999648       3.57923564E-05
   2.95999646       4.50284933E-05
   2.97999644       5.50918776E-05
   2.99999642       7.25616410E-05
   3.01999640       1.06888088E-04
   3.03999639       1.43909463E-04
   3.05999637       1.57301678E-04
   3.07999635       1.73753913E-04
   3.09999633       2.04740980E-04
