  -2.00000000       2.51241639E-04
  -1.98000002       3.17367754E-04
  -1.96000004       4.47409519E-04
  -1.94000006       6.08496950E-04
  -1.92000008       7.11480854E-04
  -1.90000010       7.12480221E-04
  -1.88000011       6.84411265E-04
  -1.86000013       6.97775453E-04
  -1.84000015       7.40656222E-04
  -1.82000017       8.69876298E-04
  -1.80000019       1.12568855E-03
  -1.78000021       1.41059188E-03
  -1.76000023       1.69637322E-03
  -1.74000025       1.94525532E-03
  -1.72000027       2.07313476E-03
  -1.70000029       2.15546298E-03
  -1.68000031       2.28240550E-03
  -1.66000032       2.51541706E-03
  -1.64000034       2.90450966E-03
  -1.62000036       3.40383220E-03
  -1.60000038       3.97250801E-03
  -1.58000040       4.49964125E-03
  -1.56000042       4.92240489E-03
  -1.54000044       5.27952658E-03
  -1.52000046       5.63015928E-03
  -1.50000048       6.16689771E-03
  -1.48000050       6.91292994E-03
  -1.46000051       7.78021989E-03
  -1.44000053       8.68946593E-03
  -1.42000055       9.44156945E-03
  -1.40000057       1.00663593E-02
  -1.38000059       1.07428860E-02
  -1.36000061       1.15695326E-02
  -1.34000063       1.26599511E-02
  -1.32000065       1.38610266E-02
  -1.30000067       1.50284376E-02
  -1.28000069       1.60520673E-02
  -1.26000071       1.68994013E-02
  -1.24000072       1.79244019E-02
  -1.22000074       1.91757679E-02
  -1.20000076       2.05774307E-02
  -1.18000078       2.19649337E-02
  -1.16000080       2.29790695E-02
  -1.14000082       2.39937752E-02
  -1.12000084       2.51393206E-02
  -1.10000086       2.64019575E-02
  -1.08000088       2.79284809E-02
  -1.06000090       2.90879905E-02
  -1.04000092       2.99166758E-02
  -1.02000093       3.10054477E-02
  -1.00000095       3.21438238E-02
 -0.980000973       3.32739204E-02
 -0.960000992       3.43476981E-02
 -0.940001011       3.50245945E-02
 -0.920001030       3.55126821E-02
 -0.900001049       3.65564562E-02
 -0.880001068       3.75372916E-02
 -0.860001087       3.75925004E-02
 -0.840001106       3.82286683E-02
 -0.820001125       3.89359817E-02
 -0.800001144       3.85543071E-02
 -0.780001163       3.94777842E-02
 -0.760001183       3.97151597E-02
 -0.740001202       3.83413844E-02
 -0.720001221       3.95754427E-02
 -0.700001240       3.98275368E-02
 -0.680001259       3.74574475E-02
 -0.660001278       3.88975330E-02
 -0.640001297       3.90714146E-02
 -0.620001316       3.57946828E-02
 -0.600001335       3.76400948E-02
 -0.580001354       3.76928225E-02
 -0.560001373       3.29526626E-02
 -0.540001392       3.59857492E-02
 -0.520001411       3.60628515E-02
 -0.500001431       2.92739831E-02
 -0.480001420       3.40299010E-02
 -0.460001409       3.45603190E-02
 -0.440001398       2.48996522E-02
 -0.420001388       3.20284143E-02
 -0.400001377       3.30647118E-02
 -0.380001366       2.01990306E-02
 -0.360001355       3.03338133E-02
 -0.340001345       3.19079868E-02
 -0.320001334       1.53816650E-02
 -0.300001323       2.93391347E-02
 -0.280001312       3.15168649E-02
 -0.260001302       1.05377603E-02
 -0.240001306       2.95863952E-02
 -0.220001310       3.23130861E-02
 -0.200001314       6.04865514E-03
 -0.180001318       3.15701440E-02
 -0.160001323       3.50248516E-02
 -0.140001327       2.35511293E-03
 -0.120001331       3.62650678E-02
 -0.100001335       4.02156562E-02
  -8.00013393E-02   2.08395213E-04
  -6.00013398E-02   4.50558215E-02
  -4.00013402E-02   4.86563034E-02
  -2.00013407E-02   6.38457015E-04
  -1.34110451E-06   5.85255139E-02
   1.99986584E-02   7.64224678E-02
   3.99986580E-02   8.52031782E-02
   5.99986576E-02  0.100173615    
   7.99986571E-02  0.118179940    
   9.99986529E-02  0.138717070    
  0.119998649      0.160837159    
  0.139998645      0.186686739    
  0.159998640      0.212944284    
  0.179998636      0.242480323    
  0.199998632      0.274505407    
  0.219998628      0.306478441    
  0.239998624      0.343202472    
  0.259998620      0.380324334    
  0.279998630      0.417636216    
  0.299998641      0.460455984    
  0.319998652      0.501926780    
  0.339998662      0.542957246    
  0.359998673      0.589683115    
  0.379998684      0.634029031    
  0.399998695      0.676294088    
  0.419998705      0.723856151    
  0.439998716      0.769785225    
  0.459998727      0.810522974    
  0.479998738      0.854918897    
  0.499998748      0.899299562    
  0.519998729      0.936596990    
  0.539998710      0.973461151    
  0.559998691       1.01225269    
  0.579998672       1.04455674    
  0.599998653       1.07131231    
  0.619998634       1.09940612    
  0.639998615       1.12433183    
  0.659998596       1.14097989    
  0.679998577       1.15482581    
  0.699998558       1.16853821    
  0.719998538       1.17581666    
  0.739998519       1.17550707    
  0.759998500       1.17388451    
  0.779998481       1.17056715    
  0.799998462       1.15985847    
  0.819998443       1.14282477    
  0.839998424       1.12552977    
  0.859998405       1.10650373    
  0.879998386       1.08071017    
  0.899998367       1.04981887    
  0.919998348       1.01908481    
  0.939998329      0.987991154    
  0.959998310      0.952143729    
  0.979998291      0.912153363    
  0.999998271      0.872193456    
   1.01999831      0.833197236    
   1.03999829      0.792617083    
   1.05999827      0.749714017    
   1.07999825      0.706177533    
   1.09999824      0.664125144    
   1.11999822      0.623297513    
   1.13999820      0.582527280    
   1.15999818      0.541298449    
   1.17999816      0.501259506    
   1.19999814      0.463795185    
   1.21999812      0.427988738    
   1.23999810      0.392643869    
   1.25999808      0.358386219    
   1.27999806      0.326551408    
   1.29999804      0.297082782    
   1.31999803      0.269193918    
   1.33999801      0.242741406    
   1.35999799      0.217897817    
   1.37999797      0.194817409    
   1.39999795      0.173855916    
   1.41999793      0.155073225    
   1.43999791      0.137863293    
   1.45999789      0.121673107    
   1.47999787      0.106702298    
   1.49999785       9.34080929E-02
   1.51999784       8.17517936E-02
   1.53999782       7.14859739E-02
   1.55999780       6.23935461E-02
   1.57999778       5.41717559E-02
   1.59999776       4.66027632E-02
   1.61999774       3.97054888E-02
   1.63999772       3.37238684E-02
   1.65999770       2.87500992E-02
   1.67999768       2.45505944E-02
   1.69999766       2.09851786E-02
   1.71999764       1.79454163E-02
   1.73999763       1.52271632E-02
   1.75999761       1.27290282E-02
   1.77999759       1.05120502E-02
   1.79999757       8.62215832E-03
   1.81999755       7.03925220E-03
   1.83999753       5.72165754E-03
   1.85999751       4.68053296E-03
   1.87999749       3.88068333E-03
   1.89999747       3.22084199E-03
   1.91999745       2.65885843E-03
   1.93999743       2.19689263E-03
   1.95999742       1.80091849E-03
   1.97999740       1.43338123E-03
   1.99999738       1.12766156E-03
   2.01999736       8.91162315E-04
   2.03999734       6.95214025E-04
   2.05999732       5.34294173E-04
   2.07999730       4.17506410E-04
   2.09999728       3.38500045E-04
   2.11999726       2.74562568E-04
   2.13999724       2.21160080E-04
   2.15999722       1.82505435E-04
   2.17999721       1.51481829E-04
   2.19999719       1.19990626E-04
   2.21999717       9.51103284E-05
   2.23999715       7.90480481E-05
   2.25999713       6.26983383E-05
   2.27999711       4.67073623E-05
   2.29999709       3.58523685E-05
   2.31999707       2.96706949E-05
   2.33999705       2.39665897E-05
   2.35999703       1.89108396E-05
   2.37999701       1.58183302E-05
   2.39999700       1.40437651E-05
   2.41999698       1.22920728E-05
   2.43999696       1.17682148E-05
   2.45999694       1.15610846E-05
   2.47999692       1.05540803E-05
   2.49999690       8.96681922E-06
   2.51999688       7.96981567E-06
   2.53999686       7.02303760E-06
   2.55999684       5.65080154E-06
   2.57999682       4.06742220E-06
   2.59999681       2.91464858E-06
   2.61999679       1.85585338E-06
   2.63999677       8.44143528E-07
   2.65999675       3.46201546E-07
   2.67999673       7.12201313E-07
   2.69999671       1.82126155E-06
   2.71999669       3.78689037E-06
   2.73999667       6.91676269E-06
   2.75999665       1.03811162E-05
   2.77999663       1.47166493E-05
   2.79999661       2.04964126E-05
   2.81999660       2.74306367E-05
   2.83999658       3.26425507E-05
   2.85999656       3.73918738E-05
   2.87999654       4.18614181E-05
   2.89999652       4.07064654E-05
   2.91999650       3.90941896E-05
   2.93999648       4.67916943E-05
   2.95999646       5.84473964E-05
   2.97999644       6.51327209E-05
   2.99999642       7.69657563E-05
   3.01999640       1.13348091E-04
   3.03999639       1.69531806E-04
   3.05999637       2.09697086E-04
   3.07999635       2.38430759E-04
   3.09999633       2.91002129E-04
