  -2.00000000       2.36697655E-04
  -1.98000002       3.07049399E-04
  -1.96000004       4.74449596E-04
  -1.94000006       6.24156033E-04
  -1.92000008       6.89153385E-04
  -1.90000010       7.23953592E-04
  -1.88000011       7.46791484E-04
  -1.86000013       7.51834887E-04
  -1.84000015       8.26609146E-04
  -1.82000017       1.03081926E-03
  -1.80000019       1.29038002E-03
  -1.78000021       1.55378052E-03
  -1.76000023       1.82071491E-03
  -1.74000025       1.99719495E-03
  -1.72000027       2.07950408E-03
  -1.70000029       2.18266319E-03
  -1.68000031       2.37104436E-03
  -1.66000032       2.72648316E-03
  -1.64000034       3.22852097E-03
  -1.62000036       3.76683939E-03
  -1.60000038       4.28764243E-03
  -1.58000040       4.69627092E-03
  -1.56000042       5.00638690E-03
  -1.54000044       5.34727611E-03
  -1.52000046       5.81922475E-03
  -1.50000048       6.55152369E-03
  -1.48000050       7.46417139E-03
  -1.46000051       8.33329372E-03
  -1.44000053       9.08036809E-03
  -1.42000055       9.63492319E-03
  -1.40000057       1.01846391E-02
  -1.38000059       1.10165346E-02
  -1.36000061       1.21193081E-02
  -1.34000063       1.33887883E-02
  -1.32000065       1.45230163E-02
  -1.30000067       1.54068479E-02
  -1.28000069       1.62172299E-02
  -1.26000071       1.71445832E-02
  -1.24000072       1.84800886E-02
  -1.22000074       1.99953616E-02
  -1.20000076       2.12938879E-02
  -1.18000078       2.23013517E-02
  -1.16000080       2.30874401E-02
  -1.14000082       2.42805593E-02
  -1.12000084       2.58051567E-02
  -1.10000086       2.71968190E-02
  -1.08000088       2.84016430E-02
  -1.06000090       2.91249342E-02
  -1.04000092       3.00066639E-02
  -1.02000093       3.15428637E-02
  -1.00000095       3.28156762E-02
 -0.980000973       3.36096063E-02
 -0.960000992       3.42684388E-02
 -0.940001011       3.49392667E-02
 -0.920001030       3.59311327E-02
 -0.900001049       3.71188410E-02
 -0.880001068       3.74559015E-02
 -0.860001087       3.72574627E-02
 -0.840001106       3.83323617E-02
 -0.820001125       3.91790718E-02
 -0.800001144       3.86162810E-02
 -0.780001163       3.91943417E-02
 -0.760001183       3.91830243E-02
 -0.740001202       3.84836979E-02
 -0.720001221       3.98513377E-02
 -0.700001240       3.90083939E-02
 -0.680001259       3.69706862E-02
 -0.660001278       3.92135605E-02
 -0.640001297       3.86059023E-02
 -0.620001316       3.51969264E-02
 -0.600001335       3.74649391E-02
 -0.580001354       3.71258296E-02
 -0.560001373       3.27583775E-02
 -0.540001392       3.57872956E-02
 -0.520001411       3.49087119E-02
 -0.500001431       2.92434264E-02
 -0.480001420       3.43378596E-02
 -0.460001409       3.29036340E-02
 -0.440001398       2.46674642E-02
 -0.420001388       3.28338444E-02
 -0.400001377       3.12557630E-02
 -0.380001366       1.97719578E-02
 -0.360001355       3.12782526E-02
 -0.340001345       3.01878918E-02
 -0.320001334       1.49481995E-02
 -0.300001323       3.01379282E-02
 -0.280001312       2.99056042E-02
 -0.260001302       1.02597158E-02
 -0.240001306       3.01046092E-02
 -0.220001310       3.07740699E-02
 -0.200001314       5.95172867E-03
 -0.180001318       3.17745619E-02
 -0.160001323       3.34875472E-02
 -0.140001327       2.38386611E-03
 -0.120001331       3.60652246E-02
 -0.100001335       3.86536531E-02
  -8.00013393E-02   2.62795947E-04
  -6.00013398E-02   4.42269221E-02
  -4.00013402E-02   4.71175611E-02
  -2.00013407E-02   5.55325823E-04
  -1.34110451E-06   5.67153655E-02
   1.99986584E-02   7.46370181E-02
   3.99986580E-02   8.18345025E-02
   5.99986576E-02   9.74589810E-02
   7.99986571E-02  0.114024952    
   9.99986529E-02  0.134299561    
  0.119998649      0.156483561    
  0.139998645      0.180081844    
  0.159998640      0.207580864    
  0.179998636      0.235123187    
  0.199998632      0.266136110    
  0.219998628      0.299260169    
  0.239998624      0.332670718    
  0.259998620      0.370361626    
  0.279998630      0.408089846    
  0.299998641      0.446940064    
  0.319998652      0.490140587    
  0.339998662      0.531396985    
  0.359998673      0.573681474    
  0.379998684      0.620238781    
  0.399998695      0.663600028    
  0.419998705      0.706202805    
  0.439998716      0.753745139    
  0.459998727      0.797556520    
  0.479998738      0.837444603    
  0.499998748      0.881365180    
  0.519998729      0.923580945    
  0.539998710      0.958424151    
  0.559998691      0.994004667    
  0.579998672       1.03089690    
  0.599998653       1.06006813    
  0.619998634       1.08427155    
  0.639998615       1.11017513    
  0.659998596       1.13237631    
  0.679998577       1.14593911    
  0.699998558       1.15691876    
  0.719998538       1.16782987    
  0.739998519       1.17227805    
  0.759998500       1.16941130    
  0.779998481       1.16476405    
  0.799998462       1.15841174    
  0.819998443       1.14543080    
  0.839998424       1.12700009    
  0.859998405       1.10708106    
  0.879998386       1.08496857    
  0.899998367       1.05788791    
  0.919998348       1.02687633    
  0.939998329      0.994602144    
  0.959998310      0.960658014    
  0.979998291      0.923986018    
  0.999998271      0.885159373    
   1.01999831      0.845202506    
   1.03999829      0.804298878    
   1.05999827      0.762956738    
   1.07999825      0.721265495    
   1.09999824      0.679507732    
   1.11999822      0.637685835    
   1.13999820      0.596312344    
   1.15999818      0.555506229    
   1.17999816      0.516131818    
   1.19999814      0.478754908    
   1.21999812      0.442389607    
   1.23999810      0.406098366    
   1.25999808      0.370967358    
   1.27999806      0.338792145    
   1.29999804      0.309413493    
   1.31999803      0.281406283    
   1.33999801      0.254204869    
   1.35999799      0.228166685    
   1.37999797      0.203953043    
   1.39999795      0.182328299    
   1.41999793      0.163344607    
   1.43999791      0.146044269    
   1.45999789      0.129426196    
   1.47999787      0.113554947    
   1.49999785       9.91664827E-02
   1.51999784       8.66226405E-02
   1.53999782       7.58756176E-02
   1.55999780       6.66508898E-02
   1.57999778       5.83955646E-02
   1.59999776       5.06196320E-02
   1.61999774       4.32461947E-02
   1.63999772       3.66274603E-02
   1.65999770       3.10152769E-02
   1.67999768       2.63393763E-02
   1.69999766       2.25245282E-02
   1.71999764       1.94152072E-02
   1.73999763       1.66914761E-02
   1.75999761       1.41552417E-02
   1.77999759       1.18295513E-02
   1.79999757       9.75041557E-03
   1.81999755       7.93153420E-03
   1.83999753       6.38160948E-03
   1.85999751       5.15482202E-03
   1.87999749       4.22522519E-03
   1.89999747       3.48128215E-03
   1.91999745       2.88978918E-03
   1.93999743       2.42914539E-03
   1.95999742       2.02856632E-03
   1.97999740       1.65244634E-03
   1.99999738       1.33553089E-03
   2.01999736       1.07779203E-03
   2.03999734       8.47991556E-04
   2.05999732       6.54872158E-04
   2.07999730       5.10662969E-04
   2.09999728       4.04621445E-04
   2.11999726       3.16712889E-04
   2.13999724       2.48051540E-04
   2.15999722       2.00814276E-04
   2.17999721       1.60181211E-04
   2.19999719       1.21994774E-04
   2.21999717       9.44220374E-05
   2.23999715       7.64380311E-05
   2.25999713       5.84775953E-05
   2.27999711       4.31338231E-05
   2.29999709       3.30162547E-05
   2.31999707       2.61283622E-05
   2.33999705       2.07772046E-05
   2.35999703       1.79378185E-05
   2.37999701       1.61211683E-05
   2.39999700       1.33132953E-05
   2.41999698       1.18510279E-05
   2.43999696       1.23555674E-05
   2.45999694       1.17877789E-05
   2.47999692       1.01947844E-05
   2.49999690       9.26363100E-06
   2.51999688       7.66538233E-06
   2.53999686       5.35829440E-06
   2.55999684       3.89614434E-06
   2.57999682       2.82849578E-06
   2.59999681       1.16765830E-06
   2.61999679       2.01580804E-07
   2.63999677       2.41804052E-08
   2.65999675       5.77136802E-07
   2.67999673       2.48757055E-06
   2.69999671       5.17189710E-06
   2.71999669       8.79493655E-06
   2.73999667       1.41778901E-05
   2.75999665       1.88039648E-05
   2.77999663       2.32290913E-05
   2.79999661       3.01580221E-05
   2.81999660       3.75377422E-05
   2.83999658       3.90841560E-05
   2.85999656       3.74287665E-05
   2.87999654       3.53459909E-05
   2.89999652       3.29063332E-05
   2.91999650       3.51892631E-05
   2.93999648       4.58710711E-05
   2.95999646       5.39835928E-05
   2.97999644       6.44997490E-05
   2.99999642       1.05666797E-04
   3.01999640       1.68243161E-04
   3.03999639       2.08659811E-04
   3.05999637       2.40040317E-04
   3.07999635       3.01391323E-04
   3.09999633       3.37876816E-04
