  -2.00000000       2.61700159E-04
  -1.98000002       3.90788773E-04
  -1.96000004       6.12403092E-04
  -1.94000006       7.90494552E-04
  -1.92000008       8.66571092E-04
  -1.90000010       8.91660166E-04
  -1.88000011       8.69317912E-04
  -1.86000013       8.35511775E-04
  -1.84000015       9.34831973E-04
  -1.82000017       1.17334258E-03
  -1.80000019       1.46662351E-03
  -1.78000021       1.78542826E-03
  -1.76000023       2.05779076E-03
  -1.74000025       2.23824475E-03
  -1.72000027       2.36250390E-03
  -1.70000029       2.50183092E-03
  -1.68000031       2.76113278E-03
  -1.66000032       3.17100761E-03
  -1.64000034       3.67456209E-03
  -1.62000036       4.17873310E-03
  -1.60000038       4.64409823E-03
  -1.58000040       5.07906405E-03
  -1.56000042       5.49760414E-03
  -1.54000044       6.00643596E-03
  -1.52000046       6.62958343E-03
  -1.50000048       7.36218970E-03
  -1.48000050       8.15966725E-03
  -1.46000051       8.87137000E-03
  -1.44000053       9.57956538E-03
  -1.42000055       1.03314240E-02
  -1.40000057       1.11701274E-02
  -1.38000059       1.21802418E-02
  -1.36000061       1.31887700E-02
  -1.34000063       1.41645689E-02
  -1.32000065       1.51328724E-02
  -1.30000067       1.61503404E-02
  -1.28000069       1.73392333E-02
  -1.26000071       1.85146071E-02
  -1.24000072       1.96678713E-02
  -1.22000074       2.07948089E-02
  -1.20000076       2.18563192E-02
  -1.18000078       2.30911989E-02
  -1.16000080       2.43580062E-02
  -1.14000082       2.56137047E-02
  -1.12000084       2.66715698E-02
  -1.10000086       2.76381522E-02
  -1.08000088       2.89315786E-02
  -1.06000090       3.01190782E-02
  -1.04000092       3.12450044E-02
  -1.02000093       3.22643295E-02
  -1.00000095       3.28464918E-02
 -0.980000973       3.38747837E-02
 -0.960000992       3.51158790E-02
 -0.940001011       3.56970467E-02
 -0.920001030       3.61555293E-02
 -0.900001049       3.68428268E-02
 -0.880001068       3.73758897E-02
 -0.860001087       3.80161591E-02
 -0.840001106       3.87059897E-02
 -0.820001125       3.82630527E-02
 -0.800001144       3.81966159E-02
 -0.780001163       3.96151952E-02
 -0.760001183       3.88938226E-02
 -0.740001202       3.79131846E-02
 -0.720001221       3.91325802E-02
 -0.700001240       3.82322185E-02
 -0.680001259       3.73006985E-02
 -0.660001278       3.86323743E-02
 -0.640001297       3.64984870E-02
 -0.620001316       3.52456234E-02
 -0.600001335       3.78231071E-02
 -0.580001354       3.47520933E-02
 -0.560001373       3.19327377E-02
 -0.540001392       3.62581648E-02
 -0.520001411       3.29709835E-02
 -0.500001431       2.83827670E-02
 -0.480001420       3.42764705E-02
 -0.460001409       3.08366809E-02
 -0.440001398       2.45164186E-02
 -0.420001388       3.26225087E-02
 -0.400001377       2.84124576E-02
 -0.380001366       2.02630013E-02
 -0.360001355       3.15053016E-02
 -0.340001345       2.65540984E-02
 -0.320001334       1.56061407E-02
 -0.300001323       3.10372673E-02
 -0.280001312       2.57421602E-02
 -0.260001302       1.08191222E-02
 -0.240001306       3.14400680E-02
 -0.220001310       2.63763219E-02
 -0.200001314       6.37728767E-03
 -0.180001318       3.31856608E-02
 -0.160001323       2.89284196E-02
 -0.140001327       2.72679213E-03
 -0.120001331       3.70437354E-02
 -0.100001335       3.40195484E-02
  -8.00013393E-02   4.79022128E-04
  -6.00013398E-02   4.41038646E-02
  -4.00013402E-02   4.25742082E-02
  -2.00013407E-02   4.05156956E-04
  -1.34110451E-06   5.47346622E-02
   1.99986584E-02   6.93324953E-02
   3.99986580E-02   7.69056007E-02
   5.99986576E-02   9.07316357E-02
   7.99986571E-02  0.106477484    
   9.99986529E-02  0.126152635    
  0.119998649      0.145993710    
  0.139998645      0.169787988    
  0.159998640      0.194638833    
  0.179998636      0.221094847    
  0.199998632      0.251463711    
  0.219998628      0.281444162    
  0.239998624      0.314597160    
  0.259998620      0.350542128    
  0.279998630      0.385706425    
  0.299998641      0.424362391    
  0.319998652      0.465049595    
  0.339998662      0.504746079    
  0.359998673      0.547106981    
  0.379998684      0.590702534    
  0.399998695      0.633221507    
  0.419998705      0.676861346    
  0.439998716      0.721213937    
  0.459998727      0.764093816    
  0.479998738      0.806848347    
  0.499998748      0.848875284    
  0.519998729      0.888783336    
  0.539998710      0.927513540    
  0.559998691      0.964557409    
  0.579998672      0.998351514    
  0.599998653       1.02967572    
  0.619998634       1.05914927    
  0.639998615       1.08467579    
  0.659998596       1.10580432    
  0.679998577       1.12431192    
  0.699998558       1.13999689    
  0.719998538       1.15075517    
  0.739998519       1.15626514    
  0.759998500       1.15879023    
  0.779998481       1.15863502    
  0.799998462       1.15352368    
  0.819998443       1.14220703    
  0.839998424       1.12799883    
  0.859998405       1.11279547    
  0.879998386       1.09334624    
  0.899998367       1.06738830    
  0.919998348       1.03858662    
  0.939998329       1.01077104    
  0.959998310      0.980753601    
  0.979998291      0.944780648    
  0.999998271      0.905724347    
   1.01999831      0.868449092    
   1.03999829      0.831861973    
   1.05999827      0.792221129    
   1.07999825      0.749019921    
   1.09999824      0.706254303    
   1.11999822      0.666445374    
   1.13999820      0.628289938    
   1.15999818      0.588048398    
   1.17999816      0.545742750    
   1.19999814      0.505530000    
   1.21999812      0.469837219    
   1.23999810      0.436195582    
   1.25999808      0.401515573    
   1.27999806      0.366354108    
   1.29999804      0.333191335    
   1.31999803      0.303496033    
   1.33999801      0.277033180    
   1.35999799      0.252088487    
   1.37999797      0.227055997    
   1.39999795      0.202458978    
   1.41999793      0.180095956    
   1.43999791      0.160883650    
   1.45999789      0.144099981    
   1.47999787      0.128641039    
   1.49999785      0.113901503    
   1.51999784       9.97790992E-02
   1.53999782       8.67144167E-02
   1.55999780       7.53987134E-02
   1.57999778       6.59733340E-02
   1.59999776       5.78779243E-02
   1.61999774       5.05253077E-02
   1.63999772       4.37620878E-02
   1.65999770       3.74962799E-02
   1.67999768       3.17596681E-02
   1.69999766       2.67900601E-02
   1.71999764       2.27165446E-02
   1.73999763       1.93627737E-02
   1.75999761       1.65226869E-02
   1.77999759       1.41045265E-02
   1.79999757       1.19830864E-02
   1.81999755       1.00472271E-02
   1.83999753       8.29699449E-03
   1.85999751       6.80092955E-03
   1.87999749       5.54414419E-03
   1.89999747       4.47104126E-03
   1.91999745       3.62176565E-03
   1.93999743       2.97386246E-03
   1.95999742       2.42578075E-03
   1.97999740       1.96798076E-03
   1.99999738       1.60999724E-03
   2.01999736       1.31765998E-03
   2.03999734       1.06221309E-03
   2.05999732       8.58585117E-04
   2.07999730       7.05936865E-04
   2.09999728       5.76247345E-04
   2.11999726       4.65426769E-04
   2.13999724       3.83259379E-04
   2.15999722       3.20125051E-04
   2.17999721       2.56995845E-04
   2.19999719       2.01891569E-04
   2.21999717       1.59556672E-04
   2.23999715       1.22644575E-04
   2.25999713       9.13018885E-05
   2.27999711       6.82321333E-05
   2.29999709       5.03742413E-05
   2.31999707       3.47581736E-05
   2.33999705       2.47655880E-05
   2.35999703       2.01040275E-05
   2.37999701       1.62427841E-05
   2.39999700       1.16529700E-05
   2.41999698       9.66941479E-06
   2.43999696       8.93090692E-06
   2.45999694       7.66967150E-06
   2.47999692       6.39582413E-06
   2.49999690       5.75159265E-06
   2.51999688       4.18354193E-06
   2.53999686       2.44422949E-06
   2.55999684       1.77051584E-06
   2.57999682       1.70108194E-06
   2.59999681       1.23832228E-06
   2.61999679       1.58925513E-06
   2.63999677       2.97986799E-06
   2.65999675       4.68217422E-06
   2.67999673       6.97471296E-06
   2.69999671       9.92103651E-06
   2.71999669       1.35756345E-05
   2.73999667       1.67545750E-05
   2.75999665       1.87832611E-05
   2.77999663       1.95543453E-05
   2.79999661       2.18844580E-05
   2.81999660       2.57646134E-05
   2.83999658       2.93954708E-05
   2.85999656       3.12919510E-05
   2.87999654       3.28533206E-05
   2.89999652       3.93400951E-05
   2.91999650       5.49458964E-05
   2.93999648       8.07356409E-05
   2.95999646       1.01680809E-04
   2.97999644       1.16818366E-04
   2.99999642       1.56712398E-04
   3.01999640       2.15082968E-04
   3.03999639       2.41049551E-04
   3.05999637       2.54685991E-04
   3.07999635       3.12903459E-04
   3.09999633       3.48027301E-04
