  -2.00000000       3.24392429E-04
  -1.98000002       4.63468663E-04
  -1.96000004       7.05446000E-04
  -1.94000006       8.86243884E-04
  -1.92000008       9.55077412E-04
  -1.90000010       9.60437639E-04
  -1.88000011       9.45053063E-04
  -1.86000013       9.94225498E-04
  -1.84000015       1.23072066E-03
  -1.82000017       1.59000733E-03
  -1.80000019       1.93036289E-03
  -1.78000021       2.19973433E-03
  -1.76000023       2.32005538E-03
  -1.74000025       2.36734748E-03
  -1.72000027       2.48922152E-03
  -1.70000029       2.75696721E-03
  -1.68000031       3.27080232E-03
  -1.66000032       3.92520661E-03
  -1.64000034       4.52176342E-03
  -1.62000036       4.94378479E-03
  -1.60000038       5.19330008E-03
  -1.58000040       5.47385775E-03
  -1.56000042       5.92501462E-03
  -1.54000044       6.65443065E-03
  -1.52000046       7.60045415E-03
  -1.50000048       8.51659942E-03
  -1.48000050       9.26544052E-03
  -1.46000051       9.76237375E-03
  -1.44000053       1.02549577E-02
  -1.42000055       1.10565424E-02
  -1.40000057       1.21657262E-02
  -1.38000059       1.34710660E-02
  -1.36000061       1.46021070E-02
  -1.34000063       1.54026430E-02
  -1.32000065       1.61225982E-02
  -1.30000067       1.70482825E-02
  -1.28000069       1.84043813E-02
  -1.26000071       1.98642295E-02
  -1.24000072       2.11180355E-02
  -1.22000074       2.20879596E-02
  -1.20000076       2.28262730E-02
  -1.18000078       2.39514466E-02
  -1.16000080       2.54433174E-02
  -1.14000082       2.68670302E-02
  -1.12000084       2.79116333E-02
  -1.10000086       2.86368262E-02
  -1.08000088       2.96168737E-02
  -1.06000090       3.08358222E-02
  -1.04000092       3.22177522E-02
  -1.02000093       3.31504792E-02
  -1.00000095       3.34522165E-02
 -0.980000973       3.43410447E-02
 -0.960000992       3.54005136E-02
 -0.940001011       3.60837728E-02
 -0.920001030       3.67489457E-02
 -0.900001049       3.69686782E-02
 -0.880001068       3.72053757E-02
 -0.860001087       3.81835997E-02
 -0.840001106       3.86278704E-02
 -0.820001125       3.79165336E-02
 -0.800001144       3.82158011E-02
 -0.780001163       3.90593149E-02
 -0.760001183       3.80026624E-02
 -0.740001202       3.79814170E-02
 -0.720001221       3.85058895E-02
 -0.700001240       3.68921123E-02
 -0.680001259       3.71993892E-02
 -0.660001278       3.78114879E-02
 -0.640001297       3.49095352E-02
 -0.620001316       3.51888798E-02
 -0.600001335       3.67768407E-02
 -0.580001354       3.26706953E-02
 -0.560001373       3.21316458E-02
 -0.540001392       3.54123414E-02
 -0.520001411       3.02442759E-02
 -0.500001431       2.87189428E-02
 -0.480001420       3.38000208E-02
 -0.460001409       2.76166685E-02
 -0.440001398       2.49945242E-02
 -0.420001388       3.23354080E-02
 -0.400001377       2.49194391E-02
 -0.380001366       2.10035536E-02
 -0.360001355       3.12998891E-02
 -0.340001345       2.28578076E-02
 -0.320001334       1.65596027E-02
 -0.300001323       3.10585089E-02
 -0.280001312       2.17391904E-02
 -0.260001302       1.18777286E-02
 -0.240001306       3.17261256E-02
 -0.220001310       2.20999643E-02
 -0.200001314       7.39848055E-03
 -0.180001318       3.36068273E-02
 -0.160001323       2.44385432E-02
 -0.140001327       3.58521589E-03
 -0.120001331       3.70847508E-02
 -0.100001335       2.95562353E-02
  -8.00013393E-02   9.95825976E-04
  -6.00013398E-02   4.29993048E-02
  -4.00013402E-02   3.83444987E-02
  -2.00013407E-02   3.79758538E-04
  -1.34110451E-06   5.16370051E-02
   1.99986584E-02   6.43875450E-02
   3.99986580E-02   7.06496686E-02
   5.99986576E-02   8.32558498E-02
   7.99986571E-02   9.85218659E-02
   9.99986529E-02  0.115858167    
  0.119998649      0.135307923    
  0.139998645      0.157380790    
  0.159998640      0.179886281    
  0.179998636      0.206128925    
  0.199998632      0.233410001    
  0.219998628      0.261854678    
  0.239998624      0.294471323    
  0.259998620      0.326390058    
  0.279998630      0.360918581    
  0.299998641      0.398903221    
  0.319998652      0.434796393    
  0.339998662      0.474432766    
  0.359998673      0.516803026    
  0.379998684      0.555509567    
  0.399998695      0.597693980    
  0.419998705      0.642913640    
  0.439998716      0.682848871    
  0.459998727      0.724400282    
  0.479998738      0.770229697    
  0.499998748      0.810182810    
  0.519998729      0.847629905    
  0.539998710      0.889838994    
  0.559998691      0.928064942    
  0.579998672      0.959340930    
  0.599998653      0.993068695    
  0.619998634       1.02681637    
  0.639998615       1.05176771    
  0.659998596       1.07348430    
  0.679998577       1.09762073    
  0.699998558       1.11618984    
  0.719998538       1.12632716    
  0.739998519       1.13607824    
  0.759998500       1.14562345    
  0.779998481       1.14670265    
  0.799998462       1.14153945    
  0.819998443       1.13711607    
  0.839998424       1.13027287    
  0.859998405       1.11498117    
  0.879998386       1.09523928    
  0.899998367       1.07675683    
  0.919998348       1.05564833    
  0.939998329       1.02759492    
  0.959998310      0.995966911    
  0.979998291      0.965313792    
  0.999998271      0.933925211    
   1.01999831      0.898307860    
   1.03999829      0.858900011    
   1.05999827      0.819892347    
   1.07999825      0.782467544    
   1.09999824      0.744006753    
   1.11999822      0.702426314    
   1.13999820      0.660746753    
   1.15999818      0.621496379    
   1.17999816      0.583352983    
   1.19999814      0.544456601    
   1.21999812      0.505791783    
   1.23999810      0.468836635    
   1.25999808      0.433636308    
   1.27999806      0.399958223    
   1.29999804      0.367438525    
   1.31999803      0.335769355    
   1.33999801      0.305802047    
   1.35999799      0.278352559    
   1.37999797      0.252733976    
   1.39999795      0.228184193    
   1.41999793      0.204960808    
   1.43999791      0.183637992    
   1.45999789      0.164232254    
   1.47999787      0.146603987    
   1.49999785      0.130530983    
   1.51999784      0.115611024    
   1.53999782      0.101682343    
   1.55999780       8.91036540E-02
   1.57999778       7.81916901E-02
   1.59999776       6.86149225E-02
   1.61999774       5.99908195E-02
   1.63999772       5.22496179E-02
   1.65999770       4.51493897E-02
   1.67999768       3.86260152E-02
   1.69999766       3.29170376E-02
   1.71999764       2.81247366E-02
   1.73999763       2.40928233E-02
   1.75999761       2.06637010E-02
   1.77999759       1.77243575E-02
   1.79999757       1.51216974E-02
   1.81999755       1.27099892E-02
   1.83999753       1.05534755E-02
   1.85999751       8.72232299E-03
   1.87999749       7.14774523E-03
   1.89999747       5.83625166E-03
   1.91999745       4.82204184E-03
   1.93999743       4.01902525E-03
   1.95999742       3.33368336E-03
   1.97999740       2.77133822E-03
   1.99999738       2.30195443E-03
   2.01999736       1.86905777E-03
   2.03999734       1.49220682E-03
   2.05999732       1.19174307E-03
   2.07999730       9.48120840E-04
   2.09999728       7.41032418E-04
   2.11999726       5.84285008E-04
   2.13999724       4.74165950E-04
   2.15999722       3.81892227E-04
   2.17999721       3.08754970E-04
   2.19999719       2.55785562E-04
   2.21999717       2.08476456E-04
   2.23999715       1.62050972E-04
   2.25999713       1.27891923E-04
   2.27999711       1.02974096E-04
   2.29999709       8.06891912E-05
   2.31999707       6.33551099E-05
   2.33999705       5.19881069E-05
   2.35999703       4.29145730E-05
   2.37999701       3.61902421E-05
   2.39999700       3.42701969E-05
   2.41999698       3.10668038E-05
   2.43999696       2.58641576E-05
   2.45999694       2.28811241E-05
   2.47999692       2.11775223E-05
   2.49999690       1.70742424E-05
   2.51999688       1.34275697E-05
   2.53999686       1.05479357E-05
   2.55999684       6.73456270E-06
   2.57999682       3.29963495E-06
   2.59999681       1.63612413E-06
   2.61999679       4.21901291E-07
   2.63999677       4.60270286E-07
   2.65999675       2.04538128E-06
   2.67999673       4.58821387E-06
   2.69999671       9.82851361E-06
   2.71999669       1.66961290E-05
   2.73999667       2.34323124E-05
   2.75999665       3.13881719E-05
   2.77999663       3.81349601E-05
   2.79999661       4.01892466E-05
   2.81999660       4.32271481E-05
   2.83999658       5.08582889E-05
   2.85999656       5.59955588E-05
   2.87999654       5.49468787E-05
   2.89999652       5.27531520E-05
   2.91999650       5.95787897E-05
   2.93999648       8.36350955E-05
   2.95999646       1.19551805E-04
   2.97999644       1.48345265E-04
   2.99999642       1.92149339E-04
   3.01999640       2.80631648E-04
   3.03999639       3.46410816E-04
   3.05999637       3.65152577E-04
   3.07999635       4.25069855E-04
   3.09999633       4.53403889E-04
