  -2.00000000       4.69184801E-04
  -1.98000002       7.11463043E-04
  -1.96000004       9.91110923E-04
  -1.94000006       1.16197660E-03
  -1.92000008       1.21051585E-03
  -1.90000010       1.13892357E-03
  -1.88000011       1.09413185E-03
  -1.86000013       1.30858819E-03
  -1.84000015       1.73526315E-03
  -1.82000017       2.20756046E-03
  -1.80000019       2.57382565E-03
  -1.78000021       2.68489658E-03
  -1.76000023       2.65118224E-03
  -1.74000025       2.71325908E-03
  -1.72000027       3.04061431E-03
  -1.70000029       3.64881405E-03
  -1.68000031       4.38264664E-03
  -1.66000032       5.04111452E-03
  -1.64000034       5.42610977E-03
  -1.62000036       5.60925668E-03
  -1.60000038       5.85840037E-03
  -1.58000040       6.41503977E-03
  -1.56000042       7.30088027E-03
  -1.54000044       8.27534031E-03
  -1.52000046       9.15076304E-03
  -1.50000048       9.77127813E-03
  -1.48000050       1.02520995E-02
  -1.46000051       1.08644916E-02
  -1.44000053       1.17613170E-02
  -1.42000055       1.29996557E-02
  -1.40000057       1.42025389E-02
  -1.38000059       1.51651036E-02
  -1.36000061       1.59556214E-02
  -1.34000063       1.67213213E-02
  -1.32000065       1.78253353E-02
  -1.30000067       1.91820823E-02
  -1.28000069       2.05144975E-02
  -1.26000071       2.16031652E-02
  -1.24000072       2.24821325E-02
  -1.22000074       2.34531220E-02
  -1.20000076       2.45529935E-02
  -1.18000078       2.59495620E-02
  -1.16000080       2.72376910E-02
  -1.14000082       2.81190854E-02
  -1.12000084       2.90210526E-02
  -1.10000086       2.99450289E-02
  -1.08000088       3.11093032E-02
  -1.06000090       3.22670043E-02
  -1.04000092       3.31065506E-02
  -1.02000093       3.36356424E-02
  -1.00000095       3.42568718E-02
 -0.980000973       3.53001021E-02
 -0.960000992       3.58935036E-02
 -0.940001011       3.63766998E-02
 -0.920001030       3.68922390E-02
 -0.900001049       3.69220786E-02
 -0.880001068       3.75096239E-02
 -0.860001087       3.81744057E-02
 -0.840001106       3.77335623E-02
 -0.820001125       3.75229642E-02
 -0.800001144       3.81794870E-02
 -0.780001163       3.78313921E-02
 -0.760001183       3.70423533E-02
 -0.740001202       3.77021730E-02
 -0.720001221       3.68836522E-02
 -0.700001240       3.57093178E-02
 -0.680001259       3.68509665E-02
 -0.660001278       3.55938748E-02
 -0.640001297       3.33948955E-02
 -0.620001316       3.50742899E-02
 -0.600001335       3.41702960E-02
 -0.580001354       3.05967219E-02
 -0.560001373       3.25496905E-02
 -0.540001392       3.27103436E-02
 -0.520001411       2.74170730E-02
 -0.500001431       2.97644492E-02
 -0.480001420       3.12227774E-02
 -0.460001409       2.40500383E-02
 -0.440001398       2.65315846E-02
 -0.420001388       3.00542284E-02
 -0.400001377       2.08381806E-02
 -0.380001366       2.28352342E-02
 -0.360001355       2.95345522E-02
 -0.340001345       1.82839092E-02
 -0.320001334       1.85922179E-02
 -0.300001323       2.98576169E-02
 -0.280001312       1.66224353E-02
 -0.260001302       1.41249262E-02
 -0.240001306       3.09217200E-02
 -0.220001310       1.66342482E-02
 -0.200001314       9.62763280E-03
 -0.180001318       3.29092704E-02
 -0.160001323       1.88861731E-02
 -0.140001327       5.47053665E-03
 -0.120001331       3.59711684E-02
 -0.100001335       2.41178088E-02
  -8.00013393E-02   2.16711452E-03
  -6.00013398E-02   4.08364944E-02
  -4.00013402E-02   3.29576135E-02
  -2.00013407E-02   5.85345260E-04
  -1.34110451E-06   4.74522412E-02
   1.99986584E-02   5.75822592E-02
   3.99986580E-02   6.21038042E-02
   5.99986576E-02   7.37024546E-02
   7.99986571E-02   8.64306763E-02
   9.99986529E-02  0.103313856    
  0.119998649      0.119977430    
  0.139998645      0.139799938    
  0.159998640      0.161705986    
  0.179998636      0.183375761    
  0.199998632      0.209688142    
  0.219998628      0.235931948    
  0.239998624      0.263738006    
  0.259998620      0.295712978    
  0.279998630      0.326362282    
  0.299998641      0.359973848    
  0.319998652      0.396719456    
  0.339998662      0.431518286    
  0.359998673      0.469426066    
  0.379998684      0.510321558    
  0.399998695      0.548250854    
  0.419998705      0.588348091    
  0.439998716      0.631350160    
  0.459998727      0.671126604    
  0.479998738      0.710850596    
  0.499998748      0.753496051    
  0.519998729      0.793487370    
  0.539998710      0.830615580    
  0.559998691      0.869262278    
  0.579998672      0.906475663    
  0.599998653      0.939078093    
  0.619998634      0.970729649    
  0.639998615       1.00206101    
  0.659998596       1.02855229    
  0.679998577       1.05093682    
  0.699998558       1.07288682    
  0.719998538       1.09178126    
  0.739998519       1.10398412    
  0.759998500       1.11378467    
  0.779998481       1.12303531    
  0.799998462       1.12633097    
  0.819998443       1.12271857    
  0.839998424       1.11862040    
  0.859998405       1.11386108    
  0.879998386       1.10136068    
  0.899998367       1.08270860    
  0.919998348       1.06505680    
  0.939998329       1.04721868    
  0.959998310       1.02251065    
  0.979998291      0.991824925    
  0.999998271      0.961670578    
   1.01999831      0.933638275    
   1.03999829      0.901891708    
   1.05999827      0.863692462    
   1.07999825      0.824246347    
   1.09999824      0.789103150    
   1.11999822      0.754446208    
   1.13999820      0.714827776    
   1.15999818      0.672428608    
   1.17999816      0.633047640    
   1.19999814      0.597140551    
   1.21999812      0.561200857    
   1.23999810      0.523196042    
   1.25999808      0.484393746    
   1.27999806      0.448215157    
   1.29999804      0.416225851    
   1.31999803      0.385772169    
   1.33999801      0.354207337    
   1.35999799      0.322544813    
   1.37999797      0.293191433    
   1.39999795      0.267045557    
   1.41999793      0.243523806    
   1.43999791      0.221253335    
   1.45999789      0.199097008    
   1.47999787      0.177579477    
   1.49999785      0.158150867    
   1.51999784      0.141322926    
   1.53999782      0.126438454    
   1.55999780      0.112754732    
   1.57999778       9.99152735E-02
   1.59999776       8.76883864E-02
   1.61999774       7.64444619E-02
   1.63999772       6.67015761E-02
   1.65999770       5.83532341E-02
   1.67999768       5.10043651E-02
   1.69999766       4.44909632E-02
   1.71999764       3.85954939E-02
   1.73999763       3.31424139E-02
   1.75999761       2.82609519E-02
   1.77999759       2.40882952E-02
   1.79999757       2.05130167E-02
   1.81999755       1.74311399E-02
   1.83999753       1.48494598E-02
   1.85999751       1.26345241E-02
   1.87999749       1.06380247E-02
   1.89999747       8.92504398E-03
   1.91999745       7.48225348E-03
   1.93999743       6.19512890E-03
   1.95999742       5.10963425E-03
   1.97999740       4.23260545E-03
   1.99999738       3.47428326E-03
   2.01999736       2.81449780E-03
   2.03999734       2.27511371E-03
   2.05999732       1.83435832E-03
   2.07999730       1.45954359E-03
   2.09999728       1.17257459E-03
   2.11999726       9.64117993E-04
   2.13999724       7.89616024E-04
   2.15999722       6.53169584E-04
   2.17999721       5.52785874E-04
   2.19999719       4.64974903E-04
   2.21999717       3.83591716E-04
   2.23999715       3.17820872E-04
   2.25999713       2.55892635E-04
   2.27999711       1.96673136E-04
   2.29999709       1.52689332E-04
   2.31999707       1.21844350E-04
   2.33999705       9.55616924E-05
   2.35999703       7.51294137E-05
   2.37999701       6.31127405E-05
   2.39999700       5.26382210E-05
   2.41999698       4.58105678E-05
   2.43999696       4.11557339E-05
   2.45999694       3.37842575E-05
   2.47999692       2.51218898E-05
   2.49999690       2.00235154E-05
   2.51999688       1.51707773E-05
   2.53999686       9.76615956E-06
   2.55999684       5.60226636E-06
   2.57999682       2.93502922E-06
   2.59999681       1.93321580E-06
   2.61999679       3.05213121E-06
   2.63999677       4.73180808E-06
   2.65999675       7.98684141E-06
   2.67999673       1.27813528E-05
   2.69999671       1.60039908E-05
   2.71999669       2.05672040E-05
   2.73999667       2.78980460E-05
   2.75999665       3.45859953E-05
   2.77999663       3.91370595E-05
   2.79999661       4.25426661E-05
   2.81999660       4.64015939E-05
   2.83999658       5.88000985E-05
   2.85999656       8.04705851E-05
   2.87999654       9.44905914E-05
   2.89999652       1.00430152E-04
   2.91999650       1.26658299E-04
   2.93999648       1.76079455E-04
   2.95999646       2.06954428E-04
   2.97999644       2.23849507E-04
   2.99999642       2.82482535E-04
   3.01999640       3.60468548E-04
   3.03999639       4.00124874E-04
   3.05999637       4.65858291E-04
   3.07999635       5.62749628E-04
   3.09999633       5.74422011E-04
