  -2.00000000       6.99252589E-04
  -1.98000002       1.00138434E-03
  -1.96000004       1.35079550E-03
  -1.94000006       1.54497183E-03
  -1.92000008       1.45582459E-03
  -1.90000010       1.28489954E-03
  -1.88000011       1.36677630E-03
  -1.86000013       1.77486253E-03
  -1.84000015       2.39802222E-03
  -1.82000017       2.93808104E-03
  -1.80000019       3.12157976E-03
  -1.78000021       3.03923036E-03
  -1.76000023       3.00943898E-03
  -1.74000025       3.32045555E-03
  -1.72000027       4.02374333E-03
  -1.70000029       4.85101296E-03
  -1.68000031       5.47163887E-03
  -1.66000032       5.81591390E-03
  -1.64000034       6.02202769E-03
  -1.62000036       6.34812890E-03
  -1.60000038       7.04308692E-03
  -1.58000040       8.00021365E-03
  -1.56000042       8.92531220E-03
  -1.54000044       9.59721208E-03
  -1.52000046       1.01261064E-02
  -1.50000048       1.07775163E-02
  -1.48000050       1.16322674E-02
  -1.46000051       1.27056437E-02
  -1.44000053       1.37553634E-02
  -1.42000055       1.46975778E-02
  -1.40000057       1.55541264E-02
  -1.38000059       1.64443143E-02
  -1.36000061       1.75829995E-02
  -1.34000063       1.87441260E-02
  -1.32000065       1.98539868E-02
  -1.30000067       2.08821706E-02
  -1.28000069       2.18748022E-02
  -1.26000071       2.30422337E-02
  -1.24000072       2.41861809E-02
  -1.22000074       2.52382085E-02
  -1.20000076       2.62070596E-02
  -1.18000078       2.73095481E-02
  -1.16000080       2.84731835E-02
  -1.14000082       2.94424780E-02
  -1.12000084       3.03851031E-02
  -1.10000086       3.11236437E-02
  -1.08000088       3.21373791E-02
  -1.06000090       3.31882387E-02
  -1.04000092       3.37848440E-02
  -1.02000093       3.42821181E-02
  -1.00000095       3.49010713E-02
 -0.980000973       3.56943496E-02
 -0.960000992       3.62172797E-02
 -0.940001011       3.66065353E-02
 -0.920001030       3.66461240E-02
 -0.900001049       3.68254259E-02
 -0.880001068       3.77361998E-02
 -0.860001087       3.75690497E-02
 -0.840001106       3.67974602E-02
 -0.820001125       3.72414775E-02
 -0.800001144       3.75688672E-02
 -0.780001163       3.66724283E-02
 -0.760001183       3.63533273E-02
 -0.740001202       3.65269408E-02
 -0.720001221       3.53917256E-02
 -0.700001240       3.53657529E-02
 -0.680001259       3.53504084E-02
 -0.660001278       3.31099071E-02
 -0.640001297       3.31488177E-02
 -0.620001316       3.41773257E-02
 -0.600001335       3.09460051E-02
 -0.580001354       2.97622290E-02
 -0.560001373       3.24923135E-02
 -0.540001392       2.93089375E-02
 -0.520001411       2.60074586E-02
 -0.500001431       3.01815849E-02
 -0.480001420       2.78126933E-02
 -0.460001409       2.23672092E-02
 -0.440001398       2.72888280E-02
 -0.420001388       2.67272890E-02
 -0.400001377       1.88451149E-02
 -0.380001366       2.41533443E-02
 -0.360001355       2.64669787E-02
 -0.340001345       1.55931981E-02
 -0.320001334       2.06605531E-02
 -0.300001323       2.70731393E-02
 -0.280001312       1.32201053E-02
 -0.260001302       1.67445801E-02
 -0.240001306       2.85892766E-02
 -0.220001310       1.26386136E-02
 -0.200001314       1.22445840E-02
 -0.180001318       3.11595388E-02
 -0.160001323       1.44193964E-02
 -0.140001327       7.60823255E-03
 -0.120001331       3.46098877E-02
 -0.100001335       1.93023179E-02
  -8.00013393E-02   3.51436483E-03
  -6.00013398E-02   3.90309133E-02
  -4.00013402E-02   2.80950963E-02
  -2.00013407E-02   9.85443708E-04
  -1.34110451E-06   4.38185669E-02
   1.99986584E-02   5.17833419E-02
   3.99986580E-02   5.45148142E-02
   5.99986576E-02   6.49168715E-02
   7.99986571E-02   7.70128816E-02
   9.99986529E-02   9.04621929E-02
  0.119998649      0.107991509    
  0.139998645      0.124074548    
  0.159998640      0.144243419    
  0.179998636      0.165466145    
  0.199998632      0.186973616    
  0.219998628      0.212823763    
  0.239998624      0.237991378    
  0.259998620      0.265806705    
  0.279998630      0.296441436    
  0.299998641      0.325977683    
  0.319998652      0.359469354    
  0.339998662      0.394016832    
  0.359998673      0.427838385    
  0.379998684      0.465553433    
  0.399998695      0.503282785    
  0.419998705      0.540473640    
  0.439998716      0.580762208    
  0.459998727      0.619839966    
  0.479998738      0.658289313    
  0.499998748      0.699370503    
  0.519998729      0.738197207    
  0.539998710      0.775191188    
  0.559998691      0.814855874    
  0.579998672      0.851683736    
  0.599998653      0.883994281    
  0.619998634      0.918399453    
  0.639998615      0.951745808    
  0.659998596      0.978350163    
  0.679998577       1.00380206    
  0.699998558       1.03016448    
  0.719998538       1.05098760    
  0.739998519       1.06630123    
  0.759998500       1.08137405    
  0.779998481       1.09415269    
  0.799998462       1.10112643    
  0.819998443       1.10409820    
  0.839998424       1.10479975    
  0.859998405       1.10250640    
  0.879998386       1.09608185    
  0.899998367       1.08544981    
  0.919998348       1.07152891    
  0.939998329       1.05531561    
  0.959998310       1.03636599    
  0.979998291       1.01422834    
  0.999998271      0.988477826    
   1.01999831      0.960119665    
   1.03999829      0.931176841    
   1.05999827      0.901399195    
   1.07999825      0.867501616    
   1.09999824      0.830720842    
   1.11999822      0.795305848    
   1.13999820      0.760995090    
   1.15999818      0.724146724    
   1.17999816      0.684871435    
   1.19999814      0.646006644    
   1.21999812      0.609385431    
   1.23999810      0.574469328    
   1.25999808      0.538561225    
   1.27999806      0.500735998    
   1.29999804      0.464296699    
   1.31999803      0.431716681    
   1.33999801      0.401383162    
   1.35999799      0.370807499    
   1.37999797      0.339730501    
   1.39999795      0.309466302    
   1.41999793      0.282041281    
   1.43999791      0.258166671    
   1.45999789      0.236046255    
   1.47999787      0.213775888    
   1.49999785      0.191659287    
   1.51999784      0.171099603    
   1.53999782      0.152916923    
   1.55999780      0.137359187    
   1.57999778      0.123646319    
   1.59999776      0.110394061    
   1.61999774       9.73502323E-02
   1.63999772       8.51411819E-02
   1.65999770       7.42686465E-02
   1.67999768       6.50193319E-02
   1.69999766       5.73546328E-02
   1.71999764       5.06800786E-02
   1.73999763       4.43820171E-02
   1.75999761       3.83840762E-02
   1.77999759       3.28595601E-02
   1.79999757       2.78552156E-02
   1.81999755       2.36163773E-02
   1.83999753       2.02381909E-02
   1.85999751       1.74010601E-02
   1.87999749       1.49781508E-02
   1.89999747       1.29118627E-02
   1.91999745       1.09945023E-02
   1.93999743       9.21955146E-03
   1.95999742       7.67383073E-03
   1.97999740       6.33266103E-03
   1.99999738       5.16581209E-03
   2.01999736       4.22268594E-03
   2.03999734       3.46884551E-03
   2.05999732       2.82025430E-03
   2.07999730       2.29878724E-03
   2.09999728       1.89877895E-03
   2.11999726       1.56398141E-03
   2.13999724       1.29952910E-03
   2.15999722       1.09968917E-03
   2.17999721       9.25155065E-04
   2.19999719       7.66755664E-04
   2.21999717       6.36953046E-04
   2.23999715       5.17026812E-04
   2.25999713       4.06617473E-04
   2.27999711       3.17336904E-04
   2.29999709       2.41489688E-04
   2.31999707       1.76816320E-04
   2.33999705       1.33907321E-04
   2.35999703       1.09676606E-04
   2.37999701       9.03132823E-05
   2.39999700       7.77946698E-05
   2.41999698       6.70592490E-05
   2.43999696       5.56004488E-05
   2.45999694       4.65420017E-05
   2.47999692       3.75843047E-05
   2.49999690       2.41497310E-05
   2.51999688       1.26580708E-05
   2.53999686       5.43550459E-06
   2.55999684       1.05163997E-06
   2.57999682       5.23326207E-07
   2.59999681       3.73213925E-06
   2.61999679       1.11774070E-05
   2.63999677       2.21905975E-05
   2.65999675       3.10429496E-05
   2.67999673       3.70230155E-05
   2.69999671       4.34380672E-05
   2.71999669       4.46557096E-05
   2.73999667       4.33637397E-05
   2.75999665       4.49348154E-05
   2.77999663       4.63092983E-05
   2.79999661       4.47462953E-05
   2.81999660       4.97085639E-05
   2.83999658       7.44270437E-05
   2.85999656       1.18342119E-04
   2.87999654       1.58112089E-04
   2.89999652       1.88533711E-04
   2.91999650       2.43830364E-04
   2.93999648       3.08649527E-04
   2.95999646       3.19272396E-04
   2.97999644       3.18046252E-04
   2.99999642       3.75498610E-04
   3.01999640       4.14111972E-04
   3.03999639       4.60842246E-04
   3.05999637       6.12578646E-04
   3.07999635       7.26748840E-04
   3.09999633       7.94444641E-04
