  -2.00000000       6.97361422E-04
  -1.98000002       1.02403853E-03
  -1.96000004       1.37867662E-03
  -1.94000006       1.56637572E-03
  -1.92000008       1.49937719E-03
  -1.90000010       1.34876987E-03
  -1.88000011       1.46333093E-03
  -1.86000013       1.92026794E-03
  -1.84000015       2.54289550E-03
  -1.82000017       3.03176348E-03
  -1.80000019       3.14809312E-03
  -1.78000021       3.02617252E-03
  -1.76000023       3.04610631E-03
  -1.74000025       3.47768678E-03
  -1.72000027       4.28988459E-03
  -1.70000029       5.14389900E-03
  -1.68000031       5.68312127E-03
  -1.66000032       5.90462005E-03
  -1.64000034       6.05304400E-03
  -1.62000036       6.43199589E-03
  -1.60000038       7.25713512E-03
  -1.58000040       8.32534488E-03
  -1.56000042       9.25722066E-03
  -1.54000044       9.84387472E-03
  -1.52000046       1.02668125E-02
  -1.50000048       1.08875576E-02
  -1.48000050       1.18079167E-02
  -1.46000051       1.29920775E-02
  -1.44000053       1.41205806E-02
  -1.42000055       1.50389755E-02
  -1.40000057       1.58085078E-02
  -1.38000059       1.66167486E-02
  -1.36000061       1.77595727E-02
  -1.34000063       1.90154668E-02
  -1.32000065       2.02151630E-02
  -1.30000067       2.12469064E-02
  -1.28000069       2.21321601E-02
  -1.26000071       2.31860597E-02
  -1.24000072       2.43275780E-02
  -1.22000074       2.55040489E-02
  -1.20000076       2.65892036E-02
  -1.18000078       2.76164915E-02
  -1.16000080       2.85863001E-02
  -1.14000082       2.94753481E-02
  -1.12000084       3.05521004E-02
  -1.10000086       3.14611085E-02
  -1.08000088       3.24124880E-02
  -1.06000090       3.31914686E-02
  -1.04000092       3.36777829E-02
  -1.02000093       3.44071873E-02
  -1.00000095       3.51998881E-02
 -0.980000973       3.57962437E-02
 -0.960000992       3.60475369E-02
 -0.940001011       3.64647284E-02
 -0.920001030       3.67680304E-02
 -0.900001049       3.70285623E-02
 -0.880001068       3.75913531E-02
 -0.860001087       3.71781252E-02
 -0.840001106       3.67759503E-02
 -0.820001125       3.74577753E-02
 -0.800001144       3.73472311E-02
 -0.780001163       3.62255238E-02
 -0.760001183       3.62861492E-02
 -0.740001202       3.65824252E-02
 -0.720001221       3.51471938E-02
 -0.700001240       3.50068808E-02
 -0.680001259       3.50921750E-02
 -0.660001278       3.30765024E-02
 -0.640001297       3.30485627E-02
 -0.620001316       3.36220860E-02
 -0.600001335       3.06439549E-02
 -0.580001354       2.99719609E-02
 -0.560001373       3.21342871E-02
 -0.540001392       2.85999458E-02
 -0.520001411       2.61785109E-02
 -0.500001431       3.02235689E-02
 -0.480001420       2.69456618E-02
 -0.460001409       2.22896785E-02
 -0.440001398       2.75898762E-02
 -0.420001388       2.59675346E-02
 -0.400001377       1.85342748E-02
 -0.380001366       2.45390572E-02
 -0.360001355       2.58965436E-02
 -0.340001345       1.51174814E-02
 -0.320001334       2.10587624E-02
 -0.300001323       2.66685467E-02
 -0.280001312       1.26464590E-02
 -0.260001302       1.71150640E-02
 -0.240001306       2.83605941E-02
 -0.220001310       1.19538372E-02
 -0.200001314       1.25653921E-02
 -0.180001318       3.10974978E-02
 -0.160001323       1.36094820E-02
 -0.140001327       7.86164869E-03
 -0.120001331       3.46583314E-02
 -0.100001335       1.83878131E-02
  -8.00013393E-02   3.67191853E-03
  -6.00013398E-02   3.90497744E-02
  -4.00013402E-02   2.71163341E-02
  -2.00013407E-02   1.01157301E-03
  -1.34110451E-06   4.36664224E-02
   1.99986584E-02   5.04356958E-02
   3.99986580E-02   5.38986959E-02
   5.99986576E-02   6.31409213E-02
   7.99986571E-02   7.58705437E-02
   9.99986529E-02   8.86940211E-02
  0.119998649      0.105617143    
  0.139998645      0.122585773    
  0.159998640      0.140907452    
  0.179998636      0.163051486    
  0.199998632      0.183956102    
  0.219998628      0.208546638    
  0.239998624      0.234960958    
  0.259998620      0.260995209    
  0.279998630      0.291495234    
  0.299998641      0.321795583    
  0.319998652      0.353109628    
  0.339998662      0.388254344    
  0.359998673      0.422379941    
  0.379998684      0.457891583    
  0.399998695      0.496533364    
  0.419998705      0.533854663    
  0.439998716      0.572116315    
  0.459998727      0.612181485    
  0.479998738      0.650877893    
  0.499998748      0.690017402    
  0.519998729      0.729769588    
  0.539998710      0.767502844    
  0.559998691      0.805295587    
  0.579998672      0.842703700    
  0.599998653      0.876644254    
  0.619998634      0.909610450    
  0.639998615      0.942480266    
  0.659998596      0.971293032    
  0.679998577      0.996886790    
  0.699998558       1.02185547    
  0.719998538       1.04388845    
  0.739998519       1.06123316    
  0.759998500       1.07591760    
  0.779998481       1.08801925    
  0.799998462       1.09660375    
  0.819998443       1.10155511    
  0.839998424       1.10216641    
  0.859998405       1.09927213    
  0.879998386       1.09433842    
  0.899998367       1.08597624    
  0.919998348       1.07235789    
  0.939998329       1.05538058    
  0.959998310       1.03730965    
  0.979998291       1.01746368    
  0.999998271      0.992851198    
   1.01999831      0.963722825    
   1.03999829      0.934407294    
   1.05999827      0.906444907    
   1.07999825      0.874665797    
   1.09999824      0.837631524    
   1.11999822      0.800786614    
   1.13999820      0.766883969    
   1.15999818      0.732149303    
   1.17999816      0.693962872    
   1.19999814      0.654064655    
   1.21999812      0.616045952    
   1.23999810      0.581446230    
   1.25999808      0.547243536    
   1.27999806      0.510237217    
   1.29999804      0.472659945    
   1.31999803      0.438453168    
   1.33999801      0.407839715    
   1.35999799      0.378310800    
   1.37999797      0.348129302    
   1.39999795      0.317433625    
   1.41999793      0.288539946    
   1.43999791      0.263477266    
   1.45999789      0.241307512    
   1.47999787      0.219711080    
   1.49999785      0.197978452    
   1.51999784      0.176946372    
   1.53999782      0.157661319    
   1.55999780      0.141105339    
   1.57999778      0.127012923    
   1.59999776      0.113930695    
   1.61999774      0.101155937    
   1.63999772       8.89026448E-02
   1.65999770       7.75508732E-02
   1.67999768       6.76147938E-02
   1.69999766       5.93706965E-02
   1.71999764       5.23942672E-02
   1.73999763       4.60578464E-02
   1.75999761       4.01416086E-02
   1.77999759       3.46329808E-02
   1.79999757       2.94964071E-02
   1.81999755       2.50111967E-02
   1.83999753       2.13351399E-02
   1.85999751       1.82227809E-02
   1.87999749       1.56171499E-02
   1.89999747       1.34584866E-02
   1.91999745       1.15015293E-02
   1.93999743       9.72740725E-03
   1.95999742       8.18734616E-03
   1.97999740       6.81866379E-03
   1.99999738       5.60441334E-03
   2.01999736       4.59974911E-03
   2.03999734       3.76938679E-03
   2.05999732       3.04440293E-03
   2.07999730       2.46057916E-03
   2.09999728       2.00788351E-03
   2.11999726       1.63257529E-03
   2.13999724       1.35013205E-03
   2.15999722       1.14200928E-03
   2.17999721       9.64366831E-04
   2.19999719       8.10633064E-04
   2.21999717       6.83611957E-04
   2.23999715       5.62247529E-04
   2.25999713       4.50363441E-04
   2.27999711       3.60134291E-04
   2.29999709       2.78342835E-04
   2.31999707       2.07520556E-04
   2.33999705       1.60126147E-04
   2.35999703       1.30461107E-04
   2.37999701       1.07350606E-04
   2.39999700       9.30843526E-05
   2.41999698       7.95255473E-05
   2.43999696       6.46727640E-05
   2.45999694       5.40039509E-05
   2.47999692       4.34872090E-05
   2.49999690       2.81879802E-05
   2.51999688       1.51039858E-05
   2.53999686       6.97898849E-06
   2.55999684       1.92108587E-06
   2.57999682       8.77222988E-07
   2.59999681       3.52280426E-06
   2.61999679       9.97902134E-06
   2.63999677       2.03077143E-05
   2.65999675       2.90019743E-05
   2.67999673       3.53684736E-05
   2.69999671       4.19083444E-05
   2.71999669       4.21640980E-05
   2.73999667       3.86839201E-05
   2.75999665       4.06406725E-05
   2.77999663       4.86319659E-05
   2.79999661       5.60950539E-05
   2.81999660       6.47298803E-05
   2.83999658       8.60179280E-05
   2.85999656       1.32283167E-04
   2.87999654       1.84562989E-04
   2.89999652       2.10582861E-04
   2.91999650       2.37143278E-04
   2.93999648       2.95573001E-04
   2.95999646       3.28230322E-04
   2.97999644       3.19246552E-04
   2.99999642       3.72782437E-04
   3.01999640       4.57904622E-04
   3.03999639       5.13543258E-04
   3.05999637       6.53187686E-04
   3.07999635       7.92188570E-04
   3.09999633       8.22024420E-04
