  -2.00000000       6.82344078E-04
  -1.98000002       9.91529203E-04
  -1.96000004       1.40895823E-03
  -1.94000006       1.58601429E-03
  -1.92000008       1.48964603E-03
  -1.90000010       1.38485269E-03
  -1.88000011       1.49279484E-03
  -1.86000013       1.92983751E-03
  -1.84000015       2.57929508E-03
  -1.82000017       3.03507759E-03
  -1.80000019       3.13384691E-03
  -1.78000021       3.02539347E-03
  -1.76000023       3.03788367E-03
  -1.74000025       3.49641475E-03
  -1.72000027       4.31495812E-03
  -1.70000029       5.16313454E-03
  -1.68000031       5.69139328E-03
  -1.66000032       5.89167140E-03
  -1.64000034       6.04431611E-03
  -1.62000036       6.43908000E-03
  -1.60000038       7.29416683E-03
  -1.58000040       8.38027801E-03
  -1.56000042       9.31064319E-03
  -1.54000044       9.87940188E-03
  -1.52000046       1.02853300E-02
  -1.50000048       1.09038167E-02
  -1.48000050       1.18377432E-02
  -1.46000051       1.30369645E-02
  -1.44000053       1.41685326E-02
  -1.42000055       1.50718298E-02
  -1.40000057       1.58240795E-02
  -1.38000059       1.66289974E-02
  -1.36000061       1.77890752E-02
  -1.34000063       1.90680046E-02
  -1.32000065       2.02721749E-02
  -1.30000067       2.12850906E-02
  -1.28000069       2.21442394E-02
  -1.26000071       2.31929161E-02
  -1.24000072       2.43559219E-02
  -1.22000074       2.55581345E-02
  -1.20000076       2.66420338E-02
  -1.18000078       2.76370384E-02
  -1.16000080       2.85820570E-02
  -1.14000082       2.94841900E-02
  -1.12000084       3.05947475E-02
  -1.10000086       3.15112583E-02
  -1.08000088       3.24289761E-02
  -1.06000090       3.31729315E-02
  -1.04000092       3.36730033E-02
  -1.02000093       3.44453305E-02
  -1.00000095       3.52378823E-02
 -0.980000973       3.57859284E-02
 -0.960000992       3.60165387E-02
 -0.940001011       3.64662744E-02
 -0.920001030       3.67988274E-02
 -0.900001049       3.70379314E-02
 -0.880001068       3.75524983E-02
 -0.860001087       3.71413827E-02
 -0.840001106       3.67957614E-02
 -0.820001125       3.74746993E-02
 -0.800001144       3.72954085E-02
 -0.780001163       3.61781791E-02
 -0.760001183       3.63013856E-02
 -0.740001202       3.65807451E-02
 -0.720001221       3.50935496E-02
 -0.700001240       3.49704847E-02
 -0.680001259       3.50826234E-02
 -0.660001278       3.30617540E-02
 -0.640001297       3.30138467E-02
 -0.620001316       3.35671827E-02
 -0.600001335       3.06255408E-02
 -0.580001354       2.99799889E-02
 -0.560001373       3.20731811E-02
 -0.540001392       2.85367630E-02
 -0.520001411       2.62075420E-02
 -0.500001431       3.01989689E-02
 -0.480001420       2.68450528E-02
 -0.460001409       2.23038886E-02
 -0.440001398       2.76098289E-02
 -0.420001388       2.58589722E-02
 -0.400001377       1.85186416E-02
 -0.380001366       2.45902222E-02
 -0.360001355       2.57991347E-02
 -0.340001345       1.50729930E-02
 -0.320001334       2.11252440E-02
 -0.300001323       2.65897810E-02
 -0.280001312       1.25824371E-02
 -0.260001302       1.71815325E-02
 -0.240001306       2.83086672E-02
 -0.220001310       1.18717626E-02
 -0.200001314       1.26227876E-02
 -0.180001318       3.10722087E-02
 -0.160001323       1.35104023E-02
 -0.140001327       7.90610071E-03
 -0.120001331       3.46519873E-02
 -0.100001335       1.82766858E-02
  -8.00013393E-02   3.69918998E-03
  -6.00013398E-02   3.90424840E-02
  -4.00013402E-02   2.69999634E-02
  -2.00013407E-02   1.01707794E-03
  -1.34110451E-06   4.36403528E-02
   1.99986584E-02   5.02800643E-02
   3.99986580E-02   5.38026132E-02
   5.99986576E-02   6.29554763E-02
   7.99986571E-02   7.56796449E-02
   9.99986529E-02   8.85314569E-02
  0.119998649      0.105278298    
  0.139998645      0.122413851    
  0.159998640      0.140529439    
  0.179998636      0.162682414    
  0.199998632      0.183657885    
  0.219998628      0.207981825    
  0.239998624      0.234555110    
  0.259998620      0.260486424    
  0.279998630      0.290793926    
  0.299998641      0.321300536    
  0.319998652      0.352388233    
  0.339998662      0.387428850    
  0.359998673      0.421762317    
  0.379998684      0.456988335    
  0.399998695      0.495583087    
  0.419998705      0.533102870    
  0.439998716      0.571090341    
  0.459998727      0.611115038    
  0.479998738      0.650011420    
  0.499998748      0.688923299    
  0.519998729      0.728607476    
  0.539998710      0.766559601    
  0.559998691      0.804209888    
  0.579998672      0.841497660    
  0.599998653      0.875667036    
  0.619998634      0.908633173    
  0.639998615      0.941321492    
  0.659998596      0.970284581    
  0.679998577      0.996072829    
  0.699998558       1.02092123    
  0.719998538       1.04290366    
  0.739998519       1.06050801    
  0.759998500       1.07534444    
  0.779998481       1.08730614    
  0.799998462       1.09590280    
  0.819998443       1.10118055    
  0.839998424       1.10195947    
  0.859998405       1.09889591    
  0.879998386       1.09397733    
  0.899998367       1.08598876    
  0.919998348       1.07257807    
  0.939998329       1.05542779    
  0.959998310       1.03729820    
  0.979998291       1.01778114    
  0.999998271      0.993481934    
   1.01999831      0.964265108    
   1.03999829      0.934735715    
   1.05999827      0.906938076    
   1.07999825      0.875561059    
   1.09999824      0.838614702    
   1.11999822      0.801514089    
   1.13999820      0.767509103    
   1.15999818      0.733034134    
   1.17999816      0.695132434    
   1.19999814      0.655191898    
   1.21999812      0.616914809    
   1.23999810      0.582223296    
   1.25999808      0.548223317    
   1.27999806      0.511434674    
   1.29999804      0.473805964    
   1.31999803      0.439362079    
   1.33999801      0.408606768    
   1.35999799      0.379158050    
   1.37999797      0.349140137    
   1.39999795      0.318476886    
   1.41999793      0.289429426    
   1.43999791      0.264171541    
   1.45999789      0.241929576    
   1.47999787      0.220397770    
   1.49999785      0.198751360    
   1.51999784      0.177712679    
   1.53999782      0.158308148    
   1.55999780      0.141603425    
   1.57999778      0.127422884    
   1.59999776      0.114339374    
   1.61999774      0.101607032    
   1.63999772       8.93775448E-02
   1.65999770       7.79913664E-02
   1.67999768       6.79747537E-02
   1.69999766       5.96447065E-02
   1.71999764       5.26086465E-02
   1.73999763       4.62508835E-02
   1.75999761       4.03414704E-02
   1.77999759       3.48430276E-02
   1.79999757       2.97034513E-02
   1.81999755       2.51994934E-02
   1.83999753       2.14915369E-02
   1.85999751       1.83427278E-02
   1.87999749       1.57072991E-02
   1.89999747       1.35285798E-02
   1.91999745       1.15600312E-02
   1.93999743       9.78282373E-03
   1.95999742       8.24396778E-03
   1.97999740       6.87492453E-03
   1.99999738       5.65880211E-03
   2.01999736       4.64982539E-03
   2.03999734       3.81173380E-03
   2.05999732       3.07771284E-03
   2.07999730       2.48532626E-03
   2.09999728       2.02442659E-03
   2.11999726       1.64241367E-03
   2.13999724       1.35633070E-03
   2.15999722       1.14622095E-03
   2.17999721       9.67771688E-04
   2.19999719       8.14581348E-04
   2.21999717       6.87959662E-04
   2.23999715       5.66655304E-04
   2.25999713       4.54953843E-04
   2.27999711       3.64942040E-04
   2.29999709       2.82813242E-04
   2.31999707       2.11720748E-04
   2.33999705       1.64190613E-04
   2.35999703       1.34102200E-04
   2.37999701       1.10736051E-04
   2.39999700       9.63409548E-05
   2.41999698       8.24196686E-05
   2.43999696       6.70584122E-05
   2.45999694       5.60419830E-05
   2.47999692       4.51049345E-05
   2.49999690       2.92912682E-05
   2.51999688       1.56833321E-05
   2.53999686       7.15819442E-06
   2.55999684       1.89199034E-06
   2.57999682       9.61463797E-07
   2.59999681       3.91684443E-06
   2.61999679       1.04377359E-05
   2.63999677       1.99787864E-05
   2.65999675       2.68890162E-05
   2.67999673       3.16392398E-05
   2.69999671       3.88802728E-05
   2.71999669       4.36324008E-05
   2.73999667       4.44775833E-05
   2.75999665       4.41335214E-05
   2.77999663       4.35548318E-05
   2.79999661       4.97309811E-05
   2.81999660       7.26151411E-05
   2.83999658       1.02407612E-04
   2.85999656       1.27945896E-04
   2.87999654       1.62921671E-04
   2.89999652       2.18636604E-04
   2.91999650       2.66770017E-04
   2.93999648       2.78695225E-04
   2.95999646       2.99371604E-04
   2.97999644       3.52261588E-04
   2.99999642       3.81673628E-04
   3.01999640       4.24431171E-04
   3.03999639       5.54249098E-04
   3.05999637       6.63492014E-04
   3.07999635       7.56926311E-04
   3.09999633       8.64676549E-04
