  -2.00000000       8.32014310E-04
  -1.98000002       1.25668803E-03
  -1.96000004       1.74386380E-03
  -1.94000006       1.87286153E-03
  -1.92000008       1.68904371E-03
  -1.90000010       1.52229867E-03
  -1.88000011       1.69003836E-03
  -1.86000013       2.28355033E-03
  -1.84000015       2.99648754E-03
  -1.82000017       3.41053144E-03
  -1.80000019       3.42754321E-03
  -1.78000021       3.33368336E-03
  -1.76000023       3.54973413E-03
  -1.74000025       4.23363131E-03
  -1.72000027       5.08500123E-03
  -1.70000029       5.70760295E-03
  -1.68000031       5.95946796E-03
  -1.66000032       6.13545161E-03
  -1.64000034       6.64251391E-03
  -1.62000036       7.51825562E-03
  -1.60000038       8.55058432E-03
  -1.58000040       9.35779046E-03
  -1.56000042       9.77557525E-03
  -1.54000044       1.01413643E-02
  -1.52000046       1.08917793E-02
  -1.50000048       1.21396137E-02
  -1.48000050       1.34067619E-02
  -1.46000051       1.43068004E-02
  -1.44000053       1.48531999E-02
  -1.42000055       1.54510261E-02
  -1.40000057       1.65654812E-02
  -1.38000059       1.80223938E-02
  -1.36000061       1.94330793E-02
  -1.34000063       2.02972852E-02
  -1.32000065       2.08334662E-02
  -1.30000067       2.17266567E-02
  -1.28000069       2.31113601E-02
  -1.26000071       2.46789139E-02
  -1.24000072       2.56965496E-02
  -1.22000074       2.62475386E-02
  -1.20000076       2.69863605E-02
  -1.18000078       2.82722898E-02
  -1.16000080       2.97422167E-02
  -1.14000082       3.06238309E-02
  -1.12000084       3.11093610E-02
  -1.10000086       3.16409357E-02
  -1.08000088       3.28172296E-02
  -1.06000090       3.39300297E-02
  -1.04000092       3.43092419E-02
  -1.02000093       3.45988721E-02
  -1.00000095       3.50670405E-02
 -0.980000973       3.59015539E-02
 -0.960000992       3.64836119E-02
 -0.940001011       3.65124457E-02
 -0.920001030       3.63228470E-02
 -0.900001049       3.68343033E-02
 -0.880001068       3.75117250E-02
 -0.860001087       3.67549285E-02
 -0.840001106       3.63720469E-02
 -0.820001125       3.69568132E-02
 -0.800001144       3.66050377E-02
 -0.780001163       3.57930101E-02
 -0.760001183       3.58294062E-02
 -0.740001202       3.54573056E-02
 -0.720001221       3.44108343E-02
 -0.700001240       3.46867256E-02
 -0.680001259       3.37707214E-02
 -0.660001278       3.20266634E-02
 -0.640001297       3.28478813E-02
 -0.620001316       3.22740227E-02
 -0.600001335       2.92171966E-02
 -0.580001354       2.99722441E-02
 -0.560001373       3.10443304E-02
 -0.540001392       2.66503580E-02
 -0.520001411       2.62931194E-02
 -0.500001431       2.95821764E-02
 -0.480001420       2.46006642E-02
 -0.460001409       2.22657379E-02
 -0.440001398       2.75264308E-02
 -0.420001388       2.35155951E-02
 -0.400001377       1.81667656E-02
 -0.380001366       2.51021404E-02
 -0.360001355       2.34567281E-02
 -0.340001345       1.43046929E-02
 -0.320001334       2.21756212E-02
 -0.300001323       2.43952256E-02
 -0.280001312       1.13955457E-02
 -0.260001302       1.85110830E-02
 -0.240001306       2.65803747E-02
 -0.220001310       1.01253400E-02
 -0.200001314       1.40511142E-02
 -0.180001318       2.98179574E-02
 -0.160001323       1.12712495E-02
 -0.140001327       9.22353752E-03
 -0.120001331       3.36485952E-02
 -0.100001335       1.57962609E-02
  -8.00013393E-02   4.64664167E-03
  -6.00013398E-02   3.78077626E-02
  -4.00013402E-02   2.44829413E-02
  -2.00013407E-02   1.35851046E-03
  -1.34110451E-06   4.17496078E-02
   1.99986584E-02   4.68865670E-02
   3.99986580E-02   4.98260148E-02
   5.99986576E-02   5.82471229E-02
   7.99986571E-02   6.99287951E-02
   9.99986529E-02   8.26009884E-02
  0.119998649       9.76461396E-02
  0.139998645      0.114054926    
  0.159998640      0.131802872    
  0.179998636      0.151372269    
  0.199998632      0.172163010    
  0.219998628      0.195350587    
  0.239998624      0.219144329    
  0.259998620      0.245127305    
  0.279998630      0.273571849    
  0.299998641      0.301598847    
  0.319998652      0.332772434    
  0.339998662      0.365540743    
  0.359998673      0.397545904    
  0.379998684      0.433036715    
  0.399998695      0.469475657    
  0.419998705      0.504352570    
  0.439998716      0.543028235    
  0.459998727      0.582133830    
  0.479998738      0.617872655    
  0.499998748      0.657099187    
  0.519998729      0.697868943    
  0.539998710      0.733067274    
  0.559998691      0.769641757    
  0.579998672      0.809940815    
  0.599998653      0.843761146    
  0.619998634      0.874148190    
  0.639998615      0.909637749    
  0.659998596      0.941621423    
  0.679998577      0.965163171    
  0.699998558      0.990999639    
  0.719998538       1.01837265    
  0.739998519       1.03637934    
  0.759998500       1.05015576    
  0.779998481       1.06747794    
  0.799998462       1.08034146    
  0.819998443       1.08414888    
  0.839998424       1.08733010    
  0.859998405       1.09158349    
  0.879998386       1.08899665    
  0.899998367       1.07931006    
  0.919998348       1.06990588    
  0.939998329       1.06090319    
  0.959998310       1.04477072    
  0.979998291       1.02226019    
  0.999998271       1.00131845    
   1.01999831      0.981262624    
   1.03999829      0.954463542    
   1.05999827      0.922500610    
   1.07999825      0.892011046    
   1.09999824      0.862848043    
   1.11999822      0.830426514    
   1.13999820      0.793893933    
   1.15999818      0.756450474    
   1.17999816      0.721474767    
   1.19999814      0.687505782    
   1.21999812      0.650645912    
   1.23999810      0.611904621    
   1.25999808      0.575231433    
   1.27999806      0.540902615    
   1.29999804      0.506937206    
   1.31999803      0.472487777    
   1.33999801      0.438167840    
   1.35999799      0.405472010    
   1.37999797      0.375471383    
   1.39999795      0.346873999    
   1.41999793      0.318373352    
   1.43999791      0.290735930    
   1.45999789      0.265044153    
   1.47999787      0.241325393    
   1.49999785      0.219396770    
   1.51999784      0.198841587    
   1.53999782      0.178988636    
   1.55999780      0.160414815    
   1.57999778      0.143750027    
   1.59999776      0.128643438    
   1.61999774      0.114808150    
   1.63999772      0.102156743    
   1.65999770       9.03294832E-02
   1.67999768       7.94644803E-02
   1.69999766       6.99248537E-02
   1.71999764       6.15322068E-02
   1.73999763       5.39695807E-02
   1.75999761       4.71999794E-02
   1.77999759       4.10267413E-02
   1.79999757       3.53337154E-02
   1.81999755       3.03849578E-02
   1.83999753       2.61848904E-02
   1.85999751       2.25155391E-02
   1.87999749       1.93911586E-02
   1.89999747       1.66926235E-02
   1.91999745       1.42005626E-02
   1.93999743       1.19856354E-02
   1.95999742       1.00976704E-02
   1.97999740       8.43175687E-03
   1.99999738       7.03380723E-03
   2.01999736       5.91114629E-03
   2.03999734       4.94958041E-03
   2.05999732       4.11954010E-03
   2.07999730       3.42658581E-03
   2.09999728       2.81367847E-03
   2.11999726       2.27626949E-03
   2.13999724       1.85648364E-03
   2.15999722       1.51808758E-03
   2.17999721       1.23763341E-03
   2.19999719       1.02363585E-03
   2.21999717       8.40800756E-04
   2.23999715       6.76475989E-04
   2.25999713       5.43183065E-04
   2.27999711       4.34048357E-04
   2.29999709       3.37224628E-04
   2.31999707       2.66146177E-04
   2.33999705       2.18682791E-04
   2.35999703       1.82264848E-04
   2.37999701       1.64035024E-04
   2.39999700       1.53421017E-04
   2.41999698       1.39795171E-04
   2.43999696       1.23038262E-04
   2.45999694       1.03740720E-04
   2.47999692       8.02950890E-05
   2.49999690       5.76139755E-05
   2.51999688       3.48483736E-05
   2.53999686       1.52026178E-05
   2.55999684       3.79270796E-06
   2.57999682       6.03751118E-07
   2.59999681       4.72865941E-06
   2.61999679       1.51202667E-05
   2.63999677       2.96242288E-05
   2.65999675       4.42368619E-05
   2.67999673       5.51560188E-05
   2.69999671       6.12286312E-05
   2.71999669       6.76311320E-05
   2.73999667       7.24663623E-05
   2.75999665       7.40060495E-05
   2.77999663       6.97056967E-05
   2.79999661       6.59744619E-05
   2.81999660       8.39467539E-05
   2.83999658       1.20292971E-04
   2.85999656       1.52009437E-04
   2.87999654       1.89699218E-04
   2.89999652       2.59929599E-04
   2.91999650       3.29559698E-04
   2.93999648       3.55945580E-04
   2.95999646       3.90563655E-04
   2.97999644       4.51076339E-04
   2.99999642       4.68342681E-04
   3.01999640       5.05737960E-04
   3.03999639       6.28594949E-04
   3.05999637       7.35884008E-04
   3.07999635       8.75309925E-04
   3.09999633       1.01430214E-03
