  -2.00000000       1.13576441E-03
  -1.98000002       1.79620564E-03
  -1.96000004       2.42026593E-03
  -1.94000006       2.51258118E-03
  -1.92000008       2.21107365E-03
  -1.90000010       2.20889854E-03
  -1.88000011       2.90072919E-03
  -1.86000013       3.82100954E-03
  -1.84000015       4.26154351E-03
  -1.82000017       4.06392664E-03
  -1.80000019       3.84332915E-03
  -1.78000021       4.30885330E-03
  -1.76000023       5.48904296E-03
  -1.74000025       6.62969286E-03
  -1.72000027       7.02191237E-03
  -1.70000029       6.83486415E-03
  -1.68000031       6.91844290E-03
  -1.66000032       7.82617182E-03
  -1.64000034       9.19357780E-03
  -1.62000036       1.02200974E-02
  -1.60000038       1.05768833E-02
  -1.58000040       1.08222859E-02
  -1.56000042       1.15312841E-02
  -1.54000044       1.27618629E-02
  -1.52000046       1.40531929E-02
  -1.50000048       1.48673905E-02
  -1.48000050       1.53647559E-02
  -1.46000051       1.61150191E-02
  -1.44000053       1.74327977E-02
  -1.42000055       1.87762622E-02
  -1.40000057       1.97120234E-02
  -1.38000059       2.03675851E-02
  -1.36000061       2.12366953E-02
  -1.34000063       2.25417390E-02
  -1.32000065       2.38212813E-02
  -1.30000067       2.47945637E-02
  -1.28000069       2.53933836E-02
  -1.26000071       2.62482390E-02
  -1.24000072       2.75655016E-02
  -1.22000074       2.87624653E-02
  -1.20000076       2.95054931E-02
  -1.18000078       2.99713053E-02
  -1.16000080       3.08526512E-02
  -1.14000082       3.19747105E-02
  -1.12000084       3.28415073E-02
  -1.10000086       3.31205055E-02
  -1.08000088       3.34513225E-02
  -1.06000090       3.42945978E-02
  -1.04000092       3.50777321E-02
  -1.02000093       3.53185423E-02
  -1.00000095       3.51233557E-02
 -0.980000973       3.57144475E-02
 -0.960000992       3.63174789E-02
 -0.940001011       3.61760817E-02
 -0.920001030       3.58491093E-02
 -0.900001049       3.60070467E-02
 -0.880001068       3.61494198E-02
 -0.860001087       3.58025283E-02
 -0.840001106       3.55334356E-02
 -0.820001125       3.49259749E-02
 -0.800001144       3.48144546E-02
 -0.780001163       3.49144153E-02
 -0.760001183       3.37730274E-02
 -0.740001202       3.26996259E-02
 -0.720001221       3.32511179E-02
 -0.700001240       3.28428186E-02
 -0.680001259       3.03384867E-02
 -0.660001278       3.04848291E-02
 -0.640001297       3.13415974E-02
 -0.620001316       2.85817999E-02
 -0.600001335       2.72009317E-02
 -0.580001354       2.91543640E-02
 -0.560001373       2.71730609E-02
 -0.540001392       2.39607375E-02
 -0.520001411       2.63249800E-02
 -0.500001431       2.58152895E-02
 -0.480001420       2.10787561E-02
 -0.460001409       2.29609329E-02
 -0.440001398       2.48415750E-02
 -0.420001388       1.88179240E-02
 -0.400001377       1.91405565E-02
 -0.380001366       2.40464304E-02
 -0.360001355       1.76720247E-02
 -0.340001345       1.49614522E-02
 -0.320001334       2.28698533E-02
 -0.300001323       1.83858201E-02
 -0.280001312       1.08661717E-02
 -0.260001302       2.08460800E-02
 -0.240001306       2.11159885E-02
 -0.220001310       7.82039110E-03
 -0.200001314       1.75457187E-02
 -0.180001318       2.52503864E-02
 -0.160001323       7.39077805E-03
 -0.140001327       1.26901465E-02
 -0.120001331       3.03112082E-02
 -0.100001335       1.06708435E-02
  -8.00013393E-02   7.12316716E-03
  -6.00013398E-02   3.50274369E-02
  -4.00013402E-02   1.85059048E-02
  -2.00013407E-02   2.36117328E-03
  -1.34110451E-06   3.78843807E-02
   1.99986584E-02   3.88688967E-02
   3.99986580E-02   4.07614410E-02
   5.99986576E-02   4.73599806E-02
   7.99986571E-02   5.74852340E-02
   9.99986529E-02   6.80742785E-02
  0.119998649       8.10411498E-02
  0.139998645       9.54994485E-02
  0.159998640      0.109771930    
  0.179998636      0.127823636    
  0.199998632      0.145175517    
  0.219998628      0.164554700    
  0.239998624      0.186444446    
  0.259998620      0.208038047    
  0.279998630      0.232757121    
  0.299998641      0.258162200    
  0.319998652      0.284684539    
  0.339998662      0.314269722    
  0.359998673      0.342842489    
  0.379998684      0.373874754    
  0.399998695      0.407414496    
  0.419998705      0.438902974    
  0.439998716      0.473455757    
  0.459998727      0.510158896    
  0.479998738      0.543454826    
  0.499998748      0.579987407    
  0.519998729      0.618529916    
  0.539998710      0.651802838    
  0.559998691      0.687866986    
  0.579998672      0.727425456    
  0.599998653      0.759453654    
  0.619998634      0.791572869    
  0.639998615      0.829627395    
  0.659998596      0.860441685    
  0.679998577      0.885511160    
  0.699998558      0.917339802    
  0.719998538      0.946844637    
  0.739998519      0.965745211    
  0.759998500      0.986348331    
  0.779998481       1.01054096    
  0.799998462       1.02618015    
  0.819998443       1.03461242    
  0.839998424       1.04682004    
  0.859998405       1.05849373    
  0.879998386       1.05974948    
  0.899998367       1.05734169    
  0.919998348       1.05871081    
  0.939998329       1.05576098    
  0.959998310       1.04374135    
  0.979998291       1.03109801    
  0.999998271       1.01992738    
   1.01999831       1.00403738    
   1.03999829      0.982055843    
   1.05999827      0.958768785    
   1.07999825      0.936681628    
   1.09999824      0.912266314    
   1.11999822      0.882121444    
   1.13999820      0.850431859    
   1.15999818      0.820961237    
   1.17999816      0.790382147    
   1.19999814      0.756376982    
   1.21999812      0.720996320    
   1.23999810      0.686334550    
   1.25999808      0.652823865    
   1.27999806      0.619010866    
   1.29999804      0.583634734    
   1.31999803      0.548496366    
   1.33999801      0.515271366    
   1.35999799      0.482900053    
   1.37999797      0.450656325    
   1.39999795      0.419109583    
   1.41999793      0.388688385    
   1.43999791      0.359824240    
   1.45999789      0.332442015    
   1.47999787      0.305606812    
   1.49999785      0.279752016    
   1.51999784      0.255822182    
   1.53999782      0.233563051    
   1.55999780      0.212667719    
   1.57999778      0.192900658    
   1.59999776      0.173929289    
   1.61999774      0.156308651    
   1.63999772      0.140612125    
   1.65999770      0.126415208    
   1.67999768      0.113270938    
   1.69999766      0.101015151    
   1.71999764       8.93816799E-02
   1.73999763       7.87434727E-02
   1.75999761       6.95695281E-02
   1.77999759       6.15010411E-02
   1.79999757       5.43138757E-02
   1.81999755       4.78560552E-02
   1.83999753       4.16993760E-02
   1.85999751       3.60101312E-02
   1.87999749       3.10778711E-02
   1.89999747       2.67712940E-02
   1.91999745       2.31132098E-02
   1.93999743       2.00643577E-02
   1.95999742       1.73091311E-02
   1.97999740       1.48398550E-02
   1.99999738       1.26889329E-02
   2.01999736       1.07396757E-02
   2.03999734       9.05691925E-03
   2.05999732       7.64911808E-03
   2.07999730       6.40561571E-03
   2.09999728       5.33658126E-03
   2.11999726       4.43596207E-03
   2.13999724       3.65311652E-03
   2.15999722       3.00963758E-03
   2.17999721       2.51552509E-03
   2.19999719       2.11179513E-03
   2.21999717       1.78706984E-03
   2.23999715       1.51699025E-03
   2.25999713       1.24131294E-03
   2.27999711       9.82915517E-04
   2.29999709       7.59614748E-04
   2.31999707       5.69925702E-04
   2.33999705       4.37838113E-04
   2.35999703       3.61031765E-04
   2.37999701       3.17646831E-04
   2.39999700       3.00448417E-04
   2.41999698       2.88302806E-04
   2.43999696       2.59749970E-04
   2.45999694       2.21979019E-04
   2.47999692       1.67347302E-04
   2.49999690       1.02163955E-04
   2.51999688       4.88611840E-05
   2.53999686       1.74557081E-05
   2.55999684       9.06359764E-06
   2.57999682       2.34805448E-05
   2.59999681       5.06676952E-05
   2.61999679       8.30195568E-05
   2.63999677       1.13582297E-04
   2.65999675       1.27558276E-04
   2.67999673       1.26388870E-04
   2.69999671       1.08646134E-04
   2.71999669       7.81093695E-05
   2.73999667       6.49579088E-05
   2.75999665       7.97041794E-05
   2.77999663       1.05250154E-04
   2.79999661       1.47881845E-04
   2.81999660       2.29984493E-04
   2.83999658       3.25901958E-04
   2.85999656       3.76209704E-04
   2.87999654       3.95203446E-04
   2.89999652       4.41086508E-04
   2.91999650       4.56685637E-04
   2.93999648       4.28184081E-04
   2.95999646       4.97960253E-04
   2.97999644       6.17653364E-04
   2.99999642       7.26565777E-04
   3.01999640       9.46469198E-04
   3.03999639       1.14141544E-03
   3.05999637       1.26652804E-03
   3.07999635       1.40472921E-03
   3.09999633       1.40344503E-03
