  -2.00000000       1.55488646E-03
  -1.98000002       2.43948307E-03
  -1.96000004       3.22281267E-03
  -1.94000006       3.11241345E-03
  -1.92000008       2.61573051E-03
  -1.90000010       2.82665039E-03
  -1.88000011       3.86915216E-03
  -1.86000013       4.82412102E-03
  -1.84000015       4.89483075E-03
  -1.82000017       4.45529539E-03
  -1.80000019       4.68526408E-03
  -1.78000021       5.91942668E-03
  -1.76000023       7.25835375E-03
  -1.74000025       7.72010954E-03
  -1.72000027       7.37976888E-03
  -1.70000029       7.41847698E-03
  -1.68000031       8.55160039E-03
  -1.66000032       1.01542780E-02
  -1.64000034       1.10552562E-02
  -1.62000036       1.10923778E-02
  -1.60000038       1.12623740E-02
  -1.58000040       1.23477839E-02
  -1.56000042       1.39253326E-02
  -1.54000044       1.49559518E-02
  -1.52000046       1.53528024E-02
  -1.50000048       1.58031154E-02
  -1.48000050       1.69733912E-02
  -1.46000051       1.85686685E-02
  -1.44000053       1.96974445E-02
  -1.42000055       2.01208554E-02
  -1.40000057       2.06386819E-02
  -1.38000059       2.20060069E-02
  -1.36000061       2.35995371E-02
  -1.34000063       2.46016178E-02
  -1.32000065       2.49227285E-02
  -1.30000067       2.55428869E-02
  -1.28000069       2.68824752E-02
  -1.26000071       2.83701308E-02
  -1.24000072       2.91935597E-02
  -1.22000074       2.93348115E-02
  -1.20000076       2.99972836E-02
  -1.18000078       3.12915444E-02
  -1.16000080       3.24088819E-02
  -1.14000082       3.26571651E-02
  -1.12000084       3.27182040E-02
  -1.10000086       3.34177241E-02
  -1.08000088       3.44529115E-02
  -1.06000090       3.49051654E-02
  -1.04000092       3.46169099E-02
  -1.02000093       3.48113701E-02
  -1.00000095       3.55182923E-02
 -0.980000973       3.59899439E-02
 -0.960000992       3.53782326E-02
 -0.940001011       3.51395905E-02
 -0.920001030       3.56861241E-02
 -0.900001049       3.56425121E-02
 -0.880001068       3.48352715E-02
 -0.860001087       3.45519818E-02
 -0.840001106       3.47628817E-02
 -0.820001125       3.40757817E-02
 -0.800001144       3.35371196E-02
 -0.780001163       3.31685022E-02
 -0.760001183       3.25079374E-02
 -0.740001202       3.19771990E-02
 -0.720001221       3.15770358E-02
 -0.700001240       3.03966478E-02
 -0.680001259       2.95185130E-02
 -0.660001278       2.98898462E-02
 -0.640001297       2.84610465E-02
 -0.620001316       2.67061032E-02
 -0.600001335       2.74299998E-02
 -0.580001354       2.71102246E-02
 -0.560001373       2.39568017E-02
 -0.540001392       2.41141021E-02
 -0.520001411       2.56922543E-02
 -0.500001431       2.20674276E-02
 -0.480001420       2.03677826E-02
 -0.460001409       2.36926805E-02
 -0.440001398       2.14539580E-02
 -0.420001388       1.68023407E-02
 -0.400001377       2.07815599E-02
 -0.380001366       2.16289330E-02
 -0.360001355       1.45320185E-02
 -0.340001345       1.66401416E-02
 -0.320001334       2.21110508E-02
 -0.300001323       1.43656693E-02
 -0.280001312       1.19011682E-02
 -0.260001302       2.18827333E-02
 -0.240001306       1.66368932E-02
 -0.220001310       7.87133072E-03
 -0.200001314       1.96730215E-02
 -0.180001318       2.12775879E-02
 -0.160001323       6.15209900E-03
 -0.140001327       1.51916714E-02
 -0.120001331       2.70915404E-02
 -0.100001335       8.40377808E-03
  -8.00013393E-02   9.23982169E-03
  -6.00013398E-02   3.22233848E-02
  -4.00013402E-02   1.57378968E-02
  -2.00013407E-02   3.44676455E-03
  -1.34110451E-06   3.47092375E-02
   1.99986584E-02   3.49483676E-02
   3.99986580E-02   3.47142741E-02
   5.99986576E-02   4.16044109E-02
   7.99986571E-02   4.95912023E-02
   9.99986529E-02   6.01200536E-02
  0.119998649       7.13263825E-02
  0.139998645       8.38817507E-02
  0.159998640       9.81906280E-02
  0.179998636      0.112812921    
  0.199998632      0.129437968    
  0.219998628      0.147184759    
  0.239998624      0.166168779    
  0.259998620      0.186407760    
  0.279998630      0.208431184    
  0.299998641      0.232045665    
  0.319998652      0.256091654    
  0.339998662      0.282408923    
  0.359998673      0.310385048    
  0.379998684      0.338197142    
  0.399998695      0.368040115    
  0.419998705      0.399692506    
  0.439998716      0.431001544    
  0.459998727      0.463519603    
  0.479998738      0.498084635    
  0.499998748      0.531923294    
  0.519998729      0.565581501    
  0.539998710      0.601880431    
  0.559998691      0.636861205    
  0.579998672      0.669534326    
  0.599998653      0.705640495    
  0.619998634      0.741096735    
  0.639998615      0.770983458    
  0.659998596      0.803478539    
  0.679998577      0.837861717    
  0.699998558      0.864720643    
  0.719998538      0.889980316    
  0.739998519      0.919357002    
  0.759998500      0.944288611    
  0.779998481      0.961860895    
  0.799998462      0.981476963    
  0.819998443       1.00222421    
  0.839998424       1.01422036    
  0.859998405       1.02185881    
  0.879998386       1.03343070    
  0.899998367       1.04118633    
  0.919998348       1.03942573    
  0.939998329       1.03796077    
  0.959998310       1.03824449    
  0.979998291       1.03182256    
  0.999998271       1.01877940    
   1.01999831       1.00648284    
   1.03999829      0.995305717    
   1.05999827      0.978313684    
   1.07999825      0.954357445    
   1.09999824      0.931849718    
   1.11999822      0.911977172    
   1.13999820      0.886746407    
   1.15999818      0.855549514    
   1.17999816      0.824755371    
   1.19999814      0.796896696    
   1.21999812      0.768194199    
   1.23999810      0.734494746    
   1.25999808      0.698209584    
   1.27999806      0.665198267    
   1.29999804      0.634752750    
   1.31999803      0.602297246    
   1.33999801      0.567126155    
   1.35999799      0.532186449    
   1.37999797      0.500155270    
   1.39999795      0.470680475    
   1.41999793      0.440566182    
   1.43999791      0.408982247    
   1.45999789      0.378546476    
   1.47999787      0.350607276    
   1.49999785      0.324987173    
   1.51999784      0.300418973    
   1.53999782      0.275533408    
   1.55999780      0.251184613    
   1.57999778      0.228985846    
   1.59999776      0.208809718    
   1.61999774      0.190261856    
   1.63999772      0.172783092    
   1.65999770      0.155754328    
   1.67999768      0.139801636    
   1.69999766      0.125458971    
   1.71999764      0.112302333    
   1.73999763      0.100458868    
   1.75999761       8.96930993E-02
   1.77999759       7.95871839E-02
   1.79999757       7.05354288E-02
   1.81999755       6.23920895E-02
   1.83999753       5.48518524E-02
   1.85999751       4.81170863E-02
   1.87999749       4.20537144E-02
   1.89999747       3.65995616E-02
   1.91999745       3.19506973E-02
   1.93999743       2.78859530E-02
   1.95999742       2.42213719E-02
   1.97999740       2.09590290E-02
   1.99999738       1.79555342E-02
   2.01999736       1.52476598E-02
   2.03999734       1.29832104E-02
   2.05999732       1.10784722E-02
   2.07999730       9.47817042E-03
   2.09999728       8.14111624E-03
   2.11999726       6.92302873E-03
   2.13999724       5.80931082E-03
   2.15999722       4.84126387E-03
   2.17999721       3.98855144E-03
   2.19999719       3.30842729E-03
   2.21999717       2.79784529E-03
   2.23999715       2.36026896E-03
   2.25999713       1.98176596E-03
   2.27999711       1.62675499E-03
   2.29999709       1.26932352E-03
   2.31999707       9.58205783E-04
   2.33999705       7.17912102E-04
   2.35999703       5.64447080E-04
   2.37999701       5.07974939E-04
   2.39999700       5.05060598E-04
   2.41999698       5.07168414E-04
   2.43999696       4.88775200E-04
   2.45999694       4.17539879E-04
   2.47999692       3.11996235E-04
   2.49999690       1.99523201E-04
   2.51999688       9.97223542E-05
   2.53999686       4.28850508E-05
   2.55999684       3.83886872E-05
   2.57999682       7.47775557E-05
   2.59999681       1.32958783E-04
   2.61999679       1.80294373E-04
   2.63999677       1.95696572E-04
   2.65999675       1.89589409E-04
   2.67999673       1.59707313E-04
   2.69999671       1.16389288E-04
   2.71999669       8.42709997E-05
   2.73999667       9.08804868E-05
   2.75999665       1.52602486E-04
   2.77999663       2.28047254E-04
   2.79999661       2.89070129E-04
   2.81999660       3.70786991E-04
   2.83999658       4.42800898E-04
   2.85999656       4.41490702E-04
   2.87999654       4.44598496E-04
   2.89999652       5.08486875E-04
   2.91999650       5.50118508E-04
   2.93999648       6.30931114E-04
   2.95999646       8.02379625E-04
   2.97999644       9.26835404E-04
   2.99999642       1.07507990E-03
   3.01999640       1.24054891E-03
   3.03999639       1.34691887E-03
   3.05999637       1.55102194E-03
   3.07999635       1.70264312E-03
   3.09999633       1.83822308E-03
