  -2.00000000       1.56494475E-03
  -1.98000002       2.51585688E-03
  -1.96000004       3.27728270E-03
  -1.94000006       3.13756545E-03
  -1.92000008       2.65744841E-03
  -1.90000010       2.84530129E-03
  -1.88000011       3.91530572E-03
  -1.86000013       4.87660151E-03
  -1.84000015       4.91987728E-03
  -1.82000017       4.51076310E-03
  -1.80000019       4.77755675E-03
  -1.78000021       6.05091173E-03
  -1.76000023       7.34587293E-03
  -1.74000025       7.71864830E-03
  -1.72000027       7.34155253E-03
  -1.70000029       7.43067497E-03
  -1.68000031       8.65960494E-03
  -1.66000032       1.02885235E-02
  -1.64000034       1.11327041E-02
  -1.62000036       1.10986494E-02
  -1.60000038       1.12711191E-02
  -1.58000040       1.24116717E-02
  -1.56000042       1.40305283E-02
  -1.54000044       1.50557356E-02
  -1.52000046       1.54406205E-02
  -1.50000048       1.59082282E-02
  -1.48000050       1.70972534E-02
  -1.46000051       1.86762344E-02
  -1.44000053       1.97705217E-02
  -1.42000055       2.02035252E-02
  -1.40000057       2.07697097E-02
  -1.38000059       2.21424643E-02
  -1.36000061       2.36565154E-02
  -1.34000063       2.45857649E-02
  -1.32000065       2.49538086E-02
  -1.30000067       2.56900862E-02
  -1.28000069       2.70576756E-02
  -1.26000071       2.84270030E-02
  -1.24000072       2.91422755E-02
  -1.22000074       2.93394867E-02
  -1.20000076       3.01394965E-02
  -1.18000078       3.14319953E-02
  -1.16000080       3.23955826E-02
  -1.14000082       3.25723663E-02
  -1.12000084       3.27493362E-02
  -1.10000086       3.35585177E-02
  -1.08000088       3.44990417E-02
  -1.06000090       3.47975567E-02
  -1.04000092       3.45503837E-02
  -1.02000093       3.49050649E-02
  -1.00000095       3.55950743E-02
 -0.980000973       3.58809307E-02
 -0.960000992       3.52452993E-02
 -0.940001011       3.51859443E-02
 -0.920001030       3.57561447E-02
 -0.900001049       3.55199054E-02
 -0.880001068       3.46784741E-02
 -0.860001087       3.45739387E-02
 -0.840001106       3.47997919E-02
 -0.820001125       3.39392424E-02
 -0.800001144       3.33866403E-02
 -0.780001163       3.31698246E-02
 -0.760001183       3.25107314E-02
 -0.740001202       3.18287127E-02
 -0.720001221       3.14278193E-02
 -0.700001240       3.03956401E-02
 -0.680001259       2.95061283E-02
 -0.660001278       2.97089927E-02
 -0.640001297       2.83311661E-02
 -0.620001316       2.67520305E-02
 -0.600001335       2.73660533E-02
 -0.580001354       2.68818252E-02
 -0.560001373       2.39237081E-02
 -0.540001392       2.41828989E-02
 -0.520001411       2.54858900E-02
 -0.500001431       2.19160840E-02
 -0.480001420       2.04727855E-02
 -0.460001409       2.36131903E-02
 -0.440001398       2.12094132E-02
 -0.420001388       1.68532990E-02
 -0.400001377       2.08465233E-02
 -0.380001366       2.13569757E-02
 -0.360001355       1.44975232E-02
 -0.340001345       1.67867728E-02
 -0.320001334       2.18988620E-02
 -0.300001323       1.42438626E-02
 -0.280001312       1.20546548E-02
 -0.260001302       2.17724331E-02
 -0.240001306       1.64627656E-02
 -0.220001310       7.96895009E-03
 -0.200001314       1.96609218E-02
 -0.180001318       2.11043656E-02
 -0.160001323       6.15758309E-03
 -0.140001327       1.52527643E-02
 -0.120001331       2.69309096E-02
 -0.100001335       8.33735894E-03
  -8.00013393E-02   9.31057055E-03
  -6.00013398E-02   3.20867077E-02
  -4.00013402E-02   1.56167326E-02
  -2.00013407E-02   3.48178996E-03
  -1.34110451E-06   3.45813148E-02
   1.99986584E-02   3.47128808E-02
   3.99986580E-02   3.44589800E-02
   5.99986576E-02   4.12462614E-02
   7.99986571E-02   4.93029319E-02
   9.99986529E-02   5.95814362E-02
  0.119998649       7.09968209E-02
  0.139998645       8.31834972E-02
  0.159998640       9.76482630E-02
  0.179998636      0.112118684    
  0.199998632      0.128538385    
  0.219998628      0.146439642    
  0.239998624      0.165044129    
  0.259998620      0.185392201    
  0.279998630      0.207238227    
  0.299998641      0.230569020    
  0.319998652      0.254865855    
  0.339998662      0.280718863    
  0.359998673      0.308571339    
  0.379998684      0.336677790    
  0.399998695      0.365916997    
  0.419998705      0.397503525    
  0.439998716      0.429173172    
  0.459998727      0.461028636    
  0.479998738      0.495479137    
  0.499998748      0.529843509    
  0.519998729      0.562835336    
  0.539998710      0.598838985    
  0.559998691      0.634619653    
  0.579998672      0.666773379    
  0.599998653      0.702178955    
  0.619998634      0.738618314    
  0.639998615      0.768535674    
  0.659998596      0.799886882    
  0.679998577      0.834967792    
  0.699998558      0.862724125    
  0.719998538      0.886911809    
  0.739998519      0.916040957    
  0.759998500      0.942361772    
  0.779998481      0.959878922    
  0.799998462      0.978386581    
  0.819998443      0.999916911    
  0.839998424       1.01316845    
  0.859998405       1.02002048    
  0.879998386       1.03098261    
  0.899998367       1.04016745    
  0.919998348       1.03912723    
  0.939998329       1.03662980    
  0.959998310       1.03689909    
  0.979998291       1.03195524    
  0.999998271       1.01934063    
   1.01999831       1.00610662    
   1.03999829      0.994954526    
   1.05999827      0.979384482    
   1.07999825      0.955974460    
   1.09999824      0.932560802    
   1.11999822      0.912467301    
   1.13999820      0.888427496    
   1.15999818      0.858051777    
   1.17999816      0.826718569    
   1.19999814      0.798200667    
   1.21999812      0.770010114    
   1.23999810      0.737360954    
   1.25999808      0.701214015    
   1.27999806      0.667478800    
   1.29999804      0.636706054    
   1.31999803      0.604807198    
   1.33999801      0.570292592    
   1.35999799      0.535307765    
   1.37999797      0.502694786    
   1.39999795      0.472896665    
   1.41999793      0.443048984    
   1.43999791      0.411876857    
   1.45999789      0.381477416    
   1.47999787      0.353172123    
   1.49999785      0.327168703    
   1.51999784      0.302518845    
   1.53999782      0.277791202    
   1.55999780      0.253557563    
   1.57999778      0.231259704    
   1.59999776      0.210812956    
   1.61999774      0.191998810    
   1.63999772      0.174382702    
   1.65999770      0.157333389    
   1.67999768      0.141399026    
   1.69999766      0.127022520    
   1.71999764      0.113738425    
   1.73999763      0.101713382    
   1.75999761       9.07617286E-02
   1.77999759       8.05200338E-02
   1.79999757       7.14142770E-02
   1.81999755       6.32618815E-02
   1.83999753       5.57137206E-02
   1.85999751       4.89357784E-02
   1.87999749       4.27696593E-02
   1.89999747       3.71840969E-02
   1.91999745       3.24212052E-02
   1.93999743       2.82756425E-02
   1.95999742       2.45803110E-02
   1.97999740       2.13180799E-02
   1.99999738       1.83087587E-02
   2.01999736       1.55853359E-02
   2.03999734       1.32853203E-02
   2.05999732       1.13285994E-02
   2.07999730       9.68078244E-03
   2.09999728       8.30009207E-03
   2.11999726       7.04694772E-03
   2.13999724       5.91092417E-03
   2.15999722       4.92711179E-03
   2.17999721       4.06489382E-03
   2.19999719       3.38207115E-03
   2.21999717       2.87035666E-03
   2.23999715       2.43061059E-03
   2.25999713       2.05076439E-03
   2.27999711       1.68829632E-03
   2.29999709       1.31866487E-03
   2.31999707       9.94255301E-04
   2.33999705       7.38667906E-04
   2.35999703       5.74400474E-04
   2.37999701       5.11721766E-04
   2.39999700       5.05673466E-04
   2.41999698       5.08241879E-04
   2.43999696       4.89615020E-04
   2.45999694       4.16076597E-04
   2.47999692       3.07863287E-04
   2.49999690       1.93749875E-04
   2.51999688       9.47539156E-05
   2.53999686       4.07177176E-05
   2.55999684       3.83625011E-05
   2.57999682       7.73029315E-05
   2.59999681       1.41452969E-04
   2.61999679       1.99288625E-04
   2.63999677       2.21144102E-04
   2.65999675       2.04187265E-04
   2.67999673       1.50666208E-04
   2.69999671       1.00050347E-04
   2.71999669       8.69439828E-05
   2.73999667       1.01361948E-04
   2.75999665       1.40294855E-04
   2.77999663       2.21791634E-04
   2.79999661       3.31186049E-04
   2.81999660       4.02963633E-04
   2.83999658       4.19013144E-04
   2.85999656       4.50066087E-04
   2.87999654       4.85436845E-04
   2.89999652       4.76439600E-04
   2.91999650       5.42128342E-04
   2.93999648       6.78927405E-04
   2.95999646       7.78433867E-04
   2.97999644       9.61288693E-04
   2.99999642       1.13460736E-03
   3.01999640       1.22006913E-03
   3.03999639       1.40060415E-03
   3.05999637       1.53874978E-03
   3.07999635       1.70653372E-03
   3.09999633       1.87208003E-03
