  -2.00000000       2.28244043E-03
  -1.98000002       3.53194703E-03
  -1.96000004       4.24424000E-03
  -1.94000006       3.70216020E-03
  -1.92000008       3.19326692E-03
  -1.90000010       4.13461635E-03
  -1.88000011       5.87805687E-03
  -1.86000013       6.51459722E-03
  -1.84000015       5.81386033E-03
  -1.82000017       5.52125927E-03
  -1.80000019       6.74193492E-03
  -1.78000021       8.35150108E-03
  -1.76000023       8.72991513E-03
  -1.74000025       8.28764774E-03
  -1.72000027       8.77999980E-03
  -1.70000029       1.04898904E-02
  -1.68000031       1.19177643E-02
  -1.66000032       1.19040161E-02
  -1.64000034       1.15149189E-02
  -1.62000036       1.25253322E-02
  -1.60000038       1.47373844E-02
  -1.58000040       1.61701813E-02
  -1.56000042       1.60129499E-02
  -1.54000044       1.58143900E-02
  -1.52000046       1.71459839E-02
  -1.50000048       1.93603951E-02
  -1.48000050       2.05469504E-02
  -1.46000051       2.05526296E-02
  -1.44000053       2.07765810E-02
  -1.42000055       2.22154483E-02
  -1.40000057       2.40200479E-02
  -1.38000059       2.49260217E-02
  -1.36000061       2.50153076E-02
  -1.34000063       2.56275684E-02
  -1.32000065       2.71124132E-02
  -1.30000067       2.83742212E-02
  -1.28000069       2.88733821E-02
  -1.26000071       2.91917119E-02
  -1.24000072       3.01205162E-02
  -1.22000074       3.11741233E-02
  -1.20000076       3.18351500E-02
  -1.18000078       3.20384242E-02
  -1.16000080       3.25210504E-02
  -1.14000082       3.33119966E-02
  -1.12000084       3.37453261E-02
  -1.10000086       3.38858254E-02
  -1.08000088       3.41474526E-02
  -1.06000090       3.46202031E-02
  -1.04000092       3.47236954E-02
  -1.02000093       3.47111374E-02
  -1.00000095       3.47459689E-02
 -0.980000973       3.49080935E-02
 -0.960000992       3.46392579E-02
 -0.940001011       3.44247557E-02
 -0.920001030       3.42043601E-02
 -0.900001049       3.40251066E-02
 -0.880001068       3.37400772E-02
 -0.860001087       3.31187956E-02
 -0.840001106       3.26396227E-02
 -0.820001125       3.25107612E-02
 -0.800001144       3.20590362E-02
 -0.780001163       3.07362862E-02
 -0.760001183       3.04265991E-02
 -0.740001202       3.04988697E-02
 -0.720001221       2.91680284E-02
 -0.700001240       2.77029611E-02
 -0.680001259       2.82358173E-02
 -0.660001278       2.78250109E-02
 -0.640001297       2.53591649E-02
 -0.620001316       2.51920912E-02
 -0.600001335       2.61109024E-02
 -0.580001354       2.37704683E-02
 -0.560001373       2.17918903E-02
 -0.540001392       2.37390492E-02
 -0.520001411       2.27417704E-02
 -0.500001431       1.90849341E-02
 -0.480001420       2.03885846E-02
 -0.460001409       2.20915973E-02
 -0.440001398       1.75212827E-02
 -0.420001388       1.65472794E-02
 -0.400001377       2.08400562E-02
 -0.380001366       1.75498668E-02
 -0.360001355       1.31018432E-02
 -0.340001345       1.81713626E-02
 -0.320001334       1.90488845E-02
 -0.300001323       1.12452321E-02
 -0.280001312       1.40729304E-02
 -0.260001302       2.05351114E-02
 -0.240001306       1.23861060E-02
 -0.220001310       9.21418890E-03
 -0.200001314       2.04552505E-02
 -0.180001318       1.67339221E-02
 -0.160001323       5.71491569E-03
 -0.140001327       1.74822118E-02
 -0.120001331       2.31012981E-02
 -0.100001335       6.13542460E-03
  -8.00013393E-02   1.14523759E-02
  -6.00013398E-02   2.92453226E-02
  -4.00013402E-02   1.19744781E-02
  -2.00013407E-02   4.73372033E-03
  -1.34110451E-06   3.16382386E-02
   1.99986584E-02   2.90563367E-02
   3.99986580E-02   2.79393885E-02
   5.99986576E-02   3.38165462E-02
   7.99986571E-02   4.06838097E-02
   9.99986529E-02   4.94922251E-02
  0.119998649       5.98689616E-02
  0.139998645       7.00637996E-02
  0.159998640       8.28053281E-02
  0.179998636       9.52852368E-02
  0.199998632      0.109674707    
  0.219998628      0.125432432    
  0.239998624      0.141009763    
  0.259998620      0.159632474    
  0.279998630      0.178599700    
  0.299998641      0.198045105    
  0.319998652      0.220702037    
  0.339998662      0.243439361    
  0.359998673      0.267048270    
  0.379998684      0.293266386    
  0.399998695      0.319458693    
  0.419998705      0.347210824    
  0.439998716      0.376466215    
  0.459998727      0.405150920    
  0.479998738      0.436780214    
  0.499998748      0.468547225    
  0.519998729      0.498759359    
  0.539998710      0.532992721    
  0.559998691      0.566477418    
  0.579998672      0.596907616    
  0.599998653      0.632007182    
  0.619998634      0.665942848    
  0.639998615      0.694965363    
  0.659998596      0.728485465    
  0.679998577      0.762520075    
  0.699998558      0.788963914    
  0.719998538      0.816951096    
  0.739998519      0.849522412    
  0.759998500      0.873863816    
  0.779998481      0.893247604    
  0.799998462      0.919997573    
  0.819998443      0.943509758    
  0.839998424      0.955836654    
  0.859998405      0.971066177    
  0.879998386      0.989690900    
  0.899998367      0.999518335    
  0.919998348       1.00282276    
  0.939998329       1.00972354    
  0.959998310       1.01650441    
  0.979998291       1.01411641    
  0.999998271       1.00725675    
   1.01999831       1.00458121    
   1.03999829      0.999059081    
   1.05999827      0.984977365    
   1.07999825      0.969395161    
   1.09999824      0.956054032    
   1.11999822      0.940197051    
   1.13999820      0.917735696    
   1.15999818      0.892848790    
   1.17999816      0.870908976    
   1.19999814      0.848067462    
   1.21999812      0.819247127    
   1.23999810      0.788252115    
   1.25999808      0.759317100    
   1.27999806      0.731481612    
   1.29999804      0.701182365    
   1.31999803      0.667526841    
   1.33999801      0.634326339    
   1.35999799      0.603959680    
   1.37999797      0.573677719    
   1.39999795      0.541901350    
   1.41999793      0.509456754    
   1.43999791      0.478013754    
   1.45999789      0.448966891    
   1.47999787      0.420732439    
   1.49999785      0.391964853    
   1.51999784      0.363939077    
   1.53999782      0.337279469    
   1.55999780      0.312150836    
   1.57999778      0.288427770    
   1.59999776      0.265206456    
   1.61999774      0.242984772    
   1.63999772      0.222412258    
   1.65999770      0.202946723    
   1.67999768      0.184791639    
   1.69999766      0.167688206    
   1.71999764      0.151531145    
   1.73999763      0.136989132    
   1.75999761      0.123592339    
   1.77999759      0.110999428    
   1.79999757       9.93628800E-02
   1.81999755       8.84642377E-02
   1.83999753       7.86564946E-02
   1.85999751       7.01115951E-02
   1.87999749       6.23399988E-02
   1.89999747       5.52403815E-02
   1.91999745       4.86621410E-02
   1.93999743       4.25457917E-02
   1.95999742       3.72145623E-02
   1.97999740       3.25819515E-02
   1.99999738       2.84632575E-02
   2.01999736       2.48058271E-02
   2.03999734       2.14243066E-02
   2.05999732       1.84011757E-02
   2.07999730       1.58676542E-02
   2.09999728       1.37380101E-02
   2.11999726       1.19349668E-02
   2.13999724       1.03071658E-02
   2.15999722       8.69844854E-03
   2.17999721       7.21712643E-03
   2.19999719       5.95388422E-03
   2.21999717       4.95014153E-03
   2.23999715       4.27808845E-03
   2.25999713       3.78567423E-03
   2.27999711       3.33513459E-03
   2.29999709       2.84219626E-03
   2.31999707       2.24534213E-03
   2.33999705       1.66571117E-03
   2.35999703       1.21011143E-03
   2.37999701       9.40418220E-04
   2.39999700       8.67335126E-04
   2.41999698       8.82415334E-04
   2.43999696       8.77021637E-04
   2.45999694       7.77897949E-04
   2.47999692       5.70444157E-04
   2.49999690       3.27966001E-04
   2.51999688       1.49397631E-04
   2.53999686       9.56410586E-05
   2.55999684       1.77781927E-04
   2.57999682       3.31226882E-04
   2.59999681       4.51355125E-04
   2.61999679       4.63059347E-04
   2.63999677       3.58719088E-04
   2.65999675       2.08343787E-04
   2.67999673       9.27240108E-05
   2.69999671       6.31171497E-05
   2.71999669       1.33858266E-04
   2.73999667       3.04143556E-04
   2.75999665       4.88796504E-04
   2.77999663       5.63416514E-04
   2.79999661       5.47428848E-04
   2.81999660       5.18089568E-04
   2.83999658       4.66089172E-04
   2.85999656       4.62638884E-04
   2.87999654       6.23422442E-04
   2.89999652       8.39436252E-04
   2.91999650       1.03107828E-03
   2.93999648       1.23539963E-03
   2.95999646       1.29175070E-03
   2.97999644       1.30263076E-03
   2.99999642       1.40332547E-03
   3.01999640       1.53555581E-03
   3.03999639       1.88645429E-03
   3.05999637       2.29080208E-03
   3.07999635       2.67097331E-03
   3.09999633       2.84499605E-03
