  -2.00000000       2.29191664E-03
  -1.98000002       3.68900923E-03
  -1.96000004       4.52864124E-03
  -1.94000006       3.97930993E-03
  -1.92000008       3.56996292E-03
  -1.90000010       4.66672750E-03
  -1.88000011       6.34323945E-03
  -1.86000013       6.64527807E-03
  -1.84000015       5.72631462E-03
  -1.82000017       5.70777943E-03
  -1.80000019       7.39371683E-03
  -1.78000021       9.08321794E-03
  -1.76000023       9.16151982E-03
  -1.74000025       8.54369532E-03
  -1.72000027       9.21217538E-03
  -1.70000029       1.10316137E-02
  -1.68000031       1.22254528E-02
  -1.66000032       1.20886806E-02
  -1.64000034       1.21007748E-02
  -1.62000036       1.36043299E-02
  -1.60000038       1.55758616E-02
  -1.58000040       1.62025038E-02
  -1.56000042       1.57886688E-02
  -1.54000044       1.63906198E-02
  -1.52000046       1.85231306E-02
  -1.50000048       2.03907434E-02
  -1.48000050       2.05080602E-02
  -1.46000051       2.01952662E-02
  -1.44000053       2.12711804E-02
  -1.42000055       2.34856661E-02
  -1.40000057       2.49223895E-02
  -1.38000059       2.48721521E-02
  -1.36000061       2.47970931E-02
  -1.34000063       2.61623170E-02
  -1.32000065       2.81592384E-02
  -1.30000067       2.89586037E-02
  -1.28000069       2.87680700E-02
  -1.26000071       2.90947091E-02
  -1.24000072       3.05567309E-02
  -1.22000074       3.18179876E-02
  -1.20000076       3.20734642E-02
  -1.18000078       3.18797156E-02
  -1.16000080       3.24548781E-02
  -1.14000082       3.35704312E-02
  -1.12000084       3.40268984E-02
  -1.10000086       3.38720307E-02
  -1.08000088       3.38847004E-02
  -1.06000090       3.44564356E-02
  -1.04000092       3.48235704E-02
  -1.02000093       3.47689316E-02
  -1.00000095       3.44164558E-02
 -0.980000973       3.44176739E-02
 -0.960000992       3.45075205E-02
 -0.940001011       3.44691500E-02
 -0.920001030       3.38071473E-02
 -0.900001049       3.33749093E-02
 -0.880001068       3.34598720E-02
 -0.860001087       3.30769941E-02
 -0.840001106       3.22066210E-02
 -0.820001125       3.17911096E-02
 -0.800001144       3.16437185E-02
 -0.780001163       3.06286030E-02
 -0.760001183       2.99704745E-02
 -0.740001202       2.96542440E-02
 -0.720001221       2.87618991E-02
 -0.700001240       2.76594814E-02
 -0.680001259       2.76527796E-02
 -0.660001278       2.69015096E-02
 -0.640001297       2.52076127E-02
 -0.620001316       2.51340978E-02
 -0.600001335       2.51707677E-02
 -0.580001354       2.30999626E-02
 -0.560001373       2.19893791E-02
 -0.540001392       2.32826956E-02
 -0.520001411       2.16872264E-02
 -0.500001431       1.90623999E-02
 -0.480001420       2.05102582E-02
 -0.460001409       2.10699942E-02
 -0.440001398       1.70316584E-02
 -0.420001388       1.69675406E-02
 -0.400001377       2.02041864E-02
 -0.380001366       1.67420078E-02
 -0.360001355       1.33613562E-02
 -0.340001345       1.81370620E-02
 -0.320001334       1.81416012E-02
 -0.300001323       1.11314822E-02
 -0.280001312       1.44121824E-02
 -0.260001302       1.98840983E-02
 -0.240001306       1.19090173E-02
 -0.220001310       9.53333732E-03
 -0.200001314       2.02779975E-02
 -0.180001318       1.60695910E-02
 -0.160001323       5.71910478E-03
 -0.140001327       1.76339429E-02
 -0.120001331       2.26036236E-02
 -0.100001335       5.60223823E-03
  -8.00013393E-02   1.17499568E-02
  -6.00013398E-02   2.89385337E-02
  -4.00013402E-02   1.10044014E-02
  -2.00013407E-02   4.94987937E-03
  -1.34110451E-06   3.13686170E-02
   1.99986584E-02   2.74359379E-02
   3.99986580E-02   2.70573664E-02
   5.99986576E-02   3.17687280E-02
   7.99986571E-02   3.93125266E-02
   9.99986529E-02   4.73491773E-02
  0.119998649       5.71693704E-02
  0.139998645       6.81916997E-02
  0.159998640       7.87411630E-02
  0.179998636       9.27121118E-02
  0.199998632      0.105371632    
  0.219998628      0.120625190    
  0.239998624      0.137338489    
  0.259998620      0.152799278    
  0.279998630      0.173233420    
  0.299998641      0.192163780    
  0.319998652      0.211823851    
  0.339998662      0.236877382    
  0.359998673      0.258466154    
  0.379998684      0.282799423    
  0.399998695      0.311221153    
  0.419998705      0.335734814    
  0.439998716      0.364613950    
  0.459998727      0.395240694    
  0.479998738      0.422408313    
  0.499998748      0.455154657    
  0.519998729      0.487481236    
  0.539998710      0.516244590    
  0.559998691      0.551322281    
  0.579998672      0.584799290    
  0.599998653      0.613905787    
  0.619998634      0.648884773    
  0.639998615      0.682697237    
  0.659998596      0.710490942    
  0.679998577      0.743116200    
  0.699998558      0.776840389    
  0.719998538      0.801654041    
  0.739998519      0.828562915    
  0.759998500      0.860470355    
  0.779998481      0.882701516    
  0.799998462      0.901160955    
  0.819998443      0.927001774    
  0.839998424      0.948051870    
  0.859998405      0.959664881    
  0.879998386      0.973198056    
  0.899998367      0.989775002    
  0.919998348      0.998659611    
  0.939998329       1.00051177    
  0.959998310       1.00528526    
  0.979998291       1.01063371    
  0.999998271       1.00715625    
   1.01999831      0.999781728    
   1.03999829      0.994402766    
   1.05999827      0.986902595    
   1.07999825      0.973871112    
   1.09999824      0.957406282    
   1.11999822      0.941356063    
   1.13999820      0.924148500    
   1.15999818      0.902321041    
   1.17999816      0.878279746    
   1.19999814      0.854494274    
   1.21999812      0.828964412    
   1.23999810      0.801301420    
   1.25999808      0.772219598    
   1.27999806      0.742685914    
   1.29999804      0.712962627    
   1.31999803      0.681925356    
   1.33999801      0.650183320    
   1.35999799      0.619189620    
   1.37999797      0.587846458    
   1.39999795      0.556143880    
   1.41999793      0.524819851    
   1.43999791      0.494196773    
   1.45999789      0.464920342    
   1.47999787      0.435839325    
   1.49999785      0.406230927    
   1.51999784      0.377912104    
   1.53999782      0.351542175    
   1.55999780      0.326729238    
   1.57999778      0.302648216    
   1.59999776      0.278265536    
   1.61999774      0.254761636    
   1.63999772      0.233517557    
   1.65999770      0.214146763    
   1.67999768      0.196263433    
   1.69999766      0.178697422    
   1.71999764      0.161308438    
   1.73999763      0.145398617    
   1.75999761      0.131125480    
   1.77999759      0.118433565    
   1.79999757      0.106964879    
   1.81999755       9.58577693E-02
   1.83999753       8.53556544E-02
   1.85999751       7.57842138E-02
   1.87999749       6.70791492E-02
   1.89999747       5.94800524E-02
   1.91999745       5.26761934E-02
   1.93999743       4.64781038E-02
   1.95999742       4.10444140E-02
   1.97999740       3.61171998E-02
   1.99999738       3.16250548E-02
   2.01999736       2.75120940E-02
   2.03999734       2.36253645E-02
   2.05999732       2.01936662E-02
   2.07999730       1.73494853E-02
   2.09999728       1.50758438E-02
   2.11999726       1.32943653E-02
   2.13999724       1.16956215E-02
   2.15999722       1.00621823E-02
   2.17999721       8.43900628E-03
   2.19999719       6.90932013E-03
   2.21999717       5.64214960E-03
   2.23999715       4.76279389E-03
   2.25999713       4.15697182E-03
   2.27999711       3.69129842E-03
   2.29999709       3.19809676E-03
   2.31999707       2.58729700E-03
   2.33999705       1.96979917E-03
   2.35999703       1.45294028E-03
   2.37999701       1.14288891E-03
   2.39999700       1.06402882E-03
   2.41999698       1.08477264E-03
   2.43999696       1.08699733E-03
   2.45999694       9.62224149E-04
   2.47999692       6.99882279E-04
   2.49999690       3.96701740E-04
   2.51999688       1.68312297E-04
   2.53999686       1.05404550E-04
   2.55999684       1.98038295E-04
   2.57999682       3.60887789E-04
   2.59999681       4.88232268E-04
   2.61999679       4.90910490E-04
   2.63999677       3.63582250E-04
   2.65999675       1.86335034E-04
   2.67999673       6.19691054E-05
   2.69999671       9.03120963E-05
   2.71999669       2.40775436E-04
   2.73999667       4.14705690E-04
   2.75999665       5.61492750E-04
   2.77999663       6.15452416E-04
   2.79999661       5.38615510E-04
   2.81999660       4.27056511E-04
   2.83999658       4.39233670E-04
   2.85999656       5.60382323E-04
   2.87999654       7.70576589E-04
   2.89999652       1.07714569E-03
   2.91999650       1.23766530E-03
   2.93999648       1.26470602E-03
   2.95999646       1.28580187E-03
   2.97999644       1.25516532E-03
   2.99999642       1.44630880E-03
   3.01999640       1.78616599E-03
   3.03999639       2.20763893E-03
   3.05999637       2.65057152E-03
   3.07999635       2.86535732E-03
   3.09999633       2.91217328E-03
