  -2.00000000       2.28048838E-03
  -1.98000002       3.62383621E-03
  -1.96000004       4.42634244E-03
  -1.94000006       3.89034301E-03
  -1.92000008       3.48674785E-03
  -1.90000010       4.57636686E-03
  -1.88000011       6.28465973E-03
  -1.86000013       6.64979266E-03
  -1.84000015       5.74112078E-03
  -1.82000017       5.62327495E-03
  -1.80000019       7.19917705E-03
  -1.78000021       8.90536327E-03
  -1.76000023       9.09509510E-03
  -1.74000025       8.53334181E-03
  -1.72000027       9.14194714E-03
  -1.70000029       1.08961016E-02
  -1.68000031       1.21080391E-02
  -1.66000032       1.19929416E-02
  -1.64000034       1.19525976E-02
  -1.62000036       1.34092914E-02
  -1.60000038       1.54652642E-02
  -1.58000040       1.62208956E-02
  -1.56000042       1.57690328E-02
  -1.54000044       1.61634535E-02
  -1.52000046       1.82057824E-02
  -1.50000048       2.02619750E-02
  -1.48000050       2.06090305E-02
  -1.46000051       2.02398784E-02
  -1.44000053       2.10390575E-02
  -1.42000055       2.31520403E-02
  -1.40000057       2.48120148E-02
  -1.38000059       2.50014793E-02
  -1.36000061       2.48396993E-02
  -1.34000063       2.59292200E-02
  -1.32000065       2.78640352E-02
  -1.30000067       2.89028082E-02
  -1.28000069       2.88965758E-02
  -1.26000071       2.91051120E-02
  -1.24000072       3.03528514E-02
  -1.22000074       3.16313356E-02
  -1.20000076       3.21073011E-02
  -1.18000078       3.20040472E-02
  -1.16000080       3.24272327E-02
  -1.14000082       3.34067717E-02
  -1.12000084       3.39647830E-02
  -1.10000086       3.39855030E-02
  -1.08000088       3.39851752E-02
  -1.06000090       3.43962647E-02
  -1.04000092       3.47322151E-02
  -1.02000093       3.48395146E-02
  -1.00000095       3.45823430E-02
 -0.980000973       3.44610959E-02
 -0.960000992       3.44333425E-02
 -0.940001011       3.45158800E-02
 -0.920001030       3.40073854E-02
 -0.900001049       3.34703065E-02
 -0.880001068       3.34085003E-02
 -0.860001087       3.31375375E-02
 -0.840001106       3.24154869E-02
 -0.820001125       3.18952128E-02
 -0.800001144       3.16281393E-02
 -0.780001163       3.07218730E-02
 -0.760001183       3.01696565E-02
 -0.740001202       2.97549590E-02
 -0.720001221       2.87733283E-02
 -0.700001240       2.77719479E-02
 -0.680001259       2.78344229E-02
 -0.660001278       2.69853417E-02
 -0.640001297       2.52316892E-02
 -0.620001316       2.52681915E-02
 -0.600001335       2.53398139E-02
 -0.580001354       2.31474154E-02
 -0.560001373       2.20245626E-02
 -0.540001392       2.34480202E-02
 -0.520001411       2.18054354E-02
 -0.500001431       1.90695431E-02
 -0.480001420       2.05914080E-02
 -0.460001409       2.12251395E-02
 -0.440001398       1.70858689E-02
 -0.420001388       1.69693921E-02
 -0.400001377       2.03335155E-02
 -0.380001366       1.68386661E-02
 -0.360001355       1.33689446E-02
 -0.340001345       1.81769859E-02
 -0.320001334       1.82472486E-02
 -0.300001323       1.12055074E-02
 -0.280001312       1.43880229E-02
 -0.260001302       1.99234262E-02
 -0.240001306       1.20711001E-02
 -0.220001310       9.50522255E-03
 -0.200001314       2.02125963E-02
 -0.180001318       1.62887797E-02
 -0.160001323       5.73762925E-03
 -0.140001327       1.75036062E-02
 -0.120001331       2.28050761E-02
 -0.100001335       5.70907863E-03
  -8.00013393E-02   1.15985628E-02
  -6.00013398E-02   2.91210171E-02
  -4.00013402E-02   1.11657688E-02
  -2.00013407E-02   4.84342501E-03
  -1.34110451E-06   3.15542296E-02
   1.99986584E-02   2.76733115E-02
   3.99986580E-02   2.73690410E-02
   5.99986576E-02   3.20679583E-02
   7.99986571E-02   3.98034826E-02
   9.99986529E-02   4.75968160E-02
  0.119998649       5.79642430E-02
  0.139998645       6.84798285E-02
  0.159998640       7.96070099E-02
  0.179998636       9.34624448E-02
  0.199998632      0.106003091    
  0.219998628      0.121990874    
  0.239998624      0.137985557    
  0.259998620      0.154176772    
  0.279998630      0.174770504    
  0.299998641      0.193050921    
  0.319998652      0.213936940    
  0.339998662      0.238517076    
  0.359998673      0.259895205    
  0.379998684      0.285476446    
  0.399998695      0.313019753    
  0.419998705      0.337842762    
  0.439998716      0.367744327    
  0.459998727      0.397237033    
  0.479998738      0.425175458    
  0.499998748      0.458743989    
  0.519998729      0.489709795    
  0.539998710      0.519469261    
  0.559998691      0.555390418    
  0.579998672      0.587293208    
  0.599998653      0.617261767    
  0.619998634      0.653376162    
  0.639998615      0.685508907    
  0.659998596      0.713603675    
  0.679998577      0.747915506    
  0.699998558      0.780117273    
  0.719998538      0.804127455    
  0.739998519      0.833123565    
  0.759998500      0.864466131    
  0.779998481      0.884627044    
  0.799998462      0.904500127    
  0.819998443      0.931464493    
  0.839998424      0.950360060    
  0.859998405      0.961270213    
  0.879998386      0.976611972    
  0.899998367      0.992966890    
  0.919998348      0.999688148    
  0.939998329       1.00162244    
  0.959998310       1.00789666    
  0.979998291       1.01238251    
  0.999998271       1.00709045    
   1.01999831       1.00004268    
   1.03999829      0.995623827    
   1.05999827      0.987336457    
   1.07999825      0.972882092    
   1.09999824      0.956414282    
   1.11999822      0.941100121    
   1.13999820      0.923472106    
   1.15999818      0.900479078    
   1.17999816      0.876124561    
   1.19999814      0.852772415    
   1.21999812      0.827270389    
   1.23999810      0.798929632    
   1.25999808      0.769221485    
   1.27999806      0.739728391    
   1.29999804      0.710309088    
   1.31999803      0.679193199    
   1.33999801      0.647002995    
   1.35999799      0.615626574    
   1.37999797      0.584311187    
   1.39999795      0.552922547    
   1.41999793      0.521748304    
   1.43999791      0.490918756    
   1.45999789      0.461314499    
   1.47999787      0.432150573    
   1.49999785      0.402851671    
   1.51999784      0.374940813    
   1.53999782      0.348680466    
   1.55999780      0.323631525    
   1.57999778      0.299320906    
   1.59999776      0.275063187    
   1.61999774      0.251995891    
   1.63999772      0.231165096    
   1.65999770      0.211892024    
   1.67999768      0.193827257    
   1.69999766      0.176134810    
   1.71999764      0.158889860    
   1.73999763      0.143347710    
   1.75999761      0.129449144    
   1.77999759      0.116920307    
   1.79999757      0.105416313    
   1.81999755       9.42387581E-02
   1.83999753       8.37570727E-02
   1.85999751       7.43548274E-02
   1.87999749       6.58969730E-02
   1.89999747       5.85061163E-02
   1.91999745       5.18391840E-02
   1.93999743       4.56903502E-02
   1.95999742       4.02508825E-02
   1.97999740       3.53260189E-02
   1.99999738       3.08568962E-02
   2.01999736       2.68167984E-02
   2.03999734       2.30523273E-02
   2.05999732       1.97502784E-02
   2.07999730       1.70221385E-02
   2.09999728       1.48147885E-02
   2.11999726       1.30389435E-02
   2.13999724       1.14209009E-02
   2.15999722       9.76523478E-03
   2.17999721       8.14636890E-03
   2.19999719       6.65942254E-03
   2.21999717       5.44626033E-03
   2.23999715       4.62094508E-03
   2.25999713       4.05293657E-03
   2.27999711       3.60347191E-03
   2.29999709       3.12145404E-03
   2.31999707       2.51951464E-03
   2.33999705       1.91377988E-03
   2.35999703       1.41056092E-03
   2.37999701       1.10614032E-03
   2.39999700       1.02424284E-03
   2.41999698       1.03766867E-03
   2.43999696       1.03308249E-03
   2.45999694       9.10841743E-04
   2.47999692       6.59718411E-04
   2.49999690       3.71632923E-04
   2.51999688       1.57045171E-04
   2.53999686       9.75801668E-05
   2.55999684       1.87746249E-04
   2.57999682       3.49307025E-04
   2.59999681       4.78806323E-04
   2.61999679       4.87011392E-04
   2.63999677       3.62315419E-04
   2.65999675       1.85728190E-04
   2.67999673       6.31944786E-05
   2.69999671       8.36983891E-05
   2.71999669       2.16624147E-04
   2.73999667       3.89784691E-04
   2.75999665       5.56704646E-04
   2.77999663       6.21457759E-04
   2.79999661       5.44558163E-04
   2.81999660       4.41502780E-04
   2.83999658       4.38388524E-04
   2.85999656       5.21673821E-04
   2.87999654       7.26035971E-04
   2.89999652       1.03290903E-03
   2.91999650       1.20321102E-03
   2.93999648       1.27786840E-03
   2.95999646       1.30437058E-03
   2.97999644       1.25537568E-03
   2.99999642       1.41609984E-03
   3.01999640       1.70333730E-03
   3.03999639       2.12856522E-03
   3.05999637       2.59054545E-03
   3.07999635       2.85259401E-03
   3.09999633       2.92037264E-03
