  -2.00000000       3.39585007E-03
  -1.98000002       5.39308460E-03
  -1.96000004       6.03409903E-03
  -1.94000006       4.72468417E-03
  -1.92000008       4.39527771E-03
  -1.90000010       6.36184169E-03
  -1.88000011       8.09898041E-03
  -1.86000013       7.56815961E-03
  -1.84000015       6.72326470E-03
  -1.82000017       8.04614089E-03
  -1.80000019       1.02046551E-02
  -1.78000021       1.03967097E-02
  -1.76000023       9.37101711E-03
  -1.74000025       1.01426532E-02
  -1.72000027       1.26750255E-02
  -1.70000029       1.39297554E-02
  -1.68000031       1.30498633E-02
  -1.66000032       1.29318405E-02
  -1.64000034       1.50309289E-02
  -1.62000036       1.71629936E-02
  -1.60000038       1.72207095E-02
  -1.58000040       1.67319290E-02
  -1.56000042       1.80752818E-02
  -1.54000044       2.03597769E-02
  -1.52000046       2.10626107E-02
  -1.50000048       2.06042696E-02
  -1.48000050       2.14728452E-02
  -1.46000051       2.37180740E-02
  -1.44000053       2.48810314E-02
  -1.42000055       2.43784059E-02
  -1.40000057       2.47101989E-02
  -1.38000059       2.67562661E-02
  -1.36000061       2.84493174E-02
  -1.34000063       2.82584168E-02
  -1.32000065       2.78739501E-02
  -1.30000067       2.91634537E-02
  -1.28000069       3.11863422E-02
  -1.26000071       3.14882286E-02
  -1.24000072       3.06797493E-02
  -1.22000074       3.11324932E-02
  -1.20000076       3.28635685E-02
  -1.18000078       3.35915275E-02
  -1.16000080       3.28354649E-02
  -1.14000082       3.26089002E-02
  -1.12000084       3.36828195E-02
  -1.10000086       3.45884040E-02
  -1.08000088       3.39291133E-02
  -1.06000090       3.32988724E-02
  -1.04000092       3.38534676E-02
  -1.02000093       3.44800688E-02
  -1.00000095       3.37573662E-02
 -0.980000973       3.30138095E-02
 -0.960000992       3.31861451E-02
 -0.940001011       3.33535001E-02
 -0.920001030       3.25302109E-02
 -0.900001049       3.19516547E-02
 -0.880001068       3.17807607E-02
 -0.860001087       3.13735902E-02
 -0.840001106       3.07333507E-02
 -0.820001125       3.01260203E-02
 -0.800001144       2.94632744E-02
 -0.780001163       2.88150944E-02
 -0.760001183       2.84433365E-02
 -0.740001202       2.75367461E-02
 -0.720001221       2.65602339E-02
 -0.700001240       2.62195803E-02
 -0.680001259       2.59084590E-02
 -0.660001278       2.43556239E-02
 -0.640001297       2.36041509E-02
 -0.620001316       2.38739550E-02
 -0.600001335       2.27897130E-02
 -0.580001354       2.08997633E-02
 -0.560001373       2.13024523E-02
 -0.540001392       2.14929562E-02
 -0.520001411       1.90251712E-02
 -0.500001431       1.82280075E-02
 -0.480001420       1.99116133E-02
 -0.460001409       1.83320865E-02
 -0.440001398       1.53748374E-02
 -0.420001388       1.73534453E-02
 -0.400001377       1.83885489E-02
 -0.380001366       1.40692778E-02
 -0.360001355       1.37364222E-02
 -0.340001345       1.80948116E-02
 -0.320001334       1.49509907E-02
 -0.300001323       1.04745273E-02
 -0.280001312       1.57709680E-02
 -0.260001302       1.76791158E-02
 -0.240001306       9.45570320E-03
 -0.220001310       1.13714896E-02
 -0.200001314       1.98279582E-02
 -0.180001318       1.24965692E-02
 -0.160001323       6.58801990E-03
 -0.140001327       1.88131519E-02
 -0.120001331       1.90013368E-02
 -0.100001335       4.69003199E-03
  -8.00013393E-02   1.37317730E-02
  -6.00013398E-02   2.57062949E-02
  -4.00013402E-02   8.64752010E-03
  -2.00013407E-02   6.25914009E-03
  -1.34110451E-06   2.85875537E-02
   1.99986584E-02   2.29620580E-02
   3.99986580E-02   2.18015797E-02
   5.99986576E-02   2.60172971E-02
   7.99986571E-02   3.23131159E-02
   9.99986529E-02   3.99124250E-02
  0.119998649       4.82748188E-02
  0.139998645       5.77779114E-02
  0.159998640       6.75024763E-02
  0.179998636       7.94584602E-02
  0.199998632       9.04644132E-02
  0.219998628      0.103952274    
  0.239998624      0.118594520    
  0.259998620      0.132264733    
  0.279998630      0.150213510    
  0.299998641      0.166508645    
  0.319998652      0.184627756    
  0.339998662      0.206527442    
  0.359998673      0.224628910    
  0.379998684      0.248065501    
  0.399998695      0.272997558    
  0.419998705      0.293722898    
  0.439998716      0.321589887    
  0.459998727      0.348837733    
  0.479998738      0.372912049    
  0.499998748      0.403909951    
  0.519998729      0.432727754    
  0.539998710      0.459889531    
  0.559998691      0.493107438    
  0.579998672      0.523137569    
  0.599998653      0.551556885    
  0.619998634      0.586111724    
  0.639998615      0.616697431    
  0.659998596      0.644187689    
  0.679998577      0.678278446    
  0.699998558      0.708650470    
  0.719998538      0.733992696    
  0.739998519      0.765556395    
  0.759998500      0.794642091    
  0.779998481      0.816464484    
  0.799998462      0.842150390    
  0.819998443      0.869177461    
  0.839998424      0.887907207    
  0.859998405      0.904494286    
  0.879998386      0.926268399    
  0.899998367      0.943695605    
  0.919998348      0.952004135    
  0.939998329      0.962992847    
  0.959998310      0.975685716    
  0.979998291      0.980910957    
  0.999998271      0.981130600    
   1.01999831      0.982772231    
   1.03999829      0.984325588    
   1.05999827      0.979460478    
   1.07999825      0.970346212    
   1.09999824      0.962368131    
   1.11999822      0.952663541    
   1.13999820      0.938503444    
   1.15999818      0.921982348    
   1.17999816      0.904184878    
   1.19999814      0.885222852    
   1.21999812      0.863736629    
   1.23999810      0.840260863    
   1.25999808      0.816131592    
   1.27999806      0.790082455    
   1.29999804      0.762629807    
   1.31999803      0.735141695    
   1.33999801      0.706784785    
   1.35999799      0.677482367    
   1.37999797      0.646966100    
   1.39999795      0.616657615    
   1.41999793      0.587753832    
   1.43999791      0.558181584    
   1.45999789      0.527404785    
   1.47999787      0.497082978    
   1.49999785      0.468299776    
   1.51999784      0.441312432    
   1.53999782      0.413902611    
   1.55999780      0.385636032    
   1.57999778      0.358641326    
   1.59999776      0.333564192    
   1.61999774      0.310640275    
   1.63999772      0.288209498    
   1.65999770      0.265094608    
   1.67999768      0.243066281    
   1.69999766      0.222789720    
   1.71999764      0.204446346    
   1.73999763      0.187633500    
   1.75999761      0.171031624    
   1.77999759      0.155041367    
   1.79999757      0.140203670    
   1.81999755      0.126496747    
   1.83999753      0.114219181    
   1.85999751      0.102892220    
   1.87999749       9.24678221E-02
   1.89999747       8.30596164E-02
   1.91999745       7.42223635E-02
   1.93999743       6.59517497E-02
   1.95999742       5.81927598E-02
   1.97999740       5.11643961E-02
   1.99999738       4.53016795E-02
   2.01999736       4.03903574E-02
   2.03999734       3.60567048E-02
   2.05999732       3.18112522E-02
   2.07999730       2.74318457E-02
   2.09999728       2.33465079E-02
   2.11999726       1.99651234E-02
   2.13999724       1.74338594E-02
   2.15999722       1.55726532E-02
   2.17999721       1.38157047E-02
   2.19999719       1.18783833E-02
   2.21999717       9.85579379E-03
   2.23999715       8.06261320E-03
   2.25999713       6.85530202E-03
   2.27999711       6.15270669E-03
   2.29999709       5.62764052E-03
   2.31999707       4.93702805E-03
   2.33999705       3.92905762E-03
   2.35999703       2.84760678E-03
   2.37999701       2.04952271E-03
   2.39999700       1.72450684E-03
   2.41999698       1.79955084E-03
   2.43999696       1.91751786E-03
   2.45999694       1.77639152E-03
   2.47999692       1.30770158E-03
   2.49999690       7.08536769E-04
   2.51999688       3.19451792E-04
   2.53999686       3.18701321E-04
   2.55999684       6.48622867E-04
   2.57999682       1.00284291E-03
   2.59999681       1.05893041E-03
   2.61999679       7.75099092E-04
   2.63999677       3.37348465E-04
   2.65999675       4.99381968E-05
   2.67999673       8.42886948E-05
   2.69999671       3.76599055E-04
   2.71999669       7.49141094E-04
   2.73999667       9.17885860E-04
   2.75999665       7.58717069E-04
   2.77999663       5.25724434E-04
   2.79999661       4.44174744E-04
   2.81999660       5.80138469E-04
   2.83999658       9.49159148E-04
   2.85999656       1.30338024E-03
   2.87999654       1.39924709E-03
   2.89999652       1.35142135E-03
   2.91999650       1.25574367E-03
   2.93999648       1.32706633E-03
   2.95999646       1.72166154E-03
   2.97999644       2.17093155E-03
   2.99999642       2.58957618E-03
   3.01999640       2.74525164E-03
   3.03999639       2.79346202E-03
   3.05999637       3.00238095E-03
   3.07999635       3.45114176E-03
   3.09999633       3.94875882E-03
