  -2.00000000       3.45579698E-03
  -1.98000002       5.43634035E-03
  -1.96000004       6.04655780E-03
  -1.94000006       4.71482566E-03
  -1.92000008       4.45507001E-03
  -1.90000010       6.52280031E-03
  -1.88000011       8.26017093E-03
  -1.86000013       7.64490012E-03
  -1.84000015       6.76604779E-03
  -1.82000017       8.12569540E-03
  -1.80000019       1.02762049E-02
  -1.78000021       1.04250275E-02
  -1.76000023       9.45244450E-03
  -1.74000025       1.03598954E-02
  -1.72000027       1.28881205E-02
  -1.70000029       1.39577137E-02
  -1.68000031       1.29794516E-02
  -1.66000032       1.30235543E-02
  -1.64000034       1.53152095E-02
  -1.62000036       1.73871387E-02
  -1.60000038       1.72557775E-02
  -1.58000040       1.67434569E-02
  -1.56000042       1.82168316E-02
  -1.54000044       2.05313191E-02
  -1.52000046       2.11500712E-02
  -1.50000048       2.06962693E-02
  -1.48000050       2.16541644E-02
  -1.46000051       2.38418691E-02
  -1.44000053       2.48425268E-02
  -1.42000055       2.43714489E-02
  -1.40000057       2.49313954E-02
  -1.38000059       2.70085335E-02
  -1.36000061       2.84255259E-02
  -1.34000063       2.80838236E-02
  -1.32000065       2.79471856E-02
  -1.30000067       2.94927731E-02
  -1.28000069       3.13301943E-02
  -1.26000071       3.12853642E-02
  -1.24000072       3.05401981E-02
  -1.22000074       3.13522890E-02
  -1.20000076       3.31055857E-02
  -1.18000078       3.34756598E-02
  -1.16000080       3.25898193E-02
  -1.14000082       3.26701514E-02
  -1.12000084       3.39289717E-02
  -1.10000086       3.45620364E-02
  -1.08000088       3.36552300E-02
  -1.06000090       3.32349166E-02
  -1.04000092       3.40423994E-02
  -1.02000093       3.44834477E-02
  -1.00000095       3.34939398E-02
 -0.980000973       3.28924581E-02
 -0.960000992       3.33078504E-02
 -0.940001011       3.33370864E-02
 -0.920001030       3.22896130E-02
 -0.900001049       3.18281278E-02
 -0.880001068       3.18436958E-02
 -0.860001087       3.13202143E-02
 -0.840001106       3.05095967E-02
 -0.820001125       3.00133638E-02
 -0.800001144       2.94869859E-02
 -0.780001163       2.87207626E-02
 -0.760001183       2.82330364E-02
 -0.740001202       2.74613500E-02
 -0.720001221       2.65592672E-02
 -0.700001240       2.60826703E-02
 -0.680001259       2.57306043E-02
 -0.660001278       2.43191086E-02
 -0.640001297       2.35678889E-02
 -0.620001316       2.37040184E-02
 -0.600001335       2.26775277E-02
 -0.580001354       2.08841618E-02
 -0.560001373       2.12140009E-02
 -0.540001392       2.13430896E-02
 -0.520001411       1.89785641E-02
 -0.500001431       1.81930549E-02
 -0.480001420       1.97978094E-02
 -0.460001409       1.82447936E-02
 -0.440001398       1.53405694E-02
 -0.420001388       1.72952898E-02
 -0.400001377       1.83193572E-02
 -0.380001366       1.39842685E-02
 -0.360001355       1.37131987E-02
 -0.340001345       1.80848911E-02
 -0.320001334       1.48350159E-02
 -0.300001323       1.04205962E-02
 -0.280001312       1.58296544E-02
 -0.260001302       1.76002104E-02
 -0.240001306       9.30898357E-03
 -0.220001310       1.14699593E-02
 -0.200001314       1.98428556E-02
 -0.180001318       1.22640934E-02
 -0.160001323       6.64858241E-03
 -0.140001327       1.89432558E-02
 -0.120001331       1.87157784E-02
 -0.100001335       4.69038589E-03
  -8.00013393E-02   1.38966907E-02
  -6.00013398E-02   2.54346952E-02
  -4.00013402E-02   8.59060138E-03
  -2.00013407E-02   6.37568999E-03
  -1.34110451E-06   2.83279400E-02
   1.99986584E-02   2.28533112E-02
   3.99986580E-02   2.14424077E-02
   5.99986576E-02   2.58597769E-02
   7.99986571E-02   3.18409465E-02
   9.99986529E-02   3.97083275E-02
  0.119998649       4.76890057E-02
  0.139998645       5.74215651E-02
  0.159998640       6.69079348E-02
  0.179998636       7.87040368E-02
  0.199998632       9.00583267E-02
  0.219998628      0.102758512    
  0.239998624      0.117976576    
  0.259998620      0.131264240    
  0.279998630      0.148766175    
  0.299998641      0.165841922    
  0.319998652      0.182812348    
  0.339998662      0.205091655    
  0.359998673      0.223561168    
  0.379998684      0.245535672    
  0.399998695      0.271555394    
  0.419998705      0.292054623    
  0.439998716      0.318578988    
  0.459998727      0.347209990    
  0.479998738      0.370613486    
  0.499998748      0.400573492    
  0.519998729      0.430799097    
  0.539998710      0.457054496    
  0.559998691      0.489411354    
  0.579998672      0.520923853    
  0.599998653      0.548434496    
  0.619998634      0.581982493    
  0.639998615      0.614231348    
  0.659998596      0.641096473    
  0.679998577      0.673819482    
  0.699998558      0.705834985    
  0.719998538      0.731186271    
  0.739998519      0.761075675    
  0.759998500      0.791351557    
  0.779998481      0.814152598    
  0.799998462      0.838244259    
  0.819998443      0.865295053    
  0.839998424      0.885871708    
  0.859998405      0.901902258    
  0.879998386      0.922311127    
  0.899998367      0.941170752    
  0.919998348      0.950740457    
  0.939998329      0.960459828    
  0.959998310      0.972741008    
  0.979998291      0.979617596    
  0.999998271      0.980536282    
   1.01999831      0.981121480    
   1.03999829      0.982572496    
   1.05999827      0.979194343    
   1.07999825      0.970685482    
   1.09999824      0.961993515    
   1.11999822      0.952204883    
   1.13999820      0.939058602    
   1.15999818      0.923304796    
   1.17999816      0.905274749    
   1.19999814      0.885995030    
   1.21999812      0.865026712    
   1.23999810      0.842350423    
   1.25999808      0.818466008    
   1.27999806      0.792146742    
   1.29999804      0.764597297    
   1.31999803      0.737606645    
   1.33999801      0.709853590    
   1.35999799      0.680624664    
   1.37999797      0.649749398    
   1.39999795      0.619279802    
   1.41999793      0.590792418    
   1.43999791      0.561769783    
   1.45999789      0.530989230    
   1.47999787      0.500155866    
   1.49999785      0.471046776    
   1.51999784      0.444352448    
   1.53999782      0.417458057    
   1.55999780      0.389242202    
   1.57999778      0.361743271    
   1.59999776      0.336144418    
   1.61999774      0.313208193    
   1.63999772      0.291154802    
   1.65999770      0.268272191    
   1.67999768      0.246004134    
   1.69999766      0.225206882    
   1.71999764      0.206502974    
   1.73999763      0.189677536    
   1.75999761      0.173259467    
   1.77999759      0.157362983    
   1.79999757      0.142360508    
   1.81999755      0.128332704    
   1.83999753      0.115749918    
   1.85999751      0.104239814    
   1.87999749       9.37981233E-02
   1.89999747       8.44371021E-02
   1.91999745       7.56197721E-02
   1.93999743       6.72822595E-02
   1.95999742       5.93260750E-02
   1.97999740       5.20565733E-02
   1.99999738       4.59999368E-02
   2.01999736       4.10049520E-02
   2.03999734       3.67137901E-02
   2.05999732       3.25371549E-02
   2.07999730       2.81661600E-02
   2.09999728       2.39984747E-02
   2.11999726       2.04601437E-02
   2.13999724       1.77870914E-02
   2.15999722       1.58467125E-02
   2.17999721       1.40668480E-02
   2.19999719       1.21410638E-02
   2.21999717       1.01088630E-02
   2.23999715       8.28966126E-03
   2.25999713       7.05735292E-03
   2.27999711       6.33928319E-03
   2.29999709       5.81894815E-03
   2.31999707       5.12200920E-03
   2.33999705       4.08406230E-03
   2.35999703       2.95505882E-03
   2.37999701       2.10584793E-03
   2.39999700       1.75463350E-03
   2.41999698       1.82833150E-03
   2.43999696       1.95803307E-03
   2.45999694       1.82130118E-03
   2.47999692       1.33834546E-03
   2.49999690       7.22276047E-04
   2.51999688       3.27854767E-04
   2.53999686       3.37212725E-04
   2.55999684       6.86440093E-04
   2.57999682       1.05697522E-03
   2.59999681       1.11428625E-03
   2.61999679       8.09778401E-04
   2.63999677       3.40240978E-04
   2.65999675       4.22755147E-05
   2.67999673       9.46759610E-05
   2.69999671       3.99449491E-04
   2.71999669       7.65298842E-04
   2.73999667       9.32532246E-04
   2.75999665       7.65356759E-04
   2.77999663       5.14858926E-04
   2.79999661       4.55639121E-04
   2.81999660       6.23057596E-04
   2.83999658       9.85757797E-04
   2.85999656       1.33184833E-03
   2.87999654       1.39845768E-03
   2.89999652       1.31929480E-03
   2.91999650       1.25925953E-03
   2.93999648       1.37127552E-03
   2.95999646       1.80653506E-03
   2.97999644       2.25866004E-03
   2.99999642       2.61751260E-03
   3.01999640       2.73569673E-03
   3.03999639       2.77184485E-03
   3.05999637       3.04363179E-03
   3.07999635       3.55497398E-03
   3.09999633       4.07651532E-03
