  -2.00000000       3.51821398E-03
  -1.98000002       5.46535430E-03
  -1.96000004       6.07240852E-03
  -1.94000006       4.73899115E-03
  -1.92000008       4.55358252E-03
  -1.90000010       6.73830882E-03
  -1.88000011       8.42142384E-03
  -1.86000013       7.69313052E-03
  -1.84000015       6.78689964E-03
  -1.82000017       8.23895168E-03
  -1.80000019       1.04248421E-02
  -1.78000021       1.05302827E-02
  -1.76000023       9.60070360E-03
  -1.74000025       1.06249545E-02
  -1.72000027       1.31086605E-02
  -1.70000029       1.39565747E-02
  -1.68000031       1.29227620E-02
  -1.66000032       1.32133402E-02
  -1.64000034       1.57020260E-02
  -1.62000036       1.76060181E-02
  -1.60000038       1.72074512E-02
  -1.58000040       1.67284068E-02
  -1.56000042       1.84417348E-02
  -1.54000044       2.08046213E-02
  -1.52000046       2.12706495E-02
  -1.50000048       2.07762904E-02
  -1.48000050       2.18468606E-02
  -1.46000051       2.40209531E-02
  -1.44000053       2.48952266E-02
  -1.42000055       2.44724769E-02
  -1.40000057       2.52229087E-02
  -1.38000059       2.72411294E-02
  -1.36000061       2.83473507E-02
  -1.34000063       2.79353280E-02
  -1.32000065       2.81116534E-02
  -1.30000067       2.98263356E-02
  -1.28000069       3.13538946E-02
  -1.26000071       3.10251303E-02
  -1.24000072       3.05313449E-02
  -1.22000074       3.17161791E-02
  -1.20000076       3.32848355E-02
  -1.18000078       3.32007296E-02
  -1.16000080       3.23552340E-02
  -1.14000082       3.28813829E-02
  -1.12000084       3.41903232E-02
  -1.10000086       3.43865156E-02
  -1.08000088       3.33354920E-02
  -1.06000090       3.32992300E-02
  -1.04000092       3.42706665E-02
  -1.02000093       3.43383364E-02
  -1.00000095       3.31570618E-02
 -0.980000973       3.28866579E-02
 -0.960000992       3.34722362E-02
 -0.940001011       3.31716277E-02
 -0.920001030       3.19763534E-02
 -0.900001049       3.18131968E-02
 -0.880001068       3.19250673E-02
 -0.860001087       3.11185289E-02
 -0.840001106       3.02408803E-02
 -0.820001125       3.00005097E-02
 -0.800001144       2.94834282E-02
 -0.780001163       2.84876544E-02
 -0.760001183       2.80283689E-02
 -0.740001202       2.74626445E-02
 -0.720001221       2.64757108E-02
 -0.700001240       2.58464329E-02
 -0.680001259       2.56115161E-02
 -0.660001278       2.42956858E-02
 -0.640001297       2.34179776E-02
 -0.620001316       2.35174000E-02
 -0.600001335       2.26255022E-02
 -0.580001354       2.07987316E-02
 -0.560001373       2.10544728E-02
 -0.540001392       2.12510601E-02
 -0.520001411       1.89088155E-02
 -0.500001431       1.80696640E-02
 -0.480001420       1.97209418E-02
 -0.460001409       1.81661956E-02
 -0.440001398       1.52199082E-02
 -0.420001388       1.72486994E-02
 -0.400001377       1.82929952E-02
 -0.380001366       1.38059156E-02
 -0.360001355       1.36841480E-02
 -0.340001345       1.81511007E-02
 -0.320001334       1.46171357E-02
 -0.300001323       1.03453547E-02
 -0.280001312       1.59891397E-02
 -0.260001302       1.74210016E-02
 -0.240001306       9.12630279E-03
 -0.220001310       1.16722984E-02
 -0.200001314       1.97809432E-02
 -0.180001318       1.19847804E-02
 -0.160001323       6.78698439E-03
 -0.140001327       1.90346148E-02
 -0.120001331       1.83776822E-02
 -0.100001335       4.73363837E-03
  -8.00013393E-02   1.40436981E-02
  -6.00013398E-02   2.51234360E-02
  -4.00013402E-02   8.53898656E-03
  -2.00013407E-02   6.48121443E-03
  -1.34110451E-06   2.80341264E-02
   1.99986584E-02   2.27127410E-02
   3.99986580E-02   2.09922176E-02
   5.99986576E-02   2.56593283E-02
   7.99986571E-02   3.12954858E-02
   9.99986529E-02   3.93639579E-02
  0.119998649       4.71179597E-02
  0.139998645       5.67727275E-02
  0.159998640       6.63987175E-02
  0.179998636       7.75914937E-02
  0.199998632       8.96001607E-02
  0.219998628      0.101428911    
  0.239998624      0.116895601    
  0.259998620      0.130381301    
  0.279998630      0.146765113    
  0.299998641      0.164931208    
  0.319998652      0.180946037    
  0.339998662      0.202833787    
  0.359998673      0.222488552    
  0.379998684      0.242604926    
  0.399998695      0.269207031    
  0.419998705      0.290476888    
  0.439998716      0.314842582    
  0.459998727      0.344668806    
  0.479998738      0.368369043    
  0.499998748      0.396291137    
  0.519998729      0.427930415    
  0.539998710      0.454188049    
  0.559998691      0.484641105    
  0.579998672      0.517660618    
  0.599998653      0.545234203    
  0.619998634      0.576764345    
  0.639998615      0.610523105    
  0.659998596      0.637866139    
  0.679998577      0.668441117    
  0.699998558      0.701568365    
  0.719998538      0.728046596    
  0.739998519      0.756018519    
  0.759998500      0.786560953    
  0.779998481      0.811112046    
  0.799998462      0.834132612    
  0.819998443      0.860228956    
  0.839998424      0.882627726    
  0.859998405      0.899146378    
  0.879998386      0.917876363    
  0.899998367      0.937339246    
  0.919998348      0.948802531    
  0.939998329      0.957988858    
  0.959998310      0.969235301    
  0.979998291      0.977252662    
  0.999998271      0.979635179    
   1.01999831      0.979722142    
   1.03999829      0.980439842    
   1.05999827      0.978165150    
   1.07999825      0.970945418    
   1.09999824      0.962083638    
   1.11999822      0.951773882    
   1.13999820      0.939176619    
   1.15999818      0.924635708    
   1.17999816      0.907027781    
   1.19999814      0.887284458    
   1.21999812      0.866290271    
   1.23999810      0.844470918    
   1.25999808      0.821469486    
   1.27999806      0.795164645    
   1.29999804      0.767091990    
   1.31999803      0.740219891    
   1.33999801      0.713377774    
   1.35999799      0.684799612    
   1.37999797      0.653621852    
   1.39999795      0.622497916    
   1.41999793      0.594132185    
   1.43999791      0.565998435    
   1.45999789      0.535727978    
   1.47999787      0.504396558    
   1.49999785      0.474494100    
   1.51999784      0.447769612    
   1.53999782      0.421593338    
   1.55999780      0.393866301    
   1.57999778      0.365999788    
   1.59999776      0.339576691    
   1.61999774      0.316248953    
   1.63999772      0.294510007    
   1.65999770      0.272114813    
   1.67999768      0.249857858    
   1.69999766      0.228521943    
   1.71999764      0.209212333    
   1.73999763      0.192127019    
   1.75999761      0.175832629    
   1.77999759      0.160153419    
   1.79999757      0.145133436    
   1.81999755      0.130822361    
   1.83999753      0.117828466    
   1.85999751      0.105958410    
   1.87999749       9.53692123E-02
   1.89999747       8.60317275E-02
   1.91999745       7.73056224E-02
   1.93999743       6.89959601E-02
   1.95999742       6.08733110E-02
   1.97999740       5.33053018E-02
   1.99999738       4.69382592E-02
   2.01999736       4.17487435E-02
   2.03999734       3.74516733E-02
   2.05999732       3.33605669E-02
   2.07999730       2.90482044E-02
   2.09999728       2.48401985E-02
   2.11999726       2.11500283E-02
   2.13999724       1.83113962E-02
   2.15999722       1.62550528E-02
   2.17999721       1.44172758E-02
   2.19999719       1.24776056E-02
   2.21999717       1.04136551E-02
   2.23999715       8.55401158E-03
   2.25999713       7.29240663E-03
   2.27999711       6.56614639E-03
   2.29999709       6.06793864E-03
   2.31999707       5.37830405E-03
   2.33999705       4.31292737E-03
   2.35999703       3.12554394E-03
   2.37999701       2.20516766E-03
   2.39999700       1.81162881E-03
   2.41999698       1.87867763E-03
   2.43999696       2.02831696E-03
   2.45999694       1.90710137E-03
   2.47999692       1.40850374E-03
   2.49999690       7.61698699E-04
   2.51999688       3.52043688E-04
   2.53999686       3.80304642E-04
   2.55999684       7.54184963E-04
   2.57999682       1.11059193E-03
   2.59999681       1.13090244E-03
   2.61999679       8.18533183E-04
   2.63999677       3.58559511E-04
   2.65999675       4.08314008E-05
   2.67999673       9.69788962E-05
   2.69999671       4.67342004E-04
   2.71999669       8.27152864E-04
   2.73999667       9.08184331E-04
   2.75999665       7.61308591E-04
   2.77999663       5.51331905E-04
   2.79999661       4.41322511E-04
   2.81999660       6.70514826E-04
   2.83999658       1.06929208E-03
   2.85999656       1.30131317E-03
   2.87999654       1.41128874E-03
   2.89999652       1.32112671E-03
   2.91999650       1.23697659E-03
   2.93999648       1.48570305E-03
   2.95999646       1.86901877E-03
   2.97999644       2.35835160E-03
   2.99999642       2.64017750E-03
   3.01999640       2.69686873E-03
   3.03999639       2.79979571E-03
   3.05999637       3.09830625E-03
   3.07999635       3.72353871E-03
   3.09999633       4.18647937E-03
