  -2.00000000       3.54774506E-03
  -1.98000002       5.51501941E-03
  -1.96000004       6.12166058E-03
  -1.94000006       4.80328873E-03
  -1.92000008       4.71081585E-03
  -1.90000010       6.98538776E-03
  -1.88000011       8.58784653E-03
  -1.86000013       7.70107098E-03
  -1.84000015       6.80717127E-03
  -1.82000017       8.41344986E-03
  -1.80000019       1.06498701E-02
  -1.78000021       1.06697381E-02
  -1.76000023       9.73718707E-03
  -1.74000025       1.08552156E-02
  -1.72000027       1.32782198E-02
  -1.70000029       1.39285196E-02
  -1.68000031       1.29201319E-02
  -1.66000032       1.35196270E-02
  -1.64000034       1.61460526E-02
  -1.62000036       1.77533254E-02
  -1.60000038       1.70672294E-02
  -1.58000040       1.67526286E-02
  -1.56000042       1.88129190E-02
  -1.54000044       2.11600494E-02
  -1.52000046       2.13328060E-02
  -1.50000048       2.07593888E-02
  -1.48000050       2.20174417E-02
  -1.46000051       2.42411755E-02
  -1.44000053       2.49834433E-02
  -1.42000055       2.45692898E-02
  -1.40000057       2.54665297E-02
  -1.38000059       2.74168812E-02
  -1.36000061       2.82898564E-02
  -1.34000063       2.79229172E-02
  -1.32000065       2.84016486E-02
  -1.30000067       3.01256105E-02
  -1.28000069       3.12562063E-02
  -1.26000071       3.07729878E-02
  -1.24000072       3.06625608E-02
  -1.22000074       3.21067944E-02
  -1.20000076       3.33082266E-02
  -1.18000078       3.28537188E-02
  -1.16000080       3.22807059E-02
  -1.14000082       3.32192853E-02
  -1.12000084       3.43105085E-02
  -1.10000086       3.40333469E-02
  -1.08000088       3.31066512E-02
  -1.06000090       3.35404798E-02
  -1.04000092       3.44148651E-02
  -1.02000093       3.39873433E-02
  -1.00000095       3.28603983E-02
 -0.980000973       3.30515988E-02
 -0.960000992       3.35654169E-02
 -0.940001011       3.28088179E-02
 -0.920001030       3.17042954E-02
 -0.900001049       3.19444053E-02
 -0.880001068       3.19064036E-02
 -0.860001087       3.07481904E-02
 -0.840001106       3.00462004E-02
 -0.820001125       3.00857481E-02
 -0.800001144       2.93350965E-02
 -0.780001163       2.81447619E-02
 -0.760001183       2.79395077E-02
 -0.740001202       2.74786577E-02
 -0.720001221       2.62228921E-02
 -0.700001240       2.56007519E-02
 -0.680001259       2.56039947E-02
 -0.660001278       2.41766013E-02
 -0.640001297       2.31496561E-02
 -0.620001316       2.34254897E-02
 -0.600001335       2.25814544E-02
 -0.580001354       2.05659661E-02
 -0.560001373       2.09149886E-02
 -0.540001392       2.12424938E-02
 -0.520001411       1.87139772E-02
 -0.500001431       1.78937912E-02
 -0.480001420       1.97633356E-02
 -0.460001409       1.80008039E-02
 -0.440001398       1.50035378E-02
 -0.420001388       1.73171423E-02
 -0.400001377       1.82358827E-02
 -0.380001366       1.34982727E-02
 -0.360001355       1.37453116E-02
 -0.340001345       1.82516947E-02
 -0.320001334       1.42426761E-02
 -0.300001323       1.03304507E-02
 -0.280001312       1.62408762E-02
 -0.260001302       1.70635469E-02
 -0.240001306       8.98900442E-03
 -0.220001310       1.19856410E-02
 -0.200001314       1.95455980E-02
 -0.180001318       1.17533682E-02
 -0.160001323       7.00473972E-03
 -0.140001327       1.89847443E-02
 -0.120001331       1.81043167E-02
 -0.100001335       4.79240762E-03
  -8.00013393E-02   1.40819605E-02
  -6.00013398E-02   2.49094348E-02
  -4.00013402E-02   8.42286926E-03
  -2.00013407E-02   6.51818560E-03
  -1.34110451E-06   2.78472416E-02
   1.99986584E-02   2.24073324E-02
   3.99986580E-02   2.05818675E-02
   5.99986576E-02   2.52767857E-02
   7.99986571E-02   3.08353268E-02
   9.99986529E-02   3.87272127E-02
  0.119998649       4.66910675E-02
  0.139998645       5.57792634E-02
  0.159998640       6.59341440E-02
  0.179998636       7.62947053E-02
  0.199998632       8.88263509E-02
  0.219998628      0.100261070    
  0.239998624      0.115172349    
  0.259998620      0.129591107    
  0.279998630      0.144490317    
  0.299998641      0.163380638    
  0.319998652      0.179355562    
  0.339998662      0.199749216    
  0.359998673      0.221080646    
  0.379998684      0.239786699    
  0.399998695      0.265671551    
  0.419998705      0.288829267    
  0.439998716      0.310937464    
  0.459998727      0.340772480    
  0.479998738      0.366133571    
  0.499998748      0.391621172    
  0.519998729      0.423616827    
  0.539998710      0.451275706    
  0.559998691      0.479386628    
  0.579998672      0.512838900    
  0.599998653      0.541853666    
  0.619998634      0.571115017    
  0.639998615      0.605148852    
  0.659998596      0.634204865    
  0.679998577      0.662820578    
  0.699998558      0.695688903    
  0.719998538      0.724045992    
  0.739998519      0.750885308    
  0.759998500      0.780506194    
  0.779998481      0.806749284    
  0.799998462      0.829894543    
  0.819998443      0.854519844    
  0.839998424      0.877868652    
  0.859998405      0.895821750    
  0.879998386      0.913392663    
  0.899998367      0.932445288    
  0.919998348      0.945690572    
  0.939998329      0.955417633    
  0.959998310      0.965660632    
  0.979998291      0.973869562    
  0.999998271      0.977890313    
   1.01999831      0.978522301    
   1.03999829      0.978430092    
   1.05999827      0.976367533    
   1.07999825      0.970579922    
   1.09999824      0.962548018    
   1.11999822      0.951866329    
   1.13999820      0.938962102    
   1.15999818      0.925437391    
   1.17999816      0.909178555    
   1.19999814      0.889510632    
   1.21999812      0.867854655    
   1.23999810      0.846262515    
   1.25999808      0.824649215    
   1.27999806      0.799258351    
   1.29999804      0.770604193    
   1.31999803      0.743038237    
   1.33999801      0.716878116    
   1.35999799      0.689680755    
   1.37999797      0.658837974    
   1.39999795      0.626734614    
   1.41999793      0.597757101    
   1.43999791      0.570443392    
   1.45999789      0.541348696    
   1.47999787      0.510010064    
   1.49999785      0.479019463    
   1.51999784      0.451628774    
   1.53999782      0.426009595    
   1.55999780      0.399225831    
   1.57999778      0.371465474    
   1.59999776      0.344156355    
   1.61999774      0.319958478    
   1.63999772      0.298179328    
   1.65999770      0.276372313    
   1.67999768      0.254496634    
   1.69999766      0.232848287    
   1.71999764      0.212806880    
   1.73999763      0.195121333    
   1.75999761      0.178696036    
   1.77999759      0.163237706    
   1.79999757      0.148392349    
   1.81999755      0.133988723    
   1.83999753      0.120609671    
   1.85999751      0.108216956    
   1.87999749       9.72542614E-02
   1.89999747       8.77897516E-02
   1.91999745       7.91565776E-02
   1.93999743       7.09925815E-02
   1.95999742       6.28225952E-02
   1.97999740       5.49858697E-02
   1.99999738       4.82279323E-02
   2.01999736       4.27102894E-02
   2.03999734       3.83016840E-02
   2.05999732       3.42607647E-02
   2.07999730       3.00344229E-02
   2.09999728       2.58338377E-02
   2.11999726       2.20191088E-02
   2.13999724       1.90131292E-02
   2.15999722       1.68155748E-02
   2.17999721       1.48843676E-02
   2.19999719       1.28936274E-02
   2.21999717       1.07585788E-02
   2.23999715       8.82667210E-03
   2.25999713       7.51813920E-03
   2.27999711       6.78703701E-03
   2.29999709       6.33224379E-03
   2.31999707       5.67177450E-03
   2.33999705       4.59005730E-03
   2.35999703       3.33951879E-03
   2.37999701       2.33126059E-03
   2.39999700       1.87808031E-03
   2.41999698       1.92080275E-03
   2.43999696       2.07420019E-03
   2.45999694       1.95630337E-03
   2.47999692       1.44068000E-03
   2.49999690       7.74712767E-04
   2.51999688       3.59256985E-04
   2.53999686       4.11827728E-04
   2.55999684       8.31183337E-04
   2.57999682       1.21670566E-03
   2.59999681       1.21463533E-03
   2.61999679       8.38216511E-04
   2.63999677       3.37082776E-04
   2.65999675       2.91836786E-05
   2.67999673       1.12931397E-04
   2.69999671       5.14554558E-04
   2.71999669       9.03161243E-04
   2.73999667       9.65863001E-04
   2.75999665       7.61845440E-04
   2.77999663       5.45305142E-04
   2.79999661       4.63636301E-04
   2.81999660       6.96806062E-04
   2.83999658       1.12065370E-03
   2.85999656       1.33770506E-03
   2.87999654       1.39367499E-03
   2.89999652       1.32952025E-03
   2.91999650       1.27509097E-03
   2.93999648       1.56959984E-03
   2.95999646       1.98231917E-03
   2.97999644       2.41277809E-03
   2.99999642       2.65655643E-03
   3.01999640       2.68034684E-03
   3.03999639       2.84512574E-03
   3.05999637       3.22209671E-03
   3.07999635       3.88684683E-03
   3.09999633       4.30621859E-03
