  -2.00000000       3.55548412E-03
  -1.98000002       5.53870108E-03
  -1.96000004       6.15045335E-03
  -1.94000006       4.83479444E-03
  -1.92000008       4.76470403E-03
  -1.90000010       7.05780741E-03
  -1.88000011       8.62758514E-03
  -1.86000013       7.69371865E-03
  -1.84000015       6.81915134E-03
  -1.82000017       8.48802552E-03
  -1.80000019       1.07381502E-02
  -1.78000021       1.07160434E-02
  -1.76000023       9.77025367E-03
  -1.74000025       1.09164808E-02
  -1.72000027       1.33281713E-02
  -1.70000029       1.39301335E-02
  -1.68000031       1.29423514E-02
  -1.66000032       1.36337867E-02
  -1.64000034       1.62774138E-02
  -1.62000036       1.77721381E-02
  -1.60000038       1.70128699E-02
  -1.58000040       1.67865604E-02
  -1.56000042       1.89639926E-02
  -1.54000044       2.12739054E-02
  -1.52000046       2.13252902E-02
  -1.50000048       2.07375642E-02
  -1.48000050       2.20861845E-02
  -1.46000051       2.43371725E-02
  -1.44000053       2.50210110E-02
  -1.42000055       2.45874841E-02
  -1.40000057       2.55248193E-02
  -1.38000059       2.74685659E-02
  -1.36000061       2.82911304E-02
  -1.34000063       2.79428996E-02
  -1.32000065       2.84898411E-02
  -1.30000067       3.01910564E-02
  -1.28000069       3.12146954E-02
  -1.26000071       3.07242088E-02
  -1.24000072       3.07317320E-02
  -1.22000074       3.22066844E-02
  -1.20000076       3.32753062E-02
  -1.18000078       3.27555239E-02
  -1.16000080       3.23033184E-02
  -1.14000082       3.33258659E-02
  -1.12000084       3.42992134E-02
  -1.10000086       3.39096673E-02
  -1.08000088       3.30803134E-02
  -1.06000090       3.36336233E-02
  -1.04000092       3.44132669E-02
  -1.02000093       3.38520259E-02
  -1.00000095       3.28088179E-02
 -0.980000973       3.31258737E-02
 -0.960000992       3.35490517E-02
 -0.940001011       3.26694958E-02
 -0.920001030       3.16602066E-02
 -0.900001049       3.20021510E-02
 -0.880001068       3.18529196E-02
 -0.860001087       3.06170620E-02
 -0.840001106       3.00277248E-02
 -0.820001125       3.01127229E-02
 -0.800001144       2.92412415E-02
 -0.780001163       2.80421209E-02
 -0.760001183       2.79501397E-02
 -0.740001202       2.74604019E-02
 -0.720001221       2.61080768E-02
 -0.700001240       2.55522132E-02
 -0.680001259       2.56183166E-02
 -0.660001278       2.40983292E-02
 -0.640001297       2.30609067E-02
 -0.620001316       2.34330799E-02
 -0.600001335       2.25461777E-02
 -0.580001354       2.04637162E-02
 -0.560001373       2.09021065E-02
 -0.540001392       2.12444346E-02
 -0.520001411       1.86145306E-02
 -0.500001431       1.78517774E-02
 -0.480001420       1.98023394E-02
 -0.460001409       1.79110710E-02
 -0.440001398       1.49329342E-02
 -0.420001388       1.73745155E-02
 -0.400001377       1.81872454E-02
 -0.380001366       1.33877499E-02
 -0.360001355       1.38003742E-02
 -0.340001345       1.82647202E-02
 -0.320001334       1.41031640E-02
 -0.300001323       1.03561254E-02
 -0.280001312       1.63157173E-02
 -0.260001302       1.69210620E-02
 -0.240001306       8.97341222E-03
 -0.220001310       1.20879188E-02
 -0.200001314       1.94366165E-02
 -0.180001318       1.17102312E-02
 -0.160001323       7.07469508E-03
 -0.140001327       1.89347286E-02
 -0.120001331       1.80542711E-02
 -0.100001335       4.80053574E-03
  -8.00013393E-02   1.40647516E-02
  -6.00013398E-02   2.48859730E-02
  -4.00013402E-02   8.35857727E-03
  -2.00013407E-02   6.51183166E-03
  -1.34110451E-06   2.78335381E-02
   1.99986584E-02   2.22592503E-02
   3.99986580E-02   2.04917397E-02
   5.99986576E-02   2.51004323E-02
   7.99986571E-02   3.07373013E-02
   9.99986529E-02   3.84643674E-02
  0.119998649       4.65904549E-02
  0.139998645       5.54354377E-02
  0.159998640       6.57607019E-02
  0.179998636       7.59272799E-02
  0.199998632       8.84761140E-02
  0.219998628       9.99760628E-02
  0.239998624      0.114539817    
  0.259998620      0.129314825    
  0.279998630      0.143839017    
  0.299998641      0.162722111    
  0.319998652      0.178942397    
  0.339998662      0.198726624    
  0.359998673      0.220486820    
  0.379998684      0.239041597    
  0.399998695      0.264391571    
  0.419998705      0.288216740    
  0.439998716      0.309849650    
  0.459998727      0.339311093    
  0.479998738      0.365372390    
  0.499998748      0.390274376    
  0.519998729      0.421997070    
  0.539998710      0.450302690    
  0.559998691      0.477847457    
  0.579998672      0.511051953    
  0.599998653      0.540700793    
  0.619998634      0.569460630    
  0.639998615      0.603208363    
  0.659998596      0.632894874    
  0.679998577      0.661180794    
  0.699998558      0.693665683    
  0.719998538      0.722542107    
  0.739998519      0.749353111    
  0.759998500      0.778558075    
  0.779998481      0.805087924    
  0.799998462      0.828522086    
  0.819998443      0.852804363    
  0.839998424      0.876157224    
  0.859998405      0.894575179    
  0.879998386      0.912065923    
  0.899998367      0.930888355    
  0.919998348      0.944456577    
  0.939998329      0.954513013    
  0.959998310      0.964656591    
  0.979998291      0.972747564    
  0.999998271      0.977098048    
   1.01999831      0.978106201    
   1.03999829      0.977946222    
   1.05999827      0.975762963    
   1.07999825      0.970246613    
   1.09999824      0.962658405    
   1.11999822      0.952075005    
   1.13999820      0.938936234    
   1.15999818      0.925506651    
   1.17999816      0.909777939    
   1.19999814      0.890390992    
   1.21999812      0.868504286    
   1.23999810      0.846736729    
   1.25999808      0.825513959    
   1.27999806      0.800648093    
   1.29999804      0.771953464    
   1.31999803      0.744006813    
   1.33999801      0.717863321    
   1.35999799      0.691174388    
   1.37999797      0.660669088    
   1.39999795      0.628310084    
   1.41999793      0.598953903    
   1.43999791      0.571750581    
   1.45999789      0.543117583    
   1.47999787      0.511972249    
   1.49999785      0.480680287    
   1.51999784      0.452930182    
   1.53999782      0.427348077    
   1.55999780      0.400897533    
   1.57999778      0.373320490    
   1.59999776      0.345814228    
   1.61999774      0.321274400    
   1.63999772      0.299354345    
   1.65999770      0.277681887    
   1.67999768      0.255989730    
   1.69999766      0.234341338    
   1.71999764      0.214105591    
   1.73999763      0.196179241    
   1.75999761      0.179628536    
   1.77999759      0.164195642    
   1.79999757      0.149427414    
   1.81999755      0.135054767    
   1.83999753      0.121599264    
   1.85999751      0.109037578    
   1.87999749       9.79114100E-02
   1.89999747       8.83544460E-02
   1.91999745       7.97267556E-02
   1.93999743       7.16237202E-02
   1.95999742       6.34751990E-02
   1.97999740       5.55831641E-02
   1.99999738       4.87053655E-02
   2.01999736       4.30632681E-02
   2.03999734       3.85896750E-02
   2.05999732       3.45431007E-02
   2.07999730       3.03387772E-02
   2.09999728       2.61483826E-02
   2.11999726       2.23071016E-02
   2.13999724       1.92589853E-02
   2.15999722       1.70216803E-02
   2.17999721       1.50600858E-02
   2.19999719       1.30471978E-02
   2.21999717       1.08801797E-02
   2.23999715       8.91550630E-03
   2.25999713       7.58459792E-03
   2.27999711       6.84996741E-03
   2.29999709       6.41212054E-03
   2.31999707       5.76670328E-03
   2.33999705       4.68525523E-03
   2.35999703       3.41736316E-03
   2.37999701       2.38110940E-03
   2.39999700       1.90772838E-03
   2.41999698       1.94093690E-03
   2.43999696       2.09355261E-03
   2.45999694       1.97407906E-03
   2.47999692       1.45025714E-03
   2.49999690       7.76483444E-04
   2.51999688       3.58453195E-04
   2.53999686       4.18629294E-04
   2.55999684       8.52519064E-04
   2.57999682       1.24870124E-03
   2.59999681       1.24166533E-03
   2.61999679       8.43963644E-04
   2.63999677       3.27622984E-04
   2.65999675       2.45212486E-05
   2.67999673       1.21316618E-04
   2.69999671       5.33799001E-04
   2.71999669       9.30843875E-04
   2.73999667       9.89019987E-04
   2.75999665       7.63995573E-04
   2.77999663       5.40212553E-04
   2.79999661       4.69213701E-04
   2.81999660       7.04499427E-04
   2.83999658       1.13567116E-03
   2.85999656       1.35316059E-03
   2.87999654       1.39242120E-03
   2.89999652       1.33566454E-03
   2.91999650       1.29113463E-03
   2.93999648       1.59402692E-03
   2.95999646       2.01476668E-03
   2.97999644       2.42596818E-03
   2.99999642       2.66179815E-03
   3.01999640       2.68286583E-03
   3.03999639       2.86813290E-03
   3.05999637       3.26593034E-03
   3.07999635       3.93319735E-03
   3.09999633       4.33636550E-03
