  -2.00000000       3.57481115E-03
  -1.98000002       5.60217910E-03
  -1.96000004       6.22682460E-03
  -1.94000006       4.90686717E-03
  -1.92000008       4.86621866E-03
  -1.90000010       7.18302932E-03
  -1.88000011       8.68686847E-03
  -1.86000013       7.67429639E-03
  -1.84000015       6.86052814E-03
  -1.82000017       8.66232999E-03
  -1.80000019       1.09241800E-02
  -1.78000021       1.07946079E-02
  -1.76000023       9.81219858E-03
  -1.74000025       1.10241650E-02
  -1.72000027       1.34345237E-02
  -1.70000029       1.39599871E-02
  -1.68000031       1.30153578E-02
  -1.66000032       1.38626369E-02
  -1.64000034       1.65038910E-02
  -1.62000036       1.77731030E-02
  -1.60000038       1.69142205E-02
  -1.58000040       1.69040244E-02
  -1.56000042       1.92938335E-02
  -1.54000044       2.14717798E-02
  -1.52000046       2.12626308E-02
  -1.50000048       2.06890535E-02
  -1.48000050       2.22626608E-02
  -1.46000051       2.45602429E-02
  -1.44000053       2.50849761E-02
  -1.42000055       2.45881286E-02
  -1.40000057       2.56206356E-02
  -1.38000059       2.75868382E-02
  -1.36000061       2.83273794E-02
  -1.34000063       2.79937275E-02
  -1.32000065       2.86338460E-02
  -1.30000067       3.02859340E-02
  -1.28000069       3.11482660E-02
  -1.26000071       3.06789074E-02
  -1.24000072       3.08762323E-02
  -1.22000074       3.23480330E-02
  -1.20000076       3.31774317E-02
  -1.18000078       3.26098651E-02
  -1.16000080       3.23972777E-02
  -1.14000082       3.34975198E-02
  -1.12000084       3.42143439E-02
  -1.10000086       3.36909294E-02
  -1.08000088       3.30953933E-02
  -1.06000090       3.37992534E-02
  -1.04000092       3.43369171E-02
  -1.02000093       3.35946530E-02
  -1.00000095       3.27790231E-02
 -0.980000973       3.32624726E-02
 -0.960000992       3.34416702E-02
 -0.940001011       3.24042179E-02
 -0.920001030       3.16443294E-02
 -0.900001049       3.20975371E-02
 -0.880001068       3.16765942E-02
 -0.860001087       3.03835496E-02
 -0.840001106       3.00531536E-02
 -0.820001125       3.01257614E-02
 -0.800001144       2.90023200E-02
 -0.780001163       2.78886892E-02
 -0.760001183       2.80075371E-02
 -0.740001202       2.73619909E-02
 -0.720001221       2.58645900E-02
 -0.700001240       2.55205482E-02
 -0.680001259       2.56343093E-02
 -0.660001278       2.38850303E-02
 -0.640001297       2.29204707E-02
 -0.620001316       2.34878808E-02
 -0.600001335       2.24185195E-02
 -0.580001354       2.02523973E-02
 -0.560001373       2.09369138E-02
 -0.540001392       2.12188065E-02
 -0.520001411       1.83771122E-02
 -0.500001431       1.78199578E-02
 -0.480001420       1.98860429E-02
 -0.460001409       1.76761001E-02
 -0.440001398       1.48254000E-02
 -0.420001388       1.75231881E-02
 -0.400001377       1.80276390E-02
 -0.380001366       1.31855961E-02
 -0.360001355       1.39571680E-02
 -0.340001345       1.82314515E-02
 -0.320001334       1.38338590E-02
 -0.300001323       1.04530323E-02
 -0.280001312       1.64189674E-02
 -0.260001302       1.66352745E-02
 -0.240001306       8.98438506E-03
 -0.220001310       1.22591564E-02
 -0.200001314       1.92077644E-02
 -0.180001318       1.16655137E-02
 -0.160001323       7.18874112E-03
 -0.140001327       1.88167542E-02
 -0.120001331       1.80002805E-02
 -0.100001335       4.78800293E-03
  -8.00013393E-02   1.40123907E-02
  -6.00013398E-02   2.48900820E-02
  -4.00013402E-02   8.19160789E-03
  -2.00013407E-02   6.49034930E-03
  -1.34110451E-06   2.78545432E-02
   1.99986584E-02   2.19097342E-02
   3.99986580E-02   2.03699600E-02
   5.99986576E-02   2.46903300E-02
   7.99986571E-02   3.05965301E-02
   9.99986529E-02   3.79074886E-02
  0.119998649       4.63900715E-02
  0.139998645       5.47997691E-02
  0.159998640       6.53209612E-02
  0.179998636       7.53277093E-02
  0.199998632       8.76457691E-02
  0.219998628       9.94995013E-02
  0.239998624      0.113289088    
  0.259998620      0.128643617    
  0.279998630      0.142742157    
  0.299998641      0.161234930    
  0.319998652      0.178173125    
  0.339998662      0.196820199    
  0.359998673      0.219055936    
  0.379998684      0.237775415    
  0.399998695      0.261834532    
  0.419998705      0.286768675    
  0.439998716      0.307985961    
  0.459998727      0.336293101    
  0.479998738      0.363663554    
  0.499998748      0.387918949    
  0.519998729      0.418630004    
  0.539998710      0.448179096    
  0.559998691      0.475109845    
  0.579998672      0.507367313    
  0.599998653      0.538187683    
  0.619998634      0.566479445    
  0.639998615      0.599288523    
  0.659998596      0.630009532    
  0.679998577      0.658162773    
  0.699998558      0.689718664    
  0.719998538      0.719238937    
  0.739998519      0.746387780    
  0.759998500      0.774906754    
  0.779998481      0.801549017    
  0.799998462      0.825650096    
  0.819998443      0.849649906    
  0.839998424      0.872737110    
  0.859998405      0.891803801    
  0.879998386      0.909501076    
  0.899998367      0.928008974    
  0.919998348      0.941823125    
  0.939998329      0.952479124    
  0.959998310      0.962830842    
  0.979998291      0.970681727    
  0.999998271      0.975275993    
   1.01999831      0.977075100    
   1.03999829      0.977189302    
   1.05999827      0.974720776    
   1.07999825      0.969335198    
   1.09999824      0.962644637    
   1.11999822      0.952672482    
   1.13999820      0.939107418    
   1.15999818      0.925457418    
   1.17999816      0.910670698    
   1.19999814      0.892224312    
   1.21999812      0.870087564    
   1.23999810      0.847657323    
   1.25999808      0.826911986    
   1.27999806      0.803300619    
   1.29999804      0.774895430    
   1.31999803      0.746133506    
   1.33999801      0.719648838    
   1.35999799      0.693862915    
   1.37999797      0.664339066    
   1.39999795      0.631729960    
   1.41999793      0.601465821    
   1.43999791      0.574158728    
   1.45999789      0.546405911    
   1.47999787      0.515923023    
   1.49999785      0.484241992    
   1.51999784      0.455664456    
   1.53999782      0.429892033    
   1.55999780      0.404019743    
   1.57999778      0.376981378    
   1.59999776      0.349291533    
   1.61999774      0.324084431    
   1.63999772      0.301714450    
   1.65999770      0.280156761    
   1.67999768      0.258841336    
   1.69999766      0.237334505    
   1.71999764      0.216834918    
   1.73999763      0.198426977    
   1.75999761      0.181519777    
   1.77999759      0.166031018    
   1.79999757      0.151395246    
   1.81999755      0.137153402    
   1.83999753      0.123639427    
   1.85999751      0.110786192    
   1.87999749       9.93037000E-02
   1.89999747       8.94877538E-02
   1.91999745       8.08097348E-02
   1.93999743       7.28190988E-02
   1.95999742       6.47552982E-02
   1.97999740       5.68098798E-02
   1.99999738       4.97265682E-02
   2.01999736       4.38312478E-02
   2.03999734       3.91938761E-02
   2.05999732       3.50980200E-02
   2.07999730       3.09158191E-02
   2.09999728       2.67452113E-02
   2.11999726       2.28667427E-02
   2.13999724       1.97553243E-02
   2.15999722       1.74553283E-02
   2.17999721       1.54420882E-02
   2.19999719       1.33837489E-02
   2.21999717       1.11436145E-02
   2.23999715       9.09970514E-03
   2.25999713       7.71044334E-03
   2.27999711       6.96148491E-03
   2.29999709       6.55737938E-03
   2.31999707       5.94810443E-03
   2.33999705       4.87568695E-03
   2.35999703       3.57983611E-03
   2.37999701       2.49154307E-03
   2.39999700       1.97936781E-03
   2.41999698       1.99347478E-03
   2.43999696       2.14298861E-03
   2.45999694       2.01679557E-03
   2.47999692       1.47200236E-03
   2.49999690       7.78821413E-04
   2.51999688       3.53257783E-04
   2.53999686       4.26640676E-04
   2.55999684       8.86831782E-04
   2.57999682       1.30384974E-03
   2.59999681       1.29080296E-03
   2.61999679       8.53473262E-04
   2.63999677       3.06649046E-04
   2.65999675       1.51964741E-05
   2.67999673       1.43856290E-04
   2.69999671       5.78728912E-04
   2.71999669       9.88218584E-04
   2.73999667       1.03776797E-03
   2.75999665       7.69530830E-04
   2.77999663       5.24329487E-04
   2.79999661       4.76840883E-04
   2.81999660       7.21092161E-04
   2.83999658       1.16587803E-03
   2.85999656       1.39069848E-03
   2.87999654       1.39786093E-03
   2.89999652       1.35020085E-03
   2.91999650       1.32425595E-03
   2.93999648       1.63538044E-03
   2.95999646       2.07207236E-03
   2.97999644       2.45021540E-03
   2.99999642       2.67683156E-03
   3.01999640       2.70116725E-03
   3.03999639       2.92142364E-03
   3.05999637       3.35061108E-03
   3.07999635       4.01101494E-03
   3.09999633       4.38651443E-03
