  -2.00000000       3.75206186E-03
  -1.98000002       5.96131897E-03
  -1.96000004       6.56868704E-03
  -1.94000006       5.10732410E-03
  -1.92000008       5.08693838E-03
  -1.90000010       7.48920115E-03
  -1.88000011       8.86679441E-03
  -1.86000013       7.73288030E-03
  -1.84000015       7.21591152E-03
  -1.82000017       9.37466975E-03
  -1.80000019       1.14377849E-02
  -1.78000021       1.08056664E-02
  -1.76000023       9.81857628E-03
  -1.74000025       1.15004778E-02
  -1.72000027       1.40467323E-02
  -1.70000029       1.42675862E-02
  -1.68000031       1.33019136E-02
  -1.66000032       1.44636631E-02
  -1.64000034       1.70048568E-02
  -1.62000036       1.77274700E-02
  -1.60000038       1.69201158E-02
  -1.58000040       1.77009720E-02
  -1.56000042       2.03491431E-02
  -1.54000044       2.16619894E-02
  -1.52000046       2.08038818E-02
  -1.50000048       2.08755657E-02
  -1.48000050       2.33360492E-02
  -1.46000051       2.52898894E-02
  -1.44000053       2.48736814E-02
  -1.42000055       2.43727379E-02
  -1.40000057       2.61722710E-02
  -1.38000059       2.82981582E-02
  -1.36000061       2.84597985E-02
  -1.34000063       2.79098414E-02
  -1.32000065       2.89163124E-02
  -1.30000067       3.06965858E-02
  -1.28000069       3.12203076E-02
  -1.26000071       3.06567997E-02
  -1.24000072       3.11108064E-02
  -1.22000074       3.25239263E-02
  -1.20000076       3.29891704E-02
  -1.18000078       3.25141177E-02
  -1.16000080       3.26774530E-02
  -1.14000082       3.36116925E-02
  -1.12000084       3.38402987E-02
  -1.10000086       3.34274285E-02
  -1.08000088       3.33100036E-02
  -1.06000090       3.38578820E-02
  -1.04000092       3.38233896E-02
  -1.02000093       3.32065485E-02
  -1.00000095       3.29489484E-02
 -0.980000973       3.32109965E-02
 -0.960000992       3.27796526E-02
 -0.940001011       3.20200138E-02
 -0.920001030       3.18354741E-02
 -0.900001049       3.18495035E-02
 -0.880001068       3.08860838E-02
 -0.860001087       3.01660541E-02
 -0.840001106       3.02002057E-02
 -0.820001125       2.95586586E-02
 -0.800001144       2.82593574E-02
 -0.780001163       2.79295556E-02
 -0.760001183       2.79490873E-02
 -0.740001202       2.65344884E-02
 -0.720001221       2.54351459E-02
 -0.700001240       2.57373974E-02
 -0.680001259       2.51323935E-02
 -0.660001278       2.30725221E-02
 -0.640001297       2.30072588E-02
 -0.620001316       2.34741904E-02
 -0.600001335       2.15127617E-02
 -0.580001354       1.99606735E-02
 -0.560001373       2.12830994E-02
 -0.540001392       2.05427613E-02
 -0.520001411       1.77038070E-02
 -0.500001431       1.81929506E-02
 -0.480001420       1.97020173E-02
 -0.460001409       1.67283937E-02
 -0.440001398       1.49867889E-02
 -0.420001388       1.78121440E-02
 -0.400001377       1.71064120E-02
 -0.380001366       1.29823852E-02
 -0.360001355       1.45001942E-02
 -0.340001345       1.75912436E-02
 -0.320001334       1.33785997E-02
 -0.300001323       1.08731613E-02
 -0.280001312       1.62257142E-02
 -0.260001302       1.61112398E-02
 -0.240001306       9.07468237E-03
 -0.220001310       1.23731345E-02
 -0.200001314       1.88669655E-02
 -0.180001318       1.14591401E-02
 -0.160001323       7.24886591E-03
 -0.140001327       1.88098140E-02
 -0.120001331       1.76727809E-02
 -0.100001335       4.55403561E-03
  -8.00013393E-02   1.41632156E-02
  -6.00013398E-02   2.46951524E-02
  -4.00013402E-02   7.56356725E-03
  -2.00013407E-02   6.67128898E-03
  -1.34110451E-06   2.76419669E-02
   1.99986584E-02   2.08657105E-02
   3.99986580E-02   1.98622718E-02
   5.99986576E-02   2.34204903E-02
   7.99986571E-02   2.98203863E-02
   9.99986529E-02   3.65356095E-02
  0.119998649       4.49027717E-02
  0.139998645       5.35919480E-02
  0.159998640       6.28672093E-02
  0.179998636       7.39435777E-02
  0.199998632       8.46404582E-02
  0.219998628       9.73384827E-02
  0.239998624      0.110174663    
  0.259998620      0.124882750    
  0.279998630      0.140035912    
  0.299998641      0.156089544    
  0.319998652      0.174370274    
  0.339998662      0.192101106    
  0.359998673      0.212691665    
  0.379998684      0.233435735    
  0.399998695      0.254673481    
  0.419998705      0.279551357    
  0.439998716      0.302559346    
  0.459998727      0.327156812    
  0.479998738      0.355259985    
  0.499998748      0.381158620    
  0.519998729      0.408191442    
  0.539998710      0.438294828    
  0.559998691      0.466897935    
  0.579998672      0.496001452    
  0.599998653      0.527042806    
  0.619998634      0.556885302    
  0.639998615      0.587481678    
  0.659998596      0.617955804    
  0.679998577      0.647395670    
  0.699998558      0.678157151    
  0.719998538      0.706768215    
  0.739998519      0.734495699    
  0.759998500      0.763957620    
  0.779998481      0.789867997    
  0.799998462      0.813511133    
  0.819998443      0.838876724    
  0.839998424      0.862695873    
  0.859998405      0.881079316    
  0.879998386      0.898875237    
  0.899998367      0.919318616    
  0.919998348      0.933780968    
  0.939998329      0.943386674    
  0.959998310      0.955331743    
  0.979998291      0.965471804    
  0.999998271      0.969447851    
   1.01999831      0.970916986    
   1.03999829      0.973727584    
   1.05999827      0.973380208    
   1.07999825      0.966621995    
   1.09999824      0.959706903    
   1.11999822      0.953580856    
   1.13999820      0.942148387    
   1.15999818      0.926382542    
   1.17999816      0.911019325    
   1.19999814      0.896478653    
   1.21999812      0.877483249    
   1.23999810      0.853137732    
   1.25999808      0.830190480    
   1.27999806      0.809414268    
   1.29999804      0.785278738    
   1.31999803      0.756357491    
   1.33999801      0.726637602    
   1.35999799      0.700608552    
   1.37999797      0.674955606    
   1.39999795      0.644894063    
   1.41999793      0.612770259    
   1.43999791      0.582660198    
   1.45999789      0.555457711    
   1.47999787      0.528061807    
   1.49999785      0.497786343    
   1.51999784      0.467416704    
   1.53999782      0.439280242    
   1.55999780      0.413291365    
   1.57999778      0.388089001    
   1.59999776      0.361608714    
   1.61999774      0.335572094    
   1.63999772      0.311274439    
   1.65999770      0.288546860    
   1.67999768      0.267478317    
   1.69999766      0.246842578    
   1.71999764      0.226705402    
   1.73999763      0.207544118    
   1.75999761      0.189219370    
   1.77999759      0.172564015    
   1.79999757      0.157515958    
   1.81999755      0.143638864    
   1.83999753      0.130584866    
   1.85999751      0.117536172    
   1.87999749      0.105149902    
   1.89999747       9.41066593E-02
   1.91999745       8.45917910E-02
   1.93999743       7.64929727E-02
   1.95999742       6.87050745E-02
   1.97999740       6.09472655E-02
   1.99999738       5.35982586E-02
   2.01999736       4.70720083E-02
   2.03999734       4.18070629E-02
   2.05999732       3.72858047E-02
   2.07999730       3.29041965E-02
   2.09999728       2.86183506E-02
   2.11999726       2.45790314E-02
   2.13999724       2.13359892E-02
   2.15999722       1.89713594E-02
   2.17999721       1.69504173E-02
   2.19999719       1.48443123E-02
   2.21999717       1.23694995E-02
   2.23999715       9.97078978E-03
   2.25999713       8.23647156E-03
   2.27999711       7.31258467E-03
   2.29999709       6.95191976E-03
   2.31999707       6.46804087E-03
   2.33999705       5.47611061E-03
   2.35999703       4.14006924E-03
   2.37999701       2.92377966E-03
   2.39999700       2.31769169E-03
   2.41999698       2.29916535E-03
   2.43999696       2.45849602E-03
   2.45999694       2.29986804E-03
   2.47999692       1.64346606E-03
   2.49999690       8.30806734E-04
   2.51999688       3.38757382E-04
   2.53999686       4.29295440E-04
   2.55999684       9.40199592E-04
   2.57999682       1.39385613E-03
   2.59999681       1.37481408E-03
   2.61999679       8.51001008E-04
   2.63999677       2.33583691E-04
   2.65999675       2.35319430E-06
   2.67999673       2.84843409E-04
   2.69999671       8.00668960E-04
   2.71999669       1.17206411E-03
   2.73999667       1.15338713E-03
   2.75999665       7.59706367E-04
   2.77999663       4.23272984E-04
   2.79999661       4.89837432E-04
   2.81999660       8.48206459E-04
   2.83999658       1.32383942E-03
   2.85999656       1.57538208E-03
   2.87999654       1.46316702E-03
   2.89999652       1.35928590E-03
   2.91999650       1.40122487E-03
   2.93999648       1.73111481E-03
   2.95999646       2.25792057E-03
   2.97999644       2.60119559E-03
   2.99999642       2.79996800E-03
   3.01999640       2.83852499E-03
   3.03999639       3.07739177E-03
   3.05999637       3.55897192E-03
   3.07999635       4.19484172E-03
   3.09999633       4.58994927E-03
