  -2.00000000       4.02678084E-03
  -1.98000002       6.57464238E-03
  -1.96000004       7.21791899E-03
  -1.94000006       5.62925497E-03
  -1.92000008       6.16224110E-03
  -1.90000010       9.01163556E-03
  -1.88000011       9.72623192E-03
  -1.86000013       7.89064914E-03
  -1.84000015       8.03580880E-03
  -1.82000017       1.10140061E-02
  -1.80000019       1.24751655E-02
  -1.78000021       1.10842669E-02
  -1.76000023       1.09190233E-02
  -1.74000025       1.35910893E-02
  -1.72000027       1.52264871E-02
  -1.70000029       1.41776493E-02
  -1.68000031       1.41776670E-02
  -1.66000032       1.69295296E-02
  -1.64000034       1.87346842E-02
  -1.62000036       1.76492743E-02
  -1.60000038       1.73895210E-02
  -1.58000040       2.00339239E-02
  -1.56000042       2.22925581E-02
  -1.54000044       2.16289908E-02
  -1.52000046       2.09720433E-02
  -1.50000048       2.30303500E-02
  -1.48000050       2.53711306E-02
  -1.46000051       2.51706820E-02
  -1.44000053       2.46442854E-02
  -1.42000055       2.62822900E-02
  -1.40000057       2.82587111E-02
  -1.38000059       2.80922744E-02
  -1.36000061       2.77045034E-02
  -1.34000063       2.92842891E-02
  -1.32000065       3.08979582E-02
  -1.30000067       3.05409171E-02
  -1.28000069       3.00488099E-02
  -1.26000071       3.13751772E-02
  -1.24000072       3.29072475E-02
  -1.22000074       3.24693583E-02
  -1.20000076       3.15543264E-02
  -1.18000078       3.25965993E-02
  -1.16000080       3.39632779E-02
  -1.14000082       3.34540531E-02
  -1.12000084       3.23866829E-02
  -1.10000086       3.30701284E-02
  -1.08000088       3.40217985E-02
  -1.06000090       3.34757082E-02
  -1.04000092       3.22893634E-02
  -1.02000093       3.25510651E-02
  -1.00000095       3.31933163E-02
 -0.980000973       3.24809067E-02
 -0.960000992       3.12430877E-02
 -0.940001011       3.13744135E-02
 -0.920001030       3.16831693E-02
 -0.900001049       3.06848325E-02
 -0.880001068       2.94763967E-02
 -0.860001087       2.96576321E-02
 -0.840001106       2.94866171E-02
 -0.820001125       2.80849319E-02
 -0.800001144       2.72298269E-02
 -0.780001163       2.74318792E-02
 -0.760001183       2.67275907E-02
 -0.740001202       2.51514092E-02
 -0.720001221       2.48606391E-02
 -0.700001240       2.49719992E-02
 -0.680001259       2.35394612E-02
 -0.660001278       2.22260654E-02
 -0.640001297       2.26826593E-02
 -0.620001316       2.21096110E-02
 -0.600001335       2.01608576E-02
 -0.580001354       1.98045243E-02
 -0.560001373       2.05922723E-02
 -0.540001392       1.88895967E-02
 -0.520001411       1.72064267E-02
 -0.500001431       1.81895737E-02
 -0.480001420       1.83574352E-02
 -0.460001409       1.56068224E-02
 -0.440001398       1.52063556E-02
 -0.420001388       1.72432717E-02
 -0.400001377       1.57721322E-02
 -0.380001366       1.26495212E-02
 -0.360001355       1.47370193E-02
 -0.340001345       1.66484732E-02
 -0.320001334       1.24365222E-02
 -0.300001323       1.10676745E-02
 -0.280001312       1.62576474E-02
 -0.260001302       1.49682332E-02
 -0.240001306       8.55484325E-03
 -0.220001310       1.30633144E-02
 -0.200001314       1.84101593E-02
 -0.180001318       9.92011745E-03
 -0.160001323       7.93239381E-03
 -0.140001327       1.92917734E-02
 -0.120001331       1.56221334E-02
 -0.100001335       4.55961470E-03
  -8.00013393E-02   1.51045788E-02
  -6.00013398E-02   2.28179526E-02
  -4.00013402E-02   6.68505393E-03
  -2.00013407E-02   7.51957484E-03
  -1.34110451E-06   2.57905480E-02
   1.99986584E-02   1.91262178E-02
   3.99986580E-02   1.71902683E-02
   5.99986576E-02   2.10890509E-02
   7.99986571E-02   2.65071001E-02
   9.99986529E-02   3.34534943E-02
  0.119998649       4.06118222E-02
  0.139998645       4.93480079E-02
  0.159998640       5.76835983E-02
  0.179998636       6.79255947E-02
  0.199998632       7.81164914E-02
  0.219998628       8.97094756E-02
  0.239998624      0.102292813    
  0.259998620      0.114503957    
  0.279998630      0.130540296    
  0.299998641      0.144480690    
  0.319998652      0.160807669    
  0.339998662      0.179941520    
  0.359998673      0.195866749    
  0.379998684      0.217569992    
  0.399998695      0.238361448    
  0.419998705      0.257491082    
  0.439998716      0.284040958    
  0.459998727      0.306353807    
  0.479998738      0.328782588    
  0.499998748      0.358743638    
  0.519998729      0.383250833    
  0.539998710      0.408268064    
  0.559998691      0.440391809    
  0.579998672      0.466662735    
  0.599998653      0.494093359    
  0.619998634      0.527473927    
  0.639998615      0.554347515    
  0.659998596      0.582761407    
  0.679998577      0.616202772    
  0.699998558      0.643080354    
  0.719998538      0.670219481    
  0.739998519      0.702119708    
  0.759998500      0.729205191    
  0.779998481      0.752784610    
  0.799998462      0.781606257    
  0.819998443      0.807616353    
  0.839998424      0.826519728    
  0.859998405      0.849800348    
  0.879998386      0.873321533    
  0.899998367      0.888502061    
  0.919998348      0.903184712    
  0.939998329      0.921432912    
  0.959998310      0.935116231    
  0.979998291      0.941254854    
  0.999998271      0.948964059    
   1.01999831      0.958694100    
   1.03999829      0.961347163    
   1.05999827      0.959211111    
   1.07999825      0.958454967    
   1.09999824      0.957108259    
   1.11999822      0.951048374    
   1.13999820      0.940543354    
   1.15999818      0.930123329    
   1.17999816      0.918947875    
   1.19999814      0.904261768    
   1.21999812      0.887306213    
   1.23999810      0.868428230    
   1.25999808      0.848242462    
   1.27999806      0.827049971    
   1.29999804      0.804320991    
   1.31999803      0.780268729    
   1.33999801      0.753779292    
   1.35999799      0.726750612    
   1.37999797      0.700791359    
   1.39999795      0.673830271    
   1.41999793      0.644963384    
   1.43999791      0.614949167    
   1.45999789      0.586278141    
   1.47999787      0.559355497    
   1.49999785      0.531056404    
   1.51999784      0.501497507    
   1.53999782      0.472319871    
   1.55999780      0.445206374    
   1.57999778      0.420146585    
   1.59999776      0.394042879    
   1.61999774      0.367360264    
   1.63999772      0.341644585    
   1.65999770      0.317979574    
   1.67999768      0.296431631    
   1.69999766      0.274947047    
   1.71999764      0.253572911    
   1.73999763      0.233062580    
   1.75999761      0.213701651    
   1.77999759      0.196159199    
   1.79999757      0.179652333    
   1.81999755      0.164202988    
   1.83999753      0.149923101    
   1.85999751      0.136032954    
   1.87999749      0.122787908    
   1.89999747      0.110282280    
   1.91999745       9.91605148E-02
   1.93999743       8.98719132E-02
   1.95999742       8.14943165E-02
   1.97999740       7.32517615E-02
   1.99999738       6.47461191E-02
   2.01999736       5.66353835E-02
   2.03999734       5.00080809E-02
   2.05999732       4.49056104E-02
   2.07999730       4.06394787E-02
   2.09999728       3.62198949E-02
   2.11999726       3.13084461E-02
   2.13999724       2.66759358E-02
   2.15999722       2.30596624E-02
   2.17999721       2.06357241E-02
   2.19999719       1.86703540E-02
   2.21999717       1.63059235E-02
   2.23999715       1.35223912E-02
   2.25999713       1.09226191E-02
   2.27999711       9.31150559E-03
   2.29999709       8.70726909E-03
   2.31999707       8.34055897E-03
   2.33999705       7.42318574E-03
   2.35999703       5.75975515E-03
   2.37999701       4.01249668E-03
   2.39999700       3.00072902E-03
   2.41999698       2.95739388E-03
   2.43999696       3.33963544E-03
   2.45999694       3.28202615E-03
   2.47999692       2.44458206E-03
   2.49999690       1.26206654E-03
   2.51999688       5.41008427E-04
   2.53999686       7.28756946E-04
   2.55999684       1.47721695E-03
   2.57999682       1.99212367E-03
   2.59999681       1.70194963E-03
   2.61999679       7.95322470E-04
   2.63999677       8.65392212E-05
   2.65999675       1.11664442E-04
   2.67999673       7.36197399E-04
   2.69999671       1.41816190E-03
   2.71999669       1.52969768E-03
   2.73999667       9.87003092E-04
   2.75999665       4.42620629E-04
   2.77999663       4.48142848E-04
   2.79999661       9.35742282E-04
   2.81999660       1.56414579E-03
   2.83999658       1.81816809E-03
   2.85999656       1.51550944E-03
   2.87999654       1.25736662E-03
   2.89999652       1.40663155E-03
   2.91999650       1.98134896E-03
   2.93999648       2.67252489E-03
   2.95999646       2.93014385E-03
   2.97999644       2.84499698E-03
   2.99999642       2.69563962E-03
   3.01999640       3.03087244E-03
   3.03999639       3.80970305E-03
   3.05999637       4.68293391E-03
   3.07999635       5.19685633E-03
   3.09999633       5.19031240E-03
