  -2.00000000       4.29881690E-03
  -1.98000002       7.10811373E-03
  -1.96000004       7.63472775E-03
  -1.94000006       5.80483023E-03
  -1.92000008       6.35691406E-03
  -1.90000010       9.32347681E-03
  -1.88000011       9.92418732E-03
  -1.86000013       8.10917467E-03
  -1.84000015       8.67272820E-03
  -1.82000017       1.17351655E-02
  -1.80000019       1.26174074E-02
  -1.78000021       1.09079583E-02
  -1.76000023       1.12991920E-02
  -1.74000025       1.44426776E-02
  -1.72000027       1.57230422E-02
  -1.70000029       1.42885819E-02
  -1.68000031       1.45903584E-02
  -1.66000032       1.74973607E-02
  -1.64000034       1.88322030E-02
  -1.62000036       1.76787600E-02
  -1.60000038       1.81935653E-02
  -1.58000040       2.10406668E-02
  -1.56000042       2.22955476E-02
  -1.54000044       2.11039204E-02
  -1.52000046       2.14227233E-02
  -1.50000048       2.42841262E-02
  -1.48000050       2.58227009E-02
  -1.46000051       2.46566143E-02
  -1.44000053       2.46269684E-02
  -1.42000055       2.71358732E-02
  -1.40000057       2.87751984E-02
  -1.38000059       2.79132668E-02
  -1.36000061       2.77658999E-02
  -1.34000063       2.97994334E-02
  -1.32000065       3.10746823E-02
  -1.30000067       3.04139778E-02
  -1.28000069       3.03212535E-02
  -1.26000071       3.18052955E-02
  -1.24000072       3.26954462E-02
  -1.22000074       3.20289694E-02
  -1.20000076       3.18316557E-02
  -1.18000078       3.30999196E-02
  -1.16000080       3.35981585E-02
  -1.14000082       3.28032225E-02
  -1.12000084       3.26124802E-02
  -1.10000086       3.35241593E-02
  -1.08000088       3.35193500E-02
  -1.06000090       3.26941274E-02
  -1.04000092       3.24175693E-02
  -1.02000093       3.28944512E-02
  -1.00000095       3.25911604E-02
 -0.980000973       3.16831134E-02
 -0.960000992       3.13625410E-02
 -0.940001011       3.15461345E-02
 -0.920001030       3.09316404E-02
 -0.900001049       3.00037153E-02
 -0.880001068       2.96506733E-02
 -0.860001087       2.95423623E-02
 -0.840001106       2.85895541E-02
 -0.820001125       2.76910588E-02
 -0.800001144       2.74038855E-02
 -0.780001163       2.69580949E-02
 -0.760001183       2.59114336E-02
 -0.740001202       2.50934251E-02
 -0.720001221       2.48384606E-02
 -0.700001240       2.42131948E-02
 -0.680001259       2.30649170E-02
 -0.660001278       2.23619826E-02
 -0.640001297       2.22582370E-02
 -0.620001316       2.13960223E-02
 -0.600001335       2.01384109E-02
 -0.580001354       1.97404660E-02
 -0.560001373       1.99045315E-02
 -0.540001392       1.86378323E-02
 -0.520001411       1.72630325E-02
 -0.500001431       1.77432187E-02
 -0.480001420       1.79848727E-02
 -0.460001409       1.55848432E-02
 -0.440001398       1.49660241E-02
 -0.420001388       1.69354044E-02
 -0.400001377       1.57029927E-02
 -0.380001366       1.23502975E-02
 -0.360001355       1.46070318E-02
 -0.340001345       1.67318825E-02
 -0.320001334       1.19140577E-02
 -0.300001323       1.09551782E-02
 -0.280001312       1.66854858E-02
 -0.260001302       1.43059455E-02
 -0.240001306       8.27888306E-03
 -0.220001310       1.36806304E-02
 -0.200001314       1.79635100E-02
 -0.180001318       9.33445897E-03
 -0.160001323       8.51444528E-03
 -0.140001327       1.91689096E-02
 -0.120001331       1.48996692E-02
 -0.100001335       4.81365575E-03
  -8.00013393E-02   1.52489310E-02
  -6.00013398E-02   2.21157577E-02
  -4.00013402E-02   6.56326208E-03
  -2.00013407E-02   7.67220557E-03
  -1.34110451E-06   2.52221841E-02
   1.99986584E-02   1.84974335E-02
   3.99986580E-02   1.62781626E-02
   5.99986576E-02   2.03318149E-02
   7.99986571E-02   2.54282635E-02
   9.99986529E-02   3.22711654E-02
  0.119998649       3.95245738E-02
  0.139998645       4.73604053E-02
  0.159998640       5.66640645E-02
  0.179998636       6.51855841E-02
  0.199998632       7.65353739E-02
  0.219998628       8.68425369E-02
  0.239998624       9.93417054E-02
  0.259998620      0.112177365    
  0.279998630      0.125601098    
  0.299998641      0.142010942    
  0.319998652      0.156064540    
  0.339998662      0.174355015    
  0.359998673      0.192743331    
  0.379998684      0.210065842    
  0.399998695      0.232898787    
  0.419998705      0.252540439    
  0.439998716      0.274290025    
  0.459998727      0.300691307    
  0.479998738      0.321932465    
  0.499998748      0.347195029    
  0.519998729      0.376674622    
  0.539998710      0.399864078    
  0.559998691      0.427471757    
  0.579998672      0.458780885    
  0.599998653      0.484240502    
  0.619998634      0.513608873    
  0.639998615      0.545168102    
  0.659998596      0.572077036    
  0.679998577      0.601684391    
  0.699998558      0.632497251    
  0.719998538      0.659759104    
  0.739998519      0.687451303    
  0.759998500      0.717086017    
  0.779998481      0.743016005    
  0.799998462      0.767884195    
  0.819998443      0.794586480    
  0.839998424      0.817311764    
  0.859998405      0.838336766    
  0.879998386      0.860422254    
  0.899998367      0.879177392    
  0.919998348      0.894949138    
  0.939998329      0.910545588    
  0.959998310      0.925255954    
  0.979998291      0.935322464    
  0.999998271      0.942735493    
   1.01999831      0.950623751    
   1.03999829      0.955266356    
   1.05999827      0.956282198    
   1.07999825      0.955810666    
   1.09999824      0.953174055    
   1.11999822      0.948311269    
   1.13999820      0.940949678    
   1.15999818      0.931844771    
   1.17999816      0.919852257    
   1.19999814      0.904955268    
   1.21999812      0.890371382    
   1.23999810      0.874340594    
   1.25999808      0.854180336    
   1.27999806      0.831503630    
   1.29999804      0.809464991    
   1.31999803      0.788650095    
   1.33999801      0.764097750    
   1.35999799      0.735498548    
   1.37999797      0.707961440    
   1.39999795      0.682783186    
   1.41999793      0.657108486    
   1.43999791      0.627516925    
   1.45999789      0.596437931    
   1.47999787      0.568365395    
   1.49999785      0.542062700    
   1.51999784      0.514953792    
   1.53999782      0.485487133    
   1.55999780      0.455977112    
   1.57999778      0.429654926    
   1.59999776      0.404789656    
   1.61999774      0.379932433    
   1.63999772      0.354218781    
   1.65999770      0.328806728    
   1.67999768      0.305612952    
   1.69999766      0.283892184    
   1.71999764      0.263404876    
   1.73999763      0.243557781    
   1.75999761      0.223799288    
   1.77999759      0.204986364    
   1.79999757      0.187068969    
   1.81999755      0.170906350    
   1.83999753      0.156774759    
   1.85999751      0.143479079    
   1.87999749      0.130407155    
   1.89999747      0.117108151    
   1.91999745      0.104618765    
   1.93999743       9.41443667E-02
   1.95999742       8.54871273E-02
   1.97999740       7.77092725E-02
   1.99999738       6.95830807E-02
   2.01999736       6.12564944E-02
   2.03999734       5.37907854E-02
   2.05999732       4.77873757E-02
   2.07999730       4.30789478E-02
   2.09999728       3.85821871E-02
   2.11999726       3.36981229E-02
   2.13999724       2.89169904E-02
   2.15999722       2.50113625E-02
   2.17999721       2.24378090E-02
   2.19999719       2.04366408E-02
   2.21999717       1.80425961E-02
   2.23999715       1.50037957E-02
   2.25999713       1.19230859E-02
   2.27999711       9.90350451E-03
   2.29999709       9.14644729E-03
   2.31999707       8.91656615E-03
   2.33999705       8.19471478E-03
   2.35999703       6.54578628E-03
   2.37999701       4.64855414E-03
   2.39999700       3.44591215E-03
   2.41999698       3.35188513E-03
   2.43999696       3.79030150E-03
   2.45999694       3.75129119E-03
   2.47999692       2.80958950E-03
   2.49999690       1.42398337E-03
   2.51999688       5.89383824E-04
   2.53999686       8.23384675E-04
   2.55999684       1.66110275E-03
   2.57999682       2.14473624E-03
   2.59999681       1.70357723E-03
   2.61999679       7.11392204E-04
   2.63999677       4.46410231E-05
   2.65999675       2.41529546E-04
   2.67999673       1.08420814E-03
   2.69999671       1.79071492E-03
   2.71999669       1.65422098E-03
   2.73999667       9.00114945E-04
   2.75999665       3.69552756E-04
   2.77999663       4.76335525E-04
   2.79999661       1.15777249E-03
   2.81999660       1.82709983E-03
   2.83999658       1.86292571E-03
   2.85999656       1.52038957E-03
   2.87999654       1.29370333E-03
   2.89999652       1.57266937E-03
   2.91999650       2.28528283E-03
   2.93999648       2.79933400E-03
   2.95999646       2.96625798E-03
   2.97999644       2.80100643E-03
   2.99999642       2.85907881E-03
   3.01999640       3.40832630E-03
   3.03999639       4.20822110E-03
   3.05999637       4.89750970E-03
   3.07999635       5.22170775E-03
   3.09999633       5.29433554E-03
