  -2.00000000       4.78437636E-03
  -1.98000002       8.03122018E-03
  -1.96000004       8.44951160E-03
  -1.94000006       6.33654511E-03
  -1.92000008       7.26877805E-03
  -1.90000010       1.03724897E-02
  -1.88000011       1.02676395E-02
  -1.86000013       8.25067703E-03
  -1.84000015       9.78145003E-03
  -1.82000017       1.31962337E-02
  -1.80000019       1.31458500E-02
  -1.78000021       1.12721035E-02
  -1.76000023       1.27334958E-02
  -1.74000025       1.58517323E-02
  -1.72000027       1.57825686E-02
  -1.70000029       1.44536598E-02
  -1.68000031       1.64672360E-02
  -1.66000032       1.93910971E-02
  -1.64000034       1.88765246E-02
  -1.62000036       1.75691508E-02
  -1.60000038       1.98466089E-02
  -1.58000040       2.28027403E-02
  -1.56000042       2.23321822E-02
  -1.54000044       2.11736634E-02
  -1.52000046       2.31435075E-02
  -1.50000048       2.56958939E-02
  -1.48000050       2.53918599E-02
  -1.46000051       2.46866439E-02
  -1.44000053       2.66309157E-02
  -1.42000055       2.85365582E-02
  -1.40000057       2.79063601E-02
  -1.38000059       2.75850315E-02
  -1.36000061       2.96952538E-02
  -1.34000063       3.11123095E-02
  -1.32000065       2.99257394E-02
  -1.30000067       2.96812858E-02
  -1.28000069       3.18253301E-02
  -1.26000071       3.28970999E-02
  -1.24000072       3.15503851E-02
  -1.22000074       3.11369896E-02
  -1.20000076       3.29555534E-02
  -1.18000078       3.38885039E-02
  -1.16000080       3.23881693E-02
  -1.14000082       3.18260677E-02
  -1.12000084       3.32680643E-02
  -1.10000086       3.37889306E-02
  -1.08000088       3.23292464E-02
  -1.06000090       3.17914896E-02
  -1.04000092       3.25995982E-02
  -1.02000093       3.26933786E-02
  -1.00000095       3.14328671E-02
 -0.980000973       3.08541786E-02
 -0.960000992       3.12269125E-02
 -0.940001011       3.09977029E-02
 -0.920001030       2.98342314E-02
 -0.900001049       2.92425659E-02
 -0.880001068       2.91938800E-02
 -0.860001087       2.87412759E-02
 -0.840001106       2.76154205E-02
 -0.820001125       2.69658212E-02
 -0.800001144       2.66961586E-02
 -0.780001163       2.61718817E-02
 -0.760001183       2.50614788E-02
 -0.740001202       2.42610350E-02
 -0.720001221       2.41411608E-02
 -0.700001240       2.35458501E-02
 -0.680001259       2.21458748E-02
 -0.660001278       2.15831082E-02
 -0.640001297       2.17512585E-02
 -0.620001316       2.06744391E-02
 -0.600001335       1.91475339E-02
 -0.580001354       1.93115640E-02
 -0.560001373       1.95299760E-02
 -0.540001392       1.75993200E-02
 -0.520001411       1.66066848E-02
 -0.500001431       1.77908149E-02
 -0.480001420       1.71836708E-02
 -0.460001409       1.45436246E-02
 -0.440001398       1.51375122E-02
 -0.420001388       1.67819615E-02
 -0.400001377       1.43556520E-02
 -0.380001366       1.22021157E-02
 -0.360001355       1.51558910E-02
 -0.340001345       1.56158889E-02
 -0.320001334       1.11330515E-02
 -0.300001323       1.16801895E-02
 -0.280001312       1.63875986E-02
 -0.260001302       1.31092453E-02
 -0.240001306       8.52023624E-03
 -0.220001310       1.41157433E-02
 -0.200001314       1.70782339E-02
 -0.180001318       8.72190855E-03
 -0.160001323       9.14461911E-03
 -0.140001327       1.89274829E-02
 -0.120001331       1.38136521E-02
 -0.100001335       4.84804995E-03
  -8.00013393E-02   1.56907793E-02
  -6.00013398E-02   2.08611637E-02
  -4.00013402E-02   5.86843537E-03
  -2.00013407E-02   8.18355940E-03
  -1.34110451E-06   2.41289604E-02
   1.99986584E-02   1.67445485E-02
   3.99986580E-02   1.47778047E-02
   5.99986576E-02   1.83057897E-02
   7.99986571E-02   2.32785176E-02
   9.99986529E-02   2.99778376E-02
  0.119998649       3.63793261E-02
  0.139998645       4.45900708E-02
  0.159998640       5.23667932E-02
  0.179998636       6.16154522E-02
  0.199998632       7.12620392E-02
  0.219998628       8.15437064E-02
  0.239998624       9.34320837E-02
  0.259998620      0.105246484    
  0.279998630      0.118261427    
  0.299998641      0.133031383    
  0.319998652      0.147841185    
  0.339998662      0.163559437    
  0.359998673      0.181613415    
  0.379998684      0.199059159    
  0.399998695      0.218391046    
  0.419998705      0.239595264    
  0.439998716      0.259465903    
  0.459998727      0.282567054    
  0.479998738      0.306856662    
  0.499998748      0.328915775    
  0.519998729      0.354912847    
  0.539998710      0.382041782    
  0.559998691      0.406112254    
  0.579998672      0.434442282    
  0.599998653      0.462890714    
  0.619998634      0.489145786    
  0.639998615      0.519538462    
  0.659998596      0.547785878    
  0.679998577      0.574823380    
  0.699998558      0.605773687    
  0.719998538      0.634069085    
  0.739998519      0.659486234    
  0.759998500      0.689229369    
  0.779998481      0.717600346    
  0.799998462      0.739871740    
  0.819998443      0.766320050    
  0.839998424      0.793871045    
  0.859998405      0.812689304    
  0.879998386      0.832677722    
  0.899998367      0.857039154    
  0.919998348      0.874809027    
  0.939998329      0.886351347    
  0.959998310      0.903030157    
  0.979998291      0.920266747    
  0.999998271      0.926873624    
   1.01999831      0.931863844    
   1.03999829      0.942198038    
   1.05999827      0.948129594    
   1.07999825      0.945765674    
   1.09999824      0.943330467    
   1.11999822      0.944549143    
   1.13999820      0.940442324    
   1.15999818      0.929263771    
   1.17999816      0.919537842    
   1.19999814      0.910988271    
   1.21999812      0.897851884    
   1.23999810      0.879748464    
   1.25999808      0.862127841    
   1.27999806      0.846030056    
   1.29999804      0.825701118    
   1.31999803      0.801768243    
   1.33999801      0.778239489    
   1.35999799      0.755627394    
   1.37999797      0.731467426    
   1.39999795      0.703884602    
   1.41999793      0.676140547    
   1.43999791      0.649641752    
   1.45999789      0.622936308    
   1.47999787      0.595348656    
   1.49999785      0.566382945    
   1.51999784      0.538177371    
   1.53999782      0.510715961    
   1.55999780      0.483435184    
   1.57999778      0.456985354    
   1.59999776      0.430294186    
   1.61999774      0.404028177    
   1.63999772      0.378189087    
   1.65999770      0.353519350    
   1.67999768      0.330791444    
   1.69999766      0.308248997    
   1.71999764      0.285802603    
   1.73999763      0.263972104    
   1.75999761      0.243601516    
   1.77999759      0.225448564    
   1.79999757      0.207833335    
   1.81999755      0.190367371    
   1.83999753      0.173544496    
   1.85999751      0.158256620    
   1.87999749      0.144833788    
   1.89999747      0.131978005    
   1.91999745      0.119379595    
   1.93999743      0.107392631    
   1.95999742       9.69177186E-02
   1.97999740       8.80609602E-02
   1.99999738       7.94745460E-02
   2.01999736       7.06982687E-02
   2.03999734       6.21974654E-02
   2.05999732       5.50759546E-02
   2.07999730       4.99483012E-02
   2.09999728       4.55662534E-02
   2.11999726       4.06390019E-02
   2.13999724       3.48897278E-02
   2.15999722       2.94174161E-02
   2.17999721       2.56944429E-02
   2.19999719       2.35388353E-02
   2.21999717       2.17391476E-02
   2.23999715       1.90111231E-02
   2.25999713       1.54627934E-02
   2.27999711       1.24869971E-02
   2.29999709       1.09969527E-02
   2.31999707       1.06560094E-02
   2.33999705       1.00650042E-02
   2.35999703       8.29070434E-03
   2.37999701       5.87541470E-03
   2.39999700       4.18356340E-03
   2.41999698       4.07460053E-03
   2.43999696       4.85687517E-03
   2.45999694       5.06090792E-03
   2.47999692       3.89531977E-03
   2.49999690       2.01326818E-03
   2.51999688       8.80228530E-04
   2.53999686       1.17722270E-03
   2.55999684       2.19400972E-03
   2.57999682       2.61756103E-03
   2.59999681       1.86037901E-03
   2.61999679       5.94871235E-04
   2.63999677       2.29001853E-05
   2.65999675       7.04387145E-04
   2.67999673       1.80463132E-03
   2.69999671       2.11362657E-03
   2.71999669       1.44560111E-03
   2.73999667       5.03902207E-04
   2.75999665       2.79938191E-04
   2.77999663       1.10840285E-03
   2.79999661       2.08718283E-03
   2.81999660       2.28180853E-03
   2.83999658       1.77046529E-03
   2.85999656       1.18465244E-03
   2.87999654       1.37048599E-03
   2.89999652       2.32614973E-03
   2.91999650       3.13042384E-03
   2.93999648       3.30024096E-03
   2.95999646       2.88732047E-03
   2.97999644       2.73146667E-03
   2.99999642       3.27918096E-03
   3.01999640       4.32595657E-03
   3.03999639       5.13792131E-03
   3.05999637       5.42225782E-03
   3.07999635       5.44995489E-03
   3.09999633       5.60161704E-03
