  -2.00000000       4.81825834E-03
  -1.98000002       8.08714889E-03
  -1.96000004       8.47307406E-03
  -1.94000006       6.34952029E-03
  -1.92000008       7.26680364E-03
  -1.90000010       1.03860460E-02
  -1.88000011       1.02734873E-02
  -1.86000013       8.27896409E-03
  -1.84000015       9.84990224E-03
  -1.82000017       1.32604213E-02
  -1.80000019       1.31527465E-02
  -1.78000021       1.12601323E-02
  -1.76000023       1.27564529E-02
  -1.74000025       1.58760492E-02
  -1.72000027       1.57772601E-02
  -1.70000029       1.44563541E-02
  -1.68000031       1.64930802E-02
  -1.66000032       1.93837136E-02
  -1.64000034       1.88303906E-02
  -1.62000036       1.75714195E-02
  -1.60000038       1.99134164E-02
  -1.58000040       2.28321757E-02
  -1.56000042       2.22840942E-02
  -1.54000044       2.11455673E-02
  -1.52000046       2.31819656E-02
  -1.50000048       2.57181898E-02
  -1.48000050       2.53529008E-02
  -1.46000051       2.46513784E-02
  -1.44000053       2.66239848E-02
  -1.42000055       2.85043418E-02
  -1.40000057       2.78597064E-02
  -1.38000059       2.75941193E-02
  -1.36000061       2.97306385E-02
  -1.34000063       3.10992375E-02
  -1.32000065       2.99167745E-02
  -1.30000067       2.97654793E-02
  -1.28000069       3.19201015E-02
  -1.26000071       3.28758657E-02
  -1.24000072       3.14759500E-02
  -1.22000074       3.11435945E-02
  -1.20000076       3.29963714E-02
  -1.18000078       3.38426419E-02
  -1.16000080       3.23208943E-02
  -1.14000082       3.18695270E-02
  -1.12000084       3.33458483E-02
  -1.10000086       3.37483324E-02
  -1.08000088       3.22306193E-02
  -1.06000090       3.17882784E-02
  -1.04000092       3.26544829E-02
  -1.02000093       3.26733254E-02
  -1.00000095       3.13624255E-02
 -0.980000973       3.08434479E-02
 -0.960000992       3.12506482E-02
 -0.940001011       3.09644826E-02
 -0.920001030       2.97789201E-02
 -0.900001049       2.92393900E-02
 -0.880001068       2.92001590E-02
 -0.860001087       2.86959726E-02
 -0.840001106       2.75703464E-02
 -0.820001125       2.69691199E-02
 -0.800001144       2.66882721E-02
 -0.780001163       2.61221007E-02
 -0.760001183       2.50295810E-02
 -0.740001202       2.42660157E-02
 -0.720001221       2.41201464E-02
 -0.700001240       2.34970935E-02
 -0.680001259       2.21309494E-02
 -0.660001278       2.15849765E-02
 -0.640001297       2.17154734E-02
 -0.620001316       2.06389055E-02
 -0.600001335       1.91464480E-02
 -0.580001354       1.93007141E-02
 -0.560001373       1.94909163E-02
 -0.540001392       1.75848287E-02
 -0.520001411       1.66056901E-02
 -0.500001431       1.77672710E-02
 -0.480001420       1.71601865E-02
 -0.460001409       1.45372013E-02
 -0.440001398       1.51276924E-02
 -0.420001388       1.67661905E-02
 -0.400001377       1.43392719E-02
 -0.380001366       1.21923964E-02
 -0.360001355       1.51555920E-02
 -0.340001345       1.56038161E-02
 -0.320001334       1.11063905E-02
 -0.300001323       1.16888816E-02
 -0.280001312       1.63956732E-02
 -0.260001302       1.30680678E-02
 -0.240001306       8.51952098E-03
 -0.220001310       1.41453631E-02
 -0.200001314       1.70408580E-02
 -0.180001318       8.70088767E-03
 -0.160001323       9.17828642E-03
 -0.140001327       1.89075619E-02
 -0.120001331       1.37812933E-02
 -0.100001335       4.86216694E-03
  -8.00013393E-02   1.56907830E-02
  -6.00013398E-02   2.08272673E-02
  -4.00013402E-02   5.85665414E-03
  -2.00013407E-02   8.18689074E-03
  -1.34110451E-06   2.41022836E-02
   1.99986584E-02   1.66986845E-02
   3.99986580E-02   1.47247659E-02
   5.99986576E-02   1.82614233E-02
   7.99986571E-02   2.32099630E-02
   9.99986529E-02   2.99087334E-02
  0.119998649       3.63130830E-02
  0.139998645       4.44713235E-02
  0.159998640       5.22988625E-02
  0.179998636       6.14600293E-02
  0.199998632       7.11520240E-02
  0.219998628       8.13875273E-02
  0.239998624       9.32305455E-02
  0.259998620      0.105105296    
  0.279998630      0.118008174    
  0.299998641      0.132789120    
  0.319998652      0.147626936    
  0.339998662      0.163219243    
  0.359998673      0.181322768    
  0.379998684      0.198746845    
  0.399998695      0.217951268    
  0.419998705      0.239254385    
  0.439998716      0.259044349    
  0.459998727      0.282022357    
  0.479998738      0.306449741    
  0.499998748      0.328392684    
  0.519998729      0.354269922    
  0.539998710      0.381562114    
  0.559998691      0.405480146    
  0.579998672      0.433725595    
  0.599998653      0.462350637    
  0.619998634      0.488381863    
  0.639998615      0.518748939    
  0.659998596      0.547223508    
  0.679998577      0.573986828    
  0.699998558      0.604884505    
  0.719998538      0.633485138    
  0.739998519      0.658692956    
  0.759998500      0.688225448    
  0.779998481      0.716959774    
  0.799998462      0.739219427    
  0.819998443      0.765278637    
  0.839998424      0.793111920    
  0.859998405      0.812212050    
  0.879998386      0.831803918    
  0.899998367      0.856112242    
  0.919998348      0.874373674    
  0.939998329      0.885856688    
  0.959998310      0.902121186    
  0.979998291      0.919650316    
  0.999998271      0.926679850    
   1.01999831      0.931370497    
   1.03999829      0.941494942    
   1.05999827      0.947855115    
   1.07999825      0.945735455    
   1.09999824      0.942982852    
   1.11999822      0.944135010    
   1.13999820      0.940459311    
   1.15999818      0.929426312    
   1.17999816      0.919425011    
   1.19999814      0.910874128    
   1.21999812      0.898097277    
   1.23999810      0.880138159    
   1.25999808      0.862309039    
   1.27999806      0.846166015    
   1.29999804      0.826112449    
   1.31999803      0.802360475    
   1.33999801      0.778734267    
   1.35999799      0.756005347    
   1.37999797      0.731961489    
   1.39999795      0.704577029    
   1.41999793      0.676878691    
   1.43999791      0.650285125    
   1.45999789      0.623524964    
   1.47999787      0.596015930    
   1.49999785      0.567170262    
   1.51999784      0.539003015    
   1.53999782      0.511473536    
   1.55999780      0.484114021    
   1.57999778      0.457673639    
   1.59999776      0.431068778    
   1.61999774      0.404857486    
   1.63999772      0.378964365    
   1.65999770      0.354190320    
   1.67999768      0.331421196    
   1.69999766      0.308929890    
   1.71999764      0.286543429    
   1.73999763      0.264684588    
   1.75999761      0.244215220    
   1.77999759      0.225982353    
   1.79999757      0.208362609    
   1.81999755      0.190933868    
   1.83999753      0.174116224    
   1.85999751      0.158788115    
   1.87999749      0.145304143    
   1.89999747      0.132394195    
   1.91999745      0.119760066    
   1.93999743      0.107741930    
   1.95999742       9.72542614E-02
   1.97999740       8.84090737E-02
   1.99999738       7.98380598E-02
   2.01999736       7.10472986E-02
   2.03999734       6.24850988E-02
   2.05999732       5.52865639E-02
   2.07999730       5.01128845E-02
   2.09999728       4.57334183E-02
   2.11999726       4.08298559E-02
   2.13999724       3.50769348E-02
   2.15999722       2.95636188E-02
   2.17999721       2.57855095E-02
   2.19999719       2.35971473E-02
   2.21999717       2.17954982E-02
   2.23999715       1.90724377E-02
   2.25999713       1.55192846E-02
   2.27999711       1.25263659E-02
   2.29999709       1.10255443E-02
   2.31999707       1.06870951E-02
   2.33999705       1.00969141E-02
   2.35999703       8.31028540E-03
   2.37999701       5.86871617E-03
   2.39999700       4.15334571E-03
   2.41999698       4.02777223E-03
   2.43999696       4.79923189E-03
   2.45999694       5.01048472E-03
   2.47999692       3.87667981E-03
   2.49999690       2.02743639E-03
   2.51999688       9.00182116E-04
   2.53999686       1.21279212E-03
   2.55999684       2.28557806E-03
   2.57999682       2.71854247E-03
   2.59999681       1.87305606E-03
   2.61999679       5.56426705E-04
   2.63999677       1.99471979E-05
   2.65999675       6.81428588E-04
   2.67999673       1.77272130E-03
   2.69999671       2.17688433E-03
   2.71999669       1.47993397E-03
   2.73999667       4.59311355E-04
   2.75999665       3.12164717E-04
   2.77999663       1.10835594E-03
   2.79999661       2.07025697E-03
   2.81999660       2.35029520E-03
   2.83999658       1.72420987E-03
   2.85999656       1.17895356E-03
   2.87999654       1.40133954E-03
   2.89999652       2.32238998E-03
   2.91999650       3.20629403E-03
   2.93999648       3.25194630E-03
   2.95999646       2.89928564E-03
   2.97999644       2.71607959E-03
   2.99999642       3.32347746E-03
   3.01999640       4.36213613E-03
   3.03999639       5.16310288E-03
   3.05999637       5.41932601E-03
   3.07999635       5.44037623E-03
   3.09999633       5.61106252E-03
