  -2.00000000       5.46832709E-03
  -1.98000002       8.82199500E-03
  -1.96000004       8.81117117E-03
  -1.94000006       6.31214818E-03
  -1.92000008       7.45857460E-03
  -1.90000010       1.08643845E-02
  -1.88000011       1.06666395E-02
  -1.86000013       8.78466945E-03
  -1.84000015       1.07144592E-02
  -1.82000017       1.37737188E-02
  -1.80000019       1.28860213E-02
  -1.78000021       1.12670362E-02
  -1.76000023       1.37818670E-02
  -1.74000025       1.69101469E-02
  -1.72000027       1.59868747E-02
  -1.70000029       1.46544389E-02
  -1.68000031       1.72144100E-02
  -1.66000032       1.97850019E-02
  -1.64000034       1.88136138E-02
  -1.62000036       1.83288828E-02
  -1.60000038       2.12138314E-02
  -1.58000040       2.30272561E-02
  -1.56000042       2.15945542E-02
  -1.54000044       2.16158647E-02
  -1.52000046       2.47714184E-02
  -1.50000048       2.63068061E-02
  -1.48000050       2.47350521E-02
  -1.46000051       2.47689188E-02
  -1.44000053       2.77136024E-02
  -1.42000055       2.89782081E-02
  -1.40000057       2.76307408E-02
  -1.38000059       2.79070437E-02
  -1.36000061       3.02518904E-02
  -1.34000063       3.08635179E-02
  -1.32000065       2.97384243E-02
  -1.30000067       3.05045433E-02
  -1.28000069       3.22770439E-02
  -1.26000071       3.20581719E-02
  -1.24000072       3.11387312E-02
  -1.22000074       3.21375132E-02
  -1.20000076       3.33945826E-02
  -1.18000078       3.26825045E-02
  -1.16000080       3.16996537E-02
  -1.14000082       3.28216627E-02
  -1.12000084       3.36588658E-02
  -1.10000086       3.24597470E-02
  -1.08000088       3.15807648E-02
  -1.06000090       3.25812288E-02
  -1.04000092       3.27122882E-02
  -1.02000093       3.13867256E-02
  -1.00000095       3.08052842E-02
 -0.980000973       3.14452015E-02
 -0.960000992       3.10331155E-02
 -0.940001011       2.97494382E-02
 -0.920001030       2.94186026E-02
 -0.900001049       2.96004284E-02
 -0.880001068       2.86471359E-02
 -0.860001087       2.76646316E-02
 -0.840001106       2.74459049E-02
 -0.820001125       2.70205438E-02
 -0.800001144       2.59080455E-02
 -0.780001163       2.54410021E-02
 -0.760001183       2.49927994E-02
 -0.740001202       2.39658989E-02
 -0.720001221       2.33858731E-02
 -0.700001240       2.31545903E-02
 -0.680001259       2.19677389E-02
 -0.660001278       2.10802611E-02
 -0.640001297       2.12403610E-02
 -0.620001316       2.04358138E-02
 -0.600001335       1.87449940E-02
 -0.580001354       1.89171191E-02
 -0.560001373       1.92916859E-02
 -0.540001392       1.71803534E-02
 -0.520001411       1.62279941E-02
 -0.500001431       1.77462939E-02
 -0.480001420       1.67917032E-02
 -0.460001409       1.40269715E-02
 -0.440001398       1.52019793E-02
 -0.420001388       1.66954696E-02
 -0.400001377       1.36237405E-02
 -0.380001366       1.21791363E-02
 -0.360001355       1.54605238E-02
 -0.340001345       1.49271637E-02
 -0.320001334       1.07726566E-02
 -0.300001323       1.21845752E-02
 -0.280001312       1.60653070E-02
 -0.260001302       1.24907503E-02
 -0.240001306       8.79675429E-03
 -0.220001310       1.42647736E-02
 -0.200001314       1.65183060E-02
 -0.180001318       8.54322035E-03
 -0.160001323       9.45272576E-03
 -0.140001327       1.86983254E-02
 -0.120001331       1.33397961E-02
 -0.100001335       4.86645056E-03
  -8.00013393E-02   1.58066638E-02
  -6.00013398E-02   2.03301236E-02
  -4.00013402E-02   5.44546777E-03
  -2.00013407E-02   8.33763368E-03
  -1.34110451E-06   2.37068404E-02
   1.99986584E-02   1.57064740E-02
   3.99986580E-02   1.40262889E-02
   5.99986576E-02   1.72084477E-02
   7.99986571E-02   2.22587213E-02
   9.99986529E-02   2.85276920E-02
  0.119998649       3.50838304E-02
  0.139998645       4.27456573E-02
  0.159998640       5.04070818E-02
  0.179998636       5.95971160E-02
  0.199998632       6.83971494E-02
  0.219998628       7.90689588E-02
  0.239998624       8.99377912E-02
  0.259998620      0.101601593    
  0.279998630      0.114958212    
  0.299998641      0.127485365    
  0.319998652      0.143742904    
  0.339998662      0.158524513    
  0.359998673      0.174388751    
  0.379998684      0.194336757    
  0.399998695      0.210694760    
  0.419998705      0.231249630    
  0.439998716      0.253593147    
  0.459998727      0.272109836    
  0.479998738      0.297297031    
  0.499998748      0.321763664    
  0.519998729      0.342043191    
  0.539998710      0.371069878    
  0.559998691      0.397369593    
  0.579998672      0.419677079    
  0.599998653      0.450743318    
  0.619998634      0.478457451    
  0.639998615      0.503205299    
  0.659998596      0.534644723    
  0.679998577      0.563091874    
  0.699998558      0.588302374    
  0.719998538      0.619317055    
  0.739998519      0.648168385    
  0.759998500      0.671600938    
  0.779998481      0.700792313    
  0.799998462      0.729243577    
  0.819998443      0.750386536    
  0.839998424      0.775510907    
  0.859998405      0.801857054    
  0.879998386      0.820936143    
  0.899998367      0.838980675    
  0.919998348      0.861653388    
  0.939998329      0.879167140    
  0.959998310      0.889805555    
  0.979998291      0.904775321    
  0.999998271      0.919902802    
   1.01999831      0.926738501    
   1.03999829      0.930792093    
   1.05999827      0.937992275    
   1.07999825      0.943476498    
   1.09999824      0.941251636    
   1.11999822      0.937442660    
   1.13999820      0.935806632    
   1.15999818      0.931034565    
   1.17999816      0.921507716    
   1.19999814      0.909752786    
   1.21999812      0.898214400    
   1.23999810      0.885068417    
   1.25999808      0.868590057    
   1.27999806      0.850617588    
   1.29999804      0.830777764    
   1.31999803      0.809931815    
   1.33999801      0.788522959    
   1.35999799      0.765480876    
   1.37999797      0.740727544    
   1.39999795      0.714251995    
   1.41999793      0.688540339    
   1.43999791      0.663219690    
   1.45999789      0.636025012    
   1.47999787      0.607605577    
   1.49999785      0.579082072    
   1.51999784      0.552595258    
   1.53999782      0.526260912    
   1.55999780      0.498162895    
   1.57999778      0.470062137    
   1.59999776      0.443137705    
   1.61999774      0.418386757    
   1.63999772      0.393674254    
   1.65999770      0.368151069    
   1.67999768      0.343524575    
   1.69999766      0.320059836    
   1.71999764      0.298215866    
   1.73999763      0.277151197    
   1.75999761      0.256546289    
   1.77999759      0.237209946    
   1.79999757      0.218408421    
   1.81999755      0.200335488    
   1.83999753      0.183167726    
   1.85999751      0.167761877    
   1.87999749      0.154279903    
   1.89999747      0.141154602    
   1.91999745      0.127792478    
   1.93999743      0.114458501    
   1.95999742      0.102848940    
   1.97999740       9.37778950E-02
   1.99999738       8.57687294E-02
   2.01999736       7.74054900E-02
   2.03999734       6.82607740E-02
   2.05999732       5.96851967E-02
   2.07999730       5.32875434E-02
   2.09999728       4.86078858E-02
   2.11999726       4.41435054E-02
   2.13999724       3.86922173E-02
   2.15999722       3.29161100E-02
   2.17999721       2.84588728E-02
   2.19999719       2.58031897E-02
   2.21999717       2.39378437E-02
   2.23999715       2.11766139E-02
   2.25999713       1.73294973E-02
   2.27999711       1.37700355E-02
   2.29999709       1.19071277E-02
   2.31999707       1.16731273E-02
   2.33999705       1.14044314E-02
   2.35999703       9.75603983E-03
   2.37999701       7.00885616E-03
   2.39999700       4.85963374E-03
   2.41999698       4.52456158E-03
   2.43999696       5.36809443E-03
   2.45999694       5.66286733E-03
   2.47999692       4.34360607E-03
   2.49999690       2.21481407E-03
   2.51999688       9.77384509E-04
   2.53999686       1.42176985E-03
   2.55999684       2.65423232E-03
   2.57999682       3.04890610E-03
   2.59999681       2.00964301E-03
   2.61999679       5.19414549E-04
   2.63999677       9.64684950E-05
   2.65999675       1.09438505E-03
   2.67999673       2.26866500E-03
   2.69999671       2.35182256E-03
   2.71999669       1.37108983E-03
   2.73999667       3.36532888E-04
   2.75999665       4.22574522E-04
   2.77999663       1.54527649E-03
   2.79999661       2.37706932E-03
   2.81999660       2.27768975E-03
   2.83999658       1.54440023E-03
   2.85999656       1.17618917E-03
   2.87999654       1.84598018E-03
   2.89999652       2.85440404E-03
   2.91999650       3.37962736E-03
   2.93999648       3.04981740E-03
   2.95999646       2.66372086E-03
   2.97999644       3.03485710E-03
   2.99999642       4.05752566E-03
   3.01999640       5.04455995E-03
   3.03999639       5.26892859E-03
   3.05999637       5.18507790E-03
   3.07999635       5.42206364E-03
   3.09999633       6.17885543E-03
