  -2.00000000       5.50888851E-03
  -1.98000002       8.83548521E-03
  -1.96000004       8.82161036E-03
  -1.94000006       6.30390365E-03
  -1.92000008       7.48391356E-03
  -1.90000010       1.09074079E-02
  -1.88000011       1.06897093E-02
  -1.86000013       8.80290661E-03
  -1.84000015       1.07371164E-02
  -1.82000017       1.37904072E-02
  -1.80000019       1.28843365E-02
  -1.78000021       1.13091236E-02
  -1.76000023       1.38782924E-02
  -1.74000025       1.69783738E-02
  -1.72000027       1.59805454E-02
  -1.70000029       1.46534322E-02
  -1.68000031       1.72594730E-02
  -1.66000032       1.98167469E-02
  -1.64000034       1.88114364E-02
  -1.62000036       1.83445569E-02
  -1.60000038       2.12278888E-02
  -1.58000040       2.29827333E-02
  -1.56000042       2.15460435E-02
  -1.54000044       2.16529332E-02
  -1.52000046       2.48259772E-02
  -1.50000048       2.62637846E-02
  -1.48000050       2.46572178E-02
  -1.46000051       2.47960128E-02
  -1.44000053       2.78048366E-02
  -1.42000055       2.90032141E-02
  -1.40000057       2.76126135E-02
  -1.38000059       2.79548075E-02
  -1.36000061       3.03437542E-02
  -1.34000063       3.09137329E-02
  -1.32000065       2.97565386E-02
  -1.30000067       3.05222422E-02
  -1.28000069       3.22574563E-02
  -1.26000071       3.20038609E-02
  -1.24000072       3.11212353E-02
  -1.22000074       3.21539566E-02
  -1.20000076       3.33764553E-02
  -1.18000078       3.26586850E-02
  -1.16000080       3.17467935E-02
  -1.14000082       3.28718945E-02
  -1.12000084       3.35977487E-02
  -1.10000086       3.23681682E-02
  -1.08000088       3.15997601E-02
  -1.06000090       3.26366536E-02
  -1.04000092       3.26702818E-02
  -1.02000093       3.13194469E-02
  -1.00000095       3.08195762E-02
 -0.980000973       3.14620398E-02
 -0.960000992       3.09722014E-02
 -0.940001011       2.97065675E-02
 -0.920001030       2.94464361E-02
 -0.900001049       2.95886211E-02
 -0.880001068       2.85731349E-02
 -0.860001087       2.76457034E-02
 -0.840001106       2.74726506E-02
 -0.820001125       2.69795470E-02
 -0.800001144       2.58445870E-02
 -0.780001163       2.54496727E-02
 -0.760001183       2.49943305E-02
 -0.740001202       2.39060335E-02
 -0.720001221       2.33585499E-02
 -0.700001240       2.31700838E-02
 -0.680001259       2.19314434E-02
 -0.660001278       2.10342947E-02
 -0.640001297       2.12491583E-02
 -0.620001316       2.04219613E-02
 -0.600001335       1.86931659E-02
 -0.580001354       1.89164970E-02
 -0.560001373       1.92960855E-02
 -0.540001392       1.71287227E-02
 -0.520001411       1.62132755E-02
 -0.500001431       1.77702550E-02
 -0.480001420       1.67456027E-02
 -0.460001409       1.39959557E-02
 -0.440001398       1.52339730E-02
 -0.420001388       1.66714992E-02
 -0.400001377       1.35751646E-02
 -0.380001366       1.22055020E-02
 -0.360001355       1.54643748E-02
 -0.340001345       1.48745300E-02
 -0.320001334       1.07807871E-02
 -0.300001323       1.22049581E-02
 -0.280001312       1.60260312E-02
 -0.260001302       1.24876080E-02
 -0.240001306       8.80509149E-03
 -0.220001310       1.42495735E-02
 -0.200001314       1.65211558E-02
 -0.180001318       8.52133892E-03
 -0.160001323       9.45088267E-03
 -0.140001327       1.87216830E-02
 -0.120001331       1.32910199E-02
 -0.100001335       4.86109126E-03
  -8.00013393E-02   1.58441737E-02
  -6.00013398E-02   2.02708766E-02
  -4.00013402E-02   5.43099735E-03
  -2.00013407E-02   8.36804695E-03
  -1.34110451E-06   2.36497447E-02
   1.99986584E-02   1.56786125E-02
   3.99986580E-02   1.39680076E-02
   5.99986576E-02   1.71723422E-02
   7.99986571E-02   2.21810360E-02
   9.99986529E-02   2.84866523E-02
  0.119998649       3.49741578E-02
  0.139998645       4.26986516E-02
  0.159998640       5.02632745E-02
  0.179998636       5.95144704E-02
  0.199998632       6.82620406E-02
  0.219998628       7.88919330E-02
  0.239998624       8.98346826E-02
  0.259998620      0.101337321    
  0.279998630      0.114822894    
  0.299998641      0.127240017    
  0.319998652      0.143420652    
  0.339998662      0.158387020    
  0.359998673      0.173964068    
  0.379998684      0.194028482    
  0.399998695      0.210452795    
  0.419998705      0.230677620    
  0.439998716      0.253302068    
  0.459998727      0.271713078    
  0.479998738      0.296608716    
  0.499998748      0.321469307    
  0.519998729      0.341500223    
  0.539998710      0.370281547    
  0.559998691      0.397026092    
  0.579998672      0.419016659    
  0.599998653      0.449888229    
  0.619998634      0.478024721    
  0.639998615      0.502464890    
  0.659998596      0.533726394    
  0.679998577      0.562583804    
  0.699998558      0.587553740    
  0.719998538      0.618299961    
  0.739998519      0.647595942    
  0.759998500      0.670939505    
  0.779998481      0.699704826    
  0.799998462      0.728550971    
  0.819998443      0.749862552    
  0.839998424      0.774501979    
  0.859998405      0.800983489    
  0.879998386      0.820518315    
  0.899998367      0.838252842    
  0.919998348      0.860652924    
  0.939998329      0.878671229    
  0.959998310      0.889452875    
  0.979998291      0.903959751    
  0.999998271      0.919181824    
   1.01999831      0.926523924    
   1.03999829      0.930496216    
   1.05999827      0.937344015    
   1.07999825      0.943051815    
   1.09999824      0.941242695    
   1.11999822      0.937313437    
   1.13999820      0.935444355    
   1.15999818      0.930866063    
   1.17999816      0.921668947    
   1.19999814      0.909895480    
   1.21999812      0.898178816    
   1.23999810      0.885118902    
   1.25999808      0.868903756    
   1.27999806      0.851031899    
   1.29999804      0.831083775    
   1.31999803      0.810183108    
   1.33999801      0.788940072    
   1.35999799      0.766100943    
   1.37999797      0.741346478    
   1.39999795      0.714733899    
   1.41999793      0.689011514    
   1.43999791      0.663887620    
   1.45999789      0.636848867    
   1.47999787      0.608356416    
   1.49999785      0.579663932    
   1.51999784      0.553182840    
   1.53999782      0.527045310    
   1.55999780      0.499070138    
   1.57999778      0.470867783    
   1.59999776      0.443772078    
   1.61999774      0.418997675    
   1.63999772      0.394414127    
   1.65999770      0.368993044    
   1.67999768      0.344321281    
   1.69999766      0.320724428    
   1.71999764      0.298800856    
   1.73999763      0.277750999    
   1.75999761      0.257204801    
   1.77999759      0.237888917    
   1.79999757      0.219047293    
   1.81999755      0.200896084    
   1.83999753      0.183645785    
   1.85999751      0.168208122    
   1.87999749      0.154750481    
   1.89999747      0.141666114    
   1.91999745      0.128297552    
   1.93999743      0.114878640    
   1.95999742      0.103157103    
   1.97999740       9.40291137E-02
   1.99999738       8.60527083E-02
   2.01999736       7.77593106E-02
   2.03999734       6.86377212E-02
   2.05999732       6.00115247E-02
   2.07999730       5.35265356E-02
   2.09999728       4.87857237E-02
   2.11999726       4.43045497E-02
   2.13999724       3.88482437E-02
   2.15999722       3.30542102E-02
   2.17999721       2.85630394E-02
   2.19999719       2.58862637E-02
   2.21999717       2.40190011E-02
   2.23999715       2.12530419E-02
   2.25999713       1.73817482E-02
   2.27999711       1.37772178E-02
   2.29999709       1.18780276E-02
   2.31999707       1.16345976E-02
   2.33999705       1.13753034E-02
   2.35999703       9.73855332E-03
   2.37999701       6.99085230E-03
   2.39999700       4.83418722E-03
   2.41999698       4.49174736E-03
   2.43999696       5.34556014E-03
   2.45999694       5.68137225E-03
   2.47999692       4.40761121E-03
   2.49999690       2.28448189E-03
   2.51999688       1.02592842E-03
   2.53999686       1.48927770E-03
   2.55999684       2.75005260E-03
   2.57999682       3.07849958E-03
   2.59999681       1.94887014E-03
   2.61999679       4.77817171E-04
   2.63999677       8.69509458E-05
   2.65999675       1.07211329E-03
   2.67999673       2.33032508E-03
   2.69999671       2.44540139E-03
   2.71999669       1.33492285E-03
   2.73999667       3.15026817E-04
   2.75999665       4.43211378E-04
   2.77999663       1.51320302E-03
   2.79999661       2.44476111E-03
   2.81999660       2.29486101E-03
   2.83999658       1.49519776E-03
   2.85999656       1.22240104E-03
   2.87999654       1.82315800E-03
   2.89999652       2.90945545E-03
   2.91999650       3.37297120E-03
   2.93999648       3.02083557E-03
   2.95999646       2.68840813E-03
   2.97999644       3.04279500E-03
   2.99999642       4.12912527E-03
   3.01999640       5.03193215E-03
   3.03999639       5.28380834E-03
   3.05999637       5.14875446E-03
   3.07999635       5.46182320E-03
   3.09999633       6.21403102E-03
