  -2.00000000       5.73006365E-03
  -1.98000002       8.97536613E-03
  -1.96000004       8.80684424E-03
  -1.94000006       6.31673168E-03
  -1.92000008       7.82865472E-03
  -1.90000010       1.14145195E-02
  -1.88000011       1.09429415E-02
  -1.86000013       8.91532190E-03
  -1.84000015       1.09835723E-02
  -1.82000017       1.39730759E-02
  -1.80000019       1.29048955E-02
  -1.78000021       1.16516072E-02
  -1.76000023       1.45706357E-02
  -1.74000025       1.72563922E-02
  -1.72000027       1.57166533E-02
  -1.70000029       1.47338482E-02
  -1.68000031       1.79284159E-02
  -1.66000032       2.02739816E-02
  -1.64000034       1.88303459E-02
  -1.62000036       1.85594112E-02
  -1.60000038       2.15991884E-02
  -1.58000040       2.29855292E-02
  -1.56000042       2.15630643E-02
  -1.54000044       2.22964771E-02
  -1.52000046       2.53821630E-02
  -1.50000048       2.59317141E-02
  -1.48000050       2.43064873E-02
  -1.46000051       2.54498441E-02
  -1.44000053       2.85828225E-02
  -1.42000055       2.87691616E-02
  -1.40000057       2.71269735E-02
  -1.38000059       2.83330679E-02
  -1.36000061       3.09458673E-02
  -1.34000063       3.08146570E-02
  -1.32000065       2.94943042E-02
  -1.30000067       3.07502393E-02
  -1.28000069       3.24653052E-02
  -1.26000071       3.18636037E-02
  -1.24000072       3.11224088E-02
  -1.22000074       3.23249213E-02
  -1.20000076       3.31986956E-02
  -1.18000078       3.23615298E-02
  -1.16000080       3.19128074E-02
  -1.14000082       3.30578871E-02
  -1.12000084       3.31777111E-02
  -1.10000086       3.19901407E-02
  -1.08000088       3.18535566E-02
  -1.06000090       3.26969028E-02
  -1.04000092       3.20710763E-02
  -1.02000093       3.10077574E-02
  -1.00000095       3.11044771E-02
 -0.980000973       3.13365608E-02
 -0.960000992       3.03153694E-02
 -0.940001011       2.95404475E-02
 -0.920001030       2.96702385E-02
 -0.900001049       2.92150006E-02
 -0.880001068       2.79851612E-02
 -0.860001087       2.76835505E-02
 -0.840001106       2.74983384E-02
 -0.820001125       2.64090039E-02
 -0.800001144       2.55157873E-02
 -0.780001163       2.55968701E-02
 -0.760001183       2.46760622E-02
 -0.740001202       2.33814940E-02
 -0.720001221       2.33874768E-02
 -0.700001240       2.31158771E-02
 -0.680001259       2.13757381E-02
 -0.660001278       2.08690334E-02
 -0.640001297       2.13791989E-02
 -0.620001316       1.99716091E-02
 -0.600001335       1.83129329E-02
 -0.580001354       1.91376284E-02
 -0.560001373       1.90567262E-02
 -0.540001392       1.65878944E-02
 -0.520001411       1.63536537E-02
 -0.500001431       1.78400055E-02
 -0.480001420       1.61331799E-02
 -0.460001409       1.39562106E-02
 -0.440001398       1.55084133E-02
 -0.420001388       1.61966123E-02
 -0.400001377       1.33341085E-02
 -0.380001366       1.24968924E-02
 -0.360001355       1.52329216E-02
 -0.340001345       1.45796025E-02
 -0.320001334       1.08955847E-02
 -0.300001323       1.21695474E-02
 -0.280001312       1.58363935E-02
 -0.260001302       1.24678584E-02
 -0.240001306       8.70127697E-03
 -0.220001310       1.42748700E-02
 -0.200001314       1.65388193E-02
 -0.180001318       8.15719366E-03
 -0.160001323       9.58337635E-03
 -0.140001327       1.89400278E-02
 -0.120001331       1.26753291E-02
 -0.100001335       4.95063001E-03
  -8.00013393E-02   1.61942057E-02
  -6.00013398E-02   1.95736904E-02
  -4.00013402E-02   5.41787595E-03
  -2.00013407E-02   8.62970576E-03
  -1.34110451E-06   2.30121501E-02
   1.99986584E-02   1.55181428E-02
   3.99986580E-02   1.32434200E-02
   5.99986576E-02   1.69805288E-02
   7.99986571E-02   2.12755352E-02
   9.99986529E-02   2.81532034E-02
  0.119998649       3.39448564E-02
  0.139998645       4.20184620E-02
  0.159998640       4.92494106E-02
  0.179998636       5.81632368E-02
  0.199998632       6.74773306E-02
  0.219998628       7.67620131E-02
  0.239998624       8.88478830E-02
  0.259998620       9.91218761E-02
  0.279998630      0.112739839    
  0.299998641      0.125627384    
  0.319998652      0.139781326    
  0.339998662      0.156767309    
  0.359998673      0.170688346    
  0.379998684      0.189881608    
  0.399998695      0.208554849    
  0.419998705      0.225541085    
  0.439998716      0.249122173    
  0.459998727      0.268930495    
  0.479998738      0.289769888    
  0.499998748      0.317221820    
  0.519998729      0.337745637    
  0.539998710      0.362045050    
  0.559998691      0.392324746    
  0.579998672      0.414330065    
  0.599998653      0.440832645    
  0.619998634      0.472391397    
  0.639998615      0.496978670    
  0.659998596      0.524249494    
  0.679998577      0.555916846    
  0.699998558      0.581831694    
  0.719998538      0.608467460    
  0.739998519      0.639910936    
  0.759998500      0.665444851    
  0.779998481      0.690156817    
  0.799998462      0.719744325    
  0.819998443      0.744424462    
  0.839998424      0.766422331    
  0.859998405      0.791481674    
  0.879998386      0.814696431    
  0.899998367      0.832438111    
  0.919998348      0.851672828    
  0.939998329      0.871848524    
  0.959998310      0.885516882    
  0.979998291      0.897679746    
  0.999998271      0.911783993    
   1.01999831      0.922505319    
   1.03999829      0.928016365    
   1.05999827      0.932463944    
   1.07999825      0.938032687    
   1.09999824      0.939565182    
   1.11999822      0.936737359    
   1.13999820      0.933136463    
   1.15999818      0.928428888    
   1.17999816      0.921801031    
   1.19999814      0.911755741    
   1.21999812      0.899121106    
   1.23999810      0.885298610    
   1.25999808      0.870545447    
   1.27999806      0.854906857    
   1.29999804      0.835385084    
   1.31999803      0.813231826    
   1.33999801      0.791933835    
   1.35999799      0.771101117    
   1.37999797      0.748069525    
   1.39999795      0.720853567    
   1.41999793      0.693715036    
   1.43999791      0.669155598    
   1.45999789      0.644250631    
   1.47999787      0.616677463    
   1.49999785      0.586685479    
   1.51999784      0.558941543    
   1.53999782      0.533600450    
   1.55999780      0.507411718    
   1.57999778      0.479585707    
   1.59999776      0.451136947    
   1.61999774      0.425198764    
   1.63999772      0.400978237    
   1.65999770      0.376711279    
   1.67999768      0.352465093    
   1.69999766      0.328127325    
   1.71999764      0.305102229    
   1.73999763      0.283476442    
   1.75999761      0.263165951    
   1.77999759      0.244390428    
   1.79999757      0.225762099    
   1.81999755      0.207140505    
   1.83999753      0.188808620    
   1.85999751      0.172458559    
   1.87999749      0.158870995    
   1.89999747      0.146364436    
   1.91999745      0.133488774    
   1.93999743      0.119701393    
   1.95999742      0.106903814    
   1.97999740       9.68032032E-02
   1.99999738       8.86402056E-02
   2.01999736       8.07638392E-02
   2.03999734       7.19329417E-02
   2.05999732       6.30607903E-02
   2.07999730       5.59568629E-02
   2.09999728       5.07559478E-02
   2.11999726       4.61502448E-02
   2.13999724       4.06332798E-02
   2.15999722       3.46506201E-02
   2.17999721       2.98491977E-02
   2.19999719       2.70715207E-02
   2.21999717       2.53710486E-02
   2.23999715       2.27590092E-02
   2.25999713       1.87702030E-02
   2.27999711       1.47256590E-02
   2.29999709       1.24136275E-02
   2.31999707       1.20541267E-02
   2.33999705       1.19183548E-02
   2.35999703       1.03925988E-02
   2.37999701       7.54391542E-03
   2.39999700       5.21699712E-03
   2.41999698       4.81900433E-03
   2.43999696       5.76048344E-03
   2.45999694       6.15592720E-03
   2.47999692       4.76860628E-03
   2.49999690       2.45822850E-03
   2.51999688       1.08437345E-03
   2.53999686       1.57702318E-03
   2.55999684       2.92586884E-03
   2.57999682       3.23960301E-03
   2.59999681       1.96508644E-03
   2.61999679       4.05613740E-04
   2.63999677       1.66777463E-04
   2.65999675       1.34962483E-03
   2.67999673       2.59674690E-03
   2.69999671       2.54135812E-03
   2.71999669       1.24637678E-03
   2.73999667       2.11251157E-04
   2.75999665       5.77232160E-04
   2.77999663       1.81897928E-03
   2.79999661       2.64703599E-03
   2.81999660       2.33142287E-03
   2.83999658       1.41415896E-03
   2.85999656       1.26124243E-03
   2.87999654       2.05038744E-03
   2.89999652       3.08784796E-03
   2.91999650       3.41443671E-03
   2.93999648       2.92777689E-03
   2.95999646       2.75726849E-03
   2.97999644       3.34914704E-03
   2.99999642       4.47994331E-03
   3.01999640       5.15570771E-03
   3.03999639       5.18639898E-03
   3.05999637       5.13420394E-03
   3.07999635       5.74893458E-03
   3.09999633       6.65838039E-03
