  -2.00000000       5.83147584E-03
  -1.98000002       9.10107885E-03
  -1.96000004       8.89080577E-03
  -1.94000006       6.45163516E-03
  -1.92000008       8.19337461E-03
  -1.90000010       1.17739839E-02
  -1.88000011       1.10050747E-02
  -1.86000013       8.93095322E-03
  -1.84000015       1.12879639E-02
  -1.82000017       1.42939389E-02
  -1.80000019       1.30348485E-02
  -1.78000021       1.19220158E-02
  -1.76000023       1.49976872E-02
  -1.74000025       1.73237082E-02
  -1.72000027       1.55558288E-02
  -1.70000029       1.50993764E-02
  -1.68000031       1.86895598E-02
  -1.66000032       2.05351319E-02
  -1.64000034       1.86408013E-02
  -1.62000036       1.87693778E-02
  -1.60000038       2.21389178E-02
  -1.58000040       2.32043229E-02
  -1.56000042       2.16653366E-02
  -1.54000044       2.27364041E-02
  -1.52000046       2.56615188E-02
  -1.50000048       2.57215034E-02
  -1.48000050       2.44207550E-02
  -1.46000051       2.62265410E-02
  -1.44000053       2.89378092E-02
  -1.42000055       2.82836407E-02
  -1.40000057       2.70059183E-02
  -1.38000059       2.90786736E-02
  -1.36000061       3.13218050E-02
  -1.34000063       3.02953850E-02
  -1.32000065       2.92284247E-02
  -1.30000067       3.12277228E-02
  -1.28000069       3.26949470E-02
  -1.26000071       3.15102376E-02
  -1.24000072       3.09985746E-02
  -1.22000074       3.26129645E-02
  -1.20000076       3.32456417E-02
  -1.18000078       3.21200974E-02
  -1.16000080       3.18649039E-02
  -1.14000082       3.30831856E-02
  -1.12000084       3.29571813E-02
  -1.10000086       3.18330601E-02
  -1.08000088       3.19159962E-02
  -1.06000090       3.25447470E-02
  -1.04000092       3.17363665E-02
  -1.02000093       3.09435558E-02
  -1.00000095       3.11049409E-02
 -0.980000973       3.10100820E-02
 -0.960000992       3.00265327E-02
 -0.940001011       2.95729619E-02
 -0.920001030       2.95209046E-02
 -0.900001049       2.87619550E-02
 -0.880001068       2.78380420E-02
 -0.860001087       2.77362894E-02
 -0.840001106       2.71333661E-02
 -0.820001125       2.60023493E-02
 -0.800001144       2.55697668E-02
 -0.780001163       2.54884977E-02
 -0.760001183       2.41470914E-02
 -0.740001202       2.32532788E-02
 -0.720001221       2.35001501E-02
 -0.700001240       2.26844084E-02
 -0.680001259       2.09908523E-02
 -0.660001278       2.10405458E-02
 -0.640001297       2.12051384E-02
 -0.620001316       1.94252245E-02
 -0.600001335       1.83420535E-02
 -0.580001354       1.92577504E-02
 -0.560001373       1.85202602E-02
 -0.540001392       1.64000690E-02
 -0.520001411       1.65999420E-02
 -0.500001431       1.75191537E-02
 -0.480001420       1.57616921E-02
 -0.460001409       1.41493035E-02
 -0.440001398       1.54168447E-02
 -0.420001388       1.58211365E-02
 -0.400001377       1.33946007E-02
 -0.380001366       1.24988621E-02
 -0.360001355       1.49669843E-02
 -0.340001345       1.46310953E-02
 -0.320001334       1.07650869E-02
 -0.300001323       1.20437546E-02
 -0.280001312       1.60102006E-02
 -0.260001302       1.21764475E-02
 -0.240001306       8.55964702E-03
 -0.220001310       1.46373380E-02
 -0.200001314       1.62129235E-02
 -0.180001318       7.88458250E-03
 -0.160001323       9.97433625E-03
 -0.140001327       1.87735222E-02
 -0.120001331       1.22816358E-02
 -0.100001335       5.18818665E-03
  -8.00013393E-02   1.61688421E-02
  -6.00013398E-02   1.92114692E-02
  -4.00013402E-02   5.40186884E-03
  -2.00013407E-02   8.61199200E-03
  -1.34110451E-06   2.27691885E-02
   1.99986584E-02   1.51515165E-02
   3.99986580E-02   1.27564277E-02
   5.99986576E-02   1.66387185E-02
   7.99986571E-02   2.07382906E-02
   9.99986529E-02   2.74720285E-02
  0.119998649       3.35527472E-02
  0.139998645       4.08196859E-02
  0.159998640       4.89462353E-02
  0.179998636       5.65434322E-02
  0.199998632       6.68781176E-02
  0.219998628       7.52453357E-02
  0.239998624       8.71955305E-02
  0.259998620       9.81464013E-02
  0.279998630      0.110086441    
  0.299998641      0.124458849    
  0.319998652      0.137133852    
  0.339998662      0.154068828    
  0.359998673      0.169124454    
  0.379998684      0.185681462    
  0.399998695      0.206119761    
  0.419998705      0.222682059    
  0.439998716      0.243949309    
  0.459998727      0.266541779    
  0.479998738      0.285291135    
  0.499998748      0.311373085    
  0.519998729      0.335168391    
  0.539998710      0.356159896    
  0.559998691      0.385792017    
  0.579998672      0.411143184    
  0.599998653      0.434223950    
  0.619998634      0.465058923    
  0.639998615      0.492806971    
  0.659998596      0.517484307    
  0.679998577      0.547834337    
  0.699998558      0.576849341    
  0.719998538      0.601759076    
  0.739998519      0.631315768    
  0.759998500      0.659749687    
  0.779998481      0.683889925    
  0.799998462      0.711150825    
  0.819998443      0.737754762    
  0.839998424      0.760867119    
  0.859998405      0.783803344    
  0.879998386      0.807346344    
  0.899998367      0.827324152    
  0.919998348      0.845583379    
  0.939998329      0.864760220    
  0.959998310      0.880294144    
  0.979998291      0.893352926    
  0.999998271      0.906324685    
   1.01999831      0.917184949    
   1.03999829      0.924695194    
   1.05999827      0.929711103    
   1.07999825      0.934256434    
   1.09999824      0.936209917    
   1.11999822      0.935248435    
   1.13999820      0.932583094    
   1.15999818      0.927087426    
   1.17999816      0.920249462    
   1.19999814      0.912071407    
   1.21999812      0.901108563    
   1.23999810      0.886784852    
   1.25999808      0.870949924    
   1.27999806      0.856516242    
   1.29999804      0.839520276    
   1.31999803      0.817670345    
   1.33999801      0.794688940    
   1.35999799      0.773713768    
   1.37999797      0.753111064    
   1.39999795      0.727592885    
   1.41999793      0.699258626    
   1.43999791      0.673113465    
   1.45999789      0.649108887    
   1.47999787      0.623863101    
   1.49999785      0.594428837    
   1.51999784      0.565079927    
   1.53999782      0.538617730    
   1.55999780      0.513408244    
   1.57999778      0.487215668    
   1.59999776      0.458952785    
   1.61999774      0.431772292    
   1.63999772      0.406514376    
   1.65999770      0.382459879    
   1.67999768      0.359158605    
   1.69999766      0.335344523    
   1.71999764      0.311851144    
   1.73999763      0.289125144    
   1.75999761      0.268034548    
   1.77999759      0.249332398    
   1.79999757      0.231405705    
   1.81999755      0.213256001    
   1.83999753      0.194386974    
   1.85999751      0.176827624    
   1.87999749      0.162328824    
   1.89999747      0.149895966    
   1.91999745      0.137707740    
   1.93999743      0.124240153    
   1.95999742      0.110923380    
   1.97999740       9.98550653E-02
   1.99999738       9.10804421E-02
   2.01999736       8.31907019E-02
   2.03999734       7.45470822E-02
   2.05999732       6.56573698E-02
   2.07999730       5.82667254E-02
   2.09999728       5.28459661E-02
   2.11999726       4.81899604E-02
   2.13999724       4.25519757E-02
   2.15999722       3.62253934E-02
   2.17999721       3.09259333E-02
   2.19999719       2.79067196E-02
   2.21999717       2.63529215E-02
   2.23999715       2.40181219E-02
   2.25999713       2.00888105E-02
   2.27999711       1.57348197E-02
   2.29999709       1.30254282E-02
   2.31999707       1.24727823E-02
   2.33999705       1.23754563E-02
   2.35999703       1.09106796E-02
   2.37999701       7.96301942E-03
   2.39999700       5.48045943E-03
   2.41999698       5.05690882E-03
   2.43999696       6.16267603E-03
   2.45999694       6.72001857E-03
   2.47999692       5.27859619E-03
   2.49999690       2.75326334E-03
   2.51999688       1.23445154E-03
   2.53999686       1.75271393E-03
   2.55999684       3.11038364E-03
   2.57999682       3.29903443E-03
   2.59999681       1.91111909E-03
   2.61999679       3.52353934E-04
   2.63999677       2.26229924E-04
   2.65999675       1.61041366E-03
   2.67999673       2.88843107E-03
   2.69999671       2.52174144E-03
   2.71999669       1.03645725E-03
   2.73999667       1.59118717E-04
   2.75999665       7.34971778E-04
   2.77999663       2.19547586E-03
   2.79999661       2.91317818E-03
   2.81999660       2.24516564E-03
   2.83999658       1.32774434E-03
   2.85999656       1.27404649E-03
   2.87999654       2.27562571E-03
   2.89999652       3.32888076E-03
   2.91999650       3.43020633E-03
   2.93999648       2.93415203E-03
   2.95999646       2.80072703E-03
   2.97999644       3.62898386E-03
   2.99999642       4.69027692E-03
   3.01999640       5.25596226E-03
   3.03999639       5.14917541E-03
   3.05999637       5.25080645E-03
   3.07999635       6.02022232E-03
   3.09999633       6.97236415E-03
