  -2.00000000       5.75891044E-03
  -1.98000002       9.00849886E-03
  -1.96000004       8.81382078E-03
  -1.94000006       6.35062205E-03
  -1.92000008       7.95977283E-03
  -1.90000010       1.15584545E-02
  -1.88000011       1.09899063E-02
  -1.86000013       8.91871378E-03
  -1.84000015       1.10631436E-02
  -1.82000017       1.40490932E-02
  -1.80000019       1.29349586E-02
  -1.78000021       1.17469039E-02
  -1.76000023       1.47287771E-02
  -1.74000025       1.72847677E-02
  -1.72000027       1.56469978E-02
  -1.70000029       1.48336822E-02
  -1.68000031       1.81974042E-02
  -1.66000032       2.04154160E-02
  -1.64000034       1.88127439E-02
  -1.62000036       1.86366513E-02
  -1.60000038       2.17739884E-02
  -1.58000040       2.30732504E-02
  -1.56000042       2.16374509E-02
  -1.54000044       2.24971939E-02
  -1.52000046       2.55179685E-02
  -1.50000048       2.58666798E-02
  -1.48000050       2.43351124E-02
  -1.46000051       2.57442016E-02
  -1.44000053       2.87771095E-02
  -1.42000055       2.86376420E-02
  -1.40000057       2.70404331E-02
  -1.38000059       2.85431538E-02
  -1.36000061       3.10957842E-02
  -1.34000063       3.06587201E-02
  -1.32000065       2.93499473E-02
  -1.30000067       3.08417901E-02
  -1.28000069       3.25452685E-02
  -1.26000071       3.17957215E-02
  -1.24000072       3.11041940E-02
  -1.22000074       3.24112996E-02
  -1.20000076       3.32148932E-02
  -1.18000078       3.23001742E-02
  -1.16000080       3.18991579E-02
  -1.14000082       3.30348462E-02
  -1.12000084       3.30754705E-02
  -1.10000086       3.19572650E-02
  -1.08000088       3.19193974E-02
  -1.06000090       3.26451883E-02
  -1.04000092       3.19139138E-02
  -1.02000093       3.09781395E-02
  -1.00000095       3.11463140E-02
 -0.980000973       3.12339533E-02
 -0.960000992       3.01805194E-02
 -0.940001011       2.95531563E-02
 -0.920001030       2.96583809E-02
 -0.900001049       2.90506333E-02
 -0.880001068       2.79006455E-02
 -0.860001087       2.77268402E-02
 -0.840001106       2.74055563E-02
 -0.820001125       2.62357928E-02
 -0.800001144       2.55164783E-02
 -0.780001163       2.56072991E-02
 -0.760001183       2.44980101E-02
 -0.740001202       2.32916698E-02
 -0.720001221       2.34472938E-02
 -0.700001240       2.30093971E-02
 -0.680001259       2.12063752E-02
 -0.660001278       2.09088903E-02
 -0.640001297       2.13721097E-02
 -0.620001316       1.97770204E-02
 -0.600001335       1.82796624E-02
 -0.580001354       1.92149859E-02
 -0.560001373       1.88968033E-02
 -0.540001392       1.64766163E-02
 -0.520001411       1.64483879E-02
 -0.500001431       1.77731737E-02
 -0.480001420       1.59662273E-02
 -0.460001409       1.40148485E-02
 -0.440001398       1.55237606E-02
 -0.420001388       1.60388127E-02
 -0.400001377       1.33392336E-02
 -0.380001366       1.25388140E-02
 -0.360001355       1.51238488E-02
 -0.340001345       1.45755596E-02
 -0.320001334       1.08895898E-02
 -0.300001323       1.21149877E-02
 -0.280001312       1.58673320E-02
 -0.260001302       1.24113001E-02
 -0.240001306       8.63995869E-03
 -0.220001310       1.43668149E-02
 -0.200001314       1.64784472E-02
 -0.180001318       8.04158300E-03
 -0.160001323       9.69183911E-03
 -0.140001327       1.89354140E-02
 -0.120001331       1.25061311E-02
 -0.100001335       5.02346596E-03
  -8.00013393E-02   1.62326340E-02
  -6.00013398E-02   1.94016937E-02
  -4.00013402E-02   5.42883435E-03
  -2.00013407E-02   8.65609013E-03
  -1.34110451E-06   2.28740890E-02
   1.99986584E-02   1.54436678E-02
   3.99986580E-02   1.30379600E-02
   5.99986576E-02   1.69135854E-02
   7.99986571E-02   2.10368372E-02
   9.99986529E-02   2.79943254E-02
  0.119998649       3.37393694E-02
  0.139998645       4.16829623E-02
  0.159998640       4.91055399E-02
  0.179998636       5.76215014E-02
  0.199998632       6.73278570E-02
  0.219998628       7.61529505E-02
  0.239998624       8.84167179E-02
  0.259998620       9.86932814E-02
  0.279998630      0.111886211    
  0.299998641      0.125290468    
  0.319998652      0.138757423    
  0.339998662      0.156022847    
  0.359998673      0.170069784    
  0.379998684      0.188429072    
  0.399998695      0.207909986    
  0.419998705      0.224387616    
  0.439998716      0.247465834    
  0.459998727      0.268247187    
  0.479998738      0.288026690    
  0.499998748      0.315439045    
  0.519998729      0.336939514    
  0.539998710      0.359812379    
  0.559998691      0.390366882    
  0.579998672      0.413301319    
  0.599998653      0.438346207    
  0.619998634      0.470161676    
  0.639998615      0.495656699    
  0.659998596      0.521698236    
  0.679998577      0.553384006    
  0.699998558      0.580314636    
  0.719998538      0.605939150    
  0.739998519      0.637107015    
  0.759998500      0.663773954    
  0.779998481      0.687845826    
  0.799998462      0.716781616    
  0.819998443      0.742461026    
  0.839998424      0.764523566    
  0.859998405      0.788687348    
  0.879998386      0.812398791    
  0.899998367      0.830894887    
  0.919998348      0.849433780    
  0.939998329      0.869412839    
  0.959998310      0.884009600    
  0.979998291      0.896250308    
  0.999998271      0.909743786    
   1.01999831      0.920786023    
   1.03999829      0.927138865    
   1.05999827      0.931475639    
   1.07999825      0.936576068    
   1.09999824      0.938554287    
   1.11999822      0.936462224    
   1.13999820      0.932869673    
   1.15999818      0.927783668    
   1.17999816      0.921379328    
   1.19999814      0.912102520    
   1.21999812      0.899751961    
   1.23999810      0.885571718    
   1.25999808      0.870690703    
   1.27999806      0.855699539    
   1.29999804      0.836852610    
   1.31999803      0.814506829    
   1.33999801      0.792719185    
   1.35999799      0.772151828    
   1.37999797      0.749976456    
   1.39999795      0.723038197    
   1.41999793      0.695335269    
   1.43999791      0.670448422    
   1.45999789      0.646092415    
   1.47999787      0.619226217    
   1.49999785      0.589153469    
   1.51999784      0.560793817    
   1.53999782      0.535273671    
   1.55999780      0.509597600    
   1.57999778      0.482252717    
   1.59999776      0.453659564    
   1.61999774      0.427228302    
   1.63999772      0.402784169    
   1.65999770      0.378742725    
   1.67999768      0.354822099    
   1.69999766      0.330530941    
   1.71999764      0.307232261    
   1.73999763      0.285255343    
   1.75999761      0.264802456    
   1.77999759      0.246145561    
   1.79999757      0.227729112    
   1.81999755      0.209156469    
   1.83999753      0.190556720    
   1.85999751      0.173816428    
   1.87999749      0.160022110    
   1.89999747      0.147626817    
   1.91999745      0.134984747    
   1.93999743      0.121230967    
   1.95999742      0.108179197    
   1.97999740       9.77282897E-02
   1.99999738       8.93925875E-02
   2.01999736       8.15668032E-02
   2.03999734       7.28374943E-02
   2.05999732       6.39681667E-02
   2.07999730       5.67564592E-02
   2.09999728       5.14615737E-02
   2.11999726       4.68219556E-02
   2.13999724       4.12598401E-02
   2.15999722       3.51744592E-02
   2.17999721       3.02303452E-02
   2.19999719       2.73920745E-02
   2.21999717       2.57436801E-02
   2.23999715       2.32074521E-02
   2.25999713       1.92136168E-02
   2.27999711       1.50449611E-02
   2.29999709       1.25905303E-02
   2.31999707       1.21692531E-02
   2.33999705       1.20602474E-02
   2.35999703       1.05775231E-02
   2.37999701       7.71594234E-03
   2.39999700       5.34795085E-03
   2.41999698       4.95006377E-03
   2.43999696       5.96243003E-03
   2.45999694       6.42185751E-03
   2.47999692       4.99254977E-03
   2.49999690       2.56970269E-03
   2.51999688       1.13157043E-03
   2.53999686       1.62528560E-03
   2.55999684       2.93527544E-03
   2.57999682       3.18600540E-03
   2.59999681       1.92804262E-03
   2.61999679       4.02860052E-04
   2.63999677       1.86182995E-04
   2.65999675       1.47845538E-03
   2.67999673       2.74821045E-03
   2.69999671       2.50451011E-03
   2.71999669       1.15874794E-03
   2.73999667       2.06419209E-04
   2.75999665       5.95100049E-04
   2.77999663       1.97121408E-03
   2.79999661       2.74892361E-03
   2.81999660       2.26877909E-03
   2.83999658       1.42224249E-03
   2.85999656       1.24290586E-03
   2.87999654       2.13279878E-03
   2.89999652       3.16653471E-03
   2.91999650       3.39237764E-03
   2.93999648       2.95747048E-03
   2.95999646       2.75005517E-03
   2.97999644       3.47116077E-03
   2.99999642       4.52815788E-03
   3.01999640       5.20543102E-03
   3.03999639       5.14723174E-03
   3.05999637       5.18133678E-03
   3.07999635       5.83261950E-03
   3.09999633       6.78784633E-03
