  -2.00000000       5.99178532E-03
  -1.98000002       9.33927484E-03
  -1.96000004       9.06746369E-03
  -1.94000006       6.59159897E-03
  -1.92000008       8.43900535E-03
  -1.90000010       1.19897295E-02
  -1.88000011       1.10021289E-02
  -1.86000013       9.06086992E-03
  -1.84000015       1.17690386E-02
  -1.82000017       1.46983424E-02
  -1.80000019       1.30868489E-02
  -1.78000021       1.20649757E-02
  -1.76000023       1.53540503E-02
  -1.74000025       1.74500607E-02
  -1.72000027       1.55670308E-02
  -1.70000029       1.55501096E-02
  -1.68000031       1.92316864E-02
  -1.66000032       2.04472765E-02
  -1.64000034       1.83686092E-02
  -1.62000036       1.91873740E-02
  -1.60000038       2.27958765E-02
  -1.58000040       2.32627597E-02
  -1.56000042       2.15174034E-02
  -1.54000044       2.30338965E-02
  -1.52000046       2.59565227E-02
  -1.50000048       2.56531071E-02
  -1.48000050       2.45791990E-02
  -1.46000051       2.67002396E-02
  -1.44000053       2.88949795E-02
  -1.42000055       2.78476309E-02
  -1.40000057       2.72491276E-02
  -1.38000059       2.97785662E-02
  -1.36000061       3.12167648E-02
  -1.34000063       2.96776611E-02
  -1.32000065       2.94523090E-02
  -1.30000067       3.19825336E-02
  -1.28000069       3.26226540E-02
  -1.26000071       3.09227053E-02
  -1.24000072       3.11138704E-02
  -1.22000074       3.31083126E-02
  -1.20000076       3.30678411E-02
  -1.18000078       3.16035189E-02
  -1.16000080       3.19153666E-02
  -1.14000082       3.33705284E-02
  -1.12000084       3.27615216E-02
  -1.10000086       3.14836316E-02
  -1.08000088       3.18943448E-02
  -1.06000090       3.25378254E-02
  -1.04000092       3.15022804E-02
  -1.02000093       3.07343286E-02
  -1.00000095       3.09974775E-02
 -0.980000973       3.08595505E-02
 -0.960000992       2.98464950E-02
 -0.940001011       2.93884408E-02
 -0.920001030       2.92773228E-02
 -0.900001049       2.85707712E-02
 -0.880001068       2.77459547E-02
 -0.860001087       2.74921674E-02
 -0.840001106       2.67902315E-02
 -0.820001125       2.59059537E-02
 -0.800001144       2.55052764E-02
 -0.780001163       2.50975713E-02
 -0.760001183       2.38563120E-02
 -0.740001202       2.33206060E-02
 -0.720001221       2.32839566E-02
 -0.700001240       2.22132150E-02
 -0.680001259       2.09583826E-02
 -0.660001278       2.10792962E-02
 -0.640001297       2.07469985E-02
 -0.620001316       1.91783179E-02
 -0.600001335       1.84821710E-02
 -0.580001354       1.90160796E-02
 -0.560001373       1.81123950E-02
 -0.540001392       1.64767448E-02
 -0.520001411       1.65568255E-02
 -0.500001431       1.71396118E-02
 -0.480001420       1.57204047E-02
 -0.460001409       1.41558517E-02
 -0.440001398       1.51462015E-02
 -0.420001388       1.57895889E-02
 -0.400001377       1.33260917E-02
 -0.380001366       1.22937290E-02
 -0.360001355       1.50181744E-02
 -0.340001345       1.45795811E-02
 -0.320001334       1.04447380E-02
 -0.300001323       1.21897273E-02
 -0.280001312       1.61104575E-02
 -0.260001302       1.17003396E-02
 -0.240001306       8.66241008E-03
 -0.220001310       1.49573861E-02
 -0.200001314       1.56766009E-02
 -0.180001318       7.86963664E-03
 -0.160001323       1.03166029E-02
 -0.140001327       1.83915831E-02
 -0.120001331       1.21771153E-02
 -0.100001335       5.32432226E-03
  -8.00013393E-02   1.59566235E-02
  -6.00013398E-02   1.91751067E-02
  -4.00013402E-02   5.18910447E-03
  -2.00013407E-02   8.49340949E-03
  -1.34110451E-06   2.28398461E-02
   1.99986584E-02   1.44553473E-02
   3.99986580E-02   1.26311630E-02
   5.99986576E-02   1.58981588E-02
   7.99986571E-02   2.06531771E-02
   9.99986529E-02   2.63838638E-02
  0.119998649       3.34707871E-02
  0.139998645       3.95578369E-02
  0.159998640       4.84344326E-02
  0.179998636       5.54925352E-02
  0.199998632       6.54924214E-02
  0.219998628       7.46182948E-02
  0.239998624       8.49431679E-02
  0.259998620       9.73046198E-02
  0.279998630      0.107986182    
  0.299998641      0.122327156    
  0.319998652      0.135617331    
  0.339998662      0.150763541    
  0.359998673      0.167363301    
  0.379998684      0.182670549    
  0.399998695      0.202329382    
  0.419998705      0.220608994    
  0.439998716      0.239395171    
  0.459998727      0.262636334    
  0.479998738      0.282342404    
  0.499998748      0.305462122    
  0.519998729      0.331187516    
  0.539998710      0.352209806    
  0.559998691      0.378841311    
  0.579998672      0.406571001    
  0.599998653      0.429607809    
  0.619998634      0.457481652    
  0.639998615      0.487066329    
  0.659998596      0.512489021    
  0.679998577      0.540025949    
  0.699998558      0.570087075    
  0.719998538      0.596323013    
  0.739998519      0.623659849    
  0.759998500      0.652307928    
  0.779998481      0.677971303    
  0.799998462      0.704151154    
  0.819998443      0.729953408    
  0.839998424      0.754402280    
  0.859998405      0.777724802    
  0.879998386      0.800168037    
  0.899998367      0.820589781    
  0.919998348      0.839934707    
  0.939998329      0.859029770    
  0.959998310      0.874175191    
  0.979998291      0.887847304    
  0.999998271      0.901928067    
   1.01999831      0.912693501    
   1.03999829      0.919987023    
   1.05999827      0.926132798    
   1.07999825      0.931785405    
   1.09999824      0.933436811    
   1.11999822      0.932178974    
   1.13999820      0.931167543    
   1.15999818      0.927123010    
   1.17999816      0.919445395    
   1.19999814      0.910773993    
   1.21999812      0.901834965    
   1.23999810      0.889478922    
   1.25999808      0.872638285    
   1.27999806      0.856900215    
   1.29999804      0.841790318    
   1.31999803      0.822599411    
   1.33999801      0.799230099    
   1.35999799      0.776187241    
   1.37999797      0.756117105    
   1.39999795      0.733493567    
   1.41999793      0.706251502    
   1.43999791      0.678330123    
   1.45999789      0.653007746    
   1.47999787      0.629248321    
   1.49999785      0.602012873    
   1.51999784      0.572691500    
   1.53999782      0.544535756    
   1.55999780      0.518525362    
   1.57999778      0.493399799    
   1.59999776      0.466536433    
   1.61999774      0.439442694    
   1.63999772      0.413050681    
   1.65999770      0.387978137    
   1.67999768      0.364744693    
   1.69999766      0.341844380    
   1.71999764      0.319014758    
   1.73999763      0.295824766    
   1.75999761      0.273505360    
   1.77999759      0.253880829    
   1.79999757      0.236149862    
   1.81999755      0.218913347    
   1.83999753      0.200405583    
   1.85999751      0.182089344    
   1.87999749      0.166314170    
   1.89999747      0.153217688    
   1.91999745      0.141301930    
   1.93999743      0.128371283    
   1.95999742      0.115086436    
   1.97999740      0.103431076    
   1.99999738       9.40328240E-02
   2.01999736       8.58354047E-02
   2.03999734       7.70548359E-02
   2.05999732       6.79633990E-02
   2.07999730       6.02779016E-02
   2.09999728       5.47929108E-02
   2.11999726       5.03323302E-02
   2.13999724       4.47897315E-02
   2.15999722       3.81723605E-02
   2.17999721       3.22354287E-02
   2.19999719       2.87499726E-02
   2.21999717       2.71934178E-02
   2.23999715       2.51555201E-02
   2.25999713       2.14142967E-02
   2.27999711       1.68964304E-02
   2.29999709       1.38828959E-02
   2.31999707       1.31744929E-02
   2.33999705       1.31170079E-02
   2.35999703       1.16571542E-02
   2.37999701       8.51110090E-03
   2.39999700       5.76340314E-03
   2.41999698       5.24232676E-03
   2.43999696       6.46701828E-03
   2.45999694       7.12773576E-03
   2.47999692       5.61260432E-03
   2.49999690       2.92985886E-03
   2.51999688       1.34421128E-03
   2.53999686       1.91721611E-03
   2.55999684       3.35393939E-03
   2.57999682       3.54684889E-03
   2.59999681       2.01932364E-03
   2.61999679       3.32125754E-04
   2.63999677       3.21938889E-04
   2.65999675       1.84052787E-03
   2.67999673       2.96651013E-03
   2.69999671       2.40905047E-03
   2.71999669       8.88685987E-04
   2.73999667       1.22753991E-04
   2.75999665       1.03347213E-03
   2.77999663       2.59067747E-03
   2.79999661       3.00470111E-03
   2.81999660       2.15352583E-03
   2.83999658       1.16655941E-03
   2.85999656       1.35632267E-03
   2.87999654       2.61966977E-03
   2.89999652       3.55165382E-03
   2.91999650       3.51877441E-03
   2.93999648       2.82582198E-03
   2.95999646       2.87433225E-03
   2.97999644       3.86129948E-03
   2.99999642       4.97339200E-03
   3.01999640       5.37189888E-03
   3.03999639       5.17456234E-03
   3.05999637       5.33783622E-03
   3.07999635       6.25665393E-03
   3.09999633       7.21691782E-03
