  -2.00000000       5.96406078E-03
  -1.98000002       9.30349343E-03
  -1.96000004       9.05522145E-03
  -1.94000006       6.58091018E-03
  -1.92000008       8.42813682E-03
  -1.90000010       1.19669214E-02
  -1.88000011       1.09969024E-02
  -1.86000013       9.02847573E-03
  -1.84000015       1.17026633E-02
  -1.82000017       1.46487737E-02
  -1.80000019       1.30887795E-02
  -1.78000021       1.20540280E-02
  -1.76000023       1.53168933E-02
  -1.74000025       1.74415056E-02
  -1.72000027       1.55789424E-02
  -1.70000029       1.55259324E-02
  -1.68000031       1.92101318E-02
  -1.66000032       2.04853322E-02
  -1.64000034       1.84034351E-02
  -1.62000036       1.91386640E-02
  -1.60000038       2.27380581E-02
  -1.58000040       2.32835785E-02
  -1.56000042       2.15522740E-02
  -1.54000044       2.30037291E-02
  -1.52000046       2.59246808E-02
  -1.50000048       2.56733652E-02
  -1.48000050       2.45924741E-02
  -1.46000051       2.66914703E-02
  -1.44000053       2.89372765E-02
  -1.42000055       2.79173106E-02
  -1.40000057       2.72500515E-02
  -1.38000059       2.97549237E-02
  -1.36000061       3.12769003E-02
  -1.34000063       2.97440253E-02
  -1.32000065       2.93903984E-02
  -1.30000067       3.18769813E-02
  -1.28000069       3.26226167E-02
  -1.26000071       3.09566110E-02
  -1.24000072       3.10613867E-02
  -1.22000074       3.30608264E-02
  -1.20000076       3.31391804E-02
  -1.18000078       3.16946767E-02
  -1.16000080       3.18990387E-02
  -1.14000082       3.33174691E-02
  -1.12000084       3.27762365E-02
  -1.10000086       3.15174274E-02
  -1.08000088       3.18907164E-02
  -1.06000090       3.25479768E-02
  -1.04000092       3.15496996E-02
  -1.02000093       3.07588950E-02
  -1.00000095       3.09842508E-02
 -0.980000973       3.08646858E-02
 -0.960000992       2.98886728E-02
 -0.940001011       2.94251461E-02
 -0.920001030       2.92851962E-02
 -0.900001049       2.85757650E-02
 -0.880001068       2.77739260E-02
 -0.860001087       2.75322068E-02
 -0.840001106       2.68102195E-02
 -0.820001125       2.59083528E-02
 -0.800001144       2.55311988E-02
 -0.780001163       2.51425374E-02
 -0.760001183       2.38698572E-02
 -0.740001202       2.33191680E-02
 -0.720001221       2.33234409E-02
 -0.700001240       2.22519226E-02
 -0.680001259       2.09535323E-02
 -0.660001278       2.10927781E-02
 -0.640001297       2.07959376E-02
 -0.620001316       1.91890262E-02
 -0.600001335       1.84781533E-02
 -0.580001354       1.90522205E-02
 -0.560001373       1.81394331E-02
 -0.540001392       1.64716579E-02
 -0.520001411       1.65766645E-02
 -0.500001431       1.71670783E-02
 -0.480001420       1.57216452E-02
 -0.460001409       1.41713368E-02
 -0.440001398       1.51669923E-02
 -0.420001388       1.57841034E-02
 -0.400001377       1.33505519E-02
 -0.380001366       1.23109473E-02
 -0.360001355       1.49993151E-02
 -0.340001345       1.46039221E-02
 -0.320001334       1.04751606E-02
 -0.300001323       1.21594407E-02
 -0.280001312       1.61191169E-02
 -0.260001302       1.17461057E-02
 -0.240001306       8.63932353E-03
 -0.220001310       1.49405226E-02
 -0.200001314       1.57272927E-02
 -0.180001318       7.86368363E-03
 -0.160001323       1.02942744E-02
 -0.140001327       1.84238013E-02
 -0.120001331       1.21860560E-02
 -0.100001335       5.32070221E-03
  -8.00013393E-02   1.59703437E-02
  -6.00013398E-02   1.91800352E-02
  -4.00013402E-02   5.22006676E-03
  -2.00013407E-02   8.49730056E-03
  -1.34110451E-06   2.28369962E-02
   1.99986584E-02   1.45345228E-02
   3.99986580E-02   1.26375593E-02
   5.99986576E-02   1.59891248E-02
   7.99986571E-02   2.06557512E-02
   9.99986529E-02   2.65028104E-02
  0.119998649       3.34932171E-02
  0.139998645       3.96693684E-02
  0.159998640       4.85315323E-02
  0.179998636       5.55630922E-02
  0.199998632       6.56845272E-02
  0.219998628       7.46687278E-02
  0.239998624       8.51794332E-02
  0.259998620       9.74422395E-02
  0.279998630      0.108156256    
  0.299998641      0.122614972    
  0.319998652      0.135765940    
  0.339998662      0.151098073    
  0.359998673      0.167625114    
  0.379998684      0.182929933    
  0.399998695      0.202775896    
  0.419998705      0.220876127    
  0.439998716      0.239813179    
  0.459998727      0.263137996    
  0.479998738      0.282666743    
  0.499998748      0.306041986    
  0.519998729      0.331713289    
  0.539998710      0.352623791    
  0.559998691      0.379541993    
  0.579998672      0.407165945    
  0.599998653      0.430105209    
  0.619998634      0.458241016    
  0.639998615      0.487782806    
  0.659998596      0.513053596    
  0.679998577      0.540796518    
  0.699998558      0.570895195    
  0.719998538      0.596973002    
  0.739998519      0.624414265    
  0.759998500      0.653150916    
  0.779998481      0.678706884    
  0.799998462      0.704855561    
  0.819998443      0.730783284    
  0.839998424      0.755210936    
  0.859998405      0.778384089    
  0.879998386      0.800884008    
  0.899998367      0.821390390    
  0.919998348      0.840623021    
  0.939998329      0.859596312    
  0.959998310      0.874817312    
  0.979998291      0.888547063    
  0.999998271      0.902442217    
   1.01999831      0.913100183    
   1.03999829      0.920504749    
   1.05999827      0.926641643    
   1.07999825      0.932062268    
   1.09999824      0.933631897    
   1.11999822      0.932529926    
   1.13999820      0.931457937    
   1.15999818      0.927121043    
   1.17999816      0.919407189    
   1.19999814      0.910915792    
   1.21999812      0.901898742    
   1.23999810      0.889211237    
   1.25999808      0.872322977    
   1.27999806      0.856814563    
   1.29999804      0.841664553    
   1.31999803      0.822134018    
   1.33999801      0.798637152    
   1.35999799      0.775822699    
   1.37999797      0.755846322    
   1.39999795      0.732953608    
   1.41999793      0.705464661    
   1.43999791      0.677649498    
   1.45999789      0.652546823    
   1.47999787      0.628736675    
   1.49999785      0.601243496    
   1.51999784      0.571809173    
   1.53999782      0.543795168    
   1.55999780      0.517942727    
   1.57999778      0.492786527    
   1.59999776      0.465763867    
   1.61999774      0.438573390    
   1.63999772      0.412243932    
   1.65999770      0.387317270    
   1.67999768      0.364163488    
   1.69999766      0.341203183    
   1.71999764      0.318253428    
   1.73999763      0.295034468    
   1.75999761      0.272819102    
   1.77999759      0.253341615    
   1.79999757      0.235660627    
   1.81999755      0.218351319    
   1.83999753      0.199767172    
   1.85999751      0.181478336    
   1.87999749      0.165818304    
   1.89999747      0.152813300    
   1.91999745      0.140903041    
   1.93999743      0.127933443    
   1.95999742      0.114639796    
   1.97999740      0.103033967    
   1.99999738       9.36962888E-02
   2.01999736       8.55377465E-02
   2.03999734       7.67853484E-02
   2.05999732       6.77287579E-02
   2.07999730       6.00790754E-02
   2.09999728       5.45883961E-02
   2.11999726       5.00794388E-02
   2.13999724       4.44948375E-02
   2.15999722       3.78867574E-02
   2.17999721       3.20140533E-02
   2.19999719       2.85868887E-02
   2.21999717       2.70397700E-02
   2.23999715       2.49724779E-02
   2.25999713       2.12091003E-02
   2.27999711       1.67063959E-02
   2.29999709       1.37224719E-02
   2.31999707       1.30214998E-02
   2.33999705       1.29432753E-02
   2.35999703       1.14717800E-02
   2.37999701       8.35410971E-03
   2.39999700       5.65258181E-03
   2.41999698       5.14842197E-03
   2.43999696       6.36017928E-03
   2.45999694       7.04066874E-03
   2.47999692       5.59577113E-03
   2.49999690       2.96439021E-03
   2.51999688       1.37682422E-03
   2.53999686       1.95589336E-03
   2.55999684       3.40233231E-03
   2.57999682       3.53018264E-03
   2.59999681       1.94819330E-03
   2.61999679       3.06518778E-04
   2.63999677       2.87289760E-04
   2.65999675       1.76168815E-03
   2.67999673       2.99915508E-03
   2.69999671       2.48793908E-03
   2.71999669       8.75098223E-04
   2.73999667       1.32560803E-04
   2.75999665       9.84141836E-04
   2.77999663       2.50286632E-03
   2.79999661       3.06600565E-03
   2.81999660       2.15496682E-03
   2.83999658       1.17494201E-03
   2.85999656       1.35833013E-03
   2.87999654       2.53615412E-03
   2.89999652       3.57474433E-03
   2.91999650       3.47559387E-03
   2.93999648       2.86280457E-03
   2.95999646       2.85305921E-03
   2.97999644       3.84236430E-03
   2.99999642       4.93525248E-03
   3.01999640       5.35497162E-03
   3.03999639       5.17567107E-03
   3.05999637       5.33080334E-03
   3.07999635       6.22934243E-03
   3.09999633       7.19162449E-03
