  -2.00000000       6.41894527E-03
  -1.98000002       9.71652940E-03
  -1.96000004       9.14158672E-03
  -1.94000006       6.62521878E-03
  -1.92000008       9.02079884E-03
  -1.90000010       1.27770482E-02
  -1.88000011       1.14211245E-02
  -1.86000013       9.57651529E-03
  -1.84000015       1.26020312E-02
  -1.82000017       1.49630215E-02
  -1.80000019       1.28196096E-02
  -1.78000021       1.26494374E-02
  -1.76000023       1.67047326E-02
  -1.74000025       1.80196539E-02
  -1.72000027       1.55078741E-02
  -1.70000029       1.62033159E-02
  -1.68000031       2.00726949E-02
  -1.66000032       2.04353966E-02
  -1.64000034       1.86140537E-02
  -1.62000036       2.05880385E-02
  -1.60000038       2.35817526E-02
  -1.58000040       2.25900132E-02
  -1.56000042       2.15387251E-02
  -1.54000044       2.46155672E-02
  -1.52000046       2.68281661E-02
  -1.50000048       2.50891671E-02
  -1.48000050       2.46799104E-02
  -1.46000051       2.78372113E-02
  -1.44000053       2.92239524E-02
  -1.42000055       2.75515802E-02
  -1.40000057       2.78614238E-02
  -1.38000059       3.04496996E-02
  -1.36000061       3.06383632E-02
  -1.34000063       2.93957163E-02
  -1.32000065       3.05550899E-02
  -1.30000067       3.23371626E-02
  -1.28000069       3.13561521E-02
  -1.26000071       3.06498501E-02
  -1.24000072       3.24745998E-02
  -1.22000074       3.32562961E-02
  -1.20000076       3.15826684E-02
  -1.18000078       3.13698277E-02
  -1.16000080       3.31373475E-02
  -1.14000082       3.31747308E-02
  -1.12000084       3.12000439E-02
  -1.10000086       3.13302651E-02
  -1.08000088       3.28179598E-02
  -1.06000090       3.20267826E-02
  -1.04000092       3.01771425E-02
  -1.02000093       3.06860656E-02
  -1.00000095       3.14399414E-02
 -0.980000973       3.01400386E-02
 -0.960000992       2.88380571E-02
 -0.940001011       2.93592401E-02
 -0.920001030       2.92962808E-02
 -0.900001049       2.77522504E-02
 -0.880001068       2.70302258E-02
 -0.860001087       2.74043884E-02
 -0.840001106       2.64898390E-02
 -0.820001125       2.51639113E-02
 -0.800001144       2.50054561E-02
 -0.780001163       2.48747375E-02
 -0.760001183       2.34134868E-02
 -0.740001202       2.27595307E-02
 -0.720001221       2.28589699E-02
 -0.700001240       2.18949374E-02
 -0.680001259       2.05327366E-02
 -0.660001278       2.06065364E-02
 -0.640001297       2.03882959E-02
 -0.620001316       1.88394543E-02
 -0.600001335       1.80669352E-02
 -0.580001354       1.87020004E-02
 -0.560001373       1.78074595E-02
 -0.540001392       1.60622019E-02
 -0.520001411       1.62903927E-02
 -0.500001431       1.70239937E-02
 -0.480001420       1.52437389E-02
 -0.460001409       1.38040474E-02
 -0.440001398       1.52300373E-02
 -0.420001388       1.55235445E-02
 -0.400001377       1.27055496E-02
 -0.380001366       1.24290157E-02
 -0.360001355       1.51242428E-02
 -0.340001345       1.38811469E-02
 -0.320001334       1.02955075E-02
 -0.300001323       1.26166595E-02
 -0.280001312       1.56476349E-02
 -0.260001302       1.12597411E-02
 -0.240001306       8.95956345E-03
 -0.220001310       1.49875991E-02
 -0.200001314       1.51853859E-02
 -0.180001318       7.71499239E-03
 -0.160001323       1.05450014E-02
 -0.140001327       1.83144882E-02
 -0.120001331       1.15221394E-02
 -0.100001335       5.38571039E-03
  -8.00013393E-02   1.62412822E-02
  -6.00013398E-02   1.83754656E-02
  -4.00013402E-02   4.84275166E-03
  -2.00013407E-02   8.86733830E-03
  -1.34110451E-06   2.20066085E-02
   1.99986584E-02   1.36634931E-02
   3.99986580E-02   1.18541382E-02
   5.99986576E-02   1.48414597E-02
   7.99986571E-02   1.97106600E-02
   9.99986529E-02   2.51941103E-02
  0.119998649       3.17254700E-02
  0.139998645       3.86421531E-02
  0.159998640       4.56511304E-02
  0.179998636       5.43542355E-02
  0.199998632       6.23371787E-02
  0.219998628       7.22652599E-02
  0.239998624       8.21118355E-02
  0.259998620       9.30960253E-02
  0.279998630      0.105224133    
  0.299998641      0.117387146    
  0.319998652      0.131106913    
  0.339998662      0.145897746    
  0.359998673      0.161274731    
  0.379998684      0.177224845    
  0.399998695      0.195085019    
  0.419998705      0.213556960    
  0.439998716      0.232099414    
  0.459998727      0.253444046    
  0.479998738      0.274231464    
  0.499998748      0.295620441    
  0.519998729      0.320623487    
  0.539998710      0.342744291    
  0.559998691      0.366813093    
  0.579998672      0.394380063    
  0.599998653      0.418394178    
  0.619998634      0.444417775    
  0.639998615      0.472939193    
  0.659998596      0.499262273    
  0.679998577      0.526293933    
  0.699998558      0.555201769    
  0.719998538      0.581267238    
  0.739998519      0.608840048    
  0.759998500      0.637881637    
  0.779998481      0.661972046    
  0.799998462      0.688246012    
  0.819998443      0.716174543    
  0.839998424      0.738960207    
  0.859998405      0.761110008    
  0.879998386      0.786715746    
  0.899998367      0.807975531    
  0.919998348      0.823918223    
  0.939998329      0.844747543    
  0.959998310      0.864560783    
  0.979998291      0.875811815    
  0.999998271      0.887559593    
   1.01999831      0.903221846    
   1.03999829      0.913575053    
   1.05999827      0.916231155    
   1.07999825      0.921725035    
   1.09999824      0.929301262    
   1.11999822      0.929118335    
   1.13999820      0.924635112    
   1.15999818      0.922626555    
   1.17999816      0.920421362    
   1.19999814      0.911737204    
   1.21999812      0.899737597    
   1.23999810      0.890208066    
   1.25999808      0.878715813    
   1.27999806      0.862501025    
   1.29999804      0.844390273    
   1.31999803      0.827339113    
   1.33999801      0.809320629    
   1.35999799      0.786981463    
   1.37999797      0.763674140    
   1.39999795      0.741065979    
   1.41999793      0.718117595    
   1.43999791      0.692986369    
   1.45999789      0.665906489    
   1.47999787      0.639904380    
   1.49999785      0.613829195    
   1.51999784      0.587607980    
   1.53999782      0.560745776    
   1.55999780      0.533312261    
   1.57999778      0.506361425    
   1.59999776      0.479531795    
   1.61999774      0.454252660    
   1.63999772      0.429354370    
   1.65999770      0.403652728    
   1.67999768      0.378180444    
   1.69999766      0.353890777    
   1.71999764      0.331983864    
   1.73999763      0.310517222    
   1.75999761      0.288349539    
   1.77999759      0.266632617    
   1.79999757      0.246698320    
   1.81999755      0.229226187    
   1.83999753      0.211881131    
   1.85999751      0.194133729    
   1.87999749      0.177263841    
   1.89999747      0.162536234    
   1.91999745      0.149702683    
   1.93999743      0.136628002    
   1.95999742      0.123146221    
   1.97999740      0.110815138    
   1.99999738      0.101001985    
   2.01999736       9.29159448E-02
   2.03999734       8.40890184E-02
   2.05999732       7.40864277E-02
   2.07999730       6.47550076E-02
   2.09999728       5.82437627E-02
   2.11999726       5.40764779E-02
   2.13999724       4.94508296E-02
   2.15999722       4.30858806E-02
   2.17999721       3.61589529E-02
   2.19999719       3.13542634E-02
   2.21999717       2.91460901E-02
   2.23999715       2.72751227E-02
   2.25999713       2.37322357E-02
   2.27999711       1.88732333E-02
   2.29999709       1.53050395E-02
   2.31999707       1.44471480E-02
   2.33999705       1.47686638E-02
   2.35999703       1.35480780E-02
   2.37999701       1.00430930E-02
   2.39999700       6.55051414E-03
   2.41999698       5.54460241E-03
   2.43999696       6.86302641E-03
   2.45999694       7.79482396E-03
   2.47999692       6.29345421E-03
   2.49999690       3.34102800E-03
   2.51999688       1.68113667E-03
   2.53999686       2.57778610E-03
   2.55999684       4.25890833E-03
   2.57999682       4.18614317E-03
   2.59999681       2.13636621E-03
   2.61999679       2.86242925E-04
   2.63999677       5.23062423E-04
   2.65999675       2.32158904E-03
   2.67999673       3.36313550E-03
   2.69999671       2.28809984E-03
   2.71999669       5.34829916E-04
   2.73999667       2.59212888E-04
   2.75999665       1.66052161E-03
   2.77999663       3.17687076E-03
   2.79999661       3.02335736E-03
   2.81999660       1.62181095E-03
   2.83999658       1.01634359E-03
   2.85999656       1.94476708E-03
   2.87999654       3.50242225E-03
   2.89999652       3.95045197E-03
   2.91999650       3.16950493E-03
   2.93999648       2.55055679E-03
   2.95999646       3.25138750E-03
   2.97999644       4.83825058E-03
   2.99999642       5.65667264E-03
   3.01999640       5.41314203E-03
   3.03999639       4.91833361E-03
   3.05999637       5.53027587E-03
   3.07999635       7.03359116E-03
   3.09999633       8.11944250E-03
