  -2.00000000       6.35226723E-03
  -1.98000002       9.63040721E-03
  -1.96000004       9.12923273E-03
  -1.94000006       6.89468393E-03
  -1.92000008       9.77340341E-03
  -1.90000010       1.34479348E-02
  -1.88000011       1.15090469E-02
  -1.86000013       9.58112441E-03
  -1.84000015       1.29258418E-02
  -1.82000017       1.52263232E-02
  -1.80000019       1.30576929E-02
  -1.78000021       1.34029202E-02
  -1.76000023       1.74277965E-02
  -1.74000025       1.78360380E-02
  -1.72000027       1.52133815E-02
  -1.70000029       1.69117320E-02
  -1.68000031       2.09896658E-02
  -1.66000032       2.05430463E-02
  -1.64000034       1.86112169E-02
  -1.62000036       2.10580491E-02
  -1.60000038       2.37320755E-02
  -1.58000040       2.24584378E-02
  -1.56000042       2.21736915E-02
  -1.54000044       2.54554357E-02
  -1.52000046       2.64784470E-02
  -1.50000048       2.44523361E-02
  -1.48000050       2.54068207E-02
  -1.46000051       2.89067030E-02
  -1.44000053       2.89328247E-02
  -1.42000055       2.69027911E-02
  -1.40000057       2.83482242E-02
  -1.38000059       3.11466455E-02
  -1.36000061       3.04740481E-02
  -1.34000063       2.92439517E-02
  -1.32000065       3.09048481E-02
  -1.30000067       3.23320329E-02
  -1.28000069       3.11244018E-02
  -1.26000071       3.10105700E-02
  -1.24000072       3.26711908E-02
  -1.22000074       3.25451866E-02
  -1.20000076       3.12469956E-02
  -1.18000078       3.20594832E-02
  -1.16000080       3.32269110E-02
  -1.14000082       3.21434699E-02
  -1.12000084       3.09325270E-02
  -1.10000086       3.21289226E-02
  -1.08000088       3.26111242E-02
  -1.06000090       3.08196545E-02
  -1.04000092       3.01059522E-02
  -1.02000093       3.13977972E-02
  -1.00000095       3.09189633E-02
 -0.980000973       2.90806871E-02
 -0.960000992       2.89863199E-02
 -0.940001011       2.97445189E-02
 -0.920001030       2.84932926E-02
 -0.900001049       2.70137060E-02
 -0.880001068       2.73541585E-02
 -0.860001087       2.73476709E-02
 -0.840001106       2.55798940E-02
 -0.820001125       2.48771831E-02
 -0.800001144       2.52806377E-02
 -0.780001163       2.43643317E-02
 -0.760001183       2.27247663E-02
 -0.740001202       2.28716377E-02
 -0.720001221       2.27758363E-02
 -0.700001240       2.11886056E-02
 -0.680001259       2.03101784E-02
 -0.660001278       2.07455102E-02
 -0.640001297       1.98931098E-02
 -0.620001316       1.83663648E-02
 -0.600001335       1.81939714E-02
 -0.580001354       1.85189303E-02
 -0.560001373       1.72369946E-02
 -0.540001392       1.60328988E-02
 -0.520001411       1.63351521E-02
 -0.500001431       1.65744368E-02
 -0.480001420       1.50203519E-02
 -0.460001409       1.38756493E-02
 -0.440001398       1.50030125E-02
 -0.420001388       1.53020695E-02
 -0.400001377       1.26156462E-02
 -0.380001366       1.23333130E-02
 -0.360001355       1.50655834E-02
 -0.340001345       1.37306927E-02
 -0.320001334       1.00549683E-02
 -0.300001323       1.27538024E-02
 -0.280001312       1.56575087E-02
 -0.260001302       1.07816365E-02
 -0.240001306       9.07216407E-03
 -0.220001310       1.53161725E-02
 -0.200001314       1.45884128E-02
 -0.180001318       7.63173215E-03
 -0.160001323       1.09808426E-02
 -0.140001327       1.79155581E-02
 -0.120001331       1.12112956E-02
 -0.100001335       5.64291188E-03
  -8.00013393E-02   1.60817858E-02
  -6.00013398E-02   1.80416834E-02
  -4.00013402E-02   4.71213181E-03
  -2.00013407E-02   8.86361208E-03
  -1.34110451E-06   2.16546655E-02
   1.99986584E-02   1.31501984E-02
   3.99986580E-02   1.12612527E-02
   5.99986576E-02   1.43375844E-02
   7.99986571E-02   1.89805310E-02
   9.99986529E-02   2.44991574E-02
  0.119998649       3.07904091E-02
  0.139998645       3.76045331E-02
  0.159998640       4.46723141E-02
  0.179998636       5.27276285E-02
  0.199998632       6.11518137E-02
  0.219998628       7.03956857E-02
  0.239998624       8.01522434E-02
  0.259998620       9.12060067E-02
  0.279998630      0.102461234    
  0.299998641      0.115034014    
  0.319998652      0.128282636    
  0.339998662      0.142078072    
  0.359998673      0.158391595    
  0.379998684      0.173295915    
  0.399998695      0.190286577    
  0.419998705      0.209877178    
  0.439998716      0.226813510    
  0.459998727      0.247648135    
  0.479998738      0.269832462    
  0.499998748      0.288651645    
  0.519998729      0.313884854    
  0.539998710      0.337642699    
  0.559998691      0.358283043    
  0.579998672      0.386724949    
  0.599998653      0.412181258    
  0.619998634      0.434904963    
  0.639998615      0.464356482    
  0.659998596      0.491928309    
  0.679998577      0.515855908    
  0.699998558      0.545861900    
  0.719998538      0.573668540    
  0.739998519      0.597462118    
  0.759998500      0.627590239    
  0.779998481      0.654739320    
  0.799998462      0.677045643    
  0.819998443      0.704517186    
  0.839998424      0.731802523    
  0.859998405      0.751787364    
  0.879998386      0.774072707    
  0.899998367      0.800144374    
  0.919998348      0.817613900    
  0.939998329      0.833160758    
  0.959998310      0.854721367    
  0.979998291      0.871516466    
  0.999998271      0.880538106    
   1.01999831      0.892496288    
   1.03999829      0.907788396    
   1.05999827      0.914305806    
   1.07999825      0.915425837    
   1.09999824      0.921616793    
   1.11999822      0.927061021    
   1.13999820      0.924631596    
   1.15999818      0.918812931    
   1.17999816      0.916374147    
   1.19999814      0.912657857    
   1.21999812      0.902176142    
   1.23999810      0.889846265    
   1.25999808      0.878329694    
   1.27999806      0.865776181    
   1.29999804      0.849457085    
   1.31999803      0.830734849    
   1.33999801      0.812144697    
   1.35999799      0.792124987    
   1.37999797      0.770919621    
   1.39999795      0.747995675    
   1.41999793      0.723931909    
   1.43999791      0.699380159    
   1.45999789      0.674165487    
   1.47999787      0.649292827    
   1.49999785      0.622625351    
   1.51999784      0.595330358    
   1.53999782      0.568743885    
   1.55999780      0.542928874    
   1.57999778      0.517029107    
   1.59999776      0.489357650    
   1.61999774      0.462552428    
   1.63999772      0.437564790    
   1.65999770      0.413283229    
   1.67999768      0.388709128    
   1.69999766      0.363596559    
   1.71999764      0.340232700    
   1.73999763      0.318253368    
   1.75999761      0.296739429    
   1.77999759      0.275521100    
   1.79999757      0.255226642    
   1.81999755      0.236988738    
   1.83999753      0.219072446    
   1.85999751      0.200953662    
   1.87999749      0.183644965    
   1.89999747      0.168729588    
   1.91999745      0.156070024    
   1.93999743      0.143137574    
   1.95999742      0.129089892    
   1.97999740      0.115438342    
   1.99999738      0.104652233    
   2.01999736       9.67136547E-02
   2.03999734       8.87068734E-02
   2.05999732       7.90210813E-02
   2.07999730       6.88386410E-02
   2.09999728       6.10704944E-02
   2.11999726       5.62777296E-02
   2.13999724       5.18958271E-02
   2.15999722       4.58932482E-02
   2.17999721       3.87905128E-02
   2.19999719       3.34796421E-02
   2.21999717       3.09951007E-02
   2.23999715       2.92781089E-02
   2.25999713       2.57764161E-02
   2.27999711       2.04712879E-02
   2.29999709       1.62244234E-02
   2.31999707       1.50547735E-02
   2.33999705       1.56695228E-02
   2.35999703       1.48205496E-02
   2.37999701       1.12986183E-02
   2.39999700       7.40608433E-03
   2.41999698       6.09681057E-03
   2.43999696       7.45699182E-03
   2.45999694       8.46526027E-03
   2.47999692       6.79441355E-03
   2.49999690       3.51823424E-03
   2.51999688       1.76054949E-03
   2.53999686       2.81805755E-03
   2.55999684       4.63502342E-03
   2.57999682       4.49463772E-03
   2.59999681       2.19877716E-03
   2.61999679       2.79780885E-04
   2.63999677       8.31883866E-04
   2.65999675       2.86655826E-03
   2.67999673       3.63282277E-03
   2.69999671       2.19868333E-03
   2.71999669       3.98770091E-04
   2.73999667       3.80438112E-04
   2.75999665       2.14641471E-03
   2.77999663       3.48596601E-03
   2.79999661       2.85973935E-03
   2.81999660       1.41454197E-03
   2.83999658       1.10191596E-03
   2.85999656       2.46717595E-03
   2.87999654       3.89215001E-03
   2.89999652       3.81599041E-03
   2.91999650       2.87537999E-03
   2.93999648       2.60360353E-03
   2.95999646       3.92593490E-03
   2.97999644       5.45690954E-03
   2.99999642       5.75202610E-03
   3.01999640       5.02503943E-03
   3.03999639       4.85636527E-03
   3.05999637       6.09648041E-03
   3.07999635       7.89919775E-03
   3.09999633       8.53341911E-03
