  -2.00000000       6.18916750E-03
  -1.98000002       9.88693908E-03
  -1.96000004       9.58330929E-03
  -1.94000006       7.44241336E-03
  -1.92000008       1.04379170E-02
  -1.90000010       1.37077812E-02
  -1.88000011       1.12454081E-02
  -1.86000013       9.72519722E-03
  -1.84000015       1.37897646E-02
  -1.82000017       1.58671029E-02
  -1.80000019       1.32681318E-02
  -1.78000021       1.38467755E-02
  -1.76000023       1.77974869E-02
  -1.74000025       1.76383406E-02
  -1.72000027       1.54844886E-02
  -1.70000029       1.81789231E-02
  -1.68000031       2.16911118E-02
  -1.66000032       2.00330708E-02
  -1.64000034       1.85845476E-02
  -1.62000036       2.21194811E-02
  -1.60000038       2.43581589E-02
  -1.58000040       2.24113893E-02
  -1.56000042       2.26026904E-02
  -1.54000044       2.59421691E-02
  -1.52000046       2.62094233E-02
  -1.50000048       2.46226657E-02
  -1.48000050       2.66217440E-02
  -1.46000051       2.92844363E-02
  -1.44000053       2.79790442E-02
  -1.42000055       2.69344114E-02
  -1.40000057       2.97702905E-02
  -1.38000059       3.14995423E-02
  -1.36000061       2.94730812E-02
  -1.34000063       2.91943643E-02
  -1.32000065       3.18534710E-02
  -1.30000067       3.23439911E-02
  -1.28000069       3.04682273E-02
  -1.26000071       3.11021116E-02
  -1.24000072       3.29312980E-02
  -1.22000074       3.22125293E-02
  -1.20000076       3.11580710E-02
  -1.18000078       3.23204808E-02
  -1.16000080       3.28634717E-02
  -1.14000082       3.15756910E-02
  -1.12000084       3.11626792E-02
  -1.10000086       3.22590657E-02
  -1.08000088       3.17536704E-02
  -1.06000090       3.03368308E-02
  -1.04000092       3.06164511E-02
  -1.02000093       3.12030762E-02
  -1.00000095       2.98323836E-02
 -0.980000973       2.89128050E-02
 -0.960000992       2.94257943E-02
 -0.940001011       2.91035250E-02
 -0.920001030       2.75582932E-02
 -0.900001049       2.71919779E-02
 -0.880001068       2.74403412E-02
 -0.860001087       2.63806637E-02
 -0.840001106       2.50983778E-02
 -0.820001125       2.51963902E-02
 -0.800001144       2.48165671E-02
 -0.780001163       2.34832354E-02
 -0.760001183       2.27898750E-02
 -0.740001202       2.28958745E-02
 -0.720001221       2.19237693E-02
 -0.700001240       2.08630450E-02
 -0.680001259       2.05077752E-02
 -0.660001278       2.02096142E-02
 -0.640001297       1.93038248E-02
 -0.620001316       1.84881836E-02
 -0.600001335       1.79723017E-02
 -0.580001354       1.79094952E-02
 -0.560001373       1.72185544E-02
 -0.540001392       1.59391817E-02
 -0.520001411       1.58383623E-02
 -0.500001431       1.65395513E-02
 -0.480001420       1.49013558E-02
 -0.460001409       1.34234102E-02
 -0.440001398       1.50539400E-02
 -0.420001388       1.53026003E-02
 -0.400001377       1.20049734E-02
 -0.380001366       1.24230506E-02
 -0.360001355       1.53608872E-02
 -0.340001345       1.29938312E-02
 -0.320001334       9.97283775E-03
 -0.300001323       1.33179445E-02
 -0.280001312       1.50449779E-02
 -0.260001302       1.04904091E-02
 -0.240001306       9.55510046E-03
 -0.220001310       1.50708258E-02
 -0.200001314       1.42379254E-02
 -0.180001318       7.74521800E-03
 -0.160001323       1.09783616E-02
 -0.140001327       1.78018883E-02
 -0.120001331       1.09089715E-02
 -0.100001335       5.60233183E-03
  -8.00013393E-02   1.62174609E-02
  -6.00013398E-02   1.75745469E-02
  -4.00013402E-02   4.39479062E-03
  -2.00013407E-02   9.11115762E-03
  -1.34110451E-06   2.10974608E-02
   1.99986584E-02   1.25584844E-02
   3.99986580E-02   1.07250456E-02
   5.99986576E-02   1.36175044E-02
   7.99986571E-02   1.82823110E-02
   9.99986529E-02   2.37260740E-02
  0.119998649       2.95887906E-02
  0.139998645       3.67893837E-02
  0.159998640       4.30309549E-02
  0.179998636       5.16130850E-02
  0.199998632       5.91395944E-02
  0.219998628       6.86760023E-02
  0.239998624       7.81570449E-02
  0.259998620       8.82581621E-02
  0.279998630      0.100581117    
  0.299998641      0.111304104    
  0.319998652      0.125419602    
  0.339998662      0.138732135    
  0.359998673      0.153262213    
  0.379998684      0.170529753    
  0.399998695      0.184803516    
  0.419998705      0.203949004    
  0.439998716      0.223414332    
  0.459998727      0.239788473    
  0.479998738      0.263645321    
  0.499998748      0.283967912    
  0.519998729      0.303741395    
  0.539998710      0.331303328    
  0.559998691      0.352145910    
  0.579998672      0.374870241    
  0.599998653      0.404854357    
  0.619998634      0.427718937    
  0.639998615      0.451402873    
  0.659998596      0.483077943    
  0.679998577      0.507912517    
  0.699998558      0.532086432    
  0.719998538      0.563705742    
  0.739998519      0.589130998    
  0.759998500      0.613352776    
  0.779998481      0.643467009    
  0.799998462      0.669120491    
  0.819998443      0.691013515    
  0.839998424      0.718536794    
  0.859998405      0.744319260    
  0.879998386      0.762959242    
  0.899998367      0.785792828    
  0.919998348      0.809443355    
  0.939998329      0.825624764    
  0.959998310      0.841695189    
  0.979998291      0.861093462    
  0.999998271      0.875745296    
   1.01999831      0.884396911    
   1.03999829      0.896327972    
   1.05999827      0.908505917    
   1.07999825      0.913044035    
   1.09999824      0.915011644    
   1.11999822      0.919299662    
   1.13999820      0.922324836    
   1.15999818      0.919020534    
   1.17999816      0.913234174    
   1.19999814      0.908899903    
   1.21999812      0.902663171    
   1.23999810      0.892959654    
   1.25999808      0.879873097    
   1.27999806      0.866059959    
   1.29999804      0.852160811    
   1.31999803      0.836484909    
   1.33999801      0.818205237    
   1.35999799      0.796687603    
   1.37999797      0.775640965    
   1.39999795      0.755372584    
   1.41999793      0.733339429    
   1.43999791      0.708081484    
   1.45999789      0.681271791    
   1.47999787      0.657228470    
   1.49999785      0.633269310    
   1.51999784      0.607009351    
   1.53999782      0.578753352    
   1.55999780      0.551527858    
   1.57999778      0.526857138    
   1.59999776      0.501345277    
   1.61999774      0.474731296    
   1.63999772      0.448051721    
   1.65999770      0.422643393    
   1.67999768      0.398633569    
   1.69999766      0.374649197    
   1.71999764      0.351576328    
   1.73999763      0.328825921    
   1.75999761      0.306301415    
   1.77999759      0.284303039    
   1.79999757      0.263825804    
   1.81999755      0.246075153    
   1.83999753      0.228773773    
   1.85999751      0.210347846    
   1.87999749      0.191404402    
   1.89999747      0.174881652    
   1.91999745      0.162020415    
   1.93999743      0.150251925    
   1.95999742      0.137048930    
   1.97999740      0.122485809    
   1.99999738      0.109787568    
   2.01999736      0.100664608    
   2.03999734       9.29304212E-02
   2.05999732       8.40079039E-02
   2.07999730       7.37552494E-02
   2.09999728       6.51238784E-02
   2.11999726       5.95968179E-02
   2.13999724       5.51787727E-02
   2.15999722       4.92124744E-02
   2.17999721       4.16030623E-02
   2.19999719       3.54903154E-02
   2.21999717       3.26939598E-02
   2.23999715       3.14856432E-02
   2.25999713       2.84830220E-02
   2.27999711       2.29307059E-02
   2.29999709       1.78015493E-02
   2.31999707       1.59451924E-02
   2.33999705       1.65939443E-02
   2.35999703       1.60264950E-02
   2.37999701       1.24634840E-02
   2.39999700       8.14891420E-03
   2.41999698       6.57938467E-03
   2.43999696       8.09879787E-03
   2.45999694       9.32228751E-03
   2.47999692       7.55144749E-03
   2.49999690       3.91982077E-03
   2.51999688       1.99100212E-03
   2.53999686       3.20699206E-03
   2.55999684       5.19803260E-03
   2.57999682       4.86692274E-03
   2.59999681       2.15875893E-03
   2.61999679       2.40336754E-04
   2.63999677       1.20732374E-03
   2.65999675       3.39011219E-03
   2.67999673       3.84719344E-03
   2.69999671       2.02230015E-03
   2.71999669       1.85820638E-04
   2.73999667       7.23732286E-04
   2.75999665       2.87669292E-03
   2.77999663       3.85702075E-03
   2.79999661       2.76355725E-03
   2.81999660       1.15503673E-03
   2.83999658       1.28146843E-03
   2.85999656       3.04355077E-03
   2.87999654       4.17812727E-03
   2.89999652       3.70731368E-03
   2.91999650       2.67824042E-03
   2.93999648       2.99655809E-03
   2.95999646       4.61653573E-03
   2.97999644       5.82137797E-03
   2.99999642       5.47290640E-03
   3.01999640       4.76832222E-03
   3.03999639       5.28528681E-03
   3.05999637       7.04854028E-03
   3.07999635       8.50937609E-03
   3.09999633       8.47533345E-03
