  -2.00000000       6.38469029E-03
  -1.98000002       1.05388062E-02
  -1.96000004       1.01179611E-02
  -1.94000006       7.76061928E-03
  -1.92000008       1.09067662E-02
  -1.90000010       1.40082212E-02
  -1.88000011       1.13020716E-02
  -1.86000013       1.03473747E-02
  -1.84000015       1.47998566E-02
  -1.82000017       1.60905626E-02
  -1.80000019       1.31001547E-02
  -1.78000021       1.45420721E-02
  -1.76000023       1.87246632E-02
  -1.74000025       1.77976657E-02
  -1.72000027       1.58314183E-02
  -1.70000029       1.91194136E-02
  -1.68000031       2.18320414E-02
  -1.66000032       1.96139757E-02
  -1.64000034       1.94364339E-02
  -1.62000036       2.35034805E-02
  -1.60000038       2.41973288E-02
  -1.58000040       2.17864104E-02
  -1.56000042       2.34633330E-02
  -1.54000044       2.69839317E-02
  -1.52000046       2.60029603E-02
  -1.50000048       2.46184710E-02
  -1.48000050       2.74385344E-02
  -1.46000051       2.93087121E-02
  -1.44000053       2.75258720E-02
  -1.42000055       2.77163610E-02
  -1.40000057       3.05996314E-02
  -1.38000059       3.06566861E-02
  -1.36000061       2.88747698E-02
  -1.34000063       3.04252263E-02
  -1.32000065       3.25021446E-02
  -1.30000067       3.11360005E-02
  -1.28000069       3.00792512E-02
  -1.26000071       3.23110670E-02
  -1.24000072       3.30352895E-02
  -1.22000074       3.10047287E-02
  -1.20000076       3.10922377E-02
  -1.18000078       3.30565944E-02
  -1.16000080       3.24159488E-02
  -1.14000082       3.06958277E-02
  -1.12000084       3.13477330E-02
  -1.10000086       3.24602686E-02
  -1.08000088       3.10036801E-02
  -1.06000090       2.98402645E-02
  -1.04000092       3.07543259E-02
  -1.02000093       3.08437999E-02
  -1.00000095       2.91670971E-02
 -0.980000973       2.87617128E-02
 -0.960000992       2.92235911E-02
 -0.940001011       2.84667071E-02
 -0.920001030       2.71722097E-02
 -0.900001049       2.70388685E-02
 -0.880001068       2.69120988E-02
 -0.860001087       2.58453451E-02
 -0.840001106       2.49209069E-02
 -0.820001125       2.47823782E-02
 -0.800001144       2.42165346E-02
 -0.780001163       2.32691243E-02
 -0.760001183       2.25127749E-02
 -0.740001202       2.22613178E-02
 -0.720001221       2.16359068E-02
 -0.700001240       2.07270049E-02
 -0.680001259       1.98872741E-02
 -0.660001278       1.98322274E-02
 -0.640001297       1.92995891E-02
 -0.620001316       1.79367252E-02
 -0.600001335       1.74828414E-02
 -0.580001354       1.80462357E-02
 -0.560001373       1.68038867E-02
 -0.540001392       1.52899632E-02
 -0.520001411       1.60402842E-02
 -0.500001431       1.64181571E-02
 -0.480001420       1.40542658E-02
 -0.460001409       1.35251675E-02
 -0.440001398       1.53375445E-02
 -0.420001388       1.44445281E-02
 -0.400001377       1.18206935E-02
 -0.380001366       1.29250223E-02
 -0.360001355       1.48036797E-02
 -0.340001345       1.26023544E-02
 -0.320001334       1.02760158E-02
 -0.300001323       1.31655186E-02
 -0.280001312       1.47628589E-02
 -0.260001302       1.04288226E-02
 -0.240001306       9.48215183E-03
 -0.220001310       1.51585517E-02
 -0.200001314       1.40120452E-02
 -0.180001318       7.35655846E-03
 -0.160001323       1.13433925E-02
 -0.140001327       1.77529640E-02
 -0.120001331       1.01059154E-02
 -0.100001335       5.94580173E-03
  -8.00013393E-02   1.63855925E-02
  -6.00013398E-02   1.66282300E-02
  -4.00013402E-02   4.42098686E-03
  -2.00013407E-02   9.30201076E-03
  -1.34110451E-06   2.02425160E-02
   1.99986584E-02   1.21571580E-02
   3.99986580E-02   9.71351657E-03
   5.99986576E-02   1.32525172E-02
   7.99986571E-02   1.70269459E-02
   9.99986529E-02   2.31199563E-02
  0.119998649       2.82669235E-02
  0.139998645       3.52906547E-02
  0.159998640       4.21727933E-02
  0.179998636       4.89287749E-02
  0.199998632       5.83122633E-02
  0.219998628       6.54558912E-02
  0.239998624       7.63188377E-02
  0.259998620       8.55126977E-02
  0.279998630       9.65926126E-02
  0.299998641      0.109328888    
  0.319998652      0.120166928    
  0.339998662      0.135332718    
  0.359998673      0.148877501    
  0.379998684      0.164052933    
  0.399998695      0.181571692    
  0.419998705      0.196339414    
  0.439998716      0.216690749    
  0.459998727      0.235324562    
  0.479998738      0.253212273    
  0.499998748      0.277399421    
  0.519998729      0.296937197    
  0.539998710      0.318867236    
  0.559998691      0.345255107    
  0.579998672      0.366140068    
  0.599998653      0.390535444    
  0.619998634      0.419565886    
  0.639998615      0.441873372    
  0.659998596      0.467108697    
  0.679998577      0.497893006    
  0.699998558      0.521976233    
  0.719998538      0.547281861    
  0.739998519      0.577161014    
  0.759998500      0.602825999    
  0.779998481      0.627385199    
  0.799998462      0.655322433    
  0.819998443      0.680748582    
  0.839998424      0.703451157    
  0.859998405      0.729119897    
  0.879998386      0.752606511    
  0.899998367      0.773168802    
  0.919998348      0.794432223    
  0.939998329      0.814439476    
  0.959998310      0.831934690    
  0.979998291      0.848254859    
  0.999998271      0.864014447    
   1.01999831      0.876523852    
   1.03999829      0.887505114    
   1.05999827      0.898138165    
   1.07999825      0.905388653    
   1.09999824      0.910299420    
   1.11999822      0.913747132    
   1.13999820      0.915628731    
   1.15999818      0.914876521    
   1.17999816      0.912202716    
   1.19999814      0.908043385    
   1.21999812      0.900318861    
   1.23999810      0.891780496    
   1.25999808      0.882712722    
   1.27999806      0.870591819    
   1.29999804      0.854692936    
   1.31999803      0.838182688    
   1.33999801      0.823706329    
   1.35999799      0.805943549    
   1.37999797      0.783596158    
   1.39999795      0.760543525    
   1.41999793      0.740190446    
   1.43999791      0.719649553    
   1.45999789      0.693974614    
   1.47999787      0.666910946    
   1.49999785      0.641562223    
   1.51999784      0.618185043    
   1.53999782      0.593081176    
   1.55999780      0.565342247    
   1.57999778      0.538177013    
   1.59999776      0.512000024    
   1.61999774      0.487180561    
   1.63999772      0.462330610    
   1.65999770      0.436887294    
   1.67999768      0.411222219    
   1.69999766      0.385677338    
   1.71999764      0.362647682    
   1.73999763      0.341373235    
   1.75999761      0.320126683    
   1.77999759      0.297269493    
   1.79999757      0.274235845    
   1.81999755      0.254701525    
   1.83999753      0.238254666    
   1.85999751      0.221958414    
   1.87999749      0.203326255    
   1.89999747      0.184626117    
   1.91999745      0.169175386    
   1.93999743      0.156853974    
   1.95999742      0.144891962    
   1.97999740      0.131068915    
   1.99999738      0.117553972    
   2.01999736      0.107052781    
   2.03999734       9.87566188E-02
   2.05999732       8.98647159E-02
   2.07999730       7.91481361E-02
   2.09999728       6.94666207E-02
   2.11999726       6.33193403E-02
   2.13999724       5.94571419E-02
   2.15999722       5.41582331E-02
   2.17999721       4.61087078E-02
   2.19999719       3.84544246E-02
   2.21999717       3.43770795E-02
   2.23999715       3.32410857E-02
   2.25999713       3.09712589E-02
   2.27999711       2.56226249E-02
   2.29999709       1.98352318E-02
   2.31999707       1.73239075E-02
   2.33999705       1.80510115E-02
   2.35999703       1.78656895E-02
   2.37999701       1.41872121E-02
   2.39999700       9.13651008E-03
   2.41999698       6.99888822E-03
   2.43999696       8.63196328E-03
   2.45999694       1.02712763E-02
   2.47999692       8.50113574E-03
   2.49999690       4.48263064E-03
   2.51999688       2.46546720E-03
   2.53999686       4.02039895E-03
   2.55999684       6.14484167E-03
   2.57999682       5.39104175E-03
   2.59999681       2.20024190E-03
   2.61999679       2.59551278E-04
   2.63999677       1.62132340E-03
   2.65999675       3.99646163E-03
   2.67999673       3.91968666E-03
   2.69999671       1.54144526E-03
   2.71999669       5.34797800E-05
   2.73999667       1.37092872E-03
   2.75999665       3.80802806E-03
   2.77999663       4.18215757E-03
   2.79999661       2.24260264E-03
   2.81999660       8.14906729E-04
   2.83999658       1.78749848E-03
   2.85999656       3.98923783E-03
   2.87999654       4.65732021E-03
   2.89999652       3.42620350E-03
   2.91999650       2.52244226E-03
   2.93999648       3.48529173E-03
   2.95999646       5.40965516E-03
   2.97999644       6.06758101E-03
   2.99999642       5.25408192E-03
   3.01999640       4.81469603E-03
   3.03999639       6.02895813E-03
   3.05999637       7.87465367E-03
   3.07999635       8.80888291E-03
   3.09999633       8.39402061E-03
