  -2.00000000       6.47702208E-03
  -1.98000002       1.10213682E-02
  -1.96000004       1.05605153E-02
  -1.94000006       8.18898063E-03
  -1.92000008       1.15715489E-02
  -1.90000010       1.43871689E-02
  -1.88000011       1.12327887E-02
  -1.86000013       1.06713129E-02
  -1.84000015       1.55143524E-02
  -1.82000017       1.63577106E-02
  -1.80000019       1.33531410E-02
  -1.78000021       1.54358028E-02
  -1.76000023       1.92251988E-02
  -1.74000025       1.74113028E-02
  -1.72000027       1.60837471E-02
  -1.70000029       2.02762056E-02
  -1.68000031       2.22565252E-02
  -1.66000032       1.94182880E-02
  -1.64000034       2.00115312E-02
  -1.62000036       2.41320152E-02
  -1.60000038       2.39110421E-02
  -1.58000040       2.20039785E-02
  -1.56000042       2.46923845E-02
  -1.54000044       2.71993242E-02
  -1.52000046       2.51698121E-02
  -1.50000048       2.50483509E-02
  -1.48000050       2.87427269E-02
  -1.46000051       2.92306319E-02
  -1.44000053       2.68585812E-02
  -1.42000055       2.82580256E-02
  -1.40000057       3.12094353E-02
  -1.38000059       3.02359946E-02
  -1.36000061       2.88381688E-02
  -1.34000063       3.10128890E-02
  -1.32000065       3.21817510E-02
  -1.30000067       3.05659212E-02
  -1.28000069       3.07634734E-02
  -1.26000071       3.27548385E-02
  -1.24000072       3.19841318E-02
  -1.22000074       3.06131877E-02
  -1.20000076       3.21403630E-02
  -1.18000078       3.29728350E-02
  -1.16000080       3.09981592E-02
  -1.14000082       3.06238569E-02
  -1.12000084       3.23152505E-02
  -1.10000086       3.18962596E-02
  -1.08000088       2.97160819E-02
  -1.06000090       3.01168021E-02
  -1.04000092       3.13249081E-02
  -1.02000093       2.98784915E-02
  -1.00000095       2.82679163E-02
 -0.980000973       2.91663744E-02
 -0.960000992       2.92638410E-02
 -0.940001011       2.74627525E-02
 -0.920001030       2.66771764E-02
 -0.900001049       2.72952970E-02
 -0.880001068       2.65649259E-02
 -0.860001087       2.50035767E-02
 -0.840001106       2.46938933E-02
 -0.820001125       2.48145014E-02
 -0.800001144       2.36947127E-02
 -0.780001163       2.26619076E-02
 -0.760001183       2.23988574E-02
 -0.740001202       2.21225936E-02
 -0.720001221       2.10846793E-02
 -0.700001240       2.02916395E-02
 -0.680001259       1.98218413E-02
 -0.660001278       1.96049996E-02
 -0.640001297       1.87313110E-02
 -0.620001316       1.76868923E-02
 -0.600001335       1.75083224E-02
 -0.580001354       1.76385827E-02
 -0.560001373       1.63488761E-02
 -0.540001392       1.53097073E-02
 -0.520001411       1.59219094E-02
 -0.500001431       1.59317721E-02
 -0.480001420       1.39007801E-02
 -0.460001409       1.35517726E-02
 -0.440001398       1.50608011E-02
 -0.420001388       1.42084835E-02
 -0.400001377       1.17145060E-02
 -0.380001366       1.28507558E-02
 -0.360001355       1.47525985E-02
 -0.340001345       1.23052653E-02
 -0.320001334       1.01240538E-02
 -0.300001323       1.34032117E-02
 -0.280001312       1.45512708E-02
 -0.260001302       9.98491235E-03
 -0.240001306       9.78801772E-03
 -0.220001310       1.52541948E-02
 -0.200001314       1.34123163E-02
 -0.180001318       7.43055018E-03
 -0.160001323       1.16465157E-02
 -0.140001327       1.72801483E-02
 -0.120001331       9.90772713E-03
 -0.100001335       6.09881105E-03
  -8.00013393E-02   1.61884297E-02
  -6.00013398E-02   1.63440816E-02
  -4.00013402E-02   4.12459951E-03
  -2.00013407E-02   9.27147176E-03
  -1.34110451E-06   2.00764779E-02
   1.99986584E-02   1.11595616E-02
   3.99986580E-02   9.54584870E-03
   5.99986576E-02   1.21143712E-02
   7.99986571E-02   1.69032775E-02
   9.99986529E-02   2.15897672E-02
  0.119998649       2.80520190E-02
  0.139998645       3.34482342E-02
  0.159998640       4.13263924E-02
  0.179998636       4.75534834E-02
  0.199998632       5.59534878E-02
  0.219998628       6.46970943E-02
  0.239998624       7.29372650E-02
  0.259998620       8.41182992E-02
  0.279998630       9.35523733E-02
  0.299998641      0.105851665    
  0.319998652      0.118156955    
  0.339998662      0.130319238    
  0.359998673      0.145741135    
  0.379998684      0.159759715    
  0.399998695      0.175979450    
  0.419998705      0.192705616    
  0.439998716      0.209789336    
  0.459998727      0.229703650    
  0.479998738      0.247869849    
  0.499998748      0.268824488    
  0.519998729      0.290802151    
  0.539998710      0.311520964    
  0.559998691      0.335500777    
  0.579998672      0.359144747    
  0.599998653      0.381680459    
  0.619998634      0.408173084    
  0.639998615      0.433961302    
  0.659998596      0.457392573    
  0.679998577      0.485178441    
  0.699998558      0.512336433    
  0.719998538      0.537325919    
  0.739998519      0.564274073    
  0.759998500      0.591199934    
  0.779998481      0.617161751    
  0.799998462      0.642942727    
  0.819998443      0.668209970    
  0.839998424      0.692510307    
  0.859998405      0.717689097    
  0.879998386      0.740288615    
  0.899998367      0.761479080    
  0.919998348      0.784219623    
  0.939998329      0.803808451    
  0.959998310      0.820412695    
  0.979998291      0.838242054    
  0.999998271      0.855699122    
   1.01999831      0.867419899    
   1.03999829      0.877670288    
   1.05999827      0.890957654    
   1.07999825      0.899859011    
   1.09999824      0.903187633    
   1.11999822      0.907133818    
   1.13999820      0.912301064    
   1.15999818      0.912262678    
   1.17999816      0.907643795    
   1.19999814      0.905183256    
   1.21999812      0.901336253    
   1.23999810      0.892438412    
   1.25999808      0.881219268    
   1.27999806      0.871356368    
   1.29999804      0.859803915    
   1.31999803      0.842860460    
   1.33999801      0.825524211    
   1.35999799      0.809363663    
   1.37999797      0.791628540    
   1.39999795      0.769477129    
   1.41999793      0.746105552    
   1.43999791      0.725026608    
   1.45999789      0.702888608    
   1.47999787      0.678550541    
   1.49999785      0.652023256    
   1.51999784      0.626382768    
   1.53999782      0.601683438    
   1.55999780      0.576520264    
   1.57999778      0.551029623    
   1.59999776      0.523999631    
   1.61999774      0.497157514    
   1.63999772      0.471688420    
   1.65999770      0.447966903    
   1.67999768      0.424315006    
   1.69999766      0.398458093    
   1.71999764      0.372970581    
   1.73999763      0.349972874    
   1.75999761      0.329835415    
   1.77999759      0.309181929    
   1.79999757      0.286388636    
   1.81999755      0.264535010    
   1.83999753      0.245970026    
   1.85999751      0.229857862    
   1.87999749      0.212566525    
   1.89999747      0.194218218    
   1.91999745      0.177591637    
   1.93999743      0.164081424    
   1.95999742      0.151849523    
   1.97999740      0.137909114    
   1.99999738      0.123667426    
   2.01999736      0.112389542    
   2.03999734      0.104313746    
   2.05999732       9.61317644E-02
   2.07999730       8.51822123E-02
   2.09999728       7.38732070E-02
   2.11999726       6.60490915E-02
   2.13999724       6.20992519E-02
   2.15999722       5.78420572E-02
   2.17999721       5.04138917E-02
   2.19999719       4.20613959E-02
   2.21999717       3.68312076E-02
   2.23999715       3.53462547E-02
   2.25999713       3.33813094E-02
   2.27999711       2.79907715E-02
   2.29999709       2.14291438E-02
   2.31999707       1.82609465E-02
   2.33999705       1.91842243E-02
   2.35999703       1.96711197E-02
   2.37999701       1.61308888E-02
   2.39999700       1.04400180E-02
   2.41999698       7.62443896E-03
   2.43999696       9.10170656E-03
   2.45999694       1.09135546E-02
   2.47999692       9.05714277E-03
   2.49999690       4.74173389E-03
   2.51999688       2.73862830E-03
   2.53999686       4.75531863E-03
   2.55999684       7.16794282E-03
   2.57999682       5.97687578E-03
   2.59999681       2.23130197E-03
   2.61999679       3.64477834E-04
   2.63999677       2.15877965E-03
   2.65999675       4.61722212E-03
   2.67999673       4.09989059E-03
   2.69999671       1.27946888E-03
   2.71999669       8.36527761E-05
   2.73999667       2.02389085E-03
   2.75999665       4.32944717E-03
   2.77999663       4.00600815E-03
   2.79999661       1.67275267E-03
   2.81999660       8.03072122E-04
   2.83999658       2.67952820E-03
   2.85999656       4.80682869E-03
   2.87999654       4.65007219E-03
   2.89999652       2.86215567E-03
   2.91999650       2.52427976E-03
   2.93999648       4.35293885E-03
   2.95999646       6.25874288E-03
   2.97999644       6.10393845E-03
   2.99999642       4.83832788E-03
   3.01999640       4.94813593E-03
   3.03999639       6.91113248E-03
   3.05999637       8.72003660E-03
   3.07999635       9.01135709E-03
   3.09999633       8.24414939E-03
