  -2.00000000       7.98134692E-03
  -1.98000002       1.31842578E-02
  -1.96000004       1.16291530E-02
  -1.94000006       8.31302721E-03
  -1.92000008       1.19963642E-02
  -1.90000010       1.47337578E-02
  -1.88000011       1.16413636E-02
  -1.86000013       1.24647887E-02
  -1.84000015       1.73768047E-02
  -1.82000017       1.61984488E-02
  -1.80000019       1.31610669E-02
  -1.78000021       1.71000324E-02
  -1.76000023       2.04806738E-02
  -1.74000025       1.75060127E-02
  -1.72000027       1.74480639E-02
  -1.70000029       2.18295846E-02
  -1.68000031       2.15626489E-02
  -1.66000032       1.93011127E-02
  -1.64000034       2.26619225E-02
  -1.62000036       2.55784355E-02
  -1.60000038       2.27235351E-02
  -1.58000040       2.24400628E-02
  -1.56000042       2.69191787E-02
  -1.54000044       2.73622610E-02
  -1.52000046       2.47637648E-02
  -1.50000048       2.67644320E-02
  -1.48000050       2.95211133E-02
  -1.46000051       2.78468896E-02
  -1.44000053       2.75820456E-02
  -1.42000055       3.06310020E-02
  -1.40000057       3.05136889E-02
  -1.38000059       2.84258462E-02
  -1.36000061       3.03378105E-02
  -1.34000063       3.26410308E-02
  -1.32000065       3.05500831E-02
  -1.30000067       2.95722075E-02
  -1.28000069       3.22976112E-02
  -1.26000071       3.27509604E-02
  -1.24000072       3.03698368E-02
  -1.22000074       3.09787169E-02
  -1.20000076       3.28450389E-02
  -1.18000078       3.15107070E-02
  -1.16000080       3.02484538E-02
  -1.14000082       3.15483734E-02
  -1.12000084       3.15510891E-02
  -1.10000086       2.99503561E-02
  -1.08000088       2.99443528E-02
  -1.06000090       3.07311714E-02
  -1.04000092       2.95260046E-02
  -1.02000093       2.84977257E-02
  -1.00000095       2.90283430E-02
 -0.980000973       2.86567304E-02
 -0.960000992       2.71809250E-02
 -0.940001011       2.71066371E-02
 -0.920001030       2.70547830E-02
 -0.900001049       2.58757062E-02
 -0.880001068       2.51308009E-02
 -0.860001087       2.51086392E-02
 -0.840001106       2.41982229E-02
 -0.820001125       2.33154446E-02
 -0.800001144       2.31740251E-02
 -0.780001163       2.24541500E-02
 -0.760001183       2.13043187E-02
 -0.740001202       2.13208646E-02
 -0.720001221       2.08341721E-02
 -0.700001240       1.93807222E-02
 -0.680001259       1.90372262E-02
 -0.660001278       1.94334574E-02
 -0.640001297       1.78939905E-02
 -0.620001316       1.68139320E-02
 -0.600001335       1.75165329E-02
 -0.580001354       1.70957148E-02
 -0.560001373       1.52853616E-02
 -0.540001392       1.52266454E-02
 -0.520001411       1.58828888E-02
 -0.500001431       1.48720937E-02
 -0.480001420       1.34882648E-02
 -0.460001409       1.37813743E-02
 -0.440001398       1.44791380E-02
 -0.420001388       1.35440007E-02
 -0.400001377       1.17040221E-02
 -0.380001366       1.27633968E-02
 -0.360001355       1.44063476E-02
 -0.340001345       1.18126106E-02
 -0.320001334       1.00121219E-02
 -0.300001323       1.36525463E-02
 -0.280001312       1.41489292E-02
 -0.260001302       9.24989581E-03
 -0.240001306       1.02738561E-02
 -0.220001310       1.54566336E-02
 -0.200001314       1.23018492E-02
 -0.180001318       7.41758151E-03
 -0.160001323       1.23610552E-02
 -0.140001327       1.64003447E-02
 -0.120001331       9.23289545E-03
 -0.100001335       6.56326208E-03
  -8.00013393E-02   1.59989092E-02
  -6.00013398E-02   1.52027998E-02
  -4.00013402E-02   3.86778382E-03
  -2.00013407E-02   9.45546571E-03
  -1.34110451E-06   1.89187396E-02
   1.99986584E-02   9.92881320E-03
   3.99986580E-02   8.44235905E-03
   5.99986576E-02   1.07828490E-02
   7.99986571E-02   1.54306507E-02
   9.99986529E-02   2.00600252E-02
  0.119998649       2.58400273E-02
  0.139998645       3.16267312E-02
  0.159998640       3.80296819E-02
  0.179998636       4.54501621E-02
  0.199998632       5.19503653E-02
  0.219998628       6.10501766E-02
  0.239998624       6.89463317E-02
  0.259998620       7.87056759E-02
  0.279998630       8.88732225E-02
  0.299998641       9.91379023E-02
  0.319998652      0.111973137    
  0.339998662      0.123125702    
  0.359998673      0.137156039    
  0.379998684      0.151670337    
  0.399998695      0.165483743    
  0.419998705      0.183484674    
  0.439998716      0.198145747    
  0.459998727      0.216443300    
  0.479998738      0.237147108    
  0.499998748      0.253116071    
  0.519998729      0.275844991    
  0.539998710      0.297927469    
  0.559998691      0.316317260    
  0.579998672      0.342231184    
  0.599998653      0.365831971    
  0.619998634      0.385404348    
  0.639998615      0.414487898    
  0.659998596      0.439697117    
  0.679998577      0.460084200    
  0.699998558      0.490107387    
  0.719998538      0.517060518    
  0.739998519      0.538619876    
  0.759998500      0.567067623    
  0.779998481      0.595177770    
  0.799998462      0.616422892    
  0.819998443      0.643240035    
  0.839998424      0.670709372    
  0.859998405      0.690839767    
  0.879998386      0.714492738    
  0.899998367      0.740627706    
  0.919998348      0.759850085    
  0.939998329      0.777746916    
  0.959998310      0.800648391    
  0.979998291      0.818768501    
  0.999998271      0.831091940    
   1.01999831      0.847718179    
   1.03999829      0.863670945    
   1.05999827      0.872658551    
   1.07999825      0.880220473    
   1.09999824      0.891270697    
   1.11999822      0.898500979    
   1.13999820      0.898976088    
   1.15999818      0.900399327    
   1.17999816      0.902896702    
   1.19999814      0.902030706    
   1.21999812      0.895924449    
   1.23999810      0.889093816    
   1.25999808      0.883014917    
   1.27999806      0.874741495    
   1.29999804      0.863178372    
   1.31999803      0.848116040    
   1.33999801      0.833513558    
   1.35999799      0.819214821    
   1.37999797      0.802863479    
   1.39999795      0.782318473    
   1.41999793      0.760090768    
   1.43999791      0.740625083    
   1.45999789      0.720403194    
   1.47999787      0.697014868    
   1.49999785      0.670745790    
   1.51999784      0.646374822    
   1.53999782      0.623728573    
   1.55999780      0.598924696    
   1.57999778      0.572452426    
   1.59999776      0.545971394    
   1.61999774      0.521314919    
   1.63999772      0.496492714    
   1.65999770      0.471171618    
   1.67999768      0.446533173    
   1.69999766      0.421897799    
   1.71999764      0.397479087    
   1.73999763      0.373288453    
   1.75999761      0.351608634    
   1.77999759      0.331156224    
   1.79999757      0.309207320    
   1.81999755      0.285951495    
   1.83999753      0.264990896    
   1.85999751      0.248682126    
   1.87999749      0.233052850    
   1.89999747      0.214659452    
   1.91999745      0.194674000    
   1.93999743      0.178064018    
   1.95999742      0.166370958    
   1.97999740      0.154902771    
   1.99999738      0.140431762    
   2.01999736      0.125356093    
   2.03999734      0.114283510    
   2.05999732      0.106624536    
   2.07999730       9.77027491E-02
   2.09999728       8.59652162E-02
   2.11999726       7.52092376E-02
   2.13999724       6.94581419E-02
   2.15999722       6.59488067E-02
   2.17999721       5.94988130E-02
   2.19999719       4.96106036E-02
   2.21999717       4.16459404E-02
   2.23999715       3.93867902E-02
   2.25999713       3.91397886E-02
   2.27999711       3.49624157E-02
   2.29999709       2.69182697E-02
   2.31999707       2.12573297E-02
   2.33999705       2.13325284E-02
   2.35999703       2.29325108E-02
   2.37999701       2.00103763E-02
   2.39999700       1.33151934E-02
   2.41999698       9.35727078E-03
   2.43999696       1.10003622E-02
   2.45999694       1.35505274E-02
   2.47999692       1.12735732E-02
   2.49999690       5.78439888E-03
   2.51999688       3.43416352E-03
   2.53999686       6.11810759E-03
   2.55999684       8.79044738E-03
   2.57999682       6.70222798E-03
   2.59999681       2.10490613E-03
   2.61999679       8.17082822E-04
   2.63999677       3.89579171E-03
   2.65999675       6.11067005E-03
   2.67999673       3.94173339E-03
   2.69999671       5.43459028E-04
   2.71999669       6.29524700E-04
   2.73999667       3.96047113E-03
   2.75999665       5.66271832E-03
   2.77999663       3.34192254E-03
   2.79999661       7.60635885E-04
   2.81999660       1.60942599E-03
   2.83999658       4.68204869E-03
   2.85999656       5.71272941E-03
   2.87999654       3.71273723E-03
   2.89999652       2.33630626E-03
   2.91999650       3.86703922E-03
   2.93999648       6.33781217E-03
   2.95999646       6.42930763E-03
   2.97999644       4.95006144E-03
   2.99999642       4.85937716E-03
   3.01999640       7.15991901E-03
   3.03999639       9.08390526E-03
   3.05999637       8.76673218E-03
   3.07999635       7.87335914E-03
   3.09999633       8.44956934E-03
