  -2.00000000       9.58104990E-03
  -1.98000002       1.34816663E-02
  -1.96000004       1.08231213E-02
  -1.94000006       8.92254617E-03
  -1.92000008       1.53034134E-02
  -1.90000010       1.71962716E-02
  -1.88000011       1.23563390E-02
  -1.86000013       1.40675269E-02
  -1.84000015       1.84283722E-02
  -1.82000017       1.57300346E-02
  -1.80000019       1.54264644E-02
  -1.78000021       2.11688634E-02
  -1.76000023       2.06080638E-02
  -1.74000025       1.65047105E-02
  -1.72000027       2.03885473E-02
  -1.70000029       2.41976026E-02
  -1.68000031       2.10089348E-02
  -1.66000032       2.12392621E-02
  -1.64000034       2.54954398E-02
  -1.62000036       2.41072811E-02
  -1.60000038       2.24118531E-02
  -1.58000040       2.69574001E-02
  -1.56000042       2.83615720E-02
  -1.54000044       2.45153178E-02
  -1.52000046       2.60886736E-02
  -1.50000048       3.02970558E-02
  -1.48000050       2.85502374E-02
  -1.46000051       2.69870758E-02
  -1.44000053       3.01872697E-02
  -1.42000055       3.04730069E-02
  -1.40000057       2.84770913E-02
  -1.38000059       3.06202210E-02
  -1.36000061       3.21085155E-02
  -1.34000063       2.94811316E-02
  -1.32000065       2.97947060E-02
  -1.30000067       3.29708718E-02
  -1.28000069       3.16143818E-02
  -1.26000071       2.92370263E-02
  -1.24000072       3.14645991E-02
  -1.22000074       3.26877870E-02
  -1.20000076       3.00521720E-02
  -1.18000078       2.98232995E-02
  -1.16000080       3.16489711E-02
  -1.14000082       3.04471422E-02
  -1.12000084       2.90814489E-02
  -1.10000086       3.01389433E-02
  -1.08000088       2.97667477E-02
  -1.06000090       2.82804798E-02
  -1.04000092       2.85270326E-02
  -1.02000093       2.86805779E-02
  -1.00000095       2.70703938E-02
 -0.980000973       2.67527234E-02
 -0.960000992       2.72598229E-02
 -0.940001011       2.58839037E-02
 -0.920001030       2.46705767E-02
 -0.900001049       2.53362413E-02
 -0.880001068       2.45485585E-02
 -0.860001087       2.29018722E-02
 -0.840001106       2.30146907E-02
 -0.820001125       2.30789538E-02
 -0.800001144       2.13942658E-02
 -0.780001163       2.07760874E-02
 -0.760001183       2.11602394E-02
 -0.740001202       2.00989209E-02
 -0.720001221       1.88506022E-02
 -0.700001240       1.89540535E-02
 -0.680001259       1.85601041E-02
 -0.660001278       1.74922999E-02
 -0.640001297       1.70475468E-02
 -0.620001316       1.66692939E-02
 -0.600001335       1.61974896E-02
 -0.580001354       1.60203315E-02
 -0.560001373       1.49312858E-02
 -0.540001392       1.43254641E-02
 -0.520001411       1.52177801E-02
 -0.500001431       1.43358232E-02
 -0.480001420       1.24452813E-02
 -0.460001409       1.35100316E-02
 -0.440001398       1.45674963E-02
 -0.420001388       1.20199500E-02
 -0.400001377       1.12737902E-02
 -0.380001366       1.36308186E-02
 -0.360001355       1.32345613E-02
 -0.340001345       1.05713326E-02
 -0.320001334       1.10313259E-02
 -0.300001323       1.35234892E-02
 -0.280001312       1.27207022E-02
 -0.260001302       9.25004296E-03
 -0.240001306       1.08897751E-02
 -0.220001310       1.48556232E-02
 -0.200001314       1.14265885E-02
 -0.180001318       7.27362419E-03
 -0.160001323       1.29368985E-02
 -0.140001327       1.56450178E-02
 -0.120001331       7.71926623E-03
 -0.100001335       7.18997559E-03
  -8.00013393E-02   1.60768051E-02
  -6.00013398E-02   1.28133669E-02
  -4.00013402E-02   3.68925952E-03
  -2.00013407E-02   9.78368707E-03
  -1.34110451E-06   1.66507717E-02
   1.99986584E-02   8.27271398E-03
   3.99986580E-02   6.44785492E-03
   5.99986576E-02   9.15583223E-03
   7.99986571E-02   1.29129551E-02
   9.99986529E-02   1.76826436E-02
  0.119998649       2.28129029E-02
  0.139998645       2.81160511E-02
  0.159998640       3.41576636E-02
  0.179998636       4.04461809E-02
  0.199998632       4.73512262E-02
  0.219998628       5.47272377E-02
  0.239998624       6.23191483E-02
  0.259998620       7.13880658E-02
  0.279998630       8.02615508E-02
  0.299998641       9.01629627E-02
  0.319998652      0.101039626    
  0.339998662      0.112185217    
  0.359998673      0.124797814    
  0.379998684      0.137103915    
  0.399998695      0.151619852    
  0.419998705      0.165886462    
  0.439998716      0.181443423    
  0.459998727      0.198285565    
  0.479998738      0.213996485    
  0.499998748      0.233509392    
  0.519998729      0.252564669    
  0.539998710      0.270229548    
  0.559998691      0.292917371    
  0.579998672      0.313900143    
  0.599998653      0.333361119    
  0.619998634      0.359135747    
  0.639998615      0.380950361    
  0.659998596      0.402317286    
  0.679998577      0.430225909    
  0.699998558      0.453764915    
  0.719998538      0.475353003    
  0.739998519      0.504008234    
  0.759998500      0.529476523    
  0.779998481      0.551039875    
  0.799998462      0.578971088    
  0.819998443      0.604169607    
  0.839998424      0.625690520    
  0.859998405      0.651813865    
  0.879998386      0.676534891    
  0.899998367      0.695895135    
  0.919998348      0.719062924    
  0.939998329      0.743397534    
  0.959998310      0.759886563    
  0.979998291      0.777981043    
  0.999998271      0.799561083    
   1.01999831      0.814927042    
   1.03999829      0.826111734    
   1.05999827      0.842121780    
   1.07999825      0.856885731    
   1.09999824      0.863013268    
   1.11999822      0.870207906    
   1.13999820      0.880529761    
   1.15999818      0.886110961    
   1.17999816      0.885109484    
   1.19999814      0.885722816    
   1.21999812      0.888216138    
   1.23999810      0.885616839    
   1.25999808      0.878910720    
   1.27999806      0.871618986    
   1.29999804      0.865550995    
   1.31999803      0.856531143    
   1.33999801      0.844097376    
   1.35999799      0.829512835    
   1.37999797      0.815056920    
   1.39999795      0.801044285    
   1.41999793      0.783517540    
   1.43999791      0.763447344    
   1.45999789      0.742635787    
   1.47999787      0.723830998    
   1.49999785      0.703056693    
   1.51999784      0.678938210    
   1.53999782      0.654864907    
   1.55999780      0.632325888    
   1.57999778      0.609617710    
   1.59999776      0.583750486    
   1.61999774      0.558267951    
   1.63999772      0.534582257    
   1.65999770      0.510852277    
   1.67999768      0.485400170    
   1.69999766      0.460046768    
   1.71999764      0.437450379    
   1.73999763      0.414476633    
   1.75999761      0.389814436    
   1.77999759      0.365733266    
   1.79999757      0.345749199    
   1.81999755      0.326534927    
   1.83999753      0.303941607    
   1.85999751      0.280529290    
   1.87999749      0.261748552    
   1.89999747      0.247587889    
   1.91999745      0.231032819    
   1.93999743      0.210223585    
   1.95999742      0.191211373    
   1.97999740      0.178744465    
   1.99999738      0.168485209    
   2.01999736      0.153678432    
   2.03999734      0.136776358    
   2.05999732      0.124651432    
   2.07999730      0.117899716    
   2.09999728      0.109068722    
   2.11999726       9.52379405E-02
   2.13999724       8.28746557E-02
   2.15999722       7.78130591E-02
   2.17999721       7.54993036E-02
   2.19999719       6.72760606E-02
   2.21999717       5.45662604E-02
   2.23999715       4.67160419E-02
   2.25999713       4.69822139E-02
   2.27999711       4.67679352E-02
   2.29999709       3.88736017E-02
   2.31999707       2.86556352E-02
   2.33999705       2.56415009E-02
   2.35999703       2.87568644E-02
   2.37999701       2.78418716E-02
   2.39999700       1.96652599E-02
   2.41999698       1.28684556E-02
   2.43999696       1.44878142E-02
   2.45999694       1.85661223E-02
   2.47999692       1.57388281E-02
   2.49999690       7.89572671E-03
   2.51999688       5.03379805E-03
   2.53999686       9.45837237E-03
   2.55999684       1.23136761E-02
   2.57999682       7.78998714E-03
   2.59999681       1.91763276E-03
   2.61999679       2.90135643E-03
   2.63999677       8.02364759E-03
   2.65999675       8.26345570E-03
   2.67999673       2.89057451E-03
   2.69999671       5.52470665E-05
   2.71999669       3.65133211E-03
   2.73999667       7.46747479E-03
   2.75999665       5.28120250E-03
   2.77999663       9.30262497E-04
   2.79999661       1.47102599E-03
   2.81999660       5.96865779E-03
   2.83999658       7.37882685E-03
   2.85999656       4.00276715E-03
   2.87999654       1.94753893E-03
   2.89999652       4.60613845E-03
   2.91999650       7.83639587E-03
   2.93999648       6.86383992E-03
   2.95999646       4.50192159E-03
   2.97999644       5.62152732E-03
   2.99999642       9.11751390E-03
   3.01999640       9.86933243E-03
   3.03999639       7.69705605E-03
   3.05999637       7.19498005E-03
   3.07999635       1.04489783E-02
   3.09999633       1.29771084E-02
