  -2.00000000       8.11149366E-03
  -1.98000002       1.40087679E-02
  -1.96000004       1.25329513E-02
  -1.94000006       1.14429137E-02
  -1.92000008       1.75408162E-02
  -1.90000010       1.67689119E-02
  -1.88000011       1.16391806E-02
  -1.86000013       1.63138676E-02
  -1.84000015       2.05572993E-02
  -1.82000017       1.63031425E-02
  -1.80000019       1.72836501E-02
  -1.78000021       2.22720318E-02
  -1.76000023       1.92315429E-02
  -1.74000025       1.79169290E-02
  -1.72000027       2.42115818E-02
  -1.70000029       2.41169855E-02
  -1.68000031       1.98859591E-02
  -1.66000032       2.37435997E-02
  -1.64000034       2.67082956E-02
  -1.62000036       2.31961198E-02
  -1.60000038       2.47194842E-02
  -1.58000040       2.88151596E-02
  -1.56000042       2.60014273E-02
  -1.54000044       2.49586292E-02
  -1.52000046       2.99833845E-02
  -1.50000048       2.96228398E-02
  -1.48000050       2.63005327E-02
  -1.46000051       2.93069724E-02
  -1.44000053       3.14329453E-02
  -1.42000055       2.84574702E-02
  -1.40000057       2.94122752E-02
  -1.38000059       3.20832394E-02
  -1.36000061       2.97834780E-02
  -1.34000063       2.92497836E-02
  -1.32000065       3.24552841E-02
  -1.30000067       3.13581415E-02
  -1.28000069       2.88712308E-02
  -1.26000071       3.12913693E-02
  -1.24000072       3.22897881E-02
  -1.22000074       2.93700304E-02
  -1.20000076       2.96309125E-02
  -1.18000078       3.14912014E-02
  -1.16000080       2.96551064E-02
  -1.14000082       2.86046378E-02
  -1.12000084       3.01134512E-02
  -1.10000086       2.91022994E-02
  -1.08000088       2.75480486E-02
  -1.06000090       2.86697820E-02
  -1.04000092       2.81646755E-02
  -1.02000093       2.61904858E-02
  -1.00000095       2.66632773E-02
 -0.980000973       2.71481331E-02
 -0.960000992       2.49747764E-02
 -0.940001011       2.43583973E-02
 -0.920001030       2.53413934E-02
 -0.900001049       2.39641648E-02
 -0.880001068       2.22997665E-02
 -0.860001087       2.30587702E-02
 -0.840001106       2.26331111E-02
 -0.820001125       2.09214706E-02
 -0.800001144       2.07330119E-02
 -0.780001163       2.07911506E-02
 -0.760001183       1.95575692E-02
 -0.740001202       1.89658925E-02
 -0.720001221       1.87764298E-02
 -0.700001240       1.78248864E-02
 -0.680001259       1.74701791E-02
 -0.660001278       1.72874741E-02
 -0.640001297       1.61128696E-02
 -0.620001316       1.56879909E-02
 -0.600001335       1.62468646E-02
 -0.580001354       1.50283985E-02
 -0.560001373       1.38421049E-02
 -0.540001392       1.46504510E-02
 -0.520001411       1.46636246E-02
 -0.500001431       1.29093165E-02
 -0.480001420       1.26474230E-02
 -0.460001409       1.36452783E-02
 -0.440001398       1.33105041E-02
 -0.420001388       1.16899731E-02
 -0.400001377       1.15771694E-02
 -0.380001366       1.30646089E-02
 -0.360001355       1.28521863E-02
 -0.340001345       1.02524571E-02
 -0.320001334       1.09222187E-02
 -0.300001323       1.37913395E-02
 -0.280001312       1.19244158E-02
 -0.260001302       8.69268458E-03
 -0.240001306       1.17703415E-02
 -0.220001310       1.45036886E-02
 -0.200001314       1.00426106E-02
 -0.180001318       7.86296092E-03
 -0.160001323       1.34166917E-02
 -0.140001327       1.41841806E-02
 -0.120001331       7.27047166E-03
 -0.100001335       7.76679814E-03
  -8.00013393E-02   1.52276969E-02
  -6.00013398E-02   1.16882864E-02
  -4.00013402E-02   3.40139028E-03
  -2.00013407E-02   9.60027426E-03
  -1.34110451E-06   1.52745750E-02
   1.99986584E-02   6.78347144E-03
   3.99986580E-02   5.24302945E-03
   5.99986576E-02   7.83773325E-03
   7.99986571E-02   1.12974560E-02
   9.99986529E-02   1.59723591E-02
  0.119998649       2.04067044E-02
  0.139998645       2.58942526E-02
  0.159998640       3.12179904E-02
  0.179998636       3.68105695E-02
  0.199998632       4.40991782E-02
  0.219998628       4.96881306E-02
  0.239998624       5.84284514E-02
  0.259998620       6.51451275E-02
  0.279998630       7.41946772E-02
  0.299998641       8.42028931E-02
  0.319998652       9.21796784E-02
  0.339998662      0.104971983    
  0.359998673      0.114865549    
  0.379998684      0.127266720    
  0.399998695      0.141049594    
  0.419998705      0.152961969    
  0.439998716      0.169159651    
  0.459998727      0.183990806    
  0.479998738      0.199017838    
  0.499998748      0.217632219    
  0.519998729      0.233696267    
  0.539998710      0.253272980    
  0.559998691      0.273179859    
  0.579998672      0.290974021    
  0.599998653      0.313996613    
  0.619998634      0.335041285    
  0.639998615      0.355072588    
  0.659998596      0.380001575    
  0.679998577      0.402620077    
  0.699998558      0.423807621    
  0.719998538      0.450974494    
  0.739998519      0.474280447    
  0.759998500      0.495958626    
  0.779998481      0.523385346    
  0.799998462      0.548604786    
  0.819998443      0.569927633    
  0.839998424      0.595005691    
  0.859998405      0.620725572    
  0.879998386      0.642179787    
  0.899998367      0.665040076    
  0.919998348      0.688141704    
  0.939998329      0.709224105    
  0.959998310      0.729606628    
  0.979998291      0.749620080    
  0.999998271      0.768068910    
   1.01999831      0.785408378    
   1.03999829      0.801751375    
   1.05999827      0.815439761    
   1.07999825      0.829552591    
   1.09999824      0.841805518    
   1.11999822      0.850975037    
   1.13999820      0.858996928    
   1.15999818      0.867110491    
   1.17999816      0.872243941    
   1.19999814      0.873838484    
   1.21999812      0.875954032    
   1.23999810      0.876087070    
   1.25999808      0.873317719    
   1.27999806      0.868824422    
   1.29999804      0.864602268    
   1.31999803      0.856851399    
   1.33999801      0.846182883    
   1.35999799      0.836268842    
   1.37999797      0.825336337    
   1.39999795      0.811250031    
   1.41999793      0.793973684    
   1.43999791      0.778298736    
   1.45999789      0.761755884    
   1.47999787      0.743043900    
   1.49999785      0.722309232    
   1.51999784      0.700927675    
   1.53999782      0.679393828    
   1.55999780      0.657535732    
   1.57999778      0.636301041    
   1.59999776      0.612350166    
   1.61999774      0.586389542    
   1.63999772      0.561792016    
   1.65999770      0.540962219    
   1.67999768      0.518890619    
   1.69999766      0.491624355    
   1.71999764      0.464636147    
   1.73999763      0.443286180    
   1.75999761      0.424400210    
   1.77999759      0.400103509    
   1.79999757      0.373377025    
   1.81999755      0.351525217    
   1.83999753      0.334526181    
   1.85999751      0.314488649    
   1.87999749      0.290441126    
   1.89999747      0.270189434    
   1.91999745      0.255474657    
   1.93999743      0.239440024    
   1.95999742      0.218270108    
   1.97999740      0.199434787    
   1.99999738      0.188259065    
   2.01999736      0.177944422    
   2.03999734      0.160693377    
   2.05999732      0.141632959    
   2.07999730      0.131111130    
   2.09999728      0.126487866    
   2.11999726      0.116649784    
   2.13999724       9.97695178E-02
   2.15999722       8.75925571E-02
   2.17999721       8.52598548E-02
   2.19999719       8.22529197E-02
   2.21999717       6.97549134E-02
   2.23999715       5.59305474E-02
   2.25999713       5.27308248E-02
   2.27999711       5.55653274E-02
   2.29999709       5.06325699E-02
   2.31999707       3.73967290E-02
   2.33999705       3.00004277E-02
   2.35999703       3.32158357E-02
   2.37999701       3.47741805E-02
   2.39999700       2.59597022E-02
   2.41999698       1.63921211E-02
   2.43999696       1.77564546E-02
   2.45999694       2.37585865E-02
   2.47999692       2.06583478E-02
   2.49999690       1.03147253E-02
   2.51999688       7.00535206E-03
   2.53999686       1.30412597E-02
   2.55999684       1.53547870E-02
   2.57999682       8.05275794E-03
   2.59999681       2.08428618E-03
   2.61999679       6.18021563E-03
   2.63999677       1.22414613E-02
   2.65999675       9.09870304E-03
   2.67999673       1.49524095E-03
   2.69999671       1.52556167E-03
   2.71999669       7.83288293E-03
   2.73999667       8.98781326E-03
   2.75999665       3.01819271E-03
   2.77999663       4.44504956E-04
   2.79999661       5.46405232E-03
   2.81999660       9.17435624E-03
   2.83999658       5.59697859E-03
   2.85999656       1.49883225E-03
   2.87999654       4.41559171E-03
   2.89999652       9.26544890E-03
   2.91999650       8.37720558E-03
   2.93999648       4.38531535E-03
   2.95999646       5.31861000E-03
   2.97999644       9.90769174E-03
   2.99999642       1.06774382E-02
   3.01999640       7.34782824E-03
   3.03999639       7.20976479E-03
   3.05999637       1.16866287E-02
   3.07999635       1.45736132E-02
   3.09999633       1.24248480E-02
