  -2.00000000       8.29377584E-03
  -1.98000002       1.37416236E-02
  -1.96000004       1.21293925E-02
  -1.94000006       1.10853603E-02
  -1.92000008       1.73642561E-02
  -1.90000010       1.69593245E-02
  -1.88000011       1.17428619E-02
  -1.86000013       1.59481205E-02
  -1.84000015       2.02339347E-02
  -1.82000017       1.61940642E-02
  -1.80000019       1.70493089E-02
  -1.78000021       2.22411659E-02
  -1.76000023       1.94575284E-02
  -1.74000025       1.76303387E-02
  -1.72000027       2.36918516E-02
  -1.70000029       2.41828207E-02
  -1.68000031       1.99858304E-02
  -1.66000032       2.34513506E-02
  -1.64000034       2.66988184E-02
  -1.62000036       2.32307073E-02
  -1.60000038       2.42703520E-02
  -1.58000040       2.87417267E-02
  -1.56000042       2.64355987E-02
  -1.54000044       2.47376449E-02
  -1.52000046       2.94721555E-02
  -1.50000048       2.98325066E-02
  -1.48000050       2.64832862E-02
  -1.46000051       2.90102586E-02
  -1.44000053       3.14878859E-02
  -1.42000055       2.85934396E-02
  -1.40000057       2.90994328E-02
  -1.38000059       3.21837589E-02
  -1.36000061       3.02312374E-02
  -1.34000063       2.89558191E-02
  -1.32000065       3.21221240E-02
  -1.30000067       3.18784490E-02
  -1.28000069       2.91007794E-02
  -1.26000071       3.08387689E-02
  -1.24000072       3.23618799E-02
  -1.22000074       2.97971852E-02
  -1.20000076       2.95266286E-02
  -1.18000078       3.14254276E-02
  -1.16000080       2.99352575E-02
  -1.14000082       2.86173224E-02
  -1.12000084       3.01521737E-02
  -1.10000086       2.94395443E-02
  -1.08000088       2.75149904E-02
  -1.06000090       2.85549462E-02
  -1.04000092       2.85979044E-02
  -1.02000093       2.63894517E-02
  -1.00000095       2.63704080E-02
 -0.980000973       2.73943432E-02
 -0.960000992       2.54834592E-02
 -0.940001011       2.41682287E-02
 -0.920001030       2.52269842E-02
 -0.900001049       2.45046150E-02
 -0.880001068       2.24344116E-02
 -0.860001087       2.27909908E-02
 -0.840001106       2.29294244E-02
 -0.820001125       2.12760177E-02
 -0.800001144       2.05644872E-02
 -0.780001163       2.08487306E-02
 -0.760001183       1.99332256E-02
 -0.740001202       1.89601146E-02
 -0.720001221       1.87287293E-02
 -0.700001240       1.81102566E-02
 -0.680001259       1.75614208E-02
 -0.660001278       1.72265768E-02
 -0.640001297       1.63135473E-02
 -0.620001316       1.58137716E-02
 -0.600001335       1.61736440E-02
 -0.580001354       1.51998643E-02
 -0.560001373       1.39820809E-02
 -0.540001392       1.45621747E-02
 -0.520001411       1.47699658E-02
 -0.500001431       1.30908620E-02
 -0.480001420       1.25802662E-02
 -0.460001409       1.36501491E-02
 -0.440001398       1.34860408E-02
 -0.420001388       1.16942832E-02
 -0.400001377       1.15448339E-02
 -0.380001366       1.31549593E-02
 -0.360001355       1.28766028E-02
 -0.340001345       1.02924462E-02
 -0.320001334       1.09517220E-02
 -0.300001323       1.37308128E-02
 -0.280001312       1.20406803E-02
 -0.260001302       8.76775570E-03
 -0.240001306       1.16297072E-02
 -0.220001310       1.45727592E-02
 -0.200001314       1.02287978E-02
 -0.180001318       7.74443010E-03
 -0.160001323       1.33810099E-02
 -0.140001327       1.44015858E-02
 -0.120001331       7.27339135E-03
 -0.100001335       7.70360697E-03
  -8.00013393E-02   1.53960669E-02
  -6.00013398E-02   1.17553053E-02
  -4.00013402E-02   3.46147269E-03
  -2.00013407E-02   9.68733896E-03
  -1.34110451E-06   1.53392684E-02
   1.99986584E-02   7.05691101E-03
   3.99986580E-02   5.32031292E-03
   5.99986576E-02   8.06360785E-03
   7.99986571E-02   1.14045572E-02
   9.99986529E-02   1.63173992E-02
  0.119998649       2.04844158E-02
  0.139998645       2.64782291E-02
  0.159998640       3.12021393E-02
  0.179998636       3.76105309E-02
  0.199998632       4.42668498E-02
  0.219998628       5.03187999E-02
  0.239998624       5.91844581E-02
  0.259998620       6.53495714E-02
  0.279998630       7.56212175E-02
  0.299998641       8.44056010E-02
  0.319998652       9.34019387E-02
  0.339998662      0.106192231    
  0.359998673      0.115401588    
  0.379998684      0.129235193    
  0.399998695      0.141877100    
  0.419998705      0.154455945    
  0.439998716      0.171302289    
  0.459998727      0.184959650    
  0.479998738      0.201359704    
  0.499998748      0.219694093    
  0.519998729      0.235283926    
  0.539998710      0.256342381    
  0.559998691      0.275135666    
  0.579998672      0.293323189    
  0.599998653      0.317530632    
  0.619998634      0.337224305    
  0.639998615      0.357979208    
  0.659998596      0.383968264    
  0.679998577      0.405100375    
  0.699998558      0.427186459    
  0.719998538      0.455406189    
  0.739998519      0.477086753    
  0.759998500      0.499459624    
  0.779998481      0.528259754    
  0.799998462      0.552087486    
  0.819998443      0.573122680    
  0.839998424      0.599851489    
  0.859998405      0.625015199    
  0.879998386      0.645423353    
  0.899998367      0.669256866    
  0.919998348      0.692799807    
  0.939998329      0.712913275    
  0.959998310      0.733116865    
  0.979998291      0.753969967    
  0.999998271      0.772136331    
   1.01999831      0.788552999    
   1.03999829      0.805041730    
   1.05999827      0.819425464    
   1.07999825      0.832893550    
   1.09999824      0.844082892    
   1.11999822      0.853795111    
   1.13999820      0.862331867    
   1.15999818      0.869284034    
   1.17999816      0.873508930    
   1.19999814      0.875975907    
   1.21999812      0.878196180    
   1.23999810      0.876798749    
   1.25999808      0.873594701    
   1.27999806      0.870125413    
   1.29999804      0.865583062    
   1.31999803      0.856128693    
   1.33999801      0.845291078    
   1.35999799      0.836426556    
   1.37999797      0.825158596    
   1.39999795      0.809449434    
   1.41999793      0.791739285    
   1.43999791      0.776970148    
   1.45999789      0.760614157    
   1.47999787      0.740797043    
   1.49999785      0.719020665    
   1.51999784      0.697792947    
   1.53999782      0.677069724    
   1.55999780      0.655305147    
   1.57999778      0.632916272    
   1.59999776      0.607864201    
   1.61999774      0.582388401    
   1.63999772      0.559143126    
   1.65999770      0.538252532    
   1.67999768      0.514524519    
   1.69999766      0.486421257    
   1.71999764      0.460701197    
   1.73999763      0.440641284    
   1.75999761      0.421077281    
   1.77999759      0.395357490    
   1.79999757      0.368691206    
   1.81999755      0.348042011    
   1.83999753      0.331414133    
   1.85999751      0.310797960    
   1.87999749      0.286582410    
   1.89999747      0.266790092    
   1.91999745      0.252072453    
   1.93999743      0.235583290    
   1.95999742      0.214753240    
   1.97999740      0.197040930    
   1.99999738      0.186195299    
   2.01999736      0.174855679    
   2.03999734      0.156968936    
   2.05999732      0.138839632    
   2.07999730      0.129583165    
   2.09999728      0.124892965    
   2.11999726      0.114185102    
   2.13999724       9.72835198E-02
   2.15999722       8.59115422E-02
   2.17999721       8.38099867E-02
   2.19999719       8.01843107E-02
   2.21999717       6.75948486E-02
   2.23999715       5.46771474E-02
   2.25999713       5.21831810E-02
   2.27999711       5.46167456E-02
   2.29999709       4.90186773E-02
   2.31999707       3.59545089E-02
   2.33999705       2.91816909E-02
   2.35999703       3.25420834E-02
   2.37999701       3.38905677E-02
   2.39999700       2.52401438E-02
   2.41999698       1.60846319E-02
   2.43999696       1.74793787E-02
   2.45999694       2.31282581E-02
   2.47999692       1.99481323E-02
   2.49999690       9.87813808E-03
   2.51999688       6.60259742E-03
   2.53999686       1.24141639E-02
   2.55999684       1.48780476E-02
   2.57999682       8.04105401E-03
   2.59999681       2.07699649E-03
   2.61999679       5.77640301E-03
   2.63999677       1.18171331E-02
   2.65999675       9.14792996E-03
   2.67999673       1.69724762E-03
   2.69999671       1.15127396E-03
   2.71999669       7.13805296E-03
   2.73999667       8.82616360E-03
   2.75999665       3.30447196E-03
   2.77999663       3.65557615E-04
   2.79999661       4.86695673E-03
   2.81999660       8.96074809E-03
   2.83999658       5.99860074E-03
   2.85999656       1.63025840E-03
   2.87999654       3.81809939E-03
   2.89999652       8.78457166E-03
   2.91999650       8.68520048E-03
   2.93999648       4.72153723E-03
   2.95999646       4.87089250E-03
   2.97999644       9.26376972E-03
   2.99999642       1.08115673E-02
   3.01999640       7.82648567E-03
   3.03999639       6.93141017E-03
   3.05999637       1.08143482E-02
   3.07999635       1.42552610E-02
   3.09999633       1.28457984E-02
