  -2.00000000       8.02031439E-03
  -1.98000002       1.44595383E-02
  -1.96000004       1.30416751E-02
  -1.94000006       1.17453812E-02
  -1.92000008       1.75629333E-02
  -1.90000010       1.64736472E-02
  -1.88000011       1.15846302E-02
  -1.86000013       1.68182496E-02
  -1.84000015       2.09556073E-02
  -1.82000017       1.63639076E-02
  -1.80000019       1.74007770E-02
  -1.78000021       2.22314522E-02
  -1.76000023       1.90825257E-02
  -1.74000025       1.83416028E-02
  -1.72000027       2.47220434E-02
  -1.70000029       2.39123609E-02
  -1.68000031       1.97191052E-02
  -1.66000032       2.40929816E-02
  -1.64000034       2.68260129E-02
  -1.62000036       2.32287720E-02
  -1.60000038       2.50730403E-02
  -1.58000040       2.87240203E-02
  -1.56000042       2.56210696E-02
  -1.54000044       2.53743771E-02
  -1.52000046       3.04754116E-02
  -1.50000048       2.92406902E-02
  -1.48000050       2.60951389E-02
  -1.46000051       2.97086388E-02
  -1.44000053       3.14556211E-02
  -1.42000055       2.83167809E-02
  -1.40000057       2.96012182E-02
  -1.38000059       3.19135264E-02
  -1.36000061       2.95123793E-02
  -1.34000063       2.96494663E-02
  -1.32000065       3.25625762E-02
  -1.30000067       3.07203904E-02
  -1.28000069       2.88673528E-02
  -1.26000071       3.18209641E-02
  -1.24000072       3.20045352E-02
  -1.22000074       2.88919713E-02
  -1.20000076       2.98936851E-02
  -1.18000078       3.15968357E-02
  -1.16000080       2.92877834E-02
  -1.14000082       2.85426956E-02
  -1.12000084       3.01193260E-02
  -1.10000086       2.88609881E-02
  -1.08000088       2.75448933E-02
  -1.06000090       2.86377836E-02
  -1.04000092       2.78019141E-02
  -1.02000093       2.61629857E-02
  -1.00000095       2.68236548E-02
 -0.980000973       2.67514363E-02
 -0.960000992       2.46648379E-02
 -0.940001011       2.46265531E-02
 -0.920001030       2.52142046E-02
 -0.900001049       2.34496985E-02
 -0.880001068       2.23934520E-02
 -0.860001087       2.31945459E-02
 -0.840001106       2.21783686E-02
 -0.820001125       2.07693521E-02
 -0.800001144       2.09443960E-02
 -0.780001163       2.05249358E-02
 -0.760001183       1.92563552E-02
 -0.740001202       1.91200618E-02
 -0.720001221       1.86701026E-02
 -0.700001240       1.74988434E-02
 -0.680001259       1.75486784E-02
 -0.660001278       1.72742475E-02
 -0.640001297       1.58104338E-02
 -0.620001316       1.57032050E-02
 -0.600001335       1.63132194E-02
 -0.580001354       1.47339711E-02
 -0.560001373       1.38038201E-02
 -0.540001392       1.47795891E-02
 -0.520001411       1.44276684E-02
 -0.500001431       1.28002623E-02
 -0.480001420       1.27790421E-02
 -0.460001409       1.35185188E-02
 -0.440001398       1.31851165E-02
 -0.420001388       1.17551787E-02
 -0.400001377       1.15037737E-02
 -0.380001366       1.30094402E-02
 -0.360001355       1.28965536E-02
 -0.340001345       1.01140328E-02
 -0.320001334       1.09238448E-02
 -0.300001323       1.39256939E-02
 -0.280001312       1.16945542E-02
 -0.260001302       8.66698381E-03
 -0.240001306       1.19794421E-02
 -0.220001310       1.43023077E-02
 -0.200001314       9.93995834E-03
 -0.180001318       8.02231021E-03
 -0.160001323       1.33187771E-02
 -0.140001327       1.40838139E-02
 -0.120001331       7.25723943E-03
 -0.100001335       7.73121743E-03
  -8.00013393E-02   1.51882302E-02
  -6.00013398E-02   1.15549229E-02
  -4.00013402E-02   3.30241281E-03
  -2.00013407E-02   9.62136593E-03
  -1.34110451E-06   1.51123945E-02
   1.99986584E-02   6.54198555E-03
   3.99986580E-02   5.19501651E-03
   5.99986576E-02   7.55521236E-03
   7.99986571E-02   1.12663554E-02
   9.99986529E-02   1.55667253E-02
  0.119998649       2.03617215E-02
  0.139998645       2.53514387E-02
  0.159998640       3.11031733E-02
  0.179998636       3.62617970E-02
  0.199998632       4.36062776E-02
  0.219998628       4.94088009E-02
  0.239998624       5.74167222E-02
  0.259998620       6.50243610E-02
  0.279998630       7.29585662E-02
  0.299998641       8.35935026E-02
  0.319998652       9.14685950E-02
  0.339998662      0.103401348    
  0.359998673      0.114381559    
  0.379998684      0.125630140    
  0.399998695      0.139710426    
  0.419998705      0.151931897    
  0.439998716      0.166947529    
  0.459998727      0.182688177    
  0.479998738      0.197258875    
  0.499998748      0.215197846    
  0.519998729      0.232087091    
  0.539998710      0.250676602    
  0.559998691      0.270716578    
  0.579998672      0.288838029    
  0.599998653      0.310816675    
  0.619998634      0.332312733    
  0.639998615      0.352469563    
  0.659998596      0.376358777    
  0.679998577      0.399573535    
  0.699998558      0.420743495    
  0.719998538      0.446900874    
  0.739998519      0.470896721    
  0.759998500      0.492650390    
  0.779998481      0.519044459    
  0.799998462      0.544583261    
  0.819998443      0.566597104    
  0.839998424      0.590864480    
  0.859998405      0.616206229    
  0.879998386      0.638395488    
  0.899998367      0.661365688    
  0.919998348      0.683804512    
  0.939998329      0.704860568    
  0.959998310      0.726086855    
  0.979998291      0.745980322    
  0.999998271      0.763729095    
   1.01999831      0.781617343    
   1.03999829      0.798957109    
   1.05999827      0.811960101    
   1.07999825      0.825505495    
   1.09999824      0.839162290    
   1.11999822      0.848938465    
   1.13999820      0.855810821    
   1.15999818      0.864042938    
   1.17999816      0.870921433    
   1.19999814      0.872540772    
   1.21999812      0.873574197    
   1.23999810      0.874475837    
   1.25999808      0.873167992    
   1.27999806      0.868318260    
   1.29999804      0.863384187    
   1.31999803      0.856700063    
   1.33999801      0.847164154    
   1.35999799      0.836867988    
   1.37999797      0.825431943    
   1.39999795      0.812215149    
   1.41999793      0.796014428    
   1.43999791      0.780289471    
   1.45999789      0.763201654    
   1.47999787      0.744666934    
   1.49999785      0.724976659    
   1.51999784      0.704350114    
   1.53999782      0.682402074    
   1.55999780      0.659719586    
   1.57999778      0.638893187    
   1.59999776      0.616434932    
   1.61999774      0.590944767    
   1.63999772      0.565074205    
   1.65999770      0.543399096    
   1.67999768      0.522457242    
   1.69999766      0.496626616    
   1.71999764      0.469167352    
   1.73999763      0.446419179    
   1.75999761      0.427479327    
   1.77999759      0.404294103    
   1.79999757      0.377881169    
   1.81999755      0.355278194    
   1.83999753      0.337978244    
   1.85999751      0.318311274    
   1.87999749      0.294174820    
   1.89999747      0.273298055    
   1.91999745      0.258670688    
   1.93999743      0.243436739    
   1.95999742      0.222191066    
   1.97999740      0.202043861    
   1.99999738      0.190072909    
   2.01999736      0.180613592    
   2.03999734      0.164318576    
   2.05999732      0.144720286    
   2.07999730      0.132985502    
   2.09999728      0.128234416    
   2.11999726      0.119110808    
   2.13999724      0.102210090    
   2.15999722       8.92022178E-02
   2.17999721       8.66622031E-02
   2.19999719       8.44303444E-02
   2.21999717       7.21957833E-02
   2.23999715       5.74462563E-02
   2.25999713       5.33431619E-02
   2.27999711       5.64200729E-02
   2.29999709       5.21475263E-02
   2.31999707       3.88269126E-02
   2.33999705       3.08886021E-02
   2.35999703       3.40350196E-02
   2.37999701       3.58463675E-02
   2.39999700       2.68260278E-02
   2.41999698       1.67461988E-02
   2.43999696       1.79836433E-02
   2.45999694       2.42758784E-02
   2.47999692       2.12445576E-02
   2.49999690       1.06808469E-02
   2.51999688       7.41322245E-03
   2.53999686       1.37407742E-02
   2.55999684       1.59374811E-02
   2.57999682       8.14250670E-03
   2.59999681       2.13197619E-03
   2.61999679       6.59604371E-03
   2.63999677       1.26067856E-02
   2.65999675       8.97643808E-03
   2.67999673       1.29754504E-03
   2.69999671       1.94984186E-03
   2.71999669       8.54286179E-03
   2.73999667       9.07672197E-03
   2.75999665       2.68697343E-03
   2.77999663       5.78082865E-04
   2.79999661       6.12237444E-03
   2.81999660       9.39526223E-03
   2.83999658       5.19180112E-03
   2.85999656       1.42609002E-03
   2.87999654       5.03203180E-03
   2.89999652       9.67318658E-03
   2.91999650       8.02270789E-03
   2.93999648       4.14805999E-03
   2.95999646       5.85260428E-03
   2.97999644       1.04448628E-02
   2.99999642       1.03774518E-02
   3.01999640       6.92682667E-03
   3.03999639       7.69703090E-03
   3.05999637       1.25830956E-02
   3.07999635       1.46724582E-02
   3.09999633       1.18638845E-02
