  -2.00000000       8.09275638E-03
  -1.98000002       1.50989592E-02
  -1.96000004       1.35855107E-02
  -1.94000006       1.19147003E-02
  -1.92000008       1.74250733E-02
  -1.90000010       1.61510333E-02
  -1.88000011       1.16605554E-02
  -1.86000013       1.74546782E-02
  -1.84000015       2.13331468E-02
  -1.82000017       1.62921622E-02
  -1.80000019       1.74241103E-02
  -1.78000021       2.22311188E-02
  -1.76000023       1.90850869E-02
  -1.74000025       1.88485812E-02
  -1.72000027       2.51013339E-02
  -1.70000029       2.35346239E-02
  -1.68000031       1.95799656E-02
  -1.66000032       2.45955400E-02
  -1.64000034       2.70214994E-02
  -1.62000036       2.32087541E-02
  -1.60000038       2.52860785E-02
  -1.58000040       2.85766814E-02
  -1.56000042       2.54100226E-02
  -1.54000044       2.59278845E-02
  -1.52000046       3.08004357E-02
  -1.50000048       2.86774989E-02
  -1.48000050       2.60024443E-02
  -1.46000051       3.02752834E-02
  -1.44000053       3.14499289E-02
  -1.42000055       2.80639902E-02
  -1.40000057       2.97295954E-02
  -1.38000059       3.18212621E-02
  -1.36000061       2.94041131E-02
  -1.34000063       2.99919359E-02
  -1.32000065       3.24303508E-02
  -1.30000067       3.01421657E-02
  -1.28000069       2.91234795E-02
  -1.26000071       3.22512090E-02
  -1.24000072       3.14602107E-02
  -1.22000074       2.85230968E-02
  -1.20000076       3.03584542E-02
  -1.18000078       3.15935500E-02
  -1.16000080       2.87819132E-02
  -1.14000082       2.85639465E-02
  -1.12000084       3.02275065E-02
  -1.10000086       2.85907034E-02
  -1.08000088       2.74458695E-02
  -1.06000090       2.85928249E-02
  -1.04000092       2.75637563E-02
  -1.02000093       2.61567775E-02
  -1.00000095       2.68218778E-02
 -0.980000973       2.63745077E-02
 -0.960000992       2.45425869E-02
 -0.940001011       2.48016827E-02
 -0.920001030       2.49147266E-02
 -0.900001049       2.31097974E-02
 -0.880001068       2.25872137E-02
 -0.860001087       2.31061373E-02
 -0.840001106       2.17341874E-02
 -0.820001125       2.08291989E-02
 -0.800001144       2.10301150E-02
 -0.780001163       2.01270524E-02
 -0.760001183       1.91521645E-02
 -0.740001202       1.92782972E-02
 -0.720001221       1.83769632E-02
 -0.700001240       1.72888897E-02
 -0.680001259       1.77292358E-02
 -0.660001278       1.70813426E-02
 -0.640001297       1.55392969E-02
 -0.620001316       1.58690289E-02
 -0.600001335       1.62354112E-02
 -0.580001354       1.44109735E-02
 -0.560001373       1.39238089E-02
 -0.540001392       1.48132173E-02
 -0.520001411       1.41194519E-02
 -0.500001431       1.28432596E-02
 -0.480001420       1.28545314E-02
 -0.460001409       1.32941585E-02
 -0.440001398       1.32064037E-02
 -0.420001388       1.17769595E-02
 -0.400001377       1.13332057E-02
 -0.380001366       1.30963540E-02
 -0.360001355       1.28893154E-02
 -0.340001345       9.89528187E-03
 -0.320001334       1.10569121E-02
 -0.300001323       1.40064349E-02
 -0.280001312       1.13923633E-02
 -0.260001302       8.76583438E-03
 -0.240001306       1.21362349E-02
 -0.220001310       1.40284803E-02
 -0.200001314       9.96701512E-03
 -0.180001318       8.11830349E-03
 -0.160001323       1.31543782E-02
 -0.140001327       1.41244885E-02
 -0.120001331       7.14664767E-03
 -0.100001335       7.66504789E-03
  -8.00013393E-02   1.52869066E-02
  -6.00013398E-02   1.12818796E-02
  -4.00013402E-02   3.23304767E-03
  -2.00013407E-02   9.74699482E-03
  -1.34110451E-06   1.47935571E-02
   1.99986584E-02   6.41027605E-03
   3.99986580E-02   5.08347666E-03
   5.99986576E-02   7.33173126E-03
   7.99986571E-02   1.11703919E-02
   9.99986529E-02   1.52634364E-02
  0.119998649       2.01775339E-02
  0.139998645       2.50065774E-02
  0.159998640       3.07527948E-02
  0.179998636       3.59764770E-02
  0.199998632       4.29009832E-02
  0.219998628       4.92412820E-02
  0.239998624       5.64731136E-02
  0.259998620       6.46677464E-02
  0.279998630       7.21128508E-02
  0.299998641       8.25978592E-02
  0.319998652       9.10050124E-02
  0.339998662      0.101894885    
  0.359998673      0.113575116    
  0.379998684      0.124458998    
  0.399998695      0.138062105    
  0.419998705      0.150919676    
  0.439998716      0.165094689    
  0.459998727      0.180926129    
  0.479998738      0.195799470    
  0.499998748      0.212898344    
  0.519998729      0.230094388    
  0.539998710      0.248484656    
  0.559998691      0.268205136    
  0.579998672      0.286438286    
  0.599998653      0.308063716    
  0.619998634      0.329457998    
  0.639998615      0.349638581    
  0.659998596      0.373158664    
  0.679998577      0.396394730    
  0.699998558      0.417446256    
  0.719998538      0.443249613    
  0.739998519      0.467451662    
  0.759998500      0.489017218    
  0.779998481      0.515122533    
  0.799998462      0.540667295    
  0.819998443      0.562766850    
  0.839998424      0.587006569    
  0.859998405      0.612125695    
  0.879998386      0.634090006    
  0.899998367      0.657524347    
  0.919998348      0.680169225    
  0.939998329      0.700357020    
  0.959998310      0.721895039    
  0.979998291      0.742813945    
  0.999998271      0.759905994    
   1.01999831      0.777100563    
   1.03999829      0.795876920    
   1.05999827      0.809343696    
   1.07999825      0.821438909    
   1.09999824      0.835589230    
   1.11999822      0.847136736    
   1.13999820      0.853471160    
   1.15999818      0.860494316    
   1.17999816      0.868774056    
   1.19999814      0.871782184    
   1.21999812      0.871851146    
   1.23999810      0.872194588    
   1.25999808      0.872354269    
   1.27999806      0.868401110    
   1.29999804      0.862698317    
   1.31999803      0.855907977    
   1.33999801      0.847508430    
   1.35999799      0.837919116    
   1.37999797      0.826103151    
   1.39999795      0.812757373    
   1.41999793      0.797316492    
   1.43999791      0.782409668    
   1.45999789      0.765329421    
   1.47999787      0.746301889    
   1.49999785      0.726874292    
   1.51999784      0.707385778    
   1.53999782      0.685969830    
   1.55999780      0.662460387    
   1.57999778      0.641085207    
   1.59999776      0.619719088    
   1.61999774      0.595478952    
   1.63999772      0.569073260    
   1.65999770      0.546148896    
   1.67999768      0.525474429    
   1.69999766      0.501037598    
   1.71999764      0.473832399    
   1.73999763      0.450092167    
   1.75999761      0.430754036    
   1.77999759      0.408192337    
   1.79999757      0.382018775    
   1.81999755      0.358928502    
   1.83999753      0.341628015    
   1.85999751      0.322481990    
   1.87999749      0.298111916    
   1.89999747      0.276208252    
   1.91999745      0.261418134    
   1.93999743      0.247244105    
   1.95999742      0.226433888    
   1.97999740      0.205104932    
   1.99999738      0.191946059    
   2.01999736      0.182961762    
   2.03999734      0.167693034    
   2.05999732      0.147886232    
   2.07999730      0.135119572    
   2.09999728      0.130220518    
   2.11999726      0.121741809    
   2.13999724      0.104730323    
   2.15999722       9.07231271E-02
   2.17999721       8.78603160E-02
   2.19999719       8.65203291E-02
   2.21999717       7.48064369E-02
   2.23999715       5.92451096E-02
   2.25999713       5.41196018E-02
   2.27999711       5.72694875E-02
   2.29999709       5.35850190E-02
   2.31999707       4.01927009E-02
   2.33999705       3.17486376E-02
   2.35999703       3.49096097E-02
   2.37999701       3.70753184E-02
   2.39999700       2.78749652E-02
   2.41999698       1.72214918E-02
   2.43999696       1.82483755E-02
   2.45999694       2.47528721E-02
   2.47999692       2.17328854E-02
   2.49999690       1.09551717E-02
   2.51999688       7.77964666E-03
   2.53999686       1.44503564E-02
   2.55999684       1.65699925E-02
   2.57999682       8.29031412E-03
   2.59999681       2.23268499E-03
   2.61999679       7.06792204E-03
   2.63999677       1.29745416E-02
   2.65999675       8.82162154E-03
   2.67999673       1.11619837E-03
   2.69999671       2.40032934E-03
   2.71999669       9.22244601E-03
   2.73999667       9.06823855E-03
   2.75999665       2.31338223E-03
   2.77999663       7.88130972E-04
   2.79999661       6.84450986E-03
   2.81999660       9.60208103E-03
   2.83999658       4.75863740E-03
   2.85999656       1.40165363E-03
   2.87999654       5.68435248E-03
   2.89999652       1.00481072E-02
   2.91999650       7.66306929E-03
   2.93999648       4.00060369E-03
   2.95999646       6.41516875E-03
   2.97999644       1.08453818E-02
   2.99999642       9.97115206E-03
   3.01999640       6.64122542E-03
   3.03999639       8.36985745E-03
   3.05999637       1.33947097E-02
   3.07999635       1.45068811E-02
   3.09999633       1.12465201E-02
