  -2.00000000       1.33990645E-02
  -1.98000002       2.02159360E-02
  -1.96000004       1.38976881E-02
  -1.94000006       1.05415005E-02
  -1.92000008       1.80573873E-02
  -1.90000010       1.75561532E-02
  -1.88000011       1.47979399E-02
  -1.86000013       2.09021717E-02
  -1.84000015       2.01136097E-02
  -1.82000017       1.48497159E-02
  -1.80000019       2.10493747E-02
  -1.78000021       2.47288235E-02
  -1.76000023       1.90570131E-02
  -1.74000025       2.12566815E-02
  -1.72000027       2.55676359E-02
  -1.70000029       2.13791281E-02
  -1.68000031       2.29192115E-02
  -1.66000032       2.86311265E-02
  -1.64000034       2.45150756E-02
  -1.62000036       2.28862166E-02
  -1.60000038       2.91380771E-02
  -1.58000040       2.80895717E-02
  -1.56000042       2.50001457E-02
  -1.54000044       2.93137748E-02
  -1.52000046       2.95318533E-02
  -1.50000048       2.62384731E-02
  -1.48000050       3.01143359E-02
  -1.46000051       3.16366106E-02
  -1.44000053       2.72439774E-02
  -1.42000055       2.92102378E-02
  -1.40000057       3.26916017E-02
  -1.38000059       2.92373374E-02
  -1.36000061       2.88528763E-02
  -1.34000063       3.20742391E-02
  -1.32000065       3.00590433E-02
  -1.30000067       2.90002450E-02
  -1.28000069       3.16795819E-02
  -1.26000071       3.00756376E-02
  -1.24000072       2.82147471E-02
  -1.22000074       3.08722425E-02
  -1.20000076       3.02938502E-02
  -1.18000078       2.73458734E-02
  -1.16000080       2.91246343E-02
  -1.14000082       2.99314726E-02
  -1.12000084       2.69281417E-02
  -1.10000086       2.72293296E-02
  -1.08000088       2.85644345E-02
  -1.06000090       2.62519568E-02
  -1.04000092       2.56058015E-02
  -1.02000093       2.68002655E-02
  -1.00000095       2.50909477E-02
 -0.980000973       2.40507927E-02
 -0.960000992       2.48531215E-02
 -0.940001011       2.36944649E-02
 -0.920001030       2.22875606E-02
 -0.900001049       2.29473468E-02
 -0.880001068       2.21546125E-02
 -0.860001087       2.06477940E-02
 -0.840001106       2.10777689E-02
 -0.820001125       2.06170790E-02
 -0.800001144       1.88987684E-02
 -0.780001163       1.91726070E-02
 -0.760001183       1.91189535E-02
 -0.740001202       1.74207073E-02
 -0.720001221       1.71345640E-02
 -0.700001240       1.74838025E-02
 -0.680001259       1.63872521E-02
 -0.660001278       1.55604426E-02
 -0.640001297       1.56390779E-02
 -0.620001316       1.51527748E-02
 -0.600001335       1.47901196E-02
 -0.580001354       1.41455317E-02
 -0.560001373       1.34740202E-02
 -0.540001392       1.38749909E-02
 -0.520001411       1.38415648E-02
 -0.500001431       1.20681906E-02
 -0.480001420       1.22622680E-02
 -0.460001409       1.36093628E-02
 -0.440001398       1.22420052E-02
 -0.420001388       1.08310739E-02
 -0.400001377       1.20467292E-02
 -0.380001366       1.28778135E-02
 -0.360001355       1.14581380E-02
 -0.340001345       1.01643624E-02
 -0.320001334       1.15321707E-02
 -0.300001323       1.31898979E-02
 -0.280001312       1.08562922E-02
 -0.260001302       8.86348449E-03
 -0.240001306       1.22381505E-02
 -0.220001310       1.37640471E-02
 -0.200001314       8.82329978E-03
 -0.180001318       8.37091077E-03
 -0.160001323       1.37096616E-02
 -0.140001327       1.24742948E-02
 -0.120001331       6.39127754E-03
 -0.100001335       8.53409339E-03
  -8.00013393E-02   1.41479615E-02
  -6.00013398E-02   9.58153978E-03
  -4.00013402E-02   3.24223703E-03
  -2.00013407E-02   9.38788150E-03
  -1.34110451E-06   1.29039902E-02
   1.99986584E-02   4.95466404E-03
   3.99986580E-02   3.77868256E-03
   5.99986576E-02   6.05816906E-03
   7.99986571E-02   9.40382108E-03
   9.99986529E-02   1.35584502E-02
  0.119998649       1.76110212E-02
  0.139998645       2.26071309E-02
  0.159998640       2.72604097E-02
  0.179998636       3.28926183E-02
  0.199998632       3.84574123E-02
  0.219998628       4.43376563E-02
  0.239998624       5.20089120E-02
  0.259998620       5.76471910E-02
  0.279998630       6.67974353E-02
  0.299998641       7.39675984E-02
  0.319998652       8.31381157E-02
  0.339998662       9.36523378E-02
  0.359998673      0.101914048    
  0.379998684      0.114699356    
  0.399998695      0.125651300    
  0.419998705      0.137214243    
  0.439998716      0.152099311    
  0.459998727      0.163840979    
  0.479998738      0.179920658    
  0.499998748      0.195472687    
  0.519998729      0.209844708    
  0.539998710      0.228755563    
  0.559998691      0.245274290    
  0.579998672      0.263577431    
  0.599998653      0.284378171    
  0.619998634      0.301698357    
  0.639998615      0.323066473    
  0.659998596      0.345948219    
  0.679998577      0.364070326    
  0.699998558      0.387887985    
  0.719998538      0.411801726    
  0.739998519      0.431316525    
  0.759998500      0.456110835    
  0.779998481      0.481677711    
  0.799998462      0.501226127    
  0.819998443      0.525816083    
  0.839998424      0.552642286    
  0.859998405      0.572665572    
  0.879998386      0.594738483    
  0.899998367      0.620427430    
  0.919998348      0.642072797    
  0.939998329      0.661692619    
  0.959998310      0.684387743    
  0.979998291      0.704838514    
  0.999998271      0.723475218    
   1.01999831      0.742298961    
   1.03999829      0.760217011    
   1.05999827      0.776052475    
   1.07999825      0.790859640    
   1.09999824      0.804800987    
   1.11999822      0.817093670    
   1.13999820      0.828388512    
   1.15999818      0.836927056    
   1.17999816      0.844900727    
   1.19999814      0.851567209    
   1.21999812      0.855965674    
   1.23999810      0.857676923    
   1.25999808      0.859676540    
   1.27999806      0.859480262    
   1.29999804      0.855530739    
   1.31999803      0.851683855    
   1.33999801      0.847777009    
   1.35999799      0.840647757    
   1.37999797      0.829061449    
   1.39999795      0.819522679    
   1.41999793      0.809571624    
   1.43999791      0.796093583    
   1.45999789      0.779573262    
   1.47999787      0.763937056    
   1.49999785      0.747847855    
   1.51999784      0.729637206    
   1.53999782      0.711244047    
   1.55999780      0.690979242    
   1.57999778      0.668572426    
   1.59999776      0.646471977    
   1.61999774      0.628153980    
   1.63999772      0.607012510    
   1.65999770      0.579974830    
   1.67999768      0.554169357    
   1.69999766      0.535719633    
   1.71999764      0.516589642    
   1.73999763      0.489073485    
   1.75999761      0.461292863    
   1.77999759      0.441886663    
   1.79999757      0.424660236    
   1.81999755      0.399322480    
   1.83999753      0.372745305    
   1.85999751      0.354195923    
   1.87999749      0.338181198    
   1.89999747      0.315032303    
   1.91999745      0.290560991    
   1.93999743      0.275270432    
   1.95999742      0.262759864    
   1.97999740      0.241512656    
   1.99999738      0.217193216    
   2.01999736      0.204493269    
   2.03999734      0.198244005    
   2.05999732      0.182186544    
   2.07999730      0.158386305    
   2.09999728      0.145240277    
   2.11999726      0.143447205    
   2.13999724      0.133974150    
   2.15999722      0.112919092    
   2.17999721       9.92554948E-02
   2.19999719      0.100347906    
   2.21999717       9.71302241E-02
   2.23999715       7.91476369E-02
   2.25999713       6.40185997E-02
   2.27999711       6.57531470E-02
   2.29999709       6.83607087E-02
   2.31999707       5.53864241E-02
   2.33999705       4.00513895E-02
   2.35999703       4.11406457E-02
   2.37999701       4.76338789E-02
   2.39999700       3.89528684E-02
   2.41999698       2.33910549E-02
   2.43999696       2.26822998E-02
   2.45999694       3.19620185E-02
   2.47999692       2.86285002E-02
   2.49999690       1.43921701E-02
   2.51999688       1.16414661E-02
   2.53999686       2.13560406E-02
   2.55999684       2.15262845E-02
   2.57999682       8.76291096E-03
   2.59999681       3.99135286E-03
   2.61999679       1.32557163E-02
   2.63999677       1.69587806E-02
   2.65999675       6.78844657E-03
   2.67999673       9.77844466E-04
   2.69999671       9.17103421E-03
   2.71999669       1.47441234E-02
   2.73999667       6.88309129E-03
   2.75999665       1.91649415E-05
   2.77999663       6.19325601E-03
   2.79999661       1.24928216E-02
   2.81999660       6.97124191E-03
   2.83999658       1.00829441E-03
   2.85999656       6.29947521E-03
   2.87999654       1.30082816E-02
   2.89999652       8.97867233E-03
   2.91999650       3.14281927E-03
   2.93999648       6.90659788E-03
   2.95999646       1.29162706E-02
   2.97999644       1.05656013E-02
   2.99999642       6.42251410E-03
   3.01999640       1.01790661E-02
   3.03999639       1.54334735E-02
   3.05999637       1.31120114E-02
   3.07999635       9.28567536E-03
   3.09999633       1.22754443E-02
