  -2.00000000       1.24502014E-02
  -1.98000002       1.99306924E-02
  -1.96000004       1.43757323E-02
  -1.94000006       1.07931234E-02
  -1.92000008       1.75915603E-02
  -1.90000010       1.69934276E-02
  -1.88000011       1.43338302E-02
  -1.86000013       2.07511038E-02
  -1.84000015       2.05761567E-02
  -1.82000017       1.49182649E-02
  -1.80000019       2.02741809E-02
  -1.78000021       2.43658628E-02
  -1.76000023       1.91381518E-02
  -1.74000025       2.10344419E-02
  -1.72000027       2.56539192E-02
  -1.70000029       2.15082727E-02
  -1.68000031       2.21939143E-02
  -1.66000032       2.82983631E-02
  -1.64000034       2.50799675E-02
  -1.62000036       2.27261912E-02
  -1.60000038       2.85925586E-02
  -1.58000040       2.82628108E-02
  -1.56000042       2.48791520E-02
  -1.54000044       2.89841238E-02
  -1.52000046       3.00226435E-02
  -1.50000048       2.62478478E-02
  -1.48000050       2.93446220E-02
  -1.46000051       3.19158211E-02
  -1.44000053       2.78358106E-02
  -1.42000055       2.86934450E-02
  -1.40000057       3.25016789E-02
  -1.38000059       2.96933986E-02
  -1.36000061       2.86692623E-02
  -1.34000063       3.20432745E-02
  -1.32000065       3.05070300E-02
  -1.30000067       2.86833737E-02
  -1.28000069       3.15031148E-02
  -1.26000071       3.08363717E-02
  -1.24000072       2.82014031E-02
  -1.22000074       3.03099789E-02
  -1.20000076       3.08608804E-02
  -1.18000078       2.78564431E-02
  -1.16000080       2.86749098E-02
  -1.14000082       3.00652552E-02
  -1.12000084       2.74836086E-02
  -1.10000086       2.70915553E-02
  -1.08000088       2.86092460E-02
  -1.06000090       2.66563129E-02
  -1.04000092       2.55410578E-02
  -1.02000093       2.69490425E-02
  -1.00000095       2.55589653E-02
 -0.980000973       2.39379164E-02
 -0.960000992       2.48712972E-02
 -0.940001011       2.42705941E-02
 -0.920001030       2.22955383E-02
 -0.900001049       2.27638371E-02
 -0.880001068       2.27020755E-02
 -0.860001087       2.08770297E-02
 -0.840001106       2.07749531E-02
 -0.820001125       2.09967811E-02
 -0.800001144       1.93028469E-02
 -0.780001163       1.89163163E-02
 -0.760001183       1.92892030E-02
 -0.740001202       1.78853702E-02
 -0.720001221       1.69984791E-02
 -0.700001240       1.74822789E-02
 -0.680001259       1.68119073E-02
 -0.660001278       1.55532034E-02
 -0.640001297       1.55722797E-02
 -0.620001316       1.54671445E-02
 -0.600001335       1.48468940E-02
 -0.580001354       1.41041707E-02
 -0.560001373       1.37112886E-02
 -0.540001392       1.38965379E-02
 -0.520001411       1.38184773E-02
 -0.500001431       1.23150414E-02
 -0.480001420       1.22444490E-02
 -0.460001409       1.35144209E-02
 -0.440001398       1.25219710E-02
 -0.420001388       1.08503867E-02
 -0.400001377       1.18865548E-02
 -0.380001366       1.30741624E-02
 -0.360001355       1.15477303E-02
 -0.340001345       1.00622289E-02
 -0.320001334       1.16126342E-02
 -0.300001323       1.32111376E-02
 -0.280001312       1.08956844E-02
 -0.260001302       8.95408262E-03
 -0.240001306       1.21372184E-02
 -0.220001310       1.37953069E-02
 -0.200001314       9.06956382E-03
 -0.180001318       8.25055409E-03
 -0.160001323       1.36213927E-02
 -0.140001327       1.28177106E-02
 -0.120001331       6.38843561E-03
 -0.100001335       8.40392523E-03
  -8.00013393E-02   1.44354636E-02
  -6.00013398E-02   9.69117600E-03
  -4.00013402E-02   3.24771972E-03
  -2.00013407E-02   9.55904648E-03
  -1.34110451E-06   1.30214421E-02
   1.99986584E-02   5.21789445E-03
   3.99986580E-02   3.92429950E-03
   5.99986576E-02   6.20344933E-03
   7.99986571E-02   9.66784824E-03
   9.99986529E-02   1.37531357E-02
  0.119998649       1.79242827E-02
  0.139998645       2.30263751E-02
  0.159998640       2.74862219E-02
  0.179998636       3.36943120E-02
  0.199998632       3.84980179E-02
  0.219998628       4.55348380E-02
  0.239998624       5.22321686E-02
  0.259998620       5.85844256E-02
  0.279998630       6.79119900E-02
  0.299998641       7.42916688E-02
  0.319998652       8.51276144E-02
  0.339998662       9.40706804E-02
  0.359998673      0.103469513    
  0.379998684      0.116637319    
  0.399998695      0.126287609    
  0.419998705      0.139880329    
  0.439998716      0.153549194    
  0.459998727      0.165540218    
  0.479998738      0.183144823    
  0.499998748      0.196768090    
  0.519998729      0.212800398    
  0.539998710      0.231957316    
  0.559998691      0.247176796    
  0.579998672      0.267579705    
  0.599998653      0.287541419    
  0.619998634      0.304202557    
  0.639998615      0.328045189    
  0.659998596      0.349232703    
  0.679998577      0.367195398    
  0.699998558      0.393487364    
  0.719998538      0.415524572    
  0.739998519      0.434880346    
  0.759998500      0.462247640    
  0.779998481      0.486022592    
  0.799998462      0.504804909    
  0.819998443      0.532282412    
  0.839998424      0.557949245    
  0.859998405      0.576204419    
  0.879998386      0.600545704    
  0.899998367      0.626751602    
  0.919998348      0.646184683    
  0.939998329      0.666457534    
  0.959998310      0.690664172    
  0.979998291      0.709891558    
  0.999998271      0.727638662    
   1.01999831      0.747572243    
   1.03999829      0.765772820    
   1.05999827      0.780103683    
   1.07999825      0.794717312    
   1.09999824      0.809758782    
   1.11999822      0.821646452    
   1.13999820      0.831277907    
   1.15999818      0.840076745    
   1.17999816      0.849170864    
   1.19999814      0.854630828    
   1.21999812      0.857412219    
   1.23999810      0.859968841    
   1.25999808      0.862731338    
   1.27999806      0.860642850    
   1.29999804      0.855537355    
   1.31999803      0.852963209    
   1.33999801      0.849338710    
   1.35999799      0.840090215    
   1.37999797      0.827537656    
   1.39999795      0.819206655    
   1.41999793      0.809533119    
   1.43999791      0.794453144    
   1.45999789      0.776683986    
   1.47999787      0.761409998    
   1.49999785      0.746084392    
   1.51999784      0.727629125    
   1.53999782      0.707724810    
   1.55999780      0.686210632    
   1.57999778      0.664578080    
   1.59999776      0.644091964    
   1.61999774      0.625043809    
   1.63999772      0.601220906    
   1.65999770      0.573711276    
   1.67999768      0.550474405    
   1.69999766      0.533074021    
   1.71999764      0.511481285    
   1.73999763      0.482038498    
   1.75999761      0.455874830    
   1.77999759      0.438442737    
   1.79999757      0.420366526    
   1.81999755      0.393464863    
   1.83999753      0.367301524    
   1.85999751      0.349632263    
   1.87999749      0.333073974    
   1.89999747      0.309678137    
   1.91999745      0.286534816    
   1.93999743      0.271890014    
   1.95999742      0.257776499    
   1.97999740      0.235497847    
   1.99999738      0.213064626    
   2.01999736      0.202414215    
   2.03999734      0.195178971    
   2.05999732      0.177080944    
   2.07999730      0.153828382    
   2.09999728      0.142603084    
   2.11999726      0.140826568    
   2.13999724      0.130038008    
   2.15999722      0.109412804    
   2.17999721       9.74627808E-02
   2.19999719       9.85384434E-02
   2.21999717       9.36822742E-02
   2.23999715       7.55315721E-02
   2.25999713       6.21092543E-02
   2.27999711       6.46806285E-02
   2.29999709       6.65203258E-02
   2.31999707       5.32173254E-02
   2.33999705       3.87189202E-02
   2.35999703       4.00927812E-02
   2.37999701       4.58964780E-02
   2.39999700       3.71036343E-02
   2.41999698       2.24290062E-02
   2.43999696       2.22042687E-02
   2.45999694       3.12148221E-02
   2.47999692       2.78805140E-02
   2.49999690       1.39939133E-02
   2.51999688       1.09789837E-02
   2.53999686       2.00562272E-02
   2.55999684       2.05464680E-02
   2.57999682       8.57839175E-03
   2.59999681       3.61639867E-03
   2.61999679       1.24059767E-02
   2.63999677       1.66729614E-02
   2.65999675       7.22575001E-03
   2.67999673       7.98559689E-04
   2.69999671       7.95707852E-03
   2.71999669       1.41808959E-02
   2.73999667       7.50339683E-03
   2.75999665       1.14732095E-04
   2.77999663       5.06042782E-03
   2.79999661       1.17846206E-02
   2.81999660       7.59091182E-03
   2.83999658       1.18596910E-03
   2.85999656       5.20001817E-03
   2.87999654       1.23558352E-02
   2.89999652       9.75181069E-03
   2.91999650       3.51186446E-03
   2.93999648       5.86033566E-03
   2.95999646       1.22232800E-02
   2.97999644       1.12516033E-02
   2.99999642       6.65560970E-03
   3.01999640       8.98368470E-03
   3.03999639       1.47513840E-02
   3.05999637       1.40527468E-02
   3.07999635       9.87042394E-03
   3.09999633       1.11566586E-02
