  -2.00000000       1.43159116E-02
  -1.98000002       1.82450060E-02
  -1.96000004       1.17697418E-02
  -1.94000006       1.18466672E-02
  -1.92000008       2.17190348E-02
  -1.90000010       1.91301722E-02
  -1.88000011       1.44768236E-02
  -1.86000013       2.02540252E-02
  -1.84000015       1.94222834E-02
  -1.82000017       1.66154504E-02
  -1.80000019       2.40590572E-02
  -1.78000021       2.41046343E-02
  -1.76000023       1.75485406E-02
  -1.74000025       2.27985494E-02
  -1.72000027       2.67439932E-02
  -1.70000029       2.17943732E-02
  -1.68000031       2.43962537E-02
  -1.66000032       2.76966169E-02
  -1.64000034       2.29184721E-02
  -1.62000036       2.56143678E-02
  -1.60000038       3.09682842E-02
  -1.58000040       2.59204004E-02
  -1.56000042       2.50469502E-02
  -1.54000044       3.08937300E-02
  -1.52000046       2.89099272E-02
  -1.50000048       2.69133355E-02
  -1.48000050       3.09125073E-02
  -1.46000051       2.93476395E-02
  -1.44000053       2.74669565E-02
  -1.42000055       3.20150591E-02
  -1.40000057       3.10400818E-02
  -1.38000059       2.70826574E-02
  -1.36000061       3.09038945E-02
  -1.34000063       3.23674157E-02
  -1.32000065       2.82156579E-02
  -1.30000067       2.94860322E-02
  -1.28000069       3.14741954E-02
  -1.26000071       2.88040061E-02
  -1.24000072       2.91773789E-02
  -1.22000074       3.04267388E-02
  -1.20000076       2.79755201E-02
  -1.18000078       2.83419061E-02
  -1.16000080       2.99844630E-02
  -1.14000082       2.71272492E-02
  -1.12000084       2.64798570E-02
  -1.10000086       2.88843829E-02
  -1.08000088       2.66989600E-02
  -1.06000090       2.46598385E-02
  -1.04000092       2.68610120E-02
  -1.02000093       2.59940643E-02
  -1.00000095       2.33334452E-02
 -0.980000973       2.45083198E-02
 -0.960000992       2.44719405E-02
 -0.940001011       2.22004689E-02
 -0.920001030       2.23102085E-02
 -0.900001049       2.26784702E-02
 -0.880001068       2.09223032E-02
 -0.860001087       2.05226857E-02
 -0.840001106       2.07849201E-02
 -0.820001125       1.94546189E-02
 -0.800001144       1.87910125E-02
 -0.780001163       1.89304147E-02
 -0.760001183       1.80122573E-02
 -0.740001202       1.72593743E-02
 -0.720001221       1.69826727E-02
 -0.700001240       1.65357143E-02
 -0.680001259       1.62428431E-02
 -0.660001278       1.53751755E-02
 -0.640001297       1.47474352E-02
 -0.620001316       1.51988287E-02
 -0.600001335       1.46561563E-02
 -0.580001354       1.31173339E-02
 -0.560001373       1.36024710E-02
 -0.540001392       1.41042201E-02
 -0.520001411       1.26591614E-02
 -0.500001431       1.20771267E-02
 -0.480001420       1.27653405E-02
 -0.460001409       1.26382448E-02
 -0.440001398       1.21041788E-02
 -0.420001388       1.11853136E-02
 -0.400001377       1.14089930E-02
 -0.380001366       1.29853208E-02
 -0.360001355       1.14404131E-02
 -0.340001345       9.50215291E-03
 -0.320001334       1.20239612E-02
 -0.300001323       1.32862907E-02
 -0.280001312       9.75539815E-03
 -0.260001302       9.37476940E-03
 -0.240001306       1.27333105E-02
 -0.220001310       1.26046659E-02
 -0.200001314       8.93255044E-03
 -0.180001318       8.75741616E-03
 -0.160001323       1.30617674E-02
 -0.140001327       1.23647405E-02
 -0.120001331       6.01214683E-03
 -0.100001335       8.35274719E-03
  -8.00013393E-02   1.42298080E-02
  -6.00013398E-02   8.41527060E-03
  -4.00013402E-02   3.12374439E-03
  -2.00013407E-02   9.57610738E-03
  -1.34110451E-06   1.15726786E-02
   1.99986584E-02   4.50245431E-03
   3.99986580E-02   3.18247266E-03
   5.99986576E-02   5.50218485E-03
   7.99986571E-02   8.63156095E-03
   9.99986529E-02   1.27748949E-02
  0.119998649       1.65017210E-02
  0.139998645       2.14595310E-02
  0.159998640       2.57524792E-02
  0.179998636       3.13114785E-02
  0.199998632       3.65622044E-02
  0.219998628       4.23450693E-02
  0.239998624       4.90846001E-02
  0.259998620       5.56940958E-02
  0.279998630       6.30185604E-02
  0.299998641       7.10849091E-02
  0.319998652       7.92020261E-02
  0.339998662       8.89562890E-02
  0.359998673       9.83149633E-02
  0.379998684      0.108651780    
  0.399998695      0.120289959    
  0.419998705      0.131693527    
  0.439998716      0.144591495    
  0.459998727      0.157582790    
  0.479998738      0.171473891    
  0.499998748      0.187247500    
  0.519998729      0.201399535    
  0.539998710      0.218548730    
  0.559998691      0.235643789    
  0.579998672      0.252136856    
  0.599998653      0.272562742    
  0.619998634      0.291099727    
  0.639998615      0.308553725    
  0.659998596      0.332441926    
  0.679998577      0.352049291    
  0.699998558      0.371002942    
  0.719998538      0.396717370    
  0.739998519      0.417668045    
  0.759998500      0.437263221    
  0.779998481      0.464564294    
  0.799998462      0.486952841    
  0.819998443      0.505761087    
  0.839998424      0.533365965    
  0.859998405      0.557215929    
  0.879998386      0.575491250    
  0.899998367      0.600182593    
  0.919998348      0.625028014    
  0.939998329      0.642700136    
  0.959998310      0.664687037    
  0.979998291      0.688060582    
  0.999998271      0.704670429    
   1.01999831      0.722822726    
   1.03999829      0.744423926    
   1.05999827      0.760052323    
   1.07999825      0.772274077    
   1.09999824      0.789599359    
   1.11999822      0.804350197    
   1.13999820      0.813169241    
   1.15999818      0.822321296    
   1.17999816      0.834402144    
   1.19999814      0.841711700    
   1.21999812      0.844582736    
   1.23999810      0.848249257    
   1.25999808      0.853434741    
   1.27999806      0.854623616    
   1.29999804      0.850050330    
   1.31999803      0.846736848    
   1.33999801      0.845814824    
   1.35999799      0.841853321    
   1.37999797      0.829844773    
   1.39999795      0.819326937    
   1.41999793      0.812845051    
   1.43999791      0.803067923    
   1.45999789      0.785584569    
   1.47999787      0.769086957    
   1.49999785      0.756882668    
   1.51999784      0.741185844    
   1.53999782      0.720837414    
   1.55999780      0.701076806    
   1.57999778      0.683285415    
   1.59999776      0.661863863    
   1.61999774      0.640111327    
   1.63999772      0.620413840    
   1.65999770      0.598791361    
   1.67999768      0.572466612    
   1.69999766      0.549542904    
   1.71999764      0.532076001    
   1.73999763      0.510024905    
   1.75999761      0.480712503    
   1.77999759      0.456178218    
   1.79999757      0.441189677    
   1.81999755      0.421600759    
   1.83999753      0.392558366    
   1.85999751      0.367472053    
   1.87999749      0.353437990    
   1.89999747      0.336865038    
   1.91999745      0.310664445    
   1.93999743      0.287977546    
   1.95999742      0.275853634    
   1.97999740      0.260847241    
   1.99999738      0.235509232    
   2.01999736      0.215680227    
   2.03999734      0.209448352    
   2.05999732      0.199851707    
   2.07999730      0.175130263    
   2.09999728      0.153859824    
   2.11999726      0.150630012    
   2.13999724      0.148259670    
   2.15999722      0.128892899    
   2.17999721      0.107949831    
   2.19999719      0.105053537    
   2.21999717      0.106369257    
   2.23999715       9.09371153E-02
   2.25999713       7.13358670E-02
   2.27999711       7.03079700E-02
   2.29999709       7.61631131E-02
   2.31999707       6.46759942E-02
   2.33999705       4.52171601E-02
   2.35999703       4.36461605E-02
   2.37999701       5.24779446E-02
   2.39999700       4.53409478E-02
   2.41999698       2.75054257E-02
   2.43999696       2.57918928E-02
   2.45999694       3.65759358E-02
   2.47999692       3.27570401E-02
   2.49999690       1.61544122E-02
   2.51999688       1.36661036E-02
   2.53999686       2.50989106E-02
   2.55999684       2.38935985E-02
   2.57999682       8.92858393E-03
   2.59999681       5.94081357E-03
   2.61999679       1.74846984E-02
   2.63999677       1.85706913E-02
   2.65999675       5.46485977E-03
   2.67999673       2.41622725E-03
   2.69999671       1.35995634E-02
   2.71999669       1.58252828E-02
   2.73999667       4.34858585E-03
   2.75999665       8.39543121E-04
   2.77999663       1.07411472E-02
   2.79999661       1.33364545E-02
   2.81999660       3.90443183E-03
   2.83999658       1.88452378E-03
   2.85999656       1.14955828E-02
   2.87999654       1.40270069E-02
   2.89999652       5.43884002E-03
   2.91999650       3.33561213E-03
   2.93999648       1.16655910E-02
   2.95999646       1.41936503E-02
   2.97999644       8.09813943E-03
   2.99999642       7.46701006E-03
   3.01999640       1.40645010E-02
   3.03999639       1.47049148E-02
   3.05999637       9.53081716E-03
   3.07999635       1.10783344E-02
   3.09999633       1.77719872E-02
