  -2.00000000       1.05120977E-02
  -1.98000002       1.57759581E-02
  -1.96000004       1.33313695E-02
  -1.94000006       1.65872425E-02
  -1.92000008       2.43683644E-02
  -1.90000010       1.68660413E-02
  -1.88000011       1.35940779E-02
  -1.86000013       2.28629448E-02
  -1.84000015       2.13780608E-02
  -1.82000017       1.85410641E-02
  -1.80000019       2.45617367E-02
  -1.78000021       2.13449057E-02
  -1.76000023       1.86349023E-02
  -1.74000025       2.74237804E-02
  -1.72000027       2.64116824E-02
  -1.70000029       2.05116849E-02
  -1.68000031       2.62930263E-02
  -1.66000032       2.74024289E-02
  -1.64000034       2.35120710E-02
  -1.62000036       2.87976749E-02
  -1.60000038       2.89721303E-02
  -1.58000040       2.37036739E-02
  -1.56000042       2.91076284E-02
  -1.54000044       3.17014232E-02
  -1.52000046       2.60314513E-02
  -1.50000048       2.84431688E-02
  -1.48000050       3.14319730E-02
  -1.46000051       2.76453514E-02
  -1.44000053       2.96303649E-02
  -1.42000055       3.18337940E-02
  -1.40000057       2.74746567E-02
  -1.38000059       2.92821005E-02
  -1.36000061       3.27876285E-02
  -1.34000063       2.83608399E-02
  -1.32000065       2.80610844E-02
  -1.30000067       3.18030827E-02
  -1.28000069       2.90513802E-02
  -1.26000071       2.78687514E-02
  -1.24000072       3.03197242E-02
  -1.22000074       2.82513034E-02
  -1.20000076       2.74726264E-02
  -1.18000078       2.95235608E-02
  -1.16000080       2.71949004E-02
  -1.14000082       2.59978697E-02
  -1.12000084       2.84363702E-02
  -1.10000086       2.64870990E-02
  -1.08000088       2.43628379E-02
  -1.06000090       2.65839361E-02
  -1.04000092       2.55304184E-02
  -1.02000093       2.30407622E-02
  -1.00000095       2.45138854E-02
 -0.980000973       2.40274202E-02
 -0.960000992       2.16621738E-02
 -0.940001011       2.25591157E-02
 -0.920001030       2.23181378E-02
 -0.900001049       2.03166604E-02
 -0.880001068       2.06443425E-02
 -0.860001087       2.06861254E-02
 -0.840001106       1.89400353E-02
 -0.820001125       1.87980998E-02
 -0.800001144       1.88244320E-02
 -0.780001163       1.75808705E-02
 -0.760001183       1.73673499E-02
 -0.740001202       1.69484187E-02
 -0.720001221       1.60155259E-02
 -0.700001240       1.62091311E-02
 -0.680001259       1.56637784E-02
 -0.660001278       1.43697634E-02
 -0.640001297       1.48073658E-02
 -0.620001316       1.47843538E-02
 -0.600001335       1.34137543E-02
 -0.580001354       1.32348407E-02
 -0.560001373       1.34976180E-02
 -0.540001392       1.30310990E-02
 -0.520001411       1.26390355E-02
 -0.500001431       1.19486945E-02
 -0.480001420       1.19648380E-02
 -0.460001409       1.29846362E-02
 -0.440001398       1.16069634E-02
 -0.420001388       1.03458865E-02
 -0.400001377       1.22526316E-02
 -0.380001366       1.26193743E-02
 -0.360001355       1.02135418E-02
 -0.340001345       1.03180241E-02
 -0.320001334       1.22145806E-02
 -0.300001323       1.20983627E-02
 -0.280001312       1.00253737E-02
 -0.260001302       9.50181019E-03
 -0.240001306       1.23115312E-02
 -0.220001310       1.26843192E-02
 -0.200001314       8.10174923E-03
 -0.180001318       8.76968820E-03
 -0.160001323       1.36799701E-02
 -0.140001327       1.07004736E-02
 -0.120001331       5.74300066E-03
 -0.100001335       9.08281654E-03
  -8.00013393E-02   1.27847446E-02
  -6.00013398E-02   7.58896023E-03
  -4.00013402E-02   3.22181196E-03
  -2.00013407E-02   8.73353612E-03
  -1.34110451E-06   1.06722899E-02
   1.99986584E-02   3.38192424E-03
   3.99986580E-02   2.55230116E-03
   5.99986576E-02   4.72582737E-03
   7.99986571E-02   7.71863246E-03
   9.99986529E-02   1.14440871E-02
  0.119998649       1.53301191E-02
  0.139998645       1.95648856E-02
  0.159998640       2.39474028E-02
  0.179998636       2.89579239E-02
  0.199998632       3.39718238E-02
  0.219998628       3.95509303E-02
  0.239998624       4.56266627E-02
  0.259998620       5.16242832E-02
  0.279998630       5.95283099E-02
  0.299998641       6.56554922E-02
  0.319998652       7.44516626E-02
  0.339998662       8.30176175E-02
  0.359998673       9.13189799E-02
  0.379998684      0.102822736    
  0.399998695      0.111367844    
  0.419998705      0.123556420    
  0.439998716      0.135982573    
  0.459998727      0.146661416    
  0.479998738      0.161707327    
  0.499998748      0.174700469    
  0.519998729      0.189075246    
  0.539998710      0.206028983    
  0.559998691      0.220123008    
  0.579998672      0.237864971    
  0.599998653      0.256063610    
  0.619998634      0.272636503    
  0.639998615      0.293317378    
  0.659998596      0.311661571    
  0.679998577      0.330706209    
  0.699998558      0.353830159    
  0.719998538      0.373146445    
  0.739998519      0.393183976    
  0.759998500      0.418282688    
  0.779998481      0.438298851    
  0.799998462      0.459484279    
  0.819998443      0.485333383    
  0.839998424      0.506366849    
  0.859998405      0.526612520    
  0.879998386      0.552641392    
  0.899998367      0.574829638    
  0.919998348      0.593635798    
  0.939998329      0.616979539    
  0.959998310      0.639632523    
  0.979998291      0.658619165    
  0.999998271      0.677900314    
   1.01999831      0.698546469    
   1.03999829      0.716681778    
   1.05999827      0.733899236    
   1.07999825      0.750067890    
   1.09999824      0.765975833    
   1.11999822      0.779936731    
   1.13999820      0.792264223    
   1.15999818      0.803812265    
   1.17999816      0.814818323    
   1.19999814      0.822825372    
   1.21999812      0.829296470    
   1.23999810      0.836243212    
   1.25999808      0.840116620    
   1.27999806      0.841401219    
   1.29999804      0.842609406    
   1.31999803      0.843546152    
   1.33999801      0.839009702    
   1.35999799      0.834489465    
   1.37999797      0.830990613    
   1.39999795      0.824723661    
   1.41999793      0.813703597    
   1.43999791      0.803872108    
   1.45999789      0.794189036    
   1.47999787      0.780763090    
   1.49999785      0.766402900    
   1.51999784      0.752232075    
   1.53999782      0.735122204    
   1.55999780      0.715576231    
   1.57999778      0.700452566    
   1.59999776      0.683995008    
   1.61999774      0.660018325    
   1.63999772      0.635392249    
   1.65999770      0.619919717    
   1.67999768      0.603151917    
   1.69999766      0.575636387    
   1.71999764      0.548138261    
   1.73999763      0.531718016    
   1.75999761      0.514426172    
   1.77999759      0.486174703    
   1.79999757      0.460014999    
   1.81999755      0.443987936    
   1.83999753      0.425082326    
   1.85999751      0.396541625    
   1.87999749      0.374045491    
   1.89999747      0.361565351    
   1.91999745      0.341905445    
   1.93999743      0.311923295    
   1.95999742      0.292385459    
   1.97999740      0.285828739    
   1.99999738      0.268869430    
   2.01999736      0.238505572    
   2.03999734      0.220433861    
   2.05999732      0.218703210    
   2.07999730      0.205408916    
   2.09999728      0.176850945    
   2.11999726      0.161440089    
   2.13999724      0.163367465    
   2.15999722      0.152605444    
   2.17999721      0.125640124    
   2.19999719      0.113260545    
   2.21999717      0.119366437    
   2.23999715      0.111510947    
   2.25999713       8.61493573E-02
   2.27999711       7.64655098E-02
   2.29999709       8.55691656E-02
   2.31999707       7.93286934E-02
   2.33999705       5.55078425E-02
   2.35999703       4.88415323E-02
   2.37999701       6.07944243E-02
   2.39999700       5.63281067E-02
   2.41999698       3.43429781E-02
   2.43999696       3.00883949E-02
   2.45999694       4.32219915E-02
   2.47999692       3.89630571E-02
   2.49999690       1.88843347E-02
   2.51999688       1.76550560E-02
   2.53999686       3.22098099E-02
   2.55999684       2.80855168E-02
   2.57999682       9.63062327E-03
   2.59999681       1.02929920E-02
   2.61999679       2.41199806E-02
   2.63999677       1.93185639E-02
   2.65999675       3.36906104E-03
   2.67999673       6.93789963E-03
   2.69999671       2.03342289E-02
   2.71999669       1.44964429E-02
   2.73999667       8.95851350E-04
   2.75999665       6.34039752E-03
   2.77999663       1.81250237E-02
   2.79999661       1.14146881E-02
   2.81999660       6.49752095E-04
   2.83999658       7.67869502E-03
   2.85999656       1.67988800E-02
   2.87999654       9.18781757E-03
   2.89999652       2.04471662E-03
   2.91999650       1.07490234E-02
   2.93999648       1.76792238E-02
   2.95999646       1.00305816E-02
   2.97999644       5.78294741E-03
   2.99999642       1.35412384E-02
   3.01999640       1.63938720E-02
   3.03999639       9.70951933E-03
   3.05999637       1.05809662E-02
   3.07999635       1.99686307E-02
   3.09999633       2.04555318E-02
