  -2.00000000       2.14666538E-02
  -1.98000002       2.59561148E-02
  -1.96000004       1.22287693E-02
  -1.94000006       1.45024695E-02
  -1.92000008       2.66155880E-02
  -1.90000010       2.03419216E-02
  -1.88000011       1.98886320E-02
  -1.86000013       2.31680870E-02
  -1.84000015       1.68684069E-02
  -1.82000017       2.44112369E-02
  -1.80000019       2.99650729E-02
  -1.78000021       1.92512032E-02
  -1.76000023       2.26279180E-02
  -1.74000025       2.88686175E-02
  -1.72000027       2.30322555E-02
  -1.70000029       2.69638598E-02
  -1.68000031       2.84547266E-02
  -1.66000032       2.20654085E-02
  -1.64000034       2.93022636E-02
  -1.62000036       3.15508358E-02
  -1.60000038       2.35543381E-02
  -1.58000040       2.85358317E-02
  -1.56000042       3.09705548E-02
  -1.54000044       2.59454623E-02
  -1.52000046       3.04070041E-02
  -1.50000048       2.97591388E-02
  -1.48000050       2.56045870E-02
  -1.46000051       3.18629704E-02
  -1.44000053       3.06716785E-02
  -1.42000055       2.54748538E-02
  -1.40000057       3.07710208E-02
  -1.38000059       3.05537302E-02
  -1.36000061       2.65369825E-02
  -1.34000063       3.00304163E-02
  -1.32000065       2.87194327E-02
  -1.30000067       2.66168658E-02
  -1.28000069       3.01528256E-02
  -1.26000071       2.73133703E-02
  -1.24000072       2.53627989E-02
  -1.22000074       2.94595603E-02
  -1.20000076       2.65902877E-02
  -1.18000078       2.42102314E-02
  -1.16000080       2.76754629E-02
  -1.14000082       2.55769640E-02
  -1.12000084       2.35454198E-02
  -1.10000086       2.56541204E-02
  -1.08000088       2.38771178E-02
  -1.06000090       2.28074603E-02
  -1.04000092       2.39109769E-02
  -1.02000093       2.17797067E-02
  -1.00000095       2.16328222E-02
 -0.980000973       2.24744529E-02
 -0.960000992       1.98214892E-02
 -0.940001011       2.02112235E-02
 -0.920001030       2.11339686E-02
 -0.900001049       1.81328468E-02
 -0.880001068       1.85633618E-02
 -0.860001087       1.96485035E-02
 -0.840001106       1.66719370E-02
 -0.820001125       1.67850628E-02
 -0.800001144       1.81354731E-02
 -0.780001163       1.56588145E-02
 -0.760001183       1.51343532E-02
 -0.740001202       1.62777826E-02
 -0.720001221       1.48677267E-02
 -0.700001240       1.41235143E-02
 -0.680001259       1.45425843E-02
 -0.660001278       1.36482473E-02
 -0.640001297       1.34517495E-02
 -0.620001316       1.34726930E-02
 -0.600001335       1.25061693E-02
 -0.580001354       1.23536745E-02
 -0.560001373       1.27109531E-02
 -0.540001392       1.23211676E-02
 -0.520001411       1.13432324E-02
 -0.500001431       1.13971177E-02
 -0.480001420       1.23305563E-02
 -0.460001409       1.16496580E-02
 -0.440001398       1.02741411E-02
 -0.420001388       1.11582326E-02
 -0.400001377       1.21067194E-02
 -0.380001366       1.09745748E-02
 -0.360001355       1.01120919E-02
 -0.340001345       1.05931927E-02
 -0.320001334       1.18781570E-02
 -0.300001323       1.14700990E-02
 -0.280001312       8.91450793E-03
 -0.260001302       9.95089393E-03
 -0.240001306       1.28929000E-02
 -0.220001310       1.01608755E-02
 -0.200001314       7.47062871E-03
 -0.180001318       1.00947684E-02
 -0.160001323       1.18448716E-02
 -0.140001327       8.64105206E-03
 -0.120001331       5.53466147E-03
 -0.100001335       8.62646569E-03
  -8.00013393E-02   1.08315563E-02
  -6.00013398E-02   5.07205026E-03
  -4.00013402E-02   2.78132223E-03
  -2.00013407E-02   8.00745655E-03
  -1.34110451E-06   7.02415407E-03
   1.99986584E-02   1.86410639E-03
   3.99986580E-02   1.42728130E-03
   5.99986576E-02   2.98389769E-03
   7.99986571E-02   6.19745487E-03
   9.99986529E-02   8.78243241E-03
  0.119998649       1.24783060E-02
  0.139998645       1.60974879E-02
  0.159998640       1.95697006E-02
  0.179998636       2.45724246E-02
  0.199998632       2.77551096E-02
  0.219998628       3.38376425E-02
  0.239998624       3.79984789E-02
  0.259998620       4.38645817E-02
  0.279998630       4.99693491E-02
  0.299998641       5.56253083E-02
  0.319998652       6.33925125E-02
  0.339998662       7.00895041E-02
  0.359998673       7.77416080E-02
  0.379998684       8.67510140E-02
  0.399998695       9.51151252E-02
  0.419998705      0.105208144    
  0.439998716      0.115176797    
  0.459998727      0.125586644    
  0.479998738      0.137585387    
  0.499998748      0.149460584    
  0.519998729      0.161759019    
  0.539998710      0.175813749    
  0.559998691      0.188968092    
  0.579998672      0.204542682    
  0.599998653      0.219974339    
  0.619998634      0.234485000    
  0.639998615      0.252585620    
  0.659998596      0.269839883    
  0.679998577      0.285864353    
  0.699998558      0.307007760    
  0.719998538      0.324568748    
  0.739998519      0.341851085    
  0.759998500      0.365579009    
  0.779998481      0.384436011    
  0.799998462      0.401547760    
  0.819998443      0.427102178    
  0.839998424      0.447420061    
  0.859998405      0.464629799    
  0.879998386      0.490357369    
  0.899998367      0.512102723    
  0.919998348      0.528375626    
  0.939998329      0.552850544    
  0.959998310      0.576375306    
  0.979998291      0.591973424    
  0.999998271      0.612584233    
   1.01999831      0.635833263    
   1.03999829      0.652679920    
   1.05999827      0.669405401    
   1.07999825      0.690156639    
   1.09999824      0.706472814    
   1.11999822      0.720366716    
   1.13999820      0.736595571    
   1.15999818      0.752991080    
   1.17999816      0.763104200    
   1.19999814      0.773090303    
   1.21999812      0.786237359    
   1.23999810      0.797428012    
   1.25999808      0.800484955    
   1.27999806      0.806209505    
   1.29999804      0.816297770    
   1.31999803      0.819480956    
   1.33999801      0.815137744    
   1.35999799      0.818076193    
   1.37999797      0.822913408    
   1.39999795      0.816398442    
   1.41999793      0.807685494    
   1.43999791      0.807049334    
   1.45999789      0.803583026    
   1.47999787      0.790979981    
   1.49999785      0.780928254    
   1.51999784      0.772454917    
   1.53999782      0.759250700    
   1.55999780      0.746131480    
   1.57999778      0.735530376    
   1.59999776      0.716336787    
   1.61999774      0.695427120    
   1.63999772      0.685186803    
   1.65999770      0.673035502    
   1.67999768      0.644265711    
   1.69999766      0.620144665    
   1.71999764      0.611788690    
   1.73999763      0.594992638    
   1.75999761      0.562337995    
   1.77999759      0.541224778    
   1.79999757      0.531474233    
   1.81999755      0.506698906    
   1.83999753      0.476028025    
   1.85999751      0.463135779    
   1.87999749      0.449145168    
   1.89999747      0.414806694    
   1.91999745      0.390080780    
   1.93999743      0.388021052    
   1.95999742      0.370237440    
   1.97999740      0.329379797    
   1.99999738      0.311443806    
   2.01999736      0.314904243    
   2.03999734      0.292739779    
   2.05999732      0.255199790    
   2.07999730      0.247887924    
   2.09999728      0.248169899    
   2.11999726      0.216956466    
   2.13999724      0.189313993    
   2.15999722      0.197021171    
   2.17999721      0.192674667    
   2.19999719      0.154375866    
   2.21999717      0.137388334    
   2.23999715      0.152139306    
   2.25999713      0.139700264    
   2.27999711      0.104491599    
   2.29999709      0.104156621    
   2.31999707      0.118225865    
   2.33999705       9.33397189E-02
   2.35999703       6.55235723E-02
   2.37999701       7.99282417E-02
   2.39999700       8.77310932E-02
   2.41999698       5.64130284E-02
   2.43999696       4.31669615E-02
   2.45999694       6.50738105E-02
   2.47999692       6.02249913E-02
   2.49999690       2.87410133E-02
   2.51999688       3.22720110E-02
   2.53999686       5.31198084E-02
   2.55999684       3.51711810E-02
   2.57999682       1.24847833E-02
   2.59999681       3.02926414E-02
   2.61999679       4.18049060E-02
   2.63999677       1.60276499E-02
   2.65999675       7.60708749E-03
   2.67999673       3.02029867E-02
   2.69999671       2.68003140E-02
   2.71999669       2.75596231E-03
   2.73999667       1.13908714E-02
   2.75999665       3.01698186E-02
   2.77999663       1.44125782E-02
   2.79999661       2.92042503E-04
   2.81999660       1.85786597E-02
   2.83999658       2.50083636E-02
   2.85999656       5.41261258E-03
   2.87999654       5.77600067E-03
   2.89999652       2.31875014E-02
   2.91999650       1.58101078E-02
   2.93999648       2.56055756E-03
   2.95999646       1.58255454E-02
   2.97999644       2.55664494E-02
   2.99999642       1.19725280E-02
   3.01999640       9.18095186E-03
   3.03999639       2.24978924E-02
   3.05999637       1.94176864E-02
   3.07999635       9.70555097E-03
   3.09999633       1.87810045E-02
