  -2.00000000       2.16828343E-02
  -1.98000002       2.54254173E-02
  -1.96000004       1.18070878E-02
  -1.94000006       1.49133960E-02
  -1.92000008       2.72434503E-02
  -1.90000010       2.03945301E-02
  -1.88000011       1.96304489E-02
  -1.86000013       2.29908656E-02
  -1.84000015       1.70553457E-02
  -1.82000017       2.48178691E-02
  -1.80000019       2.98521835E-02
  -1.78000021       1.89795736E-02
  -1.76000023       2.28712764E-02
  -1.74000025       2.90502161E-02
  -1.72000027       2.30269898E-02
  -1.70000029       2.70197894E-02
  -1.68000031       2.82794517E-02
  -1.66000032       2.21254695E-02
  -1.64000034       2.96063703E-02
  -1.62000036       3.13056745E-02
  -1.60000038       2.34026928E-02
  -1.58000040       2.88148727E-02
  -1.56000042       3.08767464E-02
  -1.54000044       2.58559920E-02
  -1.52000046       3.05012893E-02
  -1.50000048       2.95627788E-02
  -1.48000050       2.56821569E-02
  -1.46000051       3.20065133E-02
  -1.44000053       3.03100869E-02
  -1.42000055       2.54906528E-02
  -1.40000057       3.10056061E-02
  -1.38000059       3.02471947E-02
  -1.36000061       2.64503360E-02
  -1.34000063       3.01485248E-02
  -1.32000065       2.85026357E-02
  -1.30000067       2.66116355E-02
  -1.28000069       3.01265735E-02
  -1.26000071       2.70462837E-02
  -1.24000072       2.55057011E-02
  -1.22000074       2.94736195E-02
  -1.20000076       2.62650065E-02
  -1.18000078       2.43950244E-02
  -1.16000080       2.77954601E-02
  -1.14000082       2.52681449E-02
  -1.12000084       2.36123838E-02
  -1.10000086       2.57262923E-02
  -1.08000088       2.36139651E-02
  -1.06000090       2.27690358E-02
  -1.04000092       2.38815937E-02
  -1.02000093       2.16624010E-02
  -1.00000095       2.16971561E-02
 -0.980000973       2.23774500E-02
 -0.960000992       1.97395198E-02
 -0.940001011       2.03217622E-02
 -0.920001030       2.09047478E-02
 -0.900001049       1.79814491E-02
 -0.880001068       1.87805351E-02
 -0.860001087       1.94857623E-02
 -0.840001106       1.64921582E-02
 -0.820001125       1.69860702E-02
 -0.800001144       1.79931913E-02
 -0.780001163       1.54348919E-02
 -0.760001183       1.53230261E-02
 -0.740001202       1.62439626E-02
 -0.720001221       1.46496035E-02
 -0.700001240       1.42156510E-02
 -0.680001259       1.45368706E-02
 -0.660001278       1.35097392E-02
 -0.640001297       1.35022197E-02
 -0.620001316       1.34575926E-02
 -0.600001335       1.24011291E-02
 -0.580001354       1.23796221E-02
 -0.560001373       1.27276331E-02
 -0.540001392       1.22356256E-02
 -0.520001411       1.13217570E-02
 -0.500001431       1.14402752E-02
 -0.480001420       1.22964755E-02
 -0.460001409       1.15834521E-02
 -0.440001398       1.03066768E-02
 -0.420001388       1.11663518E-02
 -0.400001377       1.20464535E-02
 -0.380001366       1.09919636E-02
 -0.360001355       1.01032127E-02
 -0.340001345       1.05526196E-02
 -0.320001334       1.19316494E-02
 -0.300001323       1.14194360E-02
 -0.280001312       8.85614753E-03
 -0.260001302       1.00352634E-02
 -0.240001306       1.28436005E-02
 -0.220001310       1.00859003E-02
 -0.200001314       7.51389563E-03
 -0.180001318       1.00683505E-02
 -0.160001323       1.18002826E-02
 -0.140001327       8.61552916E-03
 -0.120001331       5.48044359E-03
 -0.100001335       8.64329562E-03
  -8.00013393E-02   1.07670380E-02
  -6.00013398E-02   4.97996062E-03
  -4.00013402E-02   2.80979602E-03
  -2.00013407E-02   7.94901419E-03
  -1.34110451E-06   6.93379715E-03
   1.99986584E-02   1.85308233E-03
   3.99986580E-02   1.35516259E-03
   5.99986576E-02   3.01905815E-03
   7.99986571E-02   6.05501141E-03
   9.99986529E-02   8.84971023E-03
  0.119998649       1.22637618E-02
  0.139998645       1.61459316E-02
  0.159998640       1.93590261E-02
  0.179998636       2.44944319E-02
  0.199998632       2.76629012E-02
  0.219998628       3.35353687E-02
  0.239998624       3.80116664E-02
  0.259998620       4.34718095E-02
  0.279998630       4.98608574E-02
  0.299998641       5.53571321E-02
  0.319998652       6.29852563E-02
  0.339998662       6.99663609E-02
  0.359998673       7.72302225E-02
  0.379998684       8.64088237E-02
  0.399998695       9.47642103E-02
  0.419998705      0.104561262    
  0.439998716      0.114860989    
  0.459998727      0.124950625    
  0.479998738      0.136881903    
  0.499998748      0.149028510    
  0.519998729      0.160853341    
  0.539998710      0.175125346    
  0.559998691      0.188298613    
  0.579998672      0.203365490    
  0.599998653      0.219317108    
  0.619998634      0.233556971    
  0.639998615      0.251176178    
  0.659998596      0.269140214    
  0.679998577      0.284627914    
  0.699998558      0.305391550    
  0.719998538      0.323896825    
  0.739998519      0.340330601    
  0.759998500      0.363681942    
  0.779998481      0.383732885    
  0.799998462      0.399933040    
  0.819998443      0.424883932    
  0.839998424      0.446600318    
  0.859998405      0.463023841    
  0.879998386      0.487884492    
  0.899998367      0.511056960    
  0.919998348      0.527000368    
  0.939998329      0.550177753    
  0.959998310      0.574910700    
  0.979998291      0.590907574    
  0.999998271      0.610142231    
   1.01999831      0.633808434    
   1.03999829      0.651668847    
   1.05999827      0.667477846    
   1.07999825      0.687856138    
   1.09999824      0.705251455    
   1.11999822      0.719080806    
   1.13999820      0.734354377    
   1.15999818      0.751313329    
   1.17999816      0.762376249    
   1.19999814      0.771616459    
   1.21999812      0.784096539    
   1.23999810      0.796477497    
   1.25999808      0.800153196    
   1.27999806      0.804591358    
   1.29999804      0.814589500    
   1.31999803      0.819411993    
   1.33999801      0.815019667    
   1.35999799      0.816507339    
   1.37999797      0.821980298    
   1.39999795      0.817012548    
   1.41999793      0.807705402    
   1.43999791      0.806007862    
   1.45999789      0.803361952    
   1.47999787      0.791738749    
   1.49999785      0.781392753    
   1.51999784      0.772548497    
   1.53999782      0.759393454    
   1.55999780      0.746524334    
   1.57999778      0.736725092    
   1.59999776      0.717888713    
   1.61999774      0.695813119    
   1.63999772      0.685076475    
   1.65999770      0.674657106    
   1.67999768      0.646744728    
   1.69999766      0.620974600    
   1.71999764      0.612053692    
   1.73999763      0.597056210    
   1.75999761      0.564824283    
   1.77999759      0.542104244    
   1.79999757      0.532158911    
   1.81999755      0.508554161    
   1.83999753      0.477791905    
   1.85999751      0.464679271    
   1.87999749      0.451829940    
   1.89999747      0.417516053    
   1.91999745      0.390977502    
   1.93999743      0.388931304    
   1.95999742      0.373095810    
   1.97999740      0.331867576    
   1.99999738      0.311595291    
   2.01999736      0.315078735    
   2.03999734      0.294570267    
   2.05999732      0.256705135    
   2.07999730      0.248369113    
   2.09999728      0.249415830    
   2.11999726      0.218636453    
   2.13999724      0.189651996    
   2.15999722      0.197121710    
   2.17999721      0.194288522    
   2.19999719      0.156106934    
   2.21999717      0.137701571    
   2.23999715      0.152309209    
   2.25999713      0.140604705    
   2.27999711      0.105019227    
   2.29999709      0.104180932    
   2.31999707      0.118966296    
   2.33999705       9.45029259E-02
   2.35999703       6.59920424E-02
   2.37999701       8.02468881E-02
   2.39999700       8.87220129E-02
   2.41999698       5.73492534E-02
   2.43999696       4.38744687E-02
   2.45999694       6.62016869E-02
   2.47999692       6.11408837E-02
   2.49999690       2.90557630E-02
   2.51999688       3.26642692E-02
   2.53999686       5.34637123E-02
   2.55999684       3.51725705E-02
   2.57999682       1.26238251E-02
   2.59999681       3.11321151E-02
   2.61999679       4.23769653E-02
   2.63999677       1.58322509E-02
   2.65999675       8.07783008E-03
   2.67999673       3.09500787E-02
   2.69999671       2.67501920E-02
   2.71999669       2.57845549E-03
   2.73999667       1.21619711E-02
   2.75999665       3.04180849E-02
   2.77999663       1.36391204E-02
   2.79999661       4.90907347E-04
   2.81999660       1.97615251E-02
   2.83999658       2.50560828E-02
   2.85999656       4.86007659E-03
   2.87999654       6.36146730E-03
   2.89999652       2.36691087E-02
   2.91999650       1.50801344E-02
   2.93999648       2.58154678E-03
   2.95999646       1.69011876E-02
   2.97999644       2.55621951E-02
   2.99999642       1.12287998E-02
   3.01999640       9.68520343E-03
   3.03999639       2.30471417E-02
   3.05999637       1.86817795E-02
   3.07999635       9.60943848E-03
   3.09999633       1.99027061E-02
