  -2.00000000       2.14912836E-02
  -1.98000002       2.23596245E-02
  -1.96000004       1.04551194E-02
  -1.94000006       1.75206829E-02
  -1.92000008       2.99279913E-02
  -1.90000010       1.99182611E-02
  -1.88000011       1.82352141E-02
  -1.86000013       2.27011237E-02
  -1.84000015       1.84068847E-02
  -1.82000017       2.64391657E-02
  -1.80000019       2.88180094E-02
  -1.78000021       1.77149437E-02
  -1.76000023       2.42335256E-02
  -1.74000025       2.99727656E-02
  -1.72000027       2.29285080E-02
  -1.70000029       2.70228125E-02
  -1.68000031       2.74398420E-02
  -1.66000032       2.26573236E-02
  -1.64000034       3.10232658E-02
  -1.62000036       3.01974248E-02
  -1.60000038       2.29032394E-02
  -1.58000040       3.00208312E-02
  -1.56000042       3.04982662E-02
  -1.54000044       2.57984884E-02
  -1.52000046       3.08892466E-02
  -1.50000048       2.85776276E-02
  -1.48000050       2.62465738E-02
  -1.46000051       3.27093974E-02
  -1.44000053       2.88621262E-02
  -1.42000055       2.57652160E-02
  -1.40000057       3.18263881E-02
  -1.38000059       2.91059446E-02
  -1.36000061       2.66090389E-02
  -1.34000063       3.04999724E-02
  -1.32000065       2.75363009E-02
  -1.30000067       2.71073524E-02
  -1.28000069       3.01445872E-02
  -1.26000071       2.59290989E-02
  -1.24000072       2.62015164E-02
  -1.22000074       2.94021703E-02
  -1.20000076       2.50411686E-02
  -1.18000078       2.50350796E-02
  -1.16000080       2.76338123E-02
  -1.14000082       2.40960810E-02
  -1.12000084       2.41442863E-02
  -1.10000086       2.55295336E-02
  -1.08000088       2.26854645E-02
  -1.06000090       2.32219100E-02
  -1.04000092       2.35958882E-02
  -1.02000093       2.10157614E-02
  -1.00000095       2.20284052E-02
 -0.980000973       2.17945259E-02
 -0.960000992       1.93162151E-02
 -0.940001011       2.07385737E-02
 -0.920001030       2.01228075E-02
 -0.900001049       1.77135002E-02
 -0.880001068       1.93377435E-02
 -0.860001087       1.85292438E-02
 -0.840001106       1.61612611E-02
 -0.820001125       1.76389944E-02
 -0.800001144       1.71774440E-02
 -0.780001163       1.50402403E-02
 -0.760001183       1.58961229E-02
 -0.740001202       1.56179192E-02
 -0.720001221       1.42511427E-02
 -0.700001240       1.46582527E-02
 -0.680001259       1.40697444E-02
 -0.660001278       1.32068591E-02
 -0.640001297       1.37844160E-02
 -0.620001316       1.31014325E-02
 -0.600001335       1.21915471E-02
 -0.580001354       1.25281177E-02
 -0.560001373       1.25319576E-02
 -0.540001392       1.20754186E-02
 -0.520001411       1.13015501E-02
 -0.500001431       1.13971187E-02
 -0.480001420       1.22742588E-02
 -0.460001409       1.13921678E-02
 -0.440001398       1.02849994E-02
 -0.420001388       1.12615097E-02
 -0.400001377       1.18779782E-02
 -0.380001366       1.09401653E-02
 -0.360001355       1.01108141E-02
 -0.340001345       1.04571488E-02
 -0.320001334       1.20503707E-02
 -0.300001323       1.12428749E-02
 -0.280001312       8.66685435E-03
 -0.260001302       1.03049679E-02
 -0.240001306       1.26821613E-02
 -0.220001310       9.78984497E-03
 -0.200001314       7.62056839E-03
 -0.180001318       1.00333337E-02
 -0.160001323       1.15879448E-02
 -0.140001327       8.44395533E-03
 -0.120001331       5.34993177E-03
 -0.100001335       8.65295343E-03
  -8.00013393E-02   1.04555581E-02
  -6.00013398E-02   4.68504289E-03
  -4.00013402E-02   2.85629323E-03
  -2.00013407E-02   7.67208030E-03
  -1.34110451E-06   6.65895315E-03
   1.99986584E-02   1.69485551E-03
   3.99986580E-02   1.14215515E-03
   5.99986576E-02   3.07690003E-03
   7.99986571E-02   5.59263257E-03
   9.99986529E-02   8.90717190E-03
  0.119998649       1.16965706E-02
  0.139998645       1.59010384E-02
  0.159998640       1.89676862E-02
  0.179998636       2.36945301E-02
  0.199998632       2.75652055E-02
  0.219998628       3.22566852E-02
  0.239998624       3.77008095E-02
  0.259998620       4.24456708E-02
  0.279998630       4.86671254E-02
  0.299998641       5.47523089E-02
  0.319998652       6.11619614E-02
  0.339998662       6.89539909E-02
  0.359998673       7.59254545E-02
  0.379998684       8.40923041E-02
  0.399998695       9.36633050E-02
  0.419998705      0.102106437    
  0.439998716      0.112579830    
  0.459998727      0.123301156    
  0.479998738      0.133332983    
  0.499998748      0.146786556    
  0.519998729      0.158152953    
  0.539998710      0.170941055    
  0.559998691      0.185928866    
  0.579998672      0.199041843    
  0.599998653      0.214938566    
  0.619998634      0.230839685    
  0.639998615      0.245325327    
  0.659998596      0.264486402    
  0.679998577      0.281180739    
  0.699998558      0.298106641    
  0.719998538      0.319301456    
  0.739998519      0.336176485    
  0.759998500      0.354966044    
  0.779998481      0.378636122    
  0.799998462      0.395699054    
  0.819998443      0.415051877    
  0.839998424      0.440473139    
  0.859998405      0.458729118    
  0.879998386      0.477741718    
  0.899998367      0.503414214    
  0.919998348      0.522990882    
  0.939998329      0.540480733    
  0.959998310      0.565429389    
  0.979998291      0.586558461    
  0.999998271      0.602525473    
   1.01999831      0.623175085    
   1.03999829      0.645552456    
   1.05999827      0.661839545    
   1.07999825      0.678234100    
   1.09999824      0.697191596    
   1.11999822      0.714399338    
   1.13999820      0.727036893    
   1.15999818      0.742139280    
   1.17999816      0.757372677    
   1.19999814      0.767791152    
   1.21999812      0.775892317    
   1.23999810      0.789200604    
   1.25999808      0.798377454    
   1.27999806      0.800853014    
   1.29999804      0.806566179    
   1.31999803      0.815703988    
   1.33999801      0.815622807    
   1.35999799      0.812703490    
   1.37999797      0.816277385    
   1.39999795      0.816736281    
   1.41999793      0.809217155    
   1.43999791      0.803963065    
   1.45999789      0.801268756    
   1.47999787      0.792471468    
   1.49999785      0.783378482    
   1.51999784      0.775112569    
   1.53999782      0.761016309    
   1.55999780      0.746137977    
   1.57999778      0.739438891    
   1.59999776      0.725834548    
   1.61999774      0.700426757    
   1.63999772      0.683840394    
   1.65999770      0.678550422    
   1.67999768      0.657831311    
   1.69999766      0.627251446    
   1.71999764      0.612419426    
   1.73999763      0.602687418    
   1.75999761      0.575255930    
   1.77999759      0.548723578    
   1.79999757      0.537399948    
   1.81999755      0.517035544    
   1.83999753      0.484097600    
   1.85999751      0.468407631    
   1.87999749      0.461379439    
   1.89999747      0.429838657    
   1.91999745      0.395132929    
   1.93999743      0.390474051    
   1.95999742      0.384028316    
   1.97999740      0.345497310    
   1.99999738      0.316661507    
   2.01999736      0.318449348    
   2.03999734      0.304140717    
   2.05999732      0.265151948    
   2.07999730      0.252294898    
   2.09999728      0.257160962    
   2.11999726      0.229354352    
   2.13999724      0.193795279    
   2.15999722      0.198174268    
   2.17999721      0.201671824    
   2.19999719      0.165375695    
   2.21999717      0.141591802    
   2.23999715      0.155868888    
   2.25999713      0.147582114    
   2.27999711      0.109738894    
   2.29999709      0.105987355    
   2.31999707      0.123937279    
   2.33999705      0.101294599    
   2.35999703       6.96197674E-02
   2.37999701       8.28448385E-02
   2.39999700       9.28327441E-02
   2.41999698       6.01308122E-02
   2.43999696       4.52169813E-02
   2.45999694       6.89117983E-02
   2.47999692       6.40477836E-02
   2.49999690       3.06648202E-02
   2.51999688       3.53501625E-02
   2.53999686       5.68648651E-02
   2.55999684       3.60625014E-02
   2.57999682       1.33063272E-02
   2.59999681       3.40542942E-02
   2.61999679       4.33297902E-02
   2.63999677       1.47681255E-02
   2.65999675       1.05474927E-02
   2.67999673       3.51803675E-02
   2.69999671       2.65586507E-02
   2.71999669       1.92629313E-03
   2.73999667       1.53401000E-02
   2.75999665       3.10792439E-02
   2.77999663       1.05298748E-02
   2.79999661       2.05018139E-03
   2.81999660       2.45921761E-02
   2.83999658       2.42258105E-02
   2.85999656       2.64698127E-03
   2.87999654       9.62461438E-03
   2.89999652       2.54168976E-02
   2.91999650       1.18373977E-02
   2.93999648       3.42973811E-03
   2.95999646       2.16175560E-02
   2.97999644       2.46284474E-02
   2.99999642       8.49375036E-03
   3.01999640       1.24358367E-02
   3.03999639       2.44211406E-02
   3.05999637       1.52040860E-02
   3.07999635       1.06147686E-02
   3.09999633       2.49822419E-02
