  -2.00000000       1.48874670E-02
  -1.98000002       1.65473204E-02
  -1.96000004       1.34838168E-02
  -1.94000006       2.48566642E-02
  -1.92000008       3.01407166E-02
  -1.90000010       1.44621124E-02
  -1.88000011       1.86722726E-02
  -1.86000013       2.76788939E-02
  -1.84000015       2.14261729E-02
  -1.82000017       2.51980238E-02
  -1.80000019       2.39483658E-02
  -1.78000021       1.86062194E-02
  -1.76000023       3.05226017E-02
  -1.74000025       2.94159241E-02
  -1.72000027       1.99249703E-02
  -1.70000029       2.80175973E-02
  -1.68000031       2.82846540E-02
  -1.66000032       2.50142645E-02
  -1.64000034       3.09722908E-02
  -1.62000036       2.55122986E-02
  -1.60000038       2.49812715E-02
  -1.58000040       3.40110995E-02
  -1.56000042       2.74945833E-02
  -1.54000044       2.50636879E-02
  -1.52000046       3.18836607E-02
  -1.50000048       2.77751572E-02
  -1.48000050       2.83240173E-02
  -1.46000051       3.10961939E-02
  -1.44000053       2.54808664E-02
  -1.42000055       2.94949990E-02
  -1.40000057       3.21395323E-02
  -1.38000059       2.50660609E-02
  -1.36000061       2.81531475E-02
  -1.34000063       3.08794584E-02
  -1.32000065       2.58837305E-02
  -1.30000067       2.79014427E-02
  -1.28000069       2.79824100E-02
  -1.26000071       2.53172796E-02
  -1.24000072       2.85001900E-02
  -1.22000074       2.61410195E-02
  -1.20000076       2.36582886E-02
  -1.18000078       2.79521979E-02
  -1.16000080       2.51683276E-02
  -1.14000082       2.23310683E-02
  -1.12000084       2.59646568E-02
  -1.10000086       2.38394998E-02
  -1.08000088       2.16043964E-02
  -1.06000090       2.36149170E-02
  -1.04000092       2.19310429E-02
  -1.02000093       2.11467594E-02
  -1.00000095       2.16549151E-02
 -0.980000973       1.97400264E-02
 -0.960000992       2.04352513E-02
 -0.940001011       2.01568026E-02
 -0.920001030       1.75273661E-02
 -0.900001049       1.92302279E-02
 -0.880001068       1.89441945E-02
 -0.860001087       1.57889910E-02
 -0.840001106       1.76348072E-02
 -0.820001125       1.75581314E-02
 -0.800001144       1.46549661E-02
 -0.780001163       1.59876011E-02
 -0.760001183       1.60023775E-02
 -0.740001202       1.37364687E-02
 -0.720001221       1.47603201E-02
 -0.700001240       1.46485101E-02
 -0.680001259       1.27233770E-02
 -0.660001278       1.34647191E-02
 -0.640001297       1.37574803E-02
 -0.620001316       1.22362040E-02
 -0.600001335       1.20226014E-02
 -0.580001354       1.25712370E-02
 -0.560001373       1.23023288E-02
 -0.540001392       1.14675509E-02
 -0.520001411       1.12380041E-02
 -0.500001431       1.17186289E-02
 -0.480001420       1.15924366E-02
 -0.460001409       1.11845927E-02
 -0.440001398       1.06750494E-02
 -0.420001388       1.06630651E-02
 -0.400001377       1.19754421E-02
 -0.380001366       1.10825365E-02
 -0.360001355       9.25495103E-03
 -0.340001345       1.10079236E-02
 -0.320001334       1.23522626E-02
 -0.300001323       9.91574116E-03
 -0.280001312       9.18900501E-03
 -0.260001302       1.07725654E-02
 -0.240001306       1.14864698E-02
 -0.220001310       1.00890649E-02
 -0.200001314       7.41522526E-03
 -0.180001318       9.50417295E-03
 -0.160001323       1.19498670E-02
 -0.140001327       7.26136938E-03
 -0.120001331       5.09281503E-03
 -0.100001335       9.17562097E-03
  -8.00013393E-02   8.95787403E-03
  -6.00013398E-02   4.34606057E-03
  -4.00013402E-02   3.01951007E-03
  -2.00013407E-02   6.58808509E-03
  -1.34110451E-06   6.39487850E-03
   1.99986584E-02   1.00069959E-03
   3.99986580E-02   9.37982637E-04
   5.99986576E-02   2.88143312E-03
   7.99986571E-02   5.04621025E-03
   9.99986529E-02   8.23860802E-03
  0.119998649       1.13325622E-02
  0.139998645       1.42710963E-02
  0.159998640       1.88222975E-02
  0.179998636       2.13313624E-02
  0.199998632       2.71057244E-02
  0.219998628       2.98592132E-02
  0.239998624       3.59462872E-02
  0.259998620       4.04982828E-02
  0.279998630       4.57978882E-02
  0.299998641       5.24236262E-02
  0.319998652       5.77360466E-02
  0.339998662       6.56685978E-02
  0.359998673       7.21706897E-02
  0.379998684       8.01449716E-02
  0.399998695       8.86654258E-02
  0.419998705       9.71367061E-02
  0.439998716      0.107576616    
  0.459998727      0.116521768    
  0.479998738      0.127788410    
  0.499998748      0.139130503    
  0.519998729      0.150389731    
  0.539998710      0.163869560    
  0.559998691      0.176247060    
  0.579998672      0.189818799    
  0.599998653      0.205450252    
  0.619998634      0.219637334    
  0.639998615      0.234996870    
  0.659998596      0.251845241    
  0.679998577      0.268608689    
  0.699998558      0.285554677    
  0.719998538      0.304389536    
  0.739998519      0.322775036    
  0.759998500      0.340341032    
  0.779998481      0.360602528    
  0.799998462      0.381498784    
  0.819998443      0.399088085    
  0.839998424      0.420203537    
  0.859998405      0.442407548    
  0.879998386      0.461076975    
  0.899998367      0.481826156    
  0.919998348      0.504842758    
  0.939998329      0.523332298    
  0.959998310      0.543717325    
  0.979998291      0.566099644    
  0.999998271      0.585136950    
   1.01999831      0.603479683    
   1.03999829      0.624158025    
   1.05999827      0.642223060    
   1.07999825      0.660293102    
   1.09999824      0.678160846    
   1.11999822      0.694356680    
   1.13999820      0.709219873    
   1.15999818      0.725323081    
   1.17999816      0.739293337    
   1.19999814      0.751727402    
   1.21999812      0.761916995    
   1.23999810      0.772805870    
   1.25999808      0.784004807    
   1.27999806      0.790915310    
   1.29999804      0.794155777    
   1.31999803      0.802279115    
   1.33999801      0.809116483    
   1.35999799      0.806463003    
   1.37999797      0.805761933    
   1.39999795      0.811509788    
   1.41999793      0.809021235    
   1.43999791      0.799038649    
   1.45999789      0.797756076    
   1.47999787      0.796129763    
   1.49999785      0.783969343    
   1.51999784      0.773747325    
   1.53999782      0.769558609    
   1.55999780      0.755357444    
   1.57999778      0.738723934    
   1.59999776      0.731739581    
   1.61999774      0.719215512    
   1.63999772      0.694175720    
   1.65999770      0.680398583    
   1.67999768      0.673191786    
   1.69999766      0.648858726    
   1.71999764      0.621732712    
   1.73999763      0.613496840    
   1.75999761      0.598397374    
   1.77999759      0.564976990    
   1.79999757      0.545892358    
   1.81999755      0.540503263    
   1.83999753      0.512411416    
   1.85999751      0.477978140    
   1.87999749      0.471189618    
   1.89999747      0.460758984    
   1.91999745      0.420691282    
   1.93999743      0.395898908    
   1.95999742      0.399360299    
   1.97999740      0.377161026    
   1.99999738      0.334116250    
   2.01999736      0.325501472    
   2.03999734      0.328020126    
   2.05999732      0.292367846    
   2.07999730      0.261063606    
   2.09999728      0.268694997    
   2.11999726      0.257548988    
   2.13999724      0.213102102    
   2.15999722      0.203312203    
   2.17999721      0.218212441    
   2.19999719      0.189772710    
   2.21999717      0.151869521    
   2.23999715      0.162656248    
   2.25999713      0.166456461    
   2.27999711      0.125844985    
   2.29999709      0.111355469    
   2.31999707      0.134120971    
   2.33999705      0.116608359    
   2.35999703       7.71206245E-02
   2.37999701       8.79851654E-02
   2.39999700      0.104456887    
   2.41999698       7.00819641E-02
   2.43999696       5.07147759E-02
   2.45999694       7.73451179E-02
   2.47999692       7.18057603E-02
   2.49999690       3.38638537E-02
   2.51999688       4.22098488E-02
   2.53999686       6.56631440E-02
   2.55999684       3.84267829E-02
   2.57999682       1.67604946E-02
   2.59999681       4.32918817E-02
   2.61999679       4.58102450E-02
   2.63999677       1.21579701E-02
   2.65999675       1.83215551E-02
   2.67999673       4.39851731E-02
   2.69999671       2.30609886E-02
   2.71999669       2.42234324E-03
   2.73999667       2.62818895E-02
   2.75999665       3.14050242E-02
   2.77999663       3.73755209E-03
   2.79999661       1.04615791E-02
   2.81999660       3.43242213E-02
   2.83999658       1.73530653E-02
   2.85999656       6.03726774E-04
   2.87999654       2.06974912E-02
   2.89999652       2.43982468E-02
   2.91999650       3.79224494E-03
   2.93999648       1.28085427E-02
   2.95999646       3.13081667E-02
   2.97999644       1.60954837E-02
   2.99999642       5.68159949E-03
   3.01999640       2.24271901E-02
   3.03999639       2.27216259E-02
   3.05999637       9.38336179E-03
   3.07999635       2.09394936E-02
   3.09999633       3.19724977E-02
