  -2.00000000       8.83609429E-03
  -1.98000002       2.01672427E-02
  -1.96000004       2.07302049E-02
  -1.94000006       2.57180221E-02
  -1.92000008       2.37361249E-02
  -1.90000010       1.18505321E-02
  -1.88000011       2.52297297E-02
  -1.86000013       3.19766290E-02
  -1.84000015       1.91989299E-02
  -1.82000017       2.27827672E-02
  -1.80000019       2.39843763E-02
  -1.78000021       2.25649364E-02
  -1.76000023       3.21503468E-02
  -1.74000025       2.47171186E-02
  -1.72000027       2.00707018E-02
  -1.70000029       3.22491638E-02
  -1.68000031       2.79046334E-02
  -1.66000032       2.43767221E-02
  -1.64000034       3.00482307E-02
  -1.62000036       2.48846468E-02
  -1.60000038       2.85077281E-02
  -1.58000040       3.28411683E-02
  -1.56000042       2.38044448E-02
  -1.54000044       2.81558931E-02
  -1.52000046       3.27881351E-02
  -1.50000048       2.56683752E-02
  -1.48000050       2.91151740E-02
  -1.46000051       2.98257396E-02
  -1.44000053       2.58625038E-02
  -1.42000055       3.13432291E-02
  -1.40000057       2.84611303E-02
  -1.38000059       2.48834901E-02
  -1.36000061       3.11798267E-02
  -1.34000063       2.79562026E-02
  -1.32000065       2.49334183E-02
  -1.30000067       2.94125192E-02
  -1.28000069       2.62391102E-02
  -1.26000071       2.55903304E-02
  -1.24000072       2.80009340E-02
  -1.22000074       2.40395851E-02
  -1.20000076       2.55177114E-02
  -1.18000078       2.68446766E-02
  -1.16000080       2.23050620E-02
  -1.14000082       2.46107802E-02
  -1.12000084       2.51942910E-02
  -1.10000086       2.10712589E-02
  -1.08000088       2.32081916E-02
  -1.06000090       2.30666287E-02
  -1.04000092       2.00947542E-02
  -1.02000093       2.17259228E-02
  -1.00000095       2.07227990E-02
 -0.980000973       1.92558393E-02
 -0.960000992       2.04198714E-02
 -0.940001011       1.85016356E-02
 -0.920001030       1.81570500E-02
 -0.900001049       1.90987214E-02
 -0.880001068       1.65540185E-02
 -0.860001087       1.69372391E-02
 -0.840001106       1.76626761E-02
 -0.820001125       1.49766644E-02
 -0.800001144       1.59154460E-02
 -0.780001163       1.61026306E-02
 -0.760001183       1.36157935E-02
 -0.740001202       1.47855310E-02
 -0.720001221       1.49883544E-02
 -0.700001240       1.26413526E-02
 -0.680001259       1.33993886E-02
 -0.660001278       1.37968268E-02
 -0.640001297       1.22676417E-02
 -0.620001316       1.24820983E-02
 -0.600001335       1.22446567E-02
 -0.580001354       1.18047092E-02
 -0.560001373       1.22367954E-02
 -0.540001392       1.14925355E-02
 -0.520001411       1.09072682E-02
 -0.500001431       1.15187541E-02
 -0.480001420       1.17462790E-02
 -0.460001409       1.09046623E-02
 -0.440001398       1.02250483E-02
 -0.420001388       1.11201936E-02
 -0.400001377       1.18938265E-02
 -0.380001366       1.02553153E-02
 -0.360001355       9.73886810E-03
 -0.340001345       1.12161031E-02
 -0.320001334       1.15114972E-02
 -0.300001323       1.02495169E-02
 -0.280001312       9.04065184E-03
 -0.260001302       1.03423465E-02
 -0.240001306       1.20005514E-02
 -0.220001310       9.16319713E-03
 -0.200001314       7.14089721E-03
 -0.180001318       1.02429120E-02
 -0.160001323       1.07667232E-02
 -0.140001327       6.88049290E-03
 -0.120001331       5.36895171E-03
 -0.100001335       8.36412050E-03
  -8.00013393E-02   8.73302855E-03
  -6.00013398E-02   3.69571778E-03
  -4.00013402E-02   2.66078208E-03
  -2.00013407E-02   6.68538548E-03
  -1.34110451E-06   5.10060461E-03
   1.99986584E-02   9.43479652E-04
   3.99986580E-02   9.12179763E-04
   5.99986576E-02   2.24663061E-03
   7.99986571E-02   5.17725758E-03
   9.99986529E-02   7.32126599E-03
  0.119998649       1.08682020E-02
  0.139998645       1.38149969E-02
  0.159998640       1.70555059E-02
  0.179998636       2.15775296E-02
  0.199998632       2.42839493E-02
  0.219998628       3.00068539E-02
  0.239998624       3.31966169E-02
  0.259998620       3.90139744E-02
  0.279998630       4.42427136E-02
  0.299998641       4.91155609E-02
  0.319998652       5.63370734E-02
  0.339998662       6.18606247E-02
  0.359998673       6.94080666E-02
  0.379998684       7.69947395E-02
  0.399998695       8.42604935E-02
  0.419998705       9.33907479E-02
  0.439998716      0.102629006    
  0.459998727      0.111746334    
  0.479998738      0.122529395    
  0.499998748      0.132915452    
  0.519998729      0.144303232    
  0.539998710      0.156968579    
  0.559998691      0.168955743    
  0.579998672      0.182212561    
  0.599998653      0.196799755    
  0.619998634      0.210414857    
  0.639998615      0.226510137    
  0.659998596      0.241561547    
  0.679998577      0.257039130    
  0.699998558      0.275816590    
  0.719998538      0.292163312    
  0.739998519      0.309219986    
  0.759998500      0.330177814    
  0.779998481      0.346323639    
  0.799998462      0.365300834    
  0.819998443      0.388260931    
  0.839998424      0.405090362    
  0.859998405      0.423836797    
  0.879998386      0.448645204    
  0.899998367      0.466455162    
  0.919998348      0.484806180    
  0.939998329      0.509205341    
  0.959998310      0.528711379    
  0.979998291      0.545520306    
  0.999998271      0.568630815    
   1.01999831      0.589269876    
   1.03999829      0.605208337    
   1.05999827      0.623861015    
   1.07999825      0.645159662    
   1.09999824      0.661587715    
   1.11999822      0.676297724    
   1.13999820      0.693870246    
   1.15999818      0.710979342    
   1.17999816      0.722357869    
   1.19999814      0.735657036    
   1.21999812      0.751366436    
   1.23999810      0.760206521    
   1.25999808      0.766669393    
   1.27999806      0.780126691    
   1.29999804      0.789032817    
   1.31999803      0.788936138    
   1.33999801      0.795153618    
   1.35999799      0.804191709    
   1.37999797      0.802303851    
   1.39999795      0.799183905    
   1.41999793      0.803811550    
   1.43999791      0.801657438    
   1.45999789      0.794163704    
   1.47999787      0.791624427    
   1.49999785      0.786501110    
   1.51999784      0.774806976    
   1.53999782      0.770244360    
   1.55999780      0.763402045    
   1.57999778      0.743475199    
   1.59999776      0.730311871    
   1.61999774      0.729541779    
   1.63999772      0.711374640    
   1.65999770      0.683252513    
   1.67999768      0.674772263    
   1.69999766      0.668190837    
   1.71999764      0.639171541    
   1.73999763      0.617076278    
   1.75999761      0.610992670    
   1.77999759      0.587574124    
   1.79999757      0.555934370    
   1.81999755      0.548954248    
   1.83999753      0.536717594    
   1.85999751      0.496252596    
   1.87999749      0.474230468    
   1.89999747      0.478768349    
   1.91999745      0.452482849    
   1.93999743      0.408237070    
   1.95999742      0.402702093    
   1.97999740      0.401622176    
   1.99999738      0.360859126    
   2.01999736      0.333571374    
   2.03999734      0.340920240    
   2.05999732      0.317894071    
   2.07999730      0.273331225    
   2.09999728      0.274095267    
   2.11999726      0.280691892    
   2.13999724      0.236833751    
   2.15999722      0.207639471    
   2.17999721      0.225539193    
   2.19999719      0.211115211    
   2.21999717      0.165507063    
   2.23999715      0.168725654    
   2.25999713      0.182785943    
   2.27999711      0.142099574    
   2.29999709      0.115714677    
   2.31999707      0.141821772    
   2.33999705      0.132603303    
   2.35999703       8.71846676E-02
   2.37999701       9.40388516E-02
   2.39999700      0.115210280    
   2.41999698       7.85531700E-02
   2.43999696       5.48823886E-02
   2.45999694       8.48768204E-02
   2.47999692       7.92338848E-02
   2.49999690       3.74097414E-02
   2.51999688       4.91343923E-02
   2.53999686       7.38335326E-02
   2.55999684       4.01716791E-02
   2.57999682       2.08772440E-02
   2.59999681       5.23020104E-02
   2.61999679       4.65602502E-02
   2.63999677       1.06264949E-02
   2.65999675       2.75515150E-02
   2.67999673       5.03298752E-02
   2.69999671       1.86949261E-02
   2.71999669       6.65613590E-03
   2.73999667       3.65635790E-02
   2.75999665       2.79660113E-02
   2.77999663       5.13024686E-04
   2.79999661       2.16948856E-02
   2.81999660       3.68418209E-02
   2.83999658       8.01839028E-03
   2.85999656       6.02581073E-03
   2.87999654       3.14256512E-02
   2.89999652       1.86880808E-02
   2.91999650       2.29633949E-03
   2.93999648       2.47811582E-02
   2.95999646       2.96696685E-02
   2.97999644       6.19039359E-03
   2.99999642       1.30528882E-02
   3.01999640       2.93720644E-02
   3.03999639       1.51939094E-02
   3.05999637       1.24671981E-02
   3.07999635       3.24012376E-02
   3.09999633       2.64712069E-02
