  -2.00000000       8.74646567E-03
  -1.98000002       2.41060778E-02
  -1.96000004       2.27210019E-02
  -1.94000006       2.35554948E-02
  -1.92000008       2.09856629E-02
  -1.90000010       1.28624039E-02
  -1.88000011       2.84988061E-02
  -1.86000013       3.19322944E-02
  -1.84000015       1.71071179E-02
  -1.82000017       2.28775200E-02
  -1.80000019       2.55708490E-02
  -1.78000021       2.38698330E-02
  -1.76000023       3.11640408E-02
  -1.74000025       2.26782151E-02
  -1.72000027       2.14069560E-02
  -1.70000029       3.41217369E-02
  -1.68000031       2.70182621E-02
  -1.66000032       2.38063857E-02
  -1.64000034       3.00310925E-02
  -1.62000036       2.53575891E-02
  -1.60000038       2.95752995E-02
  -1.58000040       3.15326713E-02
  -1.56000042       2.29425766E-02
  -1.54000044       2.98403483E-02
  -1.52000046       3.26188169E-02
  -1.50000048       2.48720255E-02
  -1.48000050       2.94132456E-02
  -1.46000051       2.93477364E-02
  -1.44000053       2.63932459E-02
  -1.42000055       3.14907469E-02
  -1.40000057       2.69430708E-02
  -1.38000059       2.55757198E-02
  -1.36000061       3.18348035E-02
  -1.34000063       2.66332068E-02
  -1.32000065       2.51724217E-02
  -1.30000067       2.95924563E-02
  -1.28000069       2.56321914E-02
  -1.26000071       2.60379333E-02
  -1.24000072       2.73669492E-02
  -1.22000074       2.36362685E-02
  -1.20000076       2.63815317E-02
  -1.18000078       2.59042177E-02
  -1.16000080       2.18263566E-02
  -1.14000082       2.54063364E-02
  -1.12000084       2.42852531E-02
  -1.10000086       2.07170974E-02
  -1.08000088       2.36500576E-02
  -1.06000090       2.22953260E-02
  -1.04000092       2.00886205E-02
  -1.02000093       2.18361672E-02
  -1.00000095       2.00560801E-02
 -0.980000973       1.95247158E-02
 -0.960000992       2.01622583E-02
 -0.940001011       1.78600941E-02
 -0.920001030       1.85991507E-02
 -0.900001049       1.86570361E-02
 -0.880001068       1.60897989E-02
 -0.860001087       1.74888596E-02
 -0.840001106       1.70589220E-02
 -0.820001125       1.46211050E-02
 -0.800001144       1.64179578E-02
 -0.780001163       1.54530527E-02
 -0.760001183       1.34499222E-02
 -0.740001202       1.52265457E-02
 -0.720001221       1.43455053E-02
 -0.700001240       1.25170872E-02
 -0.680001259       1.37208477E-02
 -0.660001278       1.33455331E-02
 -0.640001297       1.22103058E-02
 -0.620001316       1.25703337E-02
 -0.600001335       1.19465962E-02
 -0.580001354       1.18760215E-02
 -0.560001373       1.21812578E-02
 -0.540001392       1.12959892E-02
 -0.520001411       1.09699704E-02
 -0.500001431       1.14373490E-02
 -0.480001420       1.17329815E-02
 -0.460001409       1.08311204E-02
 -0.440001398       1.00832218E-02
 -0.420001388       1.13259498E-02
 -0.400001377       1.17576094E-02
 -0.380001366       1.00330561E-02
 -0.360001355       9.98809654E-03
 -0.340001345       1.11205475E-02
 -0.320001334       1.13369040E-02
 -0.300001323       1.03979865E-02
 -0.280001312       8.83283373E-03
 -0.260001302       1.03587359E-02
 -0.240001306       1.21298386E-02
 -0.220001310       8.72882642E-03
 -0.200001314       7.21708871E-03
 -0.180001318       1.04008988E-02
 -0.160001323       1.03124715E-02
 -0.140001327       6.84467983E-03
 -0.120001331       5.38057089E-03
 -0.100001335       8.11399054E-03
  -8.00013393E-02   8.63282848E-03
  -6.00013398E-02   3.45070637E-03
  -4.00013402E-02   2.61317962E-03
  -2.00013407E-02   6.57394668E-03
  -1.34110451E-06   4.78076236E-03
   1.99986584E-02   9.04867891E-04
   3.99986580E-02   8.01704242E-04
   5.99986576E-02   2.26789550E-03
   7.99986571E-02   4.88751195E-03
   9.99986529E-02   7.39543280E-03
  0.119998649       1.03421882E-02
  0.139998645       1.38764093E-02
  0.159998640       1.64721627E-02
  0.179998636       2.13006288E-02
  0.199998632       2.39467528E-02
  0.219998628       2.92248391E-02
  0.239998624       3.30227427E-02
  0.259998620       3.79940122E-02
  0.279998630       4.36816923E-02
  0.299998641       4.84549589E-02
  0.319998652       5.50589450E-02
  0.339998662       6.12371415E-02
  0.359998673       6.80944994E-02
  0.379998684       7.56419227E-02
  0.399998695       8.33681747E-02
  0.419998705       9.14251730E-02
  0.439998716      0.101087339    
  0.459998727      0.110391587    
  0.479998738      0.119947121    
  0.499998748      0.131417751    
  0.519998729      0.141965866    
  0.539998710      0.153973013    
  0.559998691      0.167297289    
  0.579998672      0.178851560    
  0.599998653      0.193634585    
  0.619998634      0.208094865    
  0.639998615      0.222137094    
  0.659998596      0.238588348    
  0.679998577      0.253757894    
  0.699998558      0.270474792    
  0.719998538      0.289100528    
  0.739998519      0.305015832    
  0.759998500      0.324190915    
  0.779998481      0.343210667    
  0.799998462      0.360137731    
  0.819998443      0.381431550    
  0.839998424      0.401767761    
  0.859998405      0.418487310    
  0.879998386      0.440828621    
  0.899998367      0.462408841    
  0.919998348      0.479763955    
  0.939998329      0.500946105    
  0.959998310      0.523447037    
  0.979998291      0.541132689    
  0.999998271      0.560530305    
   1.01999831      0.582400262    
   1.03999829      0.601265013    
   1.05999827      0.617365658    
   1.07999825      0.636779428    
   1.09999824      0.656708300    
   1.11999822      0.671932995    
   1.13999820      0.686012566    
   1.15999818      0.704410970    
   1.17999816      0.719194174    
   1.19999814      0.729672611    
   1.21999812      0.743922710    
   1.23999810      0.757086396    
   1.25999808      0.763510883    
   1.27999806      0.773063123    
   1.29999804      0.784617901    
   1.31999803      0.787785530    
   1.33999801      0.791035950    
   1.35999799      0.799196661    
   1.37999797      0.800789714    
   1.39999795      0.797803640    
   1.41999793      0.801221609    
   1.43999791      0.800147116    
   1.45999789      0.792757392    
   1.47999787      0.790921390    
   1.49999785      0.788181186    
   1.51999784      0.774522007    
   1.53999782      0.767635405    
   1.55999780      0.766259611    
   1.57999778      0.749222040    
   1.59999776      0.729193211    
   1.61999774      0.727532089    
   1.63999772      0.717949271    
   1.65999770      0.689917982    
   1.67999768      0.674646318    
   1.69999766      0.670249879    
   1.71999764      0.645675302    
   1.73999763      0.620619535    
   1.75999761      0.614756167    
   1.77999759      0.595531702    
   1.79999757      0.560049176    
   1.81999755      0.550008476    
   1.83999753      0.545855999    
   1.85999751      0.507549286    
   1.87999749      0.475272208    
   1.89999747      0.479252428    
   1.91999745      0.462801993    
   1.93999743      0.416956723    
   1.95999742      0.404042929    
   1.97999740      0.406984627    
   1.99999738      0.369753629    
   2.01999736      0.336793780    
   2.03999734      0.345141292    
   2.05999732      0.329160839    
   2.07999730      0.280312806    
   2.09999728      0.274352580    
   2.11999726      0.286611825    
   2.13999724      0.247132167    
   2.15999722      0.212073132    
   2.17999721      0.228955299    
   2.19999719      0.219103694    
   2.21999717      0.170581445    
   2.23999715      0.169924766    
   2.25999713      0.188344195    
   2.27999711      0.149358153    
   2.29999709      0.118291743    
   2.31999707      0.144054562    
   2.33999705      0.137409762    
   2.35999703       8.98849070E-02
   2.37999701       9.53532681E-02
   2.39999700      0.119084701    
   2.41999698       8.24205503E-02
   2.43999696       5.71343899E-02
   2.45999694       8.83269683E-02
   2.47999692       8.22890773E-02
   2.49999690       3.85155976E-02
   2.51999688       5.15095703E-02
   2.53999686       7.63863027E-02
   2.55999684       4.05712798E-02
   2.57999682       2.29845438E-02
   2.59999681       5.63514084E-02
   2.61999679       4.72227745E-02
   2.63999677       1.04089761E-02
   2.65999675       3.08820661E-02
   2.67999673       5.10822013E-02
   2.69999671       1.64567102E-02
   2.71999669       9.47698392E-03
   2.73999667       4.10121232E-02
   2.75999665       2.65221819E-02
   2.77999663       3.85441119E-04
   2.79999661       2.57805604E-02
   2.81999660       3.58438492E-02
   2.83999658       4.91287513E-03
   2.85999656       9.97475535E-03
   2.87999654       3.41980122E-02
   2.89999652       1.53452223E-02
   2.91999650       3.56458779E-03
   2.93999648       2.92133652E-02
   2.95999646       2.69103590E-02
   2.97999644       3.87288700E-03
   2.99999642       1.76666565E-02
   3.01999640       3.03012058E-02
   3.03999639       1.26410406E-02
   3.05999637       1.56965889E-02
   3.07999635       3.41840051E-02
   3.09999633       2.19245553E-02
