  -2.00000000       9.17299744E-03
  -1.98000002       2.60066260E-02
  -1.96000004       2.32138224E-02
  -1.94000006       2.23521031E-02
  -1.92000008       2.01093666E-02
  -1.90000010       1.37057276E-02
  -1.88000011       2.97136568E-02
  -1.86000013       3.13622579E-02
  -1.84000015       1.61694456E-02
  -1.82000017       2.34189443E-02
  -1.80000019       2.64901835E-02
  -1.78000021       2.41163522E-02
  -1.76000023       3.03940494E-02
  -1.74000025       2.19799746E-02
  -1.72000027       2.23693177E-02
  -1.70000029       3.47931348E-02
  -1.68000031       2.62596160E-02
  -1.66000032       2.35816613E-02
  -1.64000034       3.03045046E-02
  -1.62000036       2.56829206E-02
  -1.60000038       2.97749192E-02
  -1.58000040       3.07187438E-02
  -1.56000042       2.28177235E-02
  -1.54000044       3.07748895E-02
  -1.52000046       3.23399641E-02
  -1.50000048       2.44099926E-02
  -1.48000050       2.96508167E-02
  -1.46000051       2.93198824E-02
  -1.44000053       2.66485382E-02
  -1.42000055       3.13012563E-02
  -1.40000057       2.63237990E-02
  -1.38000059       2.61700787E-02
  -1.36000061       3.19996923E-02
  -1.34000063       2.58944295E-02
  -1.32000065       2.53882557E-02
  -1.30000067       2.97320299E-02
  -1.28000069       2.53545567E-02
  -1.26000071       2.60734875E-02
  -1.24000072       2.69921962E-02
  -1.22000074       2.36424319E-02
  -1.20000076       2.66323835E-02
  -1.18000078       2.52383258E-02
  -1.16000080       2.18102485E-02
  -1.14000082       2.58271266E-02
  -1.12000084       2.37521753E-02
  -1.10000086       2.06649229E-02
  -1.08000088       2.39354316E-02
  -1.06000090       2.19692923E-02
  -1.04000092       2.00461075E-02
  -1.02000093       2.17734259E-02
  -1.00000095       1.98371001E-02
 -0.980000973       1.96175743E-02
 -0.960000992       1.98976118E-02
 -0.940001011       1.77717209E-02
 -0.920001030       1.88621189E-02
 -0.900001049       1.82675682E-02
 -0.880001068       1.59869883E-02
 -0.860001087       1.77461877E-02
 -0.840001106       1.66317951E-02
 -0.820001125       1.45964390E-02
 -0.800001144       1.66981723E-02
 -0.780001163       1.50630334E-02
 -0.760001183       1.34151727E-02
 -0.740001202       1.54156052E-02
 -0.720001221       1.40414191E-02
 -0.700001240       1.25164865E-02
 -0.680001259       1.38441566E-02
 -0.660001278       1.31307151E-02
 -0.640001297       1.21818958E-02
 -0.620001316       1.26121519E-02
 -0.600001335       1.18668191E-02
 -0.580001354       1.18491305E-02
 -0.560001373       1.21415593E-02
 -0.540001392       1.12929074E-02
 -0.520001411       1.09264506E-02
 -0.500001431       1.13999238E-02
 -0.480001420       1.17995953E-02
 -0.460001409       1.07056284E-02
 -0.440001398       1.00620706E-02
 -0.420001388       1.14726592E-02
 -0.400001377       1.15752965E-02
 -0.380001366       1.00236963E-02
 -0.360001355       1.01250010E-02
 -0.340001345       1.09498948E-02
 -0.320001334       1.13854166E-02
 -0.300001323       1.04413535E-02
 -0.280001312       8.64116289E-03
 -0.260001302       1.05039952E-02
 -0.240001306       1.21186571E-02
 -0.220001310       8.48302152E-03
 -0.200001314       7.36879092E-03
 -0.180001318       1.03864167E-02
 -0.160001323       1.00967269E-02
 -0.140001327       6.90906728E-03
 -0.120001331       5.31249680E-03
 -0.100001335       8.01058766E-03
  -8.00013393E-02   8.63238797E-03
  -6.00013398E-02   3.28897149E-03
  -4.00013402E-02   2.61122570E-03
  -2.00013407E-02   6.53855456E-03
  -1.34110451E-06   4.61809896E-03
   1.99986584E-02   8.98163009E-04
   3.99986580E-02   7.45939324E-04
   5.99986576E-02   2.29208893E-03
   7.99986571E-02   4.74711414E-03
   9.99986529E-02   7.43837235E-03
  0.119998649       1.01090921E-02
  0.139998645       1.38928900E-02
  0.159998640       1.62312686E-02
  0.179998636       2.11676452E-02
  0.199998632       2.37790197E-02
  0.219998628       2.89302301E-02
  0.239998624       3.28579880E-02
  0.259998620       3.76338288E-02
  0.279998630       4.33719158E-02
  0.299998641       4.81269211E-02
  0.319998652       5.46344444E-02
  0.339998662       6.07332736E-02
  0.359998673       6.77142292E-02
  0.379998684       7.49567375E-02
  0.399998695       8.28362927E-02
  0.419998705       9.08704549E-02
  0.439998716      0.100033872    
  0.459998727      0.109963194    
  0.479998738      0.118924506    
  0.499998748      0.130336404    
  0.519998729      0.141374663    
  0.539998710      0.152427047    
  0.559998691      0.166315436    
  0.579998672      0.177900240    
  0.599998653      0.191719323    
  0.619998634      0.207118809    
  0.639998615      0.220613956    
  0.659998596      0.236597285    
  0.679998577      0.252645373    
  0.699998558      0.268349648    
  0.719998538      0.286989152    
  0.739998519      0.303685397    
  0.759998500      0.321630061    
  0.779998481      0.341065258    
  0.799998462      0.358487844    
  0.819998443      0.378462076    
  0.839998424      0.399434656    
  0.859998405      0.416754842    
  0.879998386      0.437584519    
  0.899998367      0.459645241    
  0.919998348      0.477946252    
  0.939998329      0.497826993    
  0.959998310      0.520157039    
  0.979998291      0.539158165    
  0.999998271      0.557810843    
   1.01999831      0.578703582    
   1.03999829      0.598827779    
   1.05999827      0.615406394    
   1.07999825      0.633155406    
   1.09999824      0.653383732    
   1.11999822      0.670303166    
   1.13999820      0.683413148    
   1.15999818      0.700612247    
   1.17999816      0.717138946    
   1.19999814      0.728031516    
   1.21999812      0.740667820    
   1.23999810      0.754528940    
   1.25999808      0.762345552    
   1.27999806      0.770797610    
   1.29999804      0.782052279    
   1.31999803      0.786517203    
   1.33999801      0.789710701    
   1.35999799      0.797425389    
   1.37999797      0.799618423    
   1.39999795      0.796666741    
   1.41999793      0.800290644    
   1.43999791      0.799996674    
   1.45999789      0.791917503    
   1.47999787      0.789776027    
   1.49999785      0.789102852    
   1.51999784      0.775397658    
   1.53999782      0.766041577    
   1.55999780      0.766179264    
   1.57999778      0.752310991    
   1.59999776      0.730216384    
   1.61999774      0.726134777    
   1.63999772      0.719327807    
   1.65999770      0.692917585    
   1.67999768      0.675532639    
   1.69999766      0.671467483    
   1.71999764      0.648539364    
   1.73999763      0.622046828    
   1.75999761      0.616145849    
   1.77999759      0.599355936    
   1.79999757      0.562096953    
   1.81999755      0.549237192    
   1.83999753      0.548710942    
   1.85999751      0.513608754    
   1.87999749      0.477507740    
   1.89999747      0.479730606    
   1.91999745      0.467210859    
   1.93999743      0.421536207    
   1.95999742      0.405366451    
   1.97999740      0.409687191    
   1.99999738      0.373972088    
   2.01999736      0.337732613    
   2.03999734      0.345656723    
   2.05999732      0.333466172    
   2.07999730      0.283593744    
   2.09999728      0.274008602    
   2.11999726      0.287979394    
   2.13999724      0.250666231    
   2.15999722      0.213233039    
   2.17999721      0.229661316    
   2.19999719      0.222285539    
   2.21999717      0.172665820    
   2.23999715      0.169734895    
   2.25999713      0.189944744    
   2.27999711      0.152275681    
   2.29999709      0.119478427    
   2.31999707      0.145390853    
   2.33999705      0.140325963    
   2.35999703       9.17497203E-02
   2.37999701       9.63465571E-02
   2.39999700      0.121175833    
   2.41999698       8.42941552E-02
   2.43999696       5.82839921E-02
   2.45999694       8.99600089E-02
   2.47999692       8.34986269E-02
   2.49999690       3.88418175E-02
   2.51999688       5.22694588E-02
   2.53999686       7.73976594E-02
   2.55999684       4.08192724E-02
   2.57999682       2.41834689E-02
   2.59999681       5.85094653E-02
   2.61999679       4.74690571E-02
   2.63999677       1.03554921E-02
   2.65999675       3.22870836E-02
   2.67999673       5.13313226E-02
   2.69999671       1.54788094E-02
   2.71999669       1.09883519E-02
   2.73999667       4.28352468E-02
   2.75999665       2.56363228E-02
   2.77999663       5.29785117E-04
   2.79999661       2.78040506E-02
   2.81999660       3.52242701E-02
   2.83999658       3.71087785E-03
   2.85999656       1.19648287E-02
   2.87999654       3.51623408E-02
   2.89999652       1.37249203E-02
   2.91999650       4.54743532E-03
   2.93999648       3.09451018E-02
   2.95999646       2.51994561E-02
   2.97999644       3.21788364E-03
   2.99999642       2.00983845E-02
   3.01999640       3.04461531E-02
   3.03999639       1.15656331E-02
   3.05999637       1.73293129E-02
   3.07999635       3.45061310E-02
   3.09999633       1.98494084E-02
