  -2.00000000       1.03551215E-02
  -1.98000002       2.90076509E-02
  -1.96000004       2.35143285E-02
  -1.94000006       2.04015784E-02
  -1.92000008       1.92846414E-02
  -1.90000010       1.53227234E-02
  -1.88000011       3.11306529E-02
  -1.86000013       2.99353953E-02
  -1.84000015       1.49838906E-02
  -1.82000017       2.48421524E-02
  -1.80000019       2.78389677E-02
  -1.78000021       2.39595566E-02
  -1.76000023       2.90759653E-02
  -1.74000025       2.14048382E-02
  -1.72000027       2.41310708E-02
  -1.70000029       3.53177749E-02
  -1.68000031       2.47139595E-02
  -1.66000032       2.36291755E-02
  -1.64000034       3.11494023E-02
  -1.62000036       2.60566529E-02
  -1.60000038       2.96475310E-02
  -1.58000040       2.94473413E-02
  -1.56000042       2.31369846E-02
  -1.54000044       3.22050378E-02
  -1.52000046       3.13784145E-02
  -1.50000048       2.37049218E-02
  -1.48000050       3.03667523E-02
  -1.46000051       2.93477662E-02
  -1.44000053       2.67658997E-02
  -1.42000055       3.07306647E-02
  -1.40000057       2.56726053E-02
  -1.38000059       2.73187049E-02
  -1.36000061       3.17755528E-02
  -1.34000063       2.46328432E-02
  -1.32000065       2.61100158E-02
  -1.30000067       2.99593825E-02
  -1.28000069       2.47427579E-02
  -1.26000071       2.60973442E-02
  -1.24000072       2.66462415E-02
  -1.22000074       2.38753445E-02
  -1.20000076       2.67223921E-02
  -1.18000078       2.41668615E-02
  -1.16000080       2.22150050E-02
  -1.14000082       2.62644365E-02
  -1.12000084       2.25987975E-02
  -1.10000086       2.08237842E-02
  -1.08000088       2.43762098E-02
  -1.06000090       2.12487318E-02
  -1.04000092       2.00171005E-02
  -1.02000093       2.18278188E-02
  -1.00000095       1.96007304E-02
 -0.980000973       1.96110252E-02
 -0.960000992       1.94572583E-02
 -0.940001011       1.78385973E-02
 -0.920001030       1.90175716E-02
 -0.900001049       1.75266955E-02
 -0.880001068       1.62035134E-02
 -0.860001087       1.80193130E-02
 -0.840001106       1.57718584E-02
 -0.820001125       1.48452250E-02
 -0.800001144       1.69968475E-02
 -0.780001163       1.42700402E-02
 -0.760001183       1.36413965E-02
 -0.740001202       1.56853106E-02
 -0.720001221       1.33862775E-02
 -0.700001240       1.26397470E-02
 -0.680001259       1.40646463E-02
 -0.660001278       1.27072241E-02
 -0.640001297       1.21951196E-02
 -0.620001316       1.27154691E-02
 -0.600001335       1.16600934E-02
 -0.580001354       1.18064946E-02
 -0.560001373       1.21958200E-02
 -0.540001392       1.12008452E-02
 -0.520001411       1.07836155E-02
 -0.500001431       1.15215769E-02
 -0.480001420       1.18090464E-02
 -0.460001409       1.04094632E-02
 -0.440001398       1.02303987E-02
 -0.420001388       1.15915155E-02
 -0.400001377       1.12013072E-02
 -0.380001366       1.02208378E-02
 -0.360001355       1.01882555E-02
 -0.340001345       1.06340386E-02
 -0.320001334       1.16790365E-02
 -0.300001323       1.02920532E-02
 -0.280001312       8.37116595E-03
 -0.260001302       1.09203458E-02
 -0.240001306       1.18315918E-02
 -0.220001310       8.23126081E-03
 -0.200001314       7.70091172E-03
 -0.180001318       1.01172216E-02
 -0.160001323       9.96104628E-03
 -0.140001327       6.97419466E-03
 -0.120001331       5.06892754E-03
 -0.100001335       8.03569797E-03
  -8.00013393E-02   8.50853510E-03
  -6.00013398E-02   3.02959490E-03
  -4.00013402E-02   2.70602643E-03
  -2.00013407E-02   6.35941280E-03
  -1.34110451E-06   4.44735913E-03
   1.99986584E-02   8.67663126E-04
   3.99986580E-02   6.25764020E-04
   5.99986576E-02   2.40213145E-03
   7.99986571E-02   4.44189040E-03
   9.99986529E-02   7.59378634E-03
  0.119998649       9.67476889E-03
  0.139998645       1.39598101E-02
  0.159998640       1.58495009E-02
  0.179998636       2.09309328E-02
  0.199998632       2.35715304E-02
  0.219998628       2.83838958E-02
  0.239998624       3.27127427E-02
  0.259998620       3.69182043E-02
  0.279998630       4.30636182E-02
  0.299998641       4.74156514E-02
  0.319998652       5.41115589E-02
  0.339998662       5.99254519E-02
  0.359998673       6.69236779E-02
  0.379998684       7.42486045E-02
  0.399998695       8.15512091E-02
  0.419998705       9.03019384E-02
  0.439998716       9.84083042E-02
  0.459998727      0.108832791    
  0.479998738      0.117967308    
  0.499998748      0.128135547    
  0.519998729      0.140434787    
  0.539998710      0.150541395    
  0.559998691      0.163952395    
  0.579998672      0.176897466    
  0.599998653      0.188880578    
  0.619998634      0.204795480    
  0.639998615      0.218984306    
  0.659998596      0.233244330    
  0.679998577      0.250326753    
  0.699998558      0.265888184    
  0.719998538      0.283138543    
  0.739998519      0.301213562    
  0.759998500      0.318482250    
  0.779998481      0.337026566    
  0.799998462      0.355616063    
  0.819998443      0.374681741    
  0.839998424      0.395031929    
  0.859998405      0.413680464    
  0.879998386      0.433475167    
  0.899998367      0.454704940    
  0.919998348      0.474393845    
  0.939998329      0.493943542    
  0.959998310      0.514829218    
  0.979998291      0.534941614    
  0.999998271      0.554280639    
   1.01999831      0.573455215    
   1.03999829      0.593674839    
   1.05999827      0.612303138    
   1.07999825      0.628732145    
   1.09999824      0.647356868    
   1.11999822      0.666618168    
   1.13999820      0.680502832    
   1.15999818      0.695047617    
   1.17999816      0.712410450    
   1.19999814      0.725510657    
   1.21999812      0.736724794    
   1.23999810      0.749830663    
   1.25999808      0.759542525    
   1.27999806      0.767947197    
   1.29999804      0.778493106    
   1.31999803      0.783706784    
   1.33999801      0.787164748    
   1.35999799      0.795186162    
   1.37999797      0.798146427    
   1.39999795      0.794208348    
   1.41999793      0.798098207    
   1.43999791      0.800474286    
   1.45999789      0.791429877    
   1.47999787      0.786796629    
   1.49999785      0.789384663    
   1.51999784      0.778201044    
   1.53999782      0.764730096    
   1.55999780      0.764398634    
   1.57999778      0.755876601    
   1.59999776      0.733086348    
   1.61999774      0.724844038    
   1.63999772      0.720727563    
   1.65999770      0.697271466    
   1.67999768      0.677313626    
   1.69999766      0.673476100    
   1.71999764      0.652888775    
   1.73999763      0.623585105    
   1.75999761      0.617316484    
   1.77999759      0.606267512    
   1.79999757      0.567872703    
   1.81999755      0.548539460    
   1.83999753      0.551447034    
   1.85999751      0.522645712    
   1.87999749      0.481809855    
   1.89999747      0.479838938    
   1.91999745      0.472511858    
   1.93999743      0.427814931    
   1.95999742      0.406861126    
   1.97999740      0.413814425    
   1.99999738      0.381783634    
   2.01999736      0.340347171    
   2.03999734      0.346350014    
   2.05999732      0.340492189    
   2.07999730      0.290446430    
   2.09999728      0.275262475    
   2.11999726      0.291369349    
   2.13999724      0.257414103    
   2.15999722      0.215991497    
   2.17999721      0.231463999    
   2.19999719      0.228523329    
   2.21999717      0.177570462    
   2.23999715      0.170571089    
   2.25999713      0.192943022    
   2.27999711      0.156999007    
   2.29999709      0.121324420    
   2.31999707      0.147369891    
   2.33999705      0.144757271    
   2.35999703       9.44843069E-02
   2.37999701       9.72798169E-02
   2.39999700      0.123531722    
   2.41999698       8.66469368E-02
   2.43999696       5.98308630E-02
   2.45999694       9.28946659E-02
   2.47999692       8.62922594E-02
   2.49999690       3.99941169E-02
   2.51999688       5.39337955E-02
   2.53999686       7.88200945E-02
   2.55999684       4.06739004E-02
   2.57999682       2.57916003E-02
   2.59999681       6.17490374E-02
   2.61999679       4.80744354E-02
   2.63999677       1.06000276E-02
   2.65999675       3.49262133E-02
   2.67999673       5.15465364E-02
   2.69999671       1.38732148E-02
   2.71999669       1.34872524E-02
   2.73999667       4.55449820E-02
   2.75999665       2.39879396E-02
   2.77999663       1.05485809E-03
   2.79999661       3.10474224E-02
   2.81999660       3.39893512E-02
   2.83999658       2.11034575E-03
   2.85999656       1.55096995E-02
   2.87999654       3.63067053E-02
   2.89999652       1.12366853E-02
   2.91999650       6.51696930E-03
   2.93999648       3.31698097E-02
   2.95999646       2.19266601E-02
   2.97999644       2.90922006E-03
   2.99999642       2.43059769E-02
   3.01999640       3.00660562E-02
   3.03999639       9.99439042E-03
   3.05999637       2.01856997E-02
   3.07999635       3.44667099E-02
   3.09999633       1.66799780E-02
