  -2.00000000       1.84779130E-02
  -1.98000002       3.77249233E-02
  -1.96000004       2.08293069E-02
  -1.94000006       1.48700476E-02
  -1.92000008       2.08791904E-02
  -1.90000010       2.13550255E-02
  -1.88000011       3.19824331E-02
  -1.86000013       2.36642212E-02
  -1.84000015       1.43175395E-02
  -1.82000017       3.12705263E-02
  -1.80000019       2.95009315E-02
  -1.78000021       2.13738661E-02
  -1.76000023       2.69528292E-02
  -1.74000025       2.26033218E-02
  -1.72000027       2.83941645E-02
  -1.70000029       3.31515484E-02
  -1.68000031       2.06519011E-02
  -1.66000032       2.71695629E-02
  -1.64000034       3.31843421E-02
  -1.62000036       2.45790537E-02
  -1.60000038       2.88851932E-02
  -1.58000040       2.80353986E-02
  -1.56000042       2.56443731E-02
  -1.54000044       3.33631411E-02
  -1.52000046       2.66905986E-02
  -1.50000048       2.47893445E-02
  -1.48000050       3.32575031E-02
  -1.46000051       2.70750374E-02
  -1.44000053       2.64370535E-02
  -1.42000055       3.02593764E-02
  -1.40000057       2.55293176E-02
  -1.38000059       2.91551426E-02
  -1.36000061       2.85552032E-02
  -1.34000063       2.35255826E-02
  -1.32000065       2.94914935E-02
  -1.30000067       2.75650863E-02
  -1.28000069       2.30191443E-02
  -1.26000071       2.79088002E-02
  -1.24000072       2.55219340E-02
  -1.22000074       2.36435439E-02
  -1.20000076       2.61184014E-02
  -1.18000078       2.27814931E-02
  -1.16000080       2.39601415E-02
  -1.14000082       2.45826151E-02
  -1.12000084       2.03958210E-02
  -1.10000086       2.33475920E-02
  -1.08000088       2.29477845E-02
  -1.06000090       1.89608615E-02
  -1.04000092       2.19157301E-02
  -1.02000093       2.09807064E-02
  -1.00000095       1.81701444E-02
 -0.980000973       2.01768987E-02
 -0.960000992       1.87414400E-02
 -0.940001011       1.76264774E-02
 -0.920001030       1.83281880E-02
 -0.900001049       1.67285595E-02
 -0.880001068       1.71777513E-02
 -0.860001087       1.65409576E-02
 -0.840001106       1.48200197E-02
 -0.820001125       1.65808294E-02
 -0.800001144       1.51015446E-02
 -0.780001163       1.32719902E-02
 -0.760001183       1.56526770E-02
 -0.740001202       1.39202960E-02
 -0.720001221       1.24306306E-02
 -0.700001240       1.43294297E-02
 -0.680001259       1.26930764E-02
 -0.660001278       1.19611872E-02
 -0.640001297       1.34414472E-02
 -0.620001316       1.16361193E-02
 -0.600001335       1.11264279E-02
 -0.580001354       1.27312019E-02
 -0.560001373       1.14979548E-02
 -0.540001392       1.06383907E-02
 -0.520001411       1.13379955E-02
 -0.500001431       1.14371134E-02
 -0.480001420       1.11472597E-02
 -0.460001409       1.06003657E-02
 -0.440001398       1.04517266E-02
 -0.420001388       1.10068461E-02
 -0.400001377       1.13985874E-02
 -0.380001366       1.03209326E-02
 -0.360001355       9.48405359E-03
 -0.340001345       1.11920610E-02
 -0.320001334       1.17064109E-02
 -0.300001323       9.23882332E-03
 -0.280001312       9.01542604E-03
 -0.260001302       1.10802073E-02
 -0.240001306       1.07221259E-02
 -0.220001310       8.67629424E-03
 -0.200001314       7.49781402E-03
 -0.180001318       9.47873294E-03
 -0.160001323       1.03521096E-02
 -0.140001327       5.96071826E-03
 -0.120001331       4.93030949E-03
 -0.100001335       8.39075632E-03
  -8.00013393E-02   7.18400162E-03
  -6.00013398E-02   3.01036262E-03
  -4.00013402E-02   2.78847385E-03
  -2.00013407E-02   5.39611420E-03
  -1.34110451E-06   4.44956031E-03
   1.99986584E-02   4.13345289E-04
   3.99986580E-02   5.30804449E-04
   5.99986576E-02   2.36530253E-03
   7.99986571E-02   4.13741590E-03
   9.99986529E-02   7.04449369E-03
  0.119998649       9.77379549E-03
  0.139998645       1.23508126E-02
  0.159998640       1.66265108E-02
  0.179998636       1.83684435E-02
  0.199998632       2.42545828E-02
  0.219998628       2.60627531E-02
  0.239998624       3.19913030E-02
  0.259998620       3.57778929E-02
  0.279998630       4.03729714E-02
  0.299998641       4.71170358E-02
  0.319998652       5.06791398E-02
  0.339998662       5.86843453E-02
  0.359998673       6.39847070E-02
  0.379998684       7.13029355E-02
  0.399998695       7.93171376E-02
  0.419998705       8.60071629E-02
  0.439998716       9.56871435E-02
  0.459998727      0.104112186    
  0.479998738      0.113835692    
  0.499998748      0.124311112    
  0.519998729      0.133946240    
  0.539998710      0.146370813    
  0.559998691      0.157720700    
  0.579998672      0.169933394    
  0.599998653      0.183723494    
  0.619998634      0.196534559    
  0.639998615      0.211017743    
  0.659998596      0.226742297    
  0.679998577      0.240870297    
  0.699998558      0.256672084    
  0.719998538      0.274510533    
  0.739998519      0.290813655    
  0.759998500      0.307616472    
  0.779998481      0.327326894    
  0.799998462      0.344364166    
  0.819998443      0.361831039    
  0.839998424      0.383643240    
  0.859998405      0.402158648    
  0.879998386      0.419272512    
  0.899998367      0.441858232    
  0.919998348      0.461729616    
  0.939998329      0.479143649    
  0.959998310      0.501140296    
  0.979998291      0.521569192    
  0.999998271      0.538877606    
   1.01999831      0.559486091    
   1.03999829      0.579617202    
   1.05999827      0.597060978    
   1.07999825      0.615082800    
   1.09999824      0.633462012    
   1.11999822      0.650831044    
   1.13999820      0.667155802    
   1.15999818      0.682504714    
   1.17999816      0.698484838    
   1.19999814      0.711914659    
   1.21999812      0.723941624    
   1.23999810      0.738641441    
   1.25999808      0.749912322    
   1.27999806      0.754923522    
   1.29999804      0.766501307    
   1.31999803      0.778678238    
   1.33999801      0.779091179    
   1.35999799      0.781458616    
   1.37999797      0.793525815    
   1.39999795      0.793864250    
   1.41999793      0.787813783    
   1.43999791      0.792850673    
   1.45999789      0.794958472    
   1.47999787      0.784502983    
   1.49999785      0.782162964    
   1.51999784      0.781510830    
   1.53999782      0.768291771    
   1.55999780      0.760362029    
   1.57999778      0.759929121    
   1.59999776      0.741960585    
   1.61999774      0.724140763    
   1.63999772      0.724399388    
   1.65999770      0.711511075    
   1.67999768      0.681575179    
   1.69999766      0.673764050    
   1.71999764      0.669554114    
   1.73999763      0.637926221    
   1.75999761      0.616380692    
   1.77999759      0.617776811    
   1.79999757      0.592033982    
   1.81999755      0.555007219    
   1.83999753      0.553617775    
   1.85999751      0.544866383    
   1.87999749      0.498950154    
   1.89999747      0.480772436    
   1.91999745      0.488289148    
   1.93999743      0.453468978    
   1.95999742      0.412878066    
   1.97999740      0.419950962    
   1.99999738      0.407867819    
   2.01999736      0.357717067    
   2.03999734      0.349545687    
   2.05999732      0.359035581    
   2.07999730      0.313461900    
   2.09999728      0.280014694    
   2.11999726      0.300909400    
   2.13999724      0.282748312    
   2.15999722      0.229106829    
   2.17999721      0.234571591    
   2.19999719      0.245170802    
   2.21999717      0.194767162    
   2.23999715      0.175588250    
   2.25999713      0.204798833    
   2.27999711      0.175432727    
   2.29999709      0.128028721    
   2.31999707      0.151467919    
   2.33999705      0.157928929    
   2.35999703      0.104597196    
   2.37999701      0.102596983    
   2.39999700      0.133307666    
   2.41999698       9.48096663E-02
   2.43999696       6.31962940E-02
   2.45999694      0.100036383    
   2.47999692       9.41070989E-02
   2.49999690       4.43407707E-02
   2.51999688       6.17251806E-02
   2.53999686       8.56177136E-02
   2.55999684       4.08332162E-02
   2.57999682       3.09112500E-02
   2.59999681       7.05725998E-02
   2.61999679       4.80857790E-02
   2.63999677       1.22101959E-02
   2.65999675       4.50246744E-02
   2.67999673       5.20238951E-02
   2.69999671       9.80998483E-03
   2.71999669       2.35298369E-02
   2.73999667       5.25948144E-02
   2.75999665       1.77806765E-02
   2.77999663       5.24485623E-03
   2.79999661       4.00106125E-02
   2.81999660       2.64952276E-02
   2.83999658       1.52462264E-04
   2.85999656       2.97739375E-02
   2.87999654       3.70665006E-02
   2.89999652       4.12984844E-03
   2.91999650       1.54399276E-02
   2.93999648       3.59629579E-02
   2.95999646       1.07433246E-02
   2.97999644       8.58143438E-03
   2.99999642       3.61535400E-02
   3.01999640       2.32175533E-02
   3.03999639       8.66974890E-03
   3.05999637       3.03852130E-02
   3.07999635       2.84067262E-02
   3.09999633       9.15334187E-03
