  -2.00000000       2.10618805E-02
  -1.98000002       3.87966335E-02
  -1.96000004       1.92151051E-02
  -1.94000006       1.41760772E-02
  -1.92000008       2.24291310E-02
  -1.90000010       2.27254760E-02
  -1.88000011       3.12025640E-02
  -1.86000013       2.19795518E-02
  -1.84000015       1.49137313E-02
  -1.82000017       3.30237448E-02
  -1.80000019       2.93470472E-02
  -1.78000021       2.05572601E-02
  -1.76000023       2.68834867E-02
  -1.74000025       2.32172366E-02
  -1.72000027       2.90471576E-02
  -1.70000029       3.22799310E-02
  -1.68000031       2.01144461E-02
  -1.66000032       2.82485578E-02
  -1.64000034       3.32298912E-02
  -1.62000036       2.40964592E-02
  -1.60000038       2.89761573E-02
  -1.58000040       2.79247295E-02
  -1.56000042       2.60805152E-02
  -1.54000044       3.32234465E-02
  -1.52000046       2.58985292E-02
  -1.50000048       2.54614986E-02
  -1.48000050       3.34170647E-02
  -1.46000051       2.63291914E-02
  -1.44000053       2.67524496E-02
  -1.42000055       3.02236881E-02
  -1.40000057       2.53682584E-02
  -1.38000059       2.93262918E-02
  -1.36000061       2.79538222E-02
  -1.34000063       2.37301700E-02
  -1.32000065       2.98083499E-02
  -1.30000067       2.67079640E-02
  -1.28000069       2.32240669E-02
  -1.26000071       2.82247346E-02
  -1.24000072       2.48707384E-02
  -1.22000074       2.37772316E-02
  -1.20000076       2.61154976E-02
  -1.18000078       2.25069933E-02
  -1.16000080       2.41284091E-02
  -1.14000082       2.41378266E-02
  -1.12000084       2.03972384E-02
  -1.10000086       2.36226711E-02
  -1.08000088       2.22231969E-02
  -1.06000090       1.90545861E-02
  -1.04000092       2.22471766E-02
  -1.02000093       2.02854332E-02
  -1.00000095       1.82419997E-02
 -0.980000973       2.04155017E-02
 -0.960000992       1.82803720E-02
 -0.940001011       1.76310986E-02
 -0.920001030       1.83248315E-02
 -0.900001049       1.65802725E-02
 -0.880001068       1.71472672E-02
 -0.860001087       1.62694529E-02
 -0.840001106       1.49649791E-02
 -0.820001125       1.65613480E-02
 -0.800001144       1.46055911E-02
 -0.780001163       1.35881938E-02
 -0.760001183       1.56495031E-02
 -0.740001202       1.33608570E-02
 -0.720001221       1.28138084E-02
 -0.700001240       1.43008875E-02
 -0.680001259       1.21796839E-02
 -0.660001278       1.23403091E-02
 -0.640001297       1.33887017E-02
 -0.620001316       1.12118321E-02
 -0.600001335       1.14511894E-02
 -0.580001354       1.26925977E-02
 -0.560001373       1.11740986E-02
 -0.540001392       1.08524896E-02
 -0.520001411       1.13221994E-02
 -0.500001431       1.12432968E-02
 -0.480001420       1.12622846E-02
 -0.460001409       1.05704740E-02
 -0.440001398       1.03291962E-02
 -0.420001388       1.10979779E-02
 -0.400001377       1.13990074E-02
 -0.380001366       1.01676360E-02
 -0.360001355       9.53895412E-03
 -0.340001345       1.12839779E-02
 -0.320001334       1.15198689E-02
 -0.300001323       9.24108736E-03
 -0.280001312       9.09019262E-03
 -0.260001302       1.09462226E-02
 -0.240001306       1.07392091E-02
 -0.220001310       8.61084647E-03
 -0.200001314       7.38810981E-03
 -0.180001318       9.57119372E-03
 -0.160001323       1.01871127E-02
 -0.140001327       5.82135282E-03
 -0.120001331       5.01508033E-03
 -0.100001335       8.22523143E-03
  -8.00013393E-02   7.09281117E-03
  -6.00013398E-02   2.94994400E-03
  -4.00013402E-02   2.67592422E-03
  -2.00013407E-02   5.41776419E-03
  -1.34110451E-06   4.23192605E-03
   1.99986584E-02   3.85067251E-04
   3.99986580E-02   5.88311057E-04
   5.99986576E-02   2.16395943E-03
   7.99986571E-02   4.33621136E-03
   9.99986529E-02   6.62882766E-03
  0.119998649       1.00367963E-02
  0.139998645       1.18720708E-02
  0.159998640       1.67117193E-02
  0.179998636       1.81274191E-02
  0.199998632       2.38327179E-02
  0.219998628       2.62645856E-02
  0.239998624       3.10944133E-02
  0.259998620       3.60918902E-02
  0.279998630       3.95228714E-02
  0.299998641       4.68809009E-02
  0.319998652       5.04422486E-02
  0.339998662       5.76731637E-02
  0.359998673       6.40291721E-02
  0.379998684       7.01944008E-02
  0.399998695       7.88367689E-02
  0.419998705       8.54500309E-02
  0.439998716       9.44217891E-02
  0.459998727      0.103687987    
  0.479998738      0.112564728    
  0.499998748      0.123293497    
  0.519998729      0.133111089    
  0.539998710      0.144695133    
  0.559998691      0.156704426    
  0.579998672      0.168598190    
  0.599998653      0.181840673    
  0.619998634      0.195379093    
  0.639998615      0.209136054    
  0.659998596      0.224599510    
  0.679998577      0.239578322    
  0.699998558      0.254416972    
  0.719998538      0.271886826    
  0.739998519      0.289343566    
  0.759998500      0.304984450    
  0.779998481      0.324329674    
  0.799998462      0.342790842    
  0.819998443      0.358912945    
  0.839998424      0.380027294    
  0.859998405      0.400455058    
  0.879998386      0.416332215    
  0.899998367      0.437777966    
  0.919998348      0.459579468    
  0.939998329      0.476332158    
  0.959998310      0.496806234    
  0.979998291      0.518946648    
  0.999998271      0.536255121    
   1.01999831      0.555216432    
   1.03999829      0.576298296    
   1.05999827      0.594654679    
   1.07999825      0.611351907    
   1.09999824      0.629628181    
   1.11999822      0.648155987    
   1.13999820      0.664240241    
   1.15999818      0.678555667    
   1.17999816      0.695452690    
   1.19999814      0.709918380    
   1.21999812      0.720476508    
   1.23999810      0.734723210    
   1.25999808      0.748590946    
   1.27999806      0.753262460    
   1.29999804      0.762149751    
   1.31999803      0.776312649    
   1.33999801      0.779311597    
   1.35999799      0.778813064    
   1.37999797      0.789911211    
   1.39999795      0.793878913    
   1.41999793      0.787719488    
   1.43999791      0.790183008    
   1.45999789      0.793846130    
   1.47999787      0.784956753    
   1.49999785      0.781513453    
   1.51999784      0.781389415    
   1.53999782      0.768540442    
   1.55999780      0.759349167    
   1.57999778      0.760916591    
   1.59999776      0.744891107    
   1.61999774      0.723676026    
   1.63999772      0.723287582    
   1.65999770      0.715191483    
   1.67999768      0.684665561    
   1.69999766      0.672742069    
   1.71999764      0.671304524    
   1.73999763      0.642636180    
   1.75999761      0.617584825    
   1.77999759      0.618811369    
   1.79999757      0.596715987    
   1.81999755      0.557220161    
   1.83999753      0.553592324    
   1.85999751      0.549814224    
   1.87999749      0.504387438    
   1.89999747      0.480625987    
   1.91999745      0.490116239    
   1.93999743      0.460373878    
   1.95999742      0.416307986    
   1.97999740      0.420635015    
   1.99999738      0.412585139    
   2.01999736      0.362020582    
   2.03999734      0.350268543    
   2.05999732      0.363087237    
   2.07999730      0.319679737    
   2.09999728      0.281112283    
   2.11999726      0.301358372    
   2.13999724      0.287918121    
   2.15999722      0.233082756    
   2.17999721      0.235681847    
   2.19999719      0.248760805    
   2.21999717      0.198559359    
   2.23999715      0.176118076    
   2.25999713      0.206970751    
   2.27999711      0.180257782    
   2.29999709      0.130441532    
   2.31999707      0.152572855    
   2.33999705      0.160764933    
   2.35999703      0.106685810    
   2.37999701      0.103722289    
   2.39999700      0.135913476    
   2.41999698       9.72282588E-02
   2.43999696       6.42568618E-02
   2.45999694      0.101594396    
   2.47999692       9.55649614E-02
   2.49999690       4.50544171E-02
   2.51999688       6.35219961E-02
   2.53999686       8.73435959E-02
   2.55999684       4.10743952E-02
   2.57999682       3.24363671E-02
   2.59999681       7.27106482E-02
   2.61999679       4.79462035E-02
   2.63999677       1.27174929E-02
   2.65999675       4.72522900E-02
   2.67999673       5.16582131E-02
   2.69999671       9.03714448E-03
   2.71999669       2.63902359E-02
   2.73999667       5.40254004E-02
   2.75999665       1.63970590E-02
   2.77999663       6.75929338E-03
   2.79999661       4.16392088E-02
   2.81999660       2.42972989E-02
   2.83999658       6.02836255E-04
   2.85999656       3.31226550E-02
   2.87999654       3.61000448E-02
   2.89999652       2.79139937E-03
   2.91999650       1.81512758E-02
   2.93999648       3.58747356E-02
   2.95999646       8.51025153E-03
   2.97999644       1.10838385E-02
   2.99999642       3.80472392E-02
   3.01999640       2.10270118E-02
   3.03999639       9.46873147E-03
   3.05999637       3.20795290E-02
   3.07999635       2.57397592E-02
   3.09999633       8.84347502E-03
