  -2.00000000       3.02034337E-02
  -1.98000002       2.17067096E-02
  -1.96000004       8.25719815E-03
  -1.94000006       3.19054686E-02
  -1.92000008       3.86174172E-02
  -1.90000010       1.57665592E-02
  -1.88000011       1.98454969E-02
  -1.86000013       2.45956760E-02
  -1.84000015       2.85903867E-02
  -1.82000017       3.20053324E-02
  -1.80000019       1.60080101E-02
  -1.78000021       2.54291575E-02
  -1.76000023       3.75507884E-02
  -1.74000025       2.27906760E-02
  -1.72000027       2.48584673E-02
  -1.70000029       2.71375775E-02
  -1.68000031       2.61831731E-02
  -1.66000032       3.39705013E-02
  -1.64000034       2.34029125E-02
  -1.62000036       2.43753586E-02
  -1.60000038       3.55100408E-02
  -1.58000040       2.54710000E-02
  -1.56000042       2.63498481E-02
  -1.54000044       2.98616085E-02
  -1.52000046       2.54026260E-02
  -1.50000048       3.15643586E-02
  -1.48000050       2.66253818E-02
  -1.46000051       2.40822583E-02
  -1.44000053       3.28502618E-02
  -1.42000055       2.57866811E-02
  -1.40000057       2.48495508E-02
  -1.38000059       2.97166929E-02
  -1.36000061       2.44080089E-02
  -1.34000063       2.73202211E-02
  -1.32000065       2.62609199E-02
  -1.30000067       2.28690468E-02
  -1.28000069       2.84086000E-02
  -1.26000071       2.39803065E-02
  -1.24000072       2.21811831E-02
  -1.22000074       2.70177219E-02
  -1.20000076       2.20879652E-02
  -1.18000078       2.23542321E-02
  -1.16000080       2.41294187E-02
  -1.14000082       2.04766877E-02
  -1.12000084       2.25720722E-02
  -1.10000086       2.10103355E-02
  -1.08000088       1.93468072E-02
  -1.06000090       2.21548174E-02
  -1.04000092       1.83859691E-02
  -1.02000093       1.85786597E-02
  -1.00000095       2.07320154E-02
 -0.980000973       1.65937673E-02
 -0.960000992       1.76732317E-02
 -0.940001011       1.85310412E-02
 -0.920001030       1.55578721E-02
 -0.900001049       1.67521741E-02
 -0.880001068       1.60858668E-02
 -0.860001087       1.49535835E-02
 -0.840001106       1.56416893E-02
 -0.820001125       1.40716825E-02
 -0.800001144       1.45437904E-02
 -0.780001163       1.41793061E-02
 -0.760001183       1.25884404E-02
 -0.740001202       1.44230342E-02
 -0.720001221       1.27801085E-02
 -0.700001240       1.14303352E-02
 -0.680001259       1.37896044E-02
 -0.660001278       1.18917264E-02
 -0.640001297       1.10280756E-02
 -0.620001316       1.26571078E-02
 -0.600001335       1.09726954E-02
 -0.580001354       1.11810081E-02
 -0.560001373       1.21003017E-02
 -0.540001392       1.00947898E-02
 -0.520001411       1.07705034E-02
 -0.500001431       1.18971160E-02
 -0.480001420       1.04337409E-02
 -0.460001409       1.01137357E-02
 -0.440001398       1.07160741E-02
 -0.420001388       1.10680135E-02
 -0.400001377       1.07513266E-02
 -0.380001366       9.87256411E-03
 -0.360001355       9.92444437E-03
 -0.340001345       1.10262353E-02
 -0.320001334       1.09583968E-02
 -0.300001323       9.04245023E-03
 -0.280001312       8.79762787E-03
 -0.260001302       1.09973308E-02
 -0.240001306       1.01861563E-02
 -0.220001310       7.38011347E-03
 -0.200001314       7.63975177E-03
 -0.180001318       9.35895927E-03
 -0.160001323       8.56835768E-03
 -0.140001327       5.27590746E-03
 -0.120001331       4.75303782E-03
 -0.100001335       7.35158892E-03
  -8.00013393E-02   5.92597341E-03
  -6.00013398E-02   2.01105932E-03
  -4.00013402E-02   2.49834382E-03
  -2.00013407E-02   4.50107083E-03
  -1.34110451E-06   2.97982665E-03
   1.99986584E-02   2.06480137E-04
   3.99986580E-02   3.30178911E-04
   5.99986576E-02   2.13049166E-03
   7.99986571E-02   3.37548577E-03
   9.99986529E-02   6.68936549E-03
  0.119998649       7.86541123E-03
  0.139998645       1.20496210E-02
  0.159998640       1.38068032E-02
  0.179998636       1.74962301E-02
  0.199998632       2.12203208E-02
  0.219998628       2.35102568E-02
  0.239998624       2.96586640E-02
  0.259998620       3.12230568E-02
  0.279998630       3.79158221E-02
  0.299998641       4.15319353E-02
  0.319998652       4.66203913E-02
  0.339998662       5.35133518E-02
  0.359998673       5.72890192E-02
  0.379998684       6.56418353E-02
  0.399998695       7.13858381E-02
  0.419998705       7.85943642E-02
  0.439998716       8.72562230E-02
  0.459998727       9.39603448E-02
  0.479998738      0.104086414    
  0.499998748      0.112767600    
  0.519998729      0.122527204    
  0.539998710      0.133236036    
  0.559998691      0.143201619    
  0.579998672      0.155667022    
  0.599998653      0.167381808    
  0.619998634      0.179421678    
  0.639998615      0.193396062    
  0.659998596      0.206437469    
  0.679998577      0.220608965    
  0.699998558      0.236406043    
  0.719998538      0.250694692    
  0.739998519      0.266043723    
  0.759998500      0.283937842    
  0.779998481      0.300383031    
  0.799998462      0.316257417    
  0.819998443      0.335772127    
  0.839998424      0.352994531    
  0.859998405      0.369681865    
  0.879998386      0.390740126    
  0.899998367      0.409523308    
  0.919998348      0.425829411    
  0.939998329      0.447213620    
  0.959998310      0.466873825    
  0.979998291      0.484480530    
  0.999998271      0.504473865    
   1.01999831      0.524225414    
   1.03999829      0.541861594    
   1.05999827      0.561041534    
   1.07999825      0.579137683    
   1.09999824      0.597829998    
   1.11999822      0.614373922    
   1.13999820      0.630402446    
   1.15999818      0.648376405    
   1.17999816      0.664308369    
   1.19999814      0.676752150    
   1.21999812      0.693694293    
   1.23999810      0.706414223    
   1.25999808      0.715352416    
   1.27999806      0.730940044    
   1.29999804      0.742997110    
   1.31999803      0.744169831    
   1.33999801      0.755863428    
   1.35999799      0.769269288    
   1.37999797      0.767165780    
   1.39999795      0.769545078    
   1.41999793      0.782167375    
   1.43999791      0.779286027    
   1.45999789      0.775193989    
   1.47999787      0.782587230    
   1.49999785      0.778107345    
   1.51999784      0.768621564    
   1.53999782      0.774117947    
   1.55999780      0.766569614    
   1.57999778      0.748745561    
   1.59999776      0.751968801    
   1.61999774      0.748585165    
   1.63999772      0.720657766    
   1.65999770      0.715165615    
   1.67999768      0.718625486    
   1.69999766      0.688493788    
   1.71999764      0.668906093    
   1.73999763      0.676859438    
   1.75999761      0.650530994    
   1.77999759      0.615471601    
   1.79999757      0.623008549    
   1.81999755      0.610570550    
   1.83999753      0.562895536    
   1.85999751      0.559339166    
   1.87999749      0.562521398    
   1.89999747      0.513746977    
   1.91999745      0.491692722    
   1.93999743      0.506505132    
   1.95999742      0.466750920    
   1.97999740      0.425188184    
   1.99999738      0.443241030    
   2.01999736      0.422911972    
   2.03999734      0.364552259    
   2.05999732      0.374004006    
   2.07999730      0.379606903    
   2.09999728      0.317375064    
   2.11999726      0.304146409    
   2.13999724      0.328892320    
   2.15999722      0.278807044    
   2.17999721      0.243114322    
   2.19999719      0.277382851    
   2.21999717      0.249227881    
   2.23999715      0.190158024    
   2.25999713      0.218239561    
   2.27999711      0.222771004    
   2.29999709      0.156928375    
   2.31999707      0.163298860    
   2.33999705      0.192184106    
   2.35999703      0.132848382    
   2.37999701      0.113895938    
   2.39999700      0.160318360    
   2.41999698      0.122655027    
   2.43999696       7.62740746E-02
   2.45999694      0.120016493    
   2.47999692      0.112333834    
   2.49999690       5.35972379E-02
   2.51999688       8.48643854E-02
   2.53999686      0.105330303    
   2.55999684       4.30236645E-02
   2.57999682       4.92638908E-02
   2.59999681       9.08821523E-02
   2.61999679       4.30863313E-02
   2.63999677       2.59605907E-02
   2.65999675       7.45859668E-02
   2.67999673       4.56059761E-02
   2.69999671       8.84559285E-03
   2.71999669       5.54301329E-02
   2.73999667       5.15561514E-02
   2.75999665       4.49641701E-03
   2.77999663       3.61682139E-02
   2.79999661       5.07025085E-02
   2.81999660       4.33525350E-03
   2.83999658       2.27853172E-02
   2.85999656       5.30183278E-02
   2.87999654       1.18556786E-02
   2.89999652       1.01569258E-02
   2.91999650       4.39617448E-02
   2.93999648       1.62284654E-02
   2.95999646       8.06634873E-03
   2.97999644       4.59662452E-02
   2.99999642       2.81655006E-02
   3.01999640       4.84436052E-03
   3.03999639       3.28718871E-02
   3.05999637       2.70217042E-02
   3.07999635       8.63956660E-03
   3.09999633       3.64281312E-02
