  -2.00000000       3.04793455E-02
  -1.98000002       2.21713297E-02
  -1.96000004       8.11561570E-03
  -1.94000006       3.14380676E-02
  -1.92000008       3.86611372E-02
  -1.90000010       1.61008798E-02
  -1.88000011       1.97590068E-02
  -1.86000013       2.42526662E-02
  -1.84000015       2.85225678E-02
  -1.82000017       3.23251523E-02
  -1.80000019       1.61357690E-02
  -1.78000021       2.50916742E-02
  -1.76000023       3.74494679E-02
  -1.74000025       2.29972340E-02
  -1.72000027       2.48951465E-02
  -1.70000029       2.70418972E-02
  -1.68000031       2.60693021E-02
  -1.66000032       3.40733938E-02
  -1.64000034       2.35654358E-02
  -1.62000036       2.41936706E-02
  -1.60000038       3.54400910E-02
  -1.58000040       2.56034508E-02
  -1.56000042       2.63058878E-02
  -1.54000044       2.98379902E-02
  -1.52000046       2.53644045E-02
  -1.50000048       3.15640457E-02
  -1.48000050       2.67413855E-02
  -1.46000051       2.39635147E-02
  -1.44000053       3.28163058E-02
  -1.42000055       2.59282552E-02
  -1.40000057       2.47584041E-02
  -1.38000059       2.96960343E-02
  -1.36000061       2.44530346E-02
  -1.34000063       2.72729341E-02
  -1.32000065       2.63098814E-02
  -1.30000067       2.28032116E-02
  -1.28000069       2.83778962E-02
  -1.26000071       2.40833741E-02
  -1.24000072       2.20723320E-02
  -1.22000074       2.70073675E-02
  -1.20000076       2.21981425E-02
  -1.18000078       2.22889353E-02
  -1.16000080       2.41734777E-02
  -1.14000082       2.05536466E-02
  -1.12000084       2.25861203E-02
  -1.10000086       2.10932624E-02
  -1.08000088       1.93261988E-02
  -1.06000090       2.21832078E-02
  -1.04000092       1.84394997E-02
  -1.02000093       1.84605420E-02
  -1.00000095       2.07691081E-02
 -0.980000973       1.66639853E-02
 -0.960000992       1.76026504E-02
 -0.940001011       1.86243840E-02
 -0.920001030       1.56315044E-02
 -0.900001049       1.66969672E-02
 -0.880001068       1.61017645E-02
 -0.860001087       1.49477385E-02
 -0.840001106       1.56414695E-02
 -0.820001125       1.41005749E-02
 -0.800001144       1.45647032E-02
 -0.780001163       1.42394612E-02
 -0.760001183       1.25412224E-02
 -0.740001202       1.43908653E-02
 -0.720001221       1.28752524E-02
 -0.700001240       1.13947280E-02
 -0.680001259       1.37882149E-02
 -0.660001278       1.19711524E-02
 -0.640001297       1.09473905E-02
 -0.620001316       1.26711102E-02
 -0.600001335       1.10637844E-02
 -0.580001354       1.11085828E-02
 -0.560001373       1.21063050E-02
 -0.540001392       1.01477792E-02
 -0.520001411       1.07232677E-02
 -0.500001431       1.19210687E-02
 -0.480001420       1.04576014E-02
 -0.460001409       1.00771878E-02
 -0.440001398       1.07399197E-02
 -0.420001388       1.10842092E-02
 -0.400001377       1.07241031E-02
 -0.380001366       9.89139732E-03
 -0.360001355       9.94086917E-03
 -0.340001345       1.10014910E-02
 -0.320001334       1.09717008E-02
 -0.300001323       9.06982273E-03
 -0.280001312       8.77745170E-03
 -0.260001302       1.09988470E-02
 -0.240001306       1.02185961E-02
 -0.220001310       7.37528689E-03
 -0.200001314       7.64269568E-03
 -0.180001318       9.37782321E-03
 -0.160001323       8.57347064E-03
 -0.140001327       5.29986667E-03
 -0.120001331       4.75606276E-03
 -0.100001335       7.35560525E-03
  -8.00013393E-02   5.96193876E-03
  -6.00013398E-02   2.01188913E-03
  -4.00013402E-02   2.50460184E-03
  -2.00013407E-02   4.52498579E-03
  -1.34110451E-06   2.98518478E-03
   1.99986584E-02   2.16838642E-04
   3.99986580E-02   3.32479161E-04
   5.99986576E-02   2.13086675E-03
   7.99986571E-02   3.38404207E-03
   9.99986529E-02   6.71090558E-03
  0.119998649       7.85141252E-03
  0.139998645       1.21251764E-02
  0.159998640       1.37469154E-02
  0.179998636       1.76255144E-02
  0.199998632       2.11479552E-02
  0.219998628       2.36316137E-02
  0.239998624       2.96626147E-02
  0.259998620       3.12459692E-02
  0.279998630       3.80542576E-02
  0.299998641       4.14678529E-02
  0.319998652       4.68181968E-02
  0.339998662       5.34945801E-02
  0.359998673       5.73943891E-02
  0.379998684       6.57886937E-02
  0.399998695       7.13802576E-02
  0.419998705       7.88240805E-02
  0.439998716       8.72908980E-02
  0.459998727       9.41116139E-02
  0.479998738      0.104289122    
  0.499998748      0.112830400    
  0.519998729      0.122786365    
  0.539998710      0.133374318    
  0.559998691      0.143369779    
  0.579998672      0.155970350    
  0.599998653      0.167517290    
  0.619998634      0.179691389    
  0.639998615      0.193706885    
  0.659998596      0.206620961    
  0.679998577      0.220960453    
  0.699998558      0.236751929    
  0.719998538      0.250897735    
  0.739998519      0.266466498    
  0.759998500      0.284349293    
  0.779998481      0.300622523    
  0.799998462      0.316733897    
  0.819998443      0.336242557    
  0.839998424      0.353248000    
  0.859998405      0.370218068    
  0.879998386      0.391290396    
  0.899998367      0.409797072    
  0.919998348      0.426368684    
  0.939998329      0.447837651    
  0.959998310      0.467212081    
  0.979998291      0.485005319    
  0.999998271      0.505133688    
   1.01999831      0.524633169    
   1.03999829      0.542344034    
   1.05999827      0.561704636    
   1.07999825      0.579652727    
   1.09999824      0.598260164    
   1.11999822      0.614942908    
   1.13999820      0.631022632    
   1.15999818      0.648835957    
   1.17999816      0.664729834    
   1.19999814      0.677394152    
   1.21999812      0.694224119    
   1.23999810      0.706670105    
   1.25999808      0.715906560    
   1.27999806      0.731607556    
   1.29999804      0.743145525    
   1.31999803      0.744459152    
   1.33999801      0.756616354    
   1.35999799      0.769496262    
   1.37999797      0.767125070    
   1.39999795      0.770168722    
   1.41999793      0.782658637    
   1.43999791      0.779110730    
   1.45999789      0.775291741    
   1.47999787      0.782979190    
   1.49999785      0.778280020    
   1.51999784      0.768844903    
   1.53999782      0.774100721    
   1.55999780      0.766073287    
   1.57999778      0.748799980    
   1.59999776      0.752451003    
   1.61999774      0.748383105    
   1.63999772      0.720487654    
   1.65999770      0.715483367    
   1.67999768      0.718007386    
   1.69999766      0.687306643    
   1.71999764      0.668821752    
   1.73999763      0.677059174    
   1.75999761      0.650194347    
   1.77999759      0.615769982    
   1.79999757      0.623444736    
   1.81999755      0.609810948    
   1.83999753      0.562119365    
   1.85999751      0.559011757    
   1.87999749      0.561112881    
   1.89999747      0.512028515    
   1.91999745      0.491161317    
   1.93999743      0.505849600    
   1.95999742      0.465530813    
   1.97999740      0.424963266    
   1.99999738      0.443353415    
   2.01999736      0.422280401    
   2.03999734      0.364582062    
   2.05999732      0.374769300    
   2.07999730      0.379464895    
   2.09999728      0.317087978    
   2.11999726      0.304772168    
   2.13999724      0.329175889    
   2.15999722      0.278614461    
   2.17999721      0.243540391    
   2.19999719      0.277589440    
   2.21999717      0.248651147    
   2.23999715      0.190058783    
   2.25999713      0.218405858    
   2.27999711      0.222111613    
   2.29999709      0.156192288    
   2.31999707      0.162735000    
   2.33999705      0.191068187    
   2.35999703      0.131892055    
   2.37999701      0.113399819    
   2.39999700      0.159706220    
   2.41999698      0.122272395    
   2.43999696       7.61627853E-02
   2.45999694      0.119956724    
   2.47999692      0.112342745    
   2.49999690       5.35966940E-02
   2.51999688       8.45411271E-02
   2.53999686      0.104806937    
   2.55999684       4.28189747E-02
   2.57999682       4.87888493E-02
   2.59999681       9.06904936E-02
   2.61999679       4.33307961E-02
   2.63999677       2.57315263E-02
   2.65999675       7.41112977E-02
   2.67999673       4.56614904E-02
   2.69999671       8.68961494E-03
   2.71999669       5.50044812E-02
   2.73999667       5.18823378E-02
   2.75999665       4.53904504E-03
   2.77999663       3.54633555E-02
   2.79999661       5.06894104E-02
   2.81999660       4.57336428E-03
   2.83999658       2.22919248E-02
   2.85999656       5.30190840E-02
   2.87999654       1.23336902E-02
   2.89999652       9.65829007E-03
   2.91999650       4.37082201E-02
   2.93999648       1.66586190E-02
   2.95999646       7.66086718E-03
   2.97999644       4.55659330E-02
   2.99999642       2.86980029E-02
   3.01999640       4.77061002E-03
   3.03999639       3.24551612E-02
   3.05999637       2.74206605E-02
   3.07999635       8.50207265E-03
   3.09999633       3.58134434E-02
