  -2.00000000       1.70078017E-02
  -1.98000002       1.40232006E-02
  -1.96000004       1.86351147E-02
  -1.94000006       3.96181196E-02
  -1.92000008       2.84481160E-02
  -1.90000010       9.55609139E-03
  -1.88000011       3.13856378E-02
  -1.86000013       3.30561139E-02
  -1.84000015       2.26947833E-02
  -1.82000017       2.28859410E-02
  -1.80000019       1.96773726E-02
  -1.78000021       3.55079733E-02
  -1.76000023       3.27340178E-02
  -1.74000025       1.58700421E-02
  -1.72000027       3.04564610E-02
  -1.70000029       3.20224203E-02
  -1.68000031       2.52656192E-02
  -1.66000032       2.81984098E-02
  -1.64000034       2.23721396E-02
  -1.62000036       3.19803022E-02
  -1.60000038       3.30961756E-02
  -1.58000040       2.01266557E-02
  -1.56000042       3.01889479E-02
  -1.54000044       3.09982859E-02
  -1.52000046       2.50393003E-02
  -1.50000048       2.93564070E-02
  -1.48000050       2.43218504E-02
  -1.46000051       2.89290082E-02
  -1.44000053       3.09028514E-02
  -1.42000055       2.14406420E-02
  -1.40000057       2.86419857E-02
  -1.38000059       2.89026964E-02
  -1.36000061       2.29478702E-02
  -1.34000063       2.74929516E-02
  -1.32000065       2.40950864E-02
  -1.30000067       2.52251476E-02
  -1.28000069       2.68291272E-02
  -1.26000071       2.07359381E-02
  -1.24000072       2.56142542E-02
  -1.22000074       2.50823274E-02
  -1.20000076       1.98551826E-02
  -1.18000078       2.43564844E-02
  -1.16000080       2.20376998E-02
  -1.14000082       2.04233285E-02
  -1.12000084       2.23690066E-02
  -1.10000086       1.91012211E-02
  -1.08000088       2.10492741E-02
  -1.06000090       2.01201066E-02
  -1.04000092       1.71802752E-02
  -1.02000093       2.07004622E-02
  -1.00000095       1.77995544E-02
 -0.980000973       1.63207874E-02
 -0.960000992       1.90871246E-02
 -0.940001011       1.59128588E-02
 -0.920001030       1.59833897E-02
 -0.900001049       1.68879628E-02
 -0.880001068       1.45808710E-02
 -0.860001087       1.54500706E-02
 -0.840001106       1.46557726E-02
 -0.820001125       1.39810480E-02
 -0.800001144       1.45152193E-02
 -0.780001163       1.26661472E-02
 -0.760001183       1.38254529E-02
 -0.740001202       1.35408025E-02
 -0.720001221       1.12453317E-02
 -0.700001240       1.33333756E-02
 -0.680001259       1.23170326E-02
 -0.660001278       1.09611489E-02
 -0.640001297       1.27274096E-02
 -0.620001316       1.09336479E-02
 -0.600001335       1.07848411E-02
 -0.580001354       1.24523379E-02
 -0.560001373       1.04104569E-02
 -0.540001392       1.02874041E-02
 -0.520001411       1.15944156E-02
 -0.500001431       1.07303858E-02
 -0.480001420       1.05939200E-02
 -0.460001409       1.03244474E-02
 -0.440001398       1.03340587E-02
 -0.420001388       1.11325746E-02
 -0.400001377       1.06487013E-02
 -0.380001366       9.66308266E-03
 -0.360001355       9.82105266E-03
 -0.340001345       1.12640318E-02
 -0.320001334       1.05990293E-02
 -0.300001323       8.42679199E-03
 -0.280001312       9.35607776E-03
 -0.260001302       1.07303886E-02
 -0.240001306       9.34057124E-03
 -0.220001310       7.56481290E-03
 -0.200001314       7.35068833E-03
 -0.180001318       8.87969229E-03
 -0.160001323       8.37236736E-03
 -0.140001327       4.48122341E-03
 -0.120001331       4.66939295E-03
 -0.100001335       7.15665333E-03
  -8.00013393E-02   4.90328716E-03
  -6.00013398E-02   1.83924160E-03
  -4.00013402E-02   2.31061364E-03
  -2.00013407E-02   3.98469204E-03
  -1.34110451E-06   2.44733738E-03
   1.99986584E-02   9.34822165E-05
   3.99986580E-02   4.12255293E-04
   5.99986576E-02   1.70176267E-03
   7.99986571E-02   3.72513244E-03
   9.99986529E-02   5.43431425E-03
  0.119998649       8.54910258E-03
  0.139998645       1.01330383E-02
  0.159998640       1.41598638E-02
  0.179998636       1.60676111E-02
  0.199998632       1.99154560E-02
  0.219998628       2.35130042E-02
  0.239998624       2.63125207E-02
  0.259998620       3.19647938E-02
  0.279998630       3.43518704E-02
  0.299998641       4.04025577E-02
  0.319998652       4.48570475E-02
  0.339998662       4.96316589E-02
  0.359998673       5.65718897E-02
  0.379998684       6.11841492E-02
  0.399998695       6.85255975E-02
  0.419998705       7.56364614E-02
  0.439998716       8.22894946E-02
  0.459998727       9.06928107E-02
  0.479998738       9.90129486E-02
  0.499998748      0.107370622    
  0.519998729      0.117555298    
  0.539998710      0.127269164    
  0.559998691      0.136793137    
  0.579998672      0.148826346    
  0.599998653      0.160109669    
  0.619998634      0.171493098    
  0.639998615      0.185488731    
  0.659998596      0.197268382    
  0.679998577      0.211269632    
  0.699998558      0.226593852    
  0.719998538      0.239969358    
  0.739998519      0.255863965    
  0.759998500      0.271828592    
  0.779998481      0.287184387    
  0.799998462      0.305508554    
  0.819998443      0.321774870    
  0.839998424      0.338316739    
  0.859998405      0.357767463    
  0.879998386      0.374863893    
  0.899998367      0.392788142    
  0.919998348      0.413031429    
  0.939998329      0.430979311    
  0.959998310      0.448334306    
  0.979998291      0.469047487    
  0.999998271      0.488912374    
   1.01999831      0.505663276    
   1.03999829      0.523705721    
   1.05999827      0.545731366    
   1.07999825      0.561810911    
   1.09999824      0.577185750    
   1.11999822      0.599064171    
   1.13999820      0.615938842    
   1.15999818      0.626685381    
   1.17999816      0.647296965    
   1.19999814      0.664809585    
   1.21999812      0.673768103    
   1.23999810      0.689286113    
   1.25999808      0.705374777    
   1.27999806      0.712494254    
   1.29999804      0.726029932    
   1.31999803      0.737945974    
   1.33999801      0.741418600    
   1.35999799      0.751837790    
   1.37999797      0.762189090    
   1.39999795      0.760214925    
   1.41999793      0.767793655    
   1.43999791      0.776336491    
   1.45999789      0.768589258    
   1.47999787      0.770438731    
   1.49999785      0.780662179    
   1.51999784      0.767486572    
   1.53999782      0.760338426    
   1.55999780      0.771335304    
   1.57999778      0.758803487    
   1.59999776      0.740266025    
   1.61999774      0.748390138    
   1.63999772      0.738286912    
   1.65999770      0.712673187    
   1.67999768      0.717121363    
   1.69999766      0.709528744    
   1.71999764      0.672252178    
   1.73999763      0.672102690    
   1.75999761      0.677108109    
   1.77999759      0.632216215    
   1.79999757      0.612534940    
   1.81999755      0.628974438    
   1.83999753      0.594214201    
   1.85999751      0.557806134    
   1.87999749      0.571349442    
   1.89999747      0.546200752    
   1.91999745      0.498233914    
   1.93999743      0.512331843    
   1.95999742      0.502573669    
   1.97999740      0.439434469    
   1.99999738      0.440117747    
   2.01999736      0.454298288    
   2.03999734      0.393297017    
   2.05999732      0.372286558    
   2.07999730      0.398261189    
   2.09999728      0.348095268    
   2.11999726      0.308603138    
   2.13999724      0.343588859    
   2.15999722      0.311863244    
   2.17999721      0.250573486    
   2.19999719      0.281827211    
   2.21999717      0.278391182    
   2.23999715      0.207369223    
   2.25999713      0.222739756    
   2.27999711      0.244073495    
   2.29999709      0.173748970    
   2.31999707      0.167504236    
   2.33999705      0.209179834    
   2.35999703      0.150843903    
   2.37999701      0.119774424    
   2.39999700      0.172190383    
   2.41999698      0.136660144    
   2.43999696       8.34898427E-02
   2.45999694      0.131629422    
   2.47999692      0.122243740    
   2.49999690       5.81939034E-02
   2.51999688       9.79219526E-02
   2.53999686      0.115655661    
   2.55999684       4.54617403E-02
   2.57999682       6.11359850E-02
   2.59999681       9.76303443E-02
   2.61999679       3.80506068E-02
   2.63999677       3.86012644E-02
   2.65999675       8.99705216E-02
   2.67999673       4.07898277E-02
   2.69999671       1.61529649E-02
   2.71999669       6.83824345E-02
   2.73999667       4.01705280E-02
   2.75999665       6.93320390E-03
   2.77999663       5.80027439E-02
   2.79999661       4.53987271E-02
   2.81999660       6.63358776E-04
   2.83999658       4.22277302E-02
   2.85999656       4.69346754E-02
   2.87999654       1.01948564E-03
   2.89999652       3.08152642E-02
   2.91999650       4.58804406E-02
   2.93999648       4.09868360E-03
   2.95999646       2.66134199E-02
   2.97999644       4.90830578E-02
   2.99999642       8.58233590E-03
   3.01999640       1.74415149E-02
   3.03999639       4.30244617E-02
   3.05999637       1.33512113E-02
   3.07999635       2.15660445E-02
   3.09999633       4.88567613E-02
