  -2.00000000       1.17623080E-02
  -1.98000002       4.35092039E-02
  -1.96000004       2.92603914E-02
  -1.94000006       1.70503408E-02
  -1.92000008       1.61205009E-02
  -1.90000010       3.01776603E-02
  -1.88000011       4.24843729E-02
  -1.86000013       1.49891172E-02
  -1.84000015       2.03609858E-02
  -1.82000017       4.06793617E-02
  -1.80000019       2.62796618E-02
  -1.78000021       2.29463503E-02
  -1.76000023       2.13624984E-02
  -1.74000025       3.03467605E-02
  -1.72000027       3.83728445E-02
  -1.70000029       1.77358035E-02
  -1.68000031       2.58486979E-02
  -1.66000032       3.66936363E-02
  -1.64000034       2.45768167E-02
  -1.62000036       2.69603506E-02
  -1.60000038       2.43130252E-02
  -1.58000040       2.94683389E-02
  -1.56000042       3.36547345E-02
  -1.54000044       1.97387878E-02
  -1.52000046       2.87806075E-02
  -1.50000048       3.21582668E-02
  -1.48000050       2.29310617E-02
  -1.46000051       2.78750192E-02
  -1.44000053       2.46322826E-02
  -1.42000055       2.72734649E-02
  -1.40000057       2.86334567E-02
  -1.38000059       2.02362929E-02
  -1.36000061       2.82648038E-02
  -1.34000063       2.67741121E-02
  -1.32000065       2.09001601E-02
  -1.30000067       2.64615584E-02
  -1.28000069       2.25402303E-02
  -1.26000071       2.36873794E-02
  -1.24000072       2.38339826E-02
  -1.22000074       1.95736699E-02
  -1.20000076       2.49077603E-02
  -1.18000078       2.10726429E-02
  -1.16000080       1.89176649E-02
  -1.14000082       2.33172551E-02
  -1.12000084       1.86176170E-02
  -1.10000086       1.95172969E-02
  -1.08000088       2.00758036E-02
  -1.06000090       1.72210895E-02
  -1.04000092       1.96479820E-02
  -1.02000093       1.68283582E-02
  -1.00000095       1.69927906E-02
 -0.980000973       1.84196997E-02
 -0.960000992       1.45412460E-02
 -0.940001011       1.69472713E-02
 -0.920001030       1.61718819E-02
 -0.900001049       1.35343913E-02
 -0.880001068       1.60616431E-02
 -0.860001087       1.40093714E-02
 -0.840001106       1.35357995E-02
 -0.820001125       1.44131146E-02
 -0.800001144       1.25419330E-02
 -0.780001163       1.34662846E-02
 -0.760001183       1.26398327E-02
 -0.740001202       1.20898299E-02
 -0.720001221       1.27488300E-02
 -0.700001240       1.10290162E-02
 -0.680001259       1.23573598E-02
 -0.660001278       1.18959257E-02
 -0.640001297       9.98969004E-03
 -0.620001316       1.21660633E-02
 -0.600001335       1.10427085E-02
 -0.580001354       1.03153847E-02
 -0.560001373       1.16416272E-02
 -0.540001392       9.85543057E-03
 -0.520001411       1.06843933E-02
 -0.500001431       1.16508501E-02
 -0.480001420       9.58344154E-03
 -0.460001409       1.01215616E-02
 -0.440001398       1.09519586E-02
 -0.420001388       1.05697438E-02
 -0.400001377       1.02527346E-02
 -0.380001366       9.47746634E-03
 -0.360001355       1.01888003E-02
 -0.340001345       1.07930256E-02
 -0.320001334       9.82873887E-03
 -0.300001323       8.56123492E-03
 -0.280001312       8.94209649E-03
 -0.260001302       1.03985313E-02
 -0.240001306       8.79826583E-03
 -0.220001310       6.37106365E-03
 -0.200001314       7.53961783E-03
 -0.180001318       8.43358599E-03
 -0.160001323       6.55065058E-03
 -0.140001327       4.22508596E-03
 -0.120001331       4.35743388E-03
 -0.100001335       5.88277122E-03
  -8.00013393E-02   4.04893886E-03
  -6.00013398E-02   1.13318383E-03
  -4.00013402E-02   1.93755981E-03
  -2.00013407E-02   3.19923367E-03
  -1.34110451E-06   1.56690425E-03
   1.99986584E-02   3.08892995E-05
   3.99986580E-02   3.95644311E-04
   5.99986576E-02   1.65111828E-03
   7.99986571E-02   3.09328013E-03
   9.99986529E-02   5.28006116E-03
  0.119998649       7.22957728E-03
  0.139998645       9.58462339E-03
  0.159998640       1.25986245E-02
  0.179998636       1.44099435E-02
  0.199998632       1.89197306E-02
  0.219998628       2.02600993E-02
  0.239998624       2.53363512E-02
  0.259998620       2.82017179E-02
  0.279998630       3.18002924E-02
  0.299998641       3.76685709E-02
  0.319998652       3.96949723E-02
  0.339998662       4.69958708E-02
  0.359998673       5.09524383E-02
  0.379998684       5.61786853E-02
  0.399998695       6.38479516E-02
  0.419998705       6.79371208E-02
  0.439998716       7.64412656E-02
  0.459998727       8.35958794E-02
  0.479998738       8.98470432E-02
  0.499998748       9.97961611E-02
  0.519998729      0.107358530    
  0.539998710      0.116367474    
  0.559998691      0.127329096    
  0.579998672      0.136080787    
  0.599998653      0.146803722    
  0.619998634      0.159198642    
  0.639998615      0.169555485    
  0.659998596      0.182536036    
  0.679998577      0.195626587    
  0.699998558      0.207358807    
  0.719998538      0.222822130    
  0.739998519      0.236669317    
  0.759998500      0.250505477    
  0.779998481      0.267294019    
  0.799998462      0.281667829    
  0.819998443      0.297807097    
  0.839998424      0.316525072    
  0.859998405      0.330934674    
  0.879998386      0.348411202    
  0.899998367      0.367698938    
  0.919998348      0.383707941    
  0.939998329      0.401466638    
  0.959998310      0.421686918    
  0.979998291      0.438745886    
  0.999998271      0.455555588    
   1.01999831      0.475707322    
   1.03999829      0.495839596    
   1.05999827      0.510315895    
   1.07999825      0.528206229    
   1.09999824      0.550948203    
   1.11999822      0.564396679    
   1.13999820      0.578892469    
   1.15999818      0.602495432    
   1.17999816      0.615642846    
   1.19999814      0.625922740    
   1.21999812      0.648703814    
   1.23999810      0.661926806    
   1.25999808      0.669858336    
   1.27999806      0.688739479    
   1.29999804      0.699827492    
   1.31999803      0.705837011    
   1.33999801      0.723044991    
   1.35999799      0.729728043    
   1.37999797      0.732579410    
   1.39999795      0.747405469    
   1.41999793      0.750138819    
   1.43999791      0.748890579    
   1.45999789      0.764392972    
   1.47999787      0.761453867    
   1.49999785      0.752241194    
   1.51999784      0.768328726    
   1.53999782      0.766295135    
   1.55999780      0.746147513    
   1.57999778      0.758608401    
   1.59999776      0.758854151    
   1.61999774      0.731896222    
   1.63999772      0.738635600    
   1.65999770      0.740706205    
   1.67999768      0.706309021    
   1.69999766      0.709881544    
   1.71999764      0.717697918    
   1.73999763      0.672715783    
   1.75999761      0.663937330    
   1.77999759      0.682841003    
   1.79999757      0.639107585    
   1.81999755      0.615069866    
   1.83999753      0.635336101    
   1.85999751      0.595541894    
   1.87999749      0.563242674    
   1.89999747      0.589266956    
   1.91999745      0.550897956    
   1.93999743      0.500861168    
   1.95999742      0.532094777    
   1.97999740      0.509469688    
   1.99999738      0.444822669    
   2.01999736      0.468482465    
   2.03999734      0.459691644    
   2.05999732      0.389213055    
   2.07999730      0.409354120    
   2.09999728      0.414903522    
   2.11999726      0.334516376    
   2.13999724      0.343593121    
   2.15999722      0.370733082    
   2.17999721      0.291515261    
   2.19999719      0.283226162    
   2.21999717      0.322299957    
   2.23999715      0.249462470    
   2.25999713      0.227809414    
   2.27999711      0.280654579    
   2.29999709      0.216282129    
   2.31999707      0.175250530    
   2.33999705      0.235618010    
   2.35999703      0.188369572    
   2.37999701      0.132801890    
   2.39999700      0.193763971    
   2.41999698      0.163272873    
   2.43999696       9.73547548E-02
   2.45999694      0.158496484    
   2.47999692      0.146192133    
   2.49999690       6.85359910E-02
   2.51999688      0.120349631    
   2.53999686      0.127092272    
   2.55999684       5.04744686E-02
   2.57999682       9.51810554E-02
   2.59999681      0.114052489    
   2.61999679       3.29754986E-02
   2.63999677       6.63298368E-02
   2.65999675      0.101067498    
   2.67999673       2.72772107E-02
   2.69999671       4.94516641E-02
   2.71999669       8.82011354E-02
   2.73999667       1.84120201E-02
   2.75999665       3.44353840E-02
   2.77999663       8.20671767E-02
   2.79999661       1.87760666E-02
   2.81999660       2.19367091E-02
   2.83999658       6.72997013E-02
   2.85999656       1.40749998E-02
   2.87999654       2.00829655E-02
   2.89999652       6.96595460E-02
   2.91999650       1.90730412E-02
   2.93999648       1.23327253E-02
   2.95999646       5.38839437E-02
   2.97999644       1.37792593E-02
   2.99999642       1.58855058E-02
   3.01999640       5.83649054E-02
   3.03999639       1.99455302E-02
   3.05999637       1.69865377E-02
   3.07999635       5.27953655E-02
   3.09999633       1.88519079E-02
