  -2.00000000       1.01445010E-02
  -1.98000002       4.10433784E-02
  -1.96000004       3.01058795E-02
  -1.94000006       1.85555089E-02
  -1.92000008       1.50969522E-02
  -1.90000010       2.87658423E-02
  -1.88000011       4.37708050E-02
  -1.86000013       1.64646711E-02
  -1.84000015       1.87624861E-02
  -1.82000017       3.93166505E-02
  -1.80000019       2.73791738E-02
  -1.78000021       2.38746777E-02
  -1.76000023       2.05131099E-02
  -1.74000025       2.92658806E-02
  -1.72000027       3.95742990E-02
  -1.70000029       1.88199356E-02
  -1.68000031       2.44074874E-02
  -1.66000032       3.60907689E-02
  -1.64000034       2.54676435E-02
  -1.62000036       2.73917392E-02
  -1.60000038       2.38162540E-02
  -1.58000040       2.87649967E-02
  -1.56000042       3.46333161E-02
  -1.54000044       2.03087386E-02
  -1.52000046       2.76645869E-02
  -1.50000048       3.22460756E-02
  -1.48000050       2.34912839E-02
  -1.46000051       2.79017407E-02
  -1.44000053       2.44462825E-02
  -1.42000055       2.69485936E-02
  -1.40000057       2.94020940E-02
  -1.38000059       2.03558747E-02
  -1.36000061       2.75371764E-02
  -1.34000063       2.73006503E-02
  -1.32000065       2.10873447E-02
  -1.30000067       2.62817442E-02
  -1.28000069       2.26324461E-02
  -1.26000071       2.36061439E-02
  -1.24000072       2.43184436E-02
  -1.22000074       1.94279905E-02
  -1.20000076       2.46375073E-02
  -1.18000078       2.16994379E-02
  -1.16000080       1.87192447E-02
  -1.14000082       2.31988709E-02
  -1.12000084       1.89537294E-02
  -1.10000086       1.93934161E-02
  -1.08000088       2.02628747E-02
  -1.06000090       1.71710309E-02
  -1.04000092       1.96843967E-02
  -1.02000093       1.71519071E-02
  -1.00000095       1.66983418E-02
 -0.980000973       1.86386090E-02
 -0.960000992       1.47513887E-02
 -0.940001011       1.66460462E-02
 -0.920001030       1.64801236E-02
 -0.900001049       1.35501521E-02
 -0.880001068       1.59452893E-02
 -0.860001087       1.42534748E-02
 -0.840001106       1.34485327E-02
 -0.820001125       1.45051200E-02
 -0.800001144       1.25900470E-02
 -0.780001163       1.34146949E-02
 -0.760001183       1.28300153E-02
 -0.740001202       1.19627425E-02
 -0.720001221       1.28511861E-02
 -0.700001240       1.11571578E-02
 -0.680001259       1.21278400E-02
 -0.660001278       1.21548232E-02
 -0.640001297       9.97896958E-03
 -0.620001316       1.19816503E-02
 -0.600001335       1.13285556E-02
 -0.580001354       1.01831667E-02
 -0.560001373       1.15960930E-02
 -0.540001392       1.00642769E-02
 -0.520001411       1.05119143E-02
 -0.500001431       1.16974972E-02
 -0.480001420       9.70003195E-03
 -0.460001409       1.00091323E-02
 -0.440001398       1.09941494E-02
 -0.420001388       1.06021222E-02
 -0.400001377       1.02585852E-02
 -0.380001366       9.47993901E-03
 -0.360001355       1.01862252E-02
 -0.340001345       1.08513460E-02
 -0.320001334       9.79447644E-03
 -0.300001323       8.63380451E-03
 -0.280001312       8.97409581E-03
 -0.260001302       1.03116985E-02
 -0.240001306       8.98196176E-03
 -0.220001310       6.37860643E-03
 -0.200001314       7.45844841E-03
 -0.180001318       8.62217136E-03
 -0.160001323       6.54362468E-03
 -0.140001327       4.24677134E-03
 -0.120001331       4.47330158E-03
 -0.100001335       5.85155888E-03
  -8.00013393E-02   4.16030642E-03
  -6.00013398E-02   1.18423114E-03
  -4.00013402E-02   1.91417395E-03
  -2.00013407E-02   3.29039525E-03
  -1.34110451E-06   1.59755175E-03
   1.99986584E-02   3.39784383E-05
   3.99986580E-02   3.91633832E-04
   5.99986576E-02   1.66969770E-03
   7.99986571E-02   3.08758393E-03
   9.99986529E-02   5.37040923E-03
  0.119998649       7.18989363E-03
  0.139998645       9.76320170E-03
  0.159998640       1.25600612E-02
  0.179998636       1.45829674E-02
  0.199998632       1.90402940E-02
  0.219998628       2.02368051E-02
  0.239998624       2.57698242E-02
  0.259998620       2.79966742E-02
  0.279998630       3.23310569E-02
  0.299998641       3.76783200E-02
  0.319998652       3.98696102E-02
  0.339998662       4.75706123E-02
  0.359998673       5.07809073E-02
  0.379998684       5.68971001E-02
  0.399998695       6.40207455E-02
  0.419998705       6.81705475E-02
  0.439998716       7.72604719E-02
  0.459998727       8.36351812E-02
  0.479998738       9.05200467E-02
  0.499998748      0.100483596    
  0.519998729      0.107577533    
  0.539998710      0.117358193    
  0.559998691      0.127929002    
  0.579998672      0.136534810    
  0.599998653      0.148006365    
  0.619998634      0.159785688    
  0.639998615      0.170386955    
  0.659998596      0.183846712    
  0.679998577      0.196222663    
  0.699998558      0.208577499    
  0.719998538      0.224248126    
  0.739998519      0.237366155    
  0.759998500      0.252102673    
  0.779998481      0.268704325    
  0.799998462      0.282566994    
  0.819998443      0.299801171    
  0.839998424      0.318008065    
  0.859998405      0.331945539    
  0.879998386      0.350593179    
  0.899998367      0.369413018    
  0.919998348      0.384865493    
  0.939998329      0.403735578    
  0.959998310      0.423753619    
  0.979998291      0.439953655    
  0.999998271      0.457617939    
   1.01999831      0.478384882    
   1.03999829      0.497218281    
   1.05999827      0.511844993    
   1.07999825      0.531257868    
   1.09999824      0.552821219    
   1.11999822      0.565332115    
   1.13999820      0.581981003    
   1.15999818      0.604955375    
   1.17999816      0.616182745    
   1.19999814      0.628529191    
   1.21999812      0.651711881    
   1.23999810      0.662585855    
   1.25999808      0.671754181    
   1.27999806      0.691565633    
   1.29999804      0.700867712    
   1.31999803      0.707419693    
   1.33999801      0.725232899    
   1.35999799      0.730805695    
   1.37999797      0.734285414    
   1.39999795      0.748813629    
   1.41999793      0.750608146    
   1.43999791      0.751102328    
   1.45999789      0.765686572    
   1.47999787      0.760486782    
   1.49999785      0.754183233    
   1.51999784      0.770551264    
   1.53999782      0.764448047    
   1.55999780      0.746377587    
   1.57999778      0.761189818    
   1.59999776      0.757725060    
   1.61999774      0.731218398    
   1.63999772      0.740133762    
   1.65999770      0.739008725    
   1.67999768      0.705516756    
   1.69999766      0.711850703    
   1.71999764      0.715143740    
   1.73999763      0.670063019    
   1.75999761      0.666616380    
   1.77999759      0.681949854    
   1.79999757      0.634907544    
   1.81999755      0.615540862    
   1.83999753      0.634711027    
   1.85999751      0.591941059    
   1.87999749      0.563457131    
   1.89999747      0.587998509    
   1.91999745      0.545823812    
   1.93999743      0.500910699    
   1.95999742      0.532863200    
   1.97999740      0.504581869    
   1.99999738      0.442686856    
   2.01999736      0.468975008    
   2.03999734      0.456145704    
   2.05999732      0.387434632    
   2.07999730      0.409653544    
   2.09999728      0.410617769    
   2.11999726      0.331599593    
   2.13999724      0.344707578    
   2.15999722      0.368200630    
   2.17999721      0.288075238    
   2.19999719      0.282903761    
   2.21999717      0.319785953    
   2.23999715      0.246476874    
   2.25999713      0.227879062    
   2.27999711      0.278731316    
   2.29999709      0.212928712    
   2.31999707      0.174352035    
   2.33999705      0.233986601    
   2.35999703      0.185887456    
   2.37999701      0.131937698    
   2.39999700      0.192300975    
   2.41999698      0.161432713    
   2.43999696       9.64773819E-02
   2.45999694      0.156759426    
   2.47999692      0.144574493    
   2.49999690       6.77538589E-02
   2.51999688      0.118860893    
   2.53999686      0.126611620    
   2.55999684       5.01587614E-02
   2.57999682       9.25686061E-02
   2.59999681      0.112857446    
   2.61999679       3.29925306E-02
   2.63999677       6.44828826E-02
   2.65999675      0.101235874    
   2.67999673       2.81426981E-02
   2.69999671       4.64906842E-02
   2.71999669       8.72059986E-02
   2.73999667       1.94848012E-02
   2.75999665       3.19787562E-02
   2.77999663       8.17066059E-02
   2.79999661       2.06176136E-02
   2.81999660       1.93801373E-02
   2.83999658       6.67186454E-02
   2.85999656       1.61998980E-02
   2.87999654       1.71349719E-02
   2.89999652       6.83515668E-02
   2.91999650       2.14304011E-02
   2.93999648       1.03120934E-02
   2.95999646       5.34585007E-02
   2.97999644       1.62616987E-02
   2.99999642       1.29977362E-02
   3.01999640       5.71476109E-02
   3.03999639       2.25012675E-02
   3.05999637       1.48182912E-02
   3.07999635       5.23829944E-02
   3.09999633       2.17431020E-02
