  -2.00000000       4.88158390E-02
  -1.98000002       3.66280638E-02
  -1.96000004       4.05722857E-03
  -1.94000006       3.82848904E-02
  -1.92000008       4.56498824E-02
  -1.90000010       1.70596223E-02
  -1.88000011       1.77334733E-02
  -1.86000013       2.70206183E-02
  -1.84000015       4.27670665E-02
  -1.82000017       2.32463032E-02
  -1.80000019       1.41567821E-02
  -1.78000021       4.43342365E-02
  -1.76000023       3.13434117E-02
  -1.74000025       1.87955722E-02
  -1.72000027       2.56144069E-02
  -1.70000029       2.93497276E-02
  -1.68000031       3.60677093E-02
  -1.66000032       1.85838230E-02
  -1.64000034       2.52708830E-02
  -1.62000036       3.97877283E-02
  -1.60000038       2.20483448E-02
  -1.58000040       2.47744452E-02
  -1.56000042       2.78675016E-02
  -1.54000044       2.78988145E-02
  -1.52000046       2.94984486E-02
  -1.50000048       1.90852433E-02
  -1.48000050       3.05460319E-02
  -1.46000051       3.01130116E-02
  -1.44000053       1.93982925E-02
  -1.42000055       2.80590020E-02
  -1.40000057       2.46860404E-02
  -1.38000059       2.48671286E-02
  -1.36000061       2.44936850E-02
  -1.34000063       2.04835031E-02
  -1.32000065       2.83802319E-02
  -1.30000067       2.13685539E-02
  -1.28000069       2.03785729E-02
  -1.26000071       2.60438584E-02
  -1.24000072       1.93606559E-02
  -1.22000074       2.20851041E-02
  -1.20000076       2.06967574E-02
  -1.18000078       1.95258744E-02
  -1.16000080       2.21754089E-02
  -1.14000082       1.67462230E-02
  -1.12000084       2.04289723E-02
  -1.10000086       1.96674112E-02
  -1.08000088       1.56219210E-02
  -1.06000090       1.98861193E-02
  -1.04000092       1.64789986E-02
  -1.02000093       1.63322352E-02
  -1.00000095       1.73803773E-02
 -0.980000973       1.46092335E-02
 -0.960000992       1.67543925E-02
 -0.940001011       1.43072372E-02
 -0.920001030       1.45469196E-02
 -0.900001049       1.55624701E-02
 -0.880001068       1.22745233E-02
 -0.860001087       1.49002913E-02
 -0.840001106       1.34481806E-02
 -0.820001125       1.16772586E-02
 -0.800001144       1.41142244E-02
 -0.780001163       1.17671778E-02
 -0.760001183       1.20380381E-02
 -0.740001202       1.23750288E-02
 -0.720001221       1.10211056E-02
 -0.700001240       1.19842459E-02
 -0.680001259       1.09374607E-02
 -0.660001278       1.13030281E-02
 -0.640001297       1.09297140E-02
 -0.620001316       1.01568075E-02
 -0.600001335       1.20950146E-02
 -0.580001354       9.87397693E-03
 -0.560001373       1.00483382E-02
 -0.540001392       1.15997232E-02
 -0.520001411       9.59124230E-03
 -0.500001431       1.10004386E-02
 -0.480001420       1.04545392E-02
 -0.460001409       9.06129461E-03
 -0.440001398       1.14216926E-02
 -0.420001388       1.05336905E-02
 -0.400001377       9.14298743E-03
 -0.380001366       9.97854862E-03
 -0.360001355       1.00521697E-02
 -0.340001345       1.02885105E-02
 -0.320001334       9.20946058E-03
 -0.300001323       8.13580491E-03
 -0.280001312       9.12402291E-03
 -0.260001302       9.45648458E-03
 -0.240001306       7.78060872E-03
 -0.220001310       6.01358805E-03
 -0.200001314       6.89396262E-03
 -0.180001318       7.78240152E-03
 -0.160001323       5.14243823E-03
 -0.140001327       3.36700166E-03
 -0.120001331       4.18259390E-03
 -0.100001335       4.60703159E-03
  -8.00013393E-02   2.84779724E-03
  -6.00013398E-02   7.72503321E-04
  -4.00013402E-02   1.48239080E-03
  -2.00013407E-02   2.30300031E-03
  -1.34110451E-06   9.26673703E-04
   1.99986584E-02   5.49709403E-05
   3.99986580E-02   4.91463812E-04
   5.99986576E-02   1.48570049E-03
   7.99986571E-02   2.83909380E-03
   9.99986529E-02   4.68423916E-03
  0.119998649       6.34846603E-03
  0.139998645       8.90216511E-03
  0.159998640       1.07925562E-02
  0.179998636       1.35563631E-02
  0.199998632       1.65531747E-02
  0.219998628       1.85309555E-02
  0.239998624       2.32871436E-02
  0.259998620       2.45799273E-02
  0.279998630       3.00905239E-02
  0.299998641       3.30873765E-02
  0.319998652       3.65884118E-02
  0.339998662       4.31142300E-02
  0.359998673       4.49702926E-02
  0.379998684       5.25977723E-02
  0.399998695       5.71085401E-02
  0.419998705       6.18325360E-02
  0.439998716       7.04265237E-02
  0.459998727       7.45195821E-02
  0.479998738       8.29232559E-02
  0.499998748       9.08858031E-02
  0.519998729       9.68135372E-02
  0.539998710      0.106923424    
  0.559998691      0.115366988    
  0.579998672      0.123689286    
  0.599998653      0.135148749    
  0.619998634      0.144288808    
  0.639998615      0.154487804    
  0.659998596      0.167498946    
  0.679998577      0.177836969    
  0.699998558      0.190443546    
  0.719998538      0.203795329    
  0.739998519      0.215639651    
  0.759998500      0.230635598    
  0.779998481      0.244817078    
  0.799998462      0.258235723    
  0.819998443      0.274794549    
  0.839998424      0.289085716    
  0.859998405      0.305046797    
  0.879998386      0.322952092    
  0.899998367      0.337810487    
  0.919998348      0.354576021    
  0.939998329      0.372493893    
  0.959998310      0.389640123    
  0.979998291      0.406383067    
  0.999998271      0.424391508    
   1.01999831      0.443482906    
   1.03999829      0.459328413    
   1.05999827      0.475704283    
   1.07999825      0.498599321    
   1.09999824      0.512518942    
   1.11999822      0.526478410    
   1.13999820      0.550746918    
   1.15999818      0.564456940    
   1.17999816      0.575681150    
   1.19999814      0.599805117    
   1.21999812      0.612048507    
   1.23999810      0.622179508    
   1.25999808      0.644177794    
   1.27999806      0.654017985    
   1.29999804      0.664232254    
   1.31999803      0.683993399    
   1.33999801      0.688404918    
   1.35999799      0.698068202    
   1.37999797      0.716938138    
   1.39999795      0.715130985    
   1.41999793      0.724069476    
   1.43999791      0.741025031    
   1.45999789      0.731955469    
   1.47999787      0.739100099    
   1.49999785      0.758121789    
   1.51999784      0.740358949    
   1.53999782      0.742863238    
   1.55999780      0.763641119    
   1.57999778      0.740775287    
   1.59999776      0.736809611    
   1.61999774      0.757636845    
   1.63999772      0.728652835    
   1.65999770      0.721313357    
   1.67999768      0.744937658    
   1.69999766      0.708687782    
   1.71999764      0.693578422    
   1.73999763      0.721369386    
   1.75999761      0.681788743    
   1.77999759      0.658395708    
   1.79999757      0.686487675    
   1.81999755      0.643497109    
   1.83999753      0.616771400    
   1.85999751      0.650758147    
   1.87999749      0.601955771    
   1.89999747      0.564388692    
   1.91999745      0.605524421    
   1.93999743      0.559175313    
   1.95999742      0.513185501    
   1.97999740      0.554519892    
   1.99999738      0.507329524    
   2.01999736      0.457388699    
   2.03999734      0.506477237    
   2.05999732      0.458037198    
   2.07999730      0.397305042    
   2.09999728      0.452613413    
   2.11999726      0.411042452    
   2.13999724      0.343094170    
   2.15999722      0.399095386    
   2.17999721      0.360152036    
   2.19999719      0.289299577    
   2.21999717      0.352234334    
   2.23999715      0.316393375    
   2.25999713      0.236045271    
   2.27999711      0.302000880    
   2.29999709      0.274814606    
   2.31999707      0.192485452    
   2.33999705      0.258451968    
   2.35999703      0.232756943    
   2.37999701      0.149216726    
   2.39999700      0.221981436    
   2.41999698      0.201954499    
   2.43999696      0.112808637    
   2.45999694      0.183566168    
   2.47999692      0.168921947    
   2.49999690       8.59862790E-02
   2.51999688      0.159262523    
   2.53999686      0.141092181    
   2.55999684       5.59445135E-02
   2.57999682      0.132933930    
   2.59999681      0.121553108    
   2.61999679       4.10292819E-02
   2.63999677      0.111881964    
   2.65999675       9.40413624E-02
   2.67999673       2.34517250E-02
   2.69999671      0.102966443    
   2.71999669       8.43343586E-02
   2.73999667       1.30945509E-02
   2.75999665       8.37044567E-02
   2.77999663       6.24373257E-02
   2.79999661       8.93235207E-03
   2.81999660       8.26253369E-02
   2.83999658       5.25846295E-02
   2.85999656       3.93863395E-03
   2.87999654       7.41153583E-02
   2.89999652       4.17888574E-02
   2.91999650       5.19515807E-03
   2.93999648       6.65425733E-02
   2.95999646       2.84379274E-02
   2.97999644       1.14529375E-02
   2.99999642       7.21887723E-02
   3.01999640       2.69411616E-02
   3.03999639       1.19144758E-02
   3.05999637       5.50717786E-02
   3.07999635       1.40167745E-02
   3.09999633       2.43653189E-02
