  -2.00000000       4.50500660E-02
  -1.98000002       2.10568327E-02
  -1.96000004       8.48525856E-03
  -1.94000006       5.24488576E-02
  -1.92000008       4.07833979E-02
  -1.90000010       8.87579750E-03
  -1.88000011       2.67141405E-02
  -1.86000013       3.53735760E-02
  -1.84000015       3.40465009E-02
  -1.82000017       1.47542180E-02
  -1.80000019       2.38489062E-02
  -1.78000021       4.98975329E-02
  -1.76000023       2.25158259E-02
  -1.74000025       1.84489023E-02
  -1.72000027       3.32781971E-02
  -1.70000029       3.02352160E-02
  -1.68000031       2.84926444E-02
  -1.66000032       1.74778495E-02
  -1.64000034       3.31909694E-02
  -1.62000036       3.66368219E-02
  -1.60000038       1.69881526E-02
  -1.58000040       2.93239038E-02
  -1.56000042       2.99044978E-02
  -1.54000044       2.55868025E-02
  -1.52000046       2.59435847E-02
  -1.50000048       2.17613615E-02
  -1.48000050       3.30433547E-02
  -1.46000051       2.43192576E-02
  -1.44000053       2.04844363E-02
  -1.42000055       3.11224032E-02
  -1.40000057       2.24962924E-02
  -1.38000059       2.40139887E-02
  -1.36000061       2.39115264E-02
  -1.34000063       2.25380436E-02
  -1.32000065       2.67098825E-02
  -1.30000067       1.85989644E-02
  -1.28000069       2.38586366E-02
  -1.26000071       2.45337952E-02
  -1.24000072       1.76765081E-02
  -1.22000074       2.34868675E-02
  -1.20000076       1.98677704E-02
  -1.18000078       1.97626557E-02
  -1.16000080       2.05346029E-02
  -1.14000082       1.72147546E-02
  -1.12000084       2.12506950E-02
  -1.10000086       1.67724192E-02
  -1.08000088       1.71941016E-02
  -1.06000090       1.99029669E-02
  -1.04000092       1.45664690E-02
  -1.02000093       1.75912399E-02
  -1.00000095       1.65860485E-02
 -0.980000973       1.44686457E-02
 -0.960000992       1.64368358E-02
 -0.940001011       1.38730817E-02
 -0.920001030       1.52553907E-02
 -0.900001049       1.37625141E-02
 -0.880001068       1.30900266E-02
 -0.860001087       1.52116846E-02
 -0.840001106       1.14858374E-02
 -0.820001125       1.32327694E-02
 -0.800001144       1.36032561E-02
 -0.780001163       1.07008992E-02
 -0.760001183       1.31008700E-02
 -0.740001202       1.16638811E-02
 -0.720001221       1.08534060E-02
 -0.700001240       1.20298713E-02
 -0.680001259       1.09531078E-02
 -0.660001278       1.10810716E-02
 -0.640001297       1.03044352E-02
 -0.620001316       1.12378672E-02
 -0.600001335       1.11262556E-02
 -0.580001354       9.49158240E-03
 -0.560001373       1.14267990E-02
 -0.540001392       1.00017898E-02
 -0.520001411       1.00989938E-02
 -0.500001431       1.18298316E-02
 -0.480001420       8.78983084E-03
 -0.460001409       1.01554515E-02
 -0.440001398       1.16286175E-02
 -0.420001388       9.30680521E-03
 -0.400001377       1.01047931E-02
 -0.380001366       9.72381141E-03
 -0.360001355       9.54567734E-03
 -0.340001345       1.08123450E-02
 -0.320001334       8.71379394E-03
 -0.300001323       7.92081375E-03
 -0.280001312       9.35142953E-03
 -0.260001302       9.16356128E-03
 -0.240001306       7.29301991E-03
 -0.220001310       6.04055170E-03
 -0.200001314       6.86159730E-03
 -0.180001318       7.18304422E-03
 -0.160001323       5.04074339E-03
 -0.140001327       3.15492810E-03
 -0.120001331       3.85505869E-03
 -0.100001335       4.53991024E-03
  -8.00013393E-02   2.38280580E-03
  -6.00013398E-02   6.70973212E-04
  -4.00013402E-02   1.48097239E-03
  -2.00013407E-02   1.94034050E-03
  -1.34110451E-06   8.74865567E-04
   1.99986584E-02   7.69578983E-05
   3.99986580E-02   4.53534536E-04
   5.99986576E-02   1.56586396E-03
   7.99986571E-02   2.66899052E-03
   9.99986529E-02   4.57271468E-03
  0.119998649       6.24615559E-03
  0.139998645       8.35581869E-03
  0.159998640       1.09491572E-02
  0.179998636       1.25850262E-02
  0.199998632       1.65538266E-02
  0.219998628       1.78803802E-02
  0.239998624       2.22369488E-02
  0.259998620       2.49030460E-02
  0.279998630       2.79063918E-02
  0.299998641       3.34157459E-02
  0.319998652       3.50413993E-02
  0.339998662       4.15831432E-02
  0.359998673       4.50100154E-02
  0.379998684       4.96189333E-02
  0.399998695       5.66847287E-02
  0.419998705       6.01612478E-02
  0.439998716       6.76323697E-02
  0.459998727       7.38439187E-02
  0.479998738       7.98808783E-02
  0.499998748       8.83196741E-02
  0.519998729       9.53798890E-02
  0.539998710      0.103059091    
  0.559998691      0.112490728    
  0.579998672      0.121333472    
  0.599998653      0.130421177    
  0.619998634      0.141251117    
  0.639998615      0.151201382    
  0.659998596      0.161679208    
  0.679998577      0.174445629    
  0.699998558      0.185786203    
  0.719998538      0.197682634    
  0.739998519      0.211483613    
  0.759998500      0.224444762    
  0.779998481      0.238342181    
  0.799998462      0.252954990    
  0.819998443      0.267883778    
  0.839998424      0.281983554    
  0.859998405      0.298288196    
  0.879998386      0.315220207    
  0.899998367      0.329972744    
  0.919998348      0.347314447    
  0.939998329      0.364358902    
  0.959998310      0.379795194    
  0.979998291      0.399132222    
  0.999998271      0.415869981    
   1.01999831      0.431724042    
   1.03999829      0.452725053    
   1.05999827      0.467094421    
   1.07999825      0.484414399    
   1.09999824      0.506301343    
   1.11999822      0.518851876    
   1.13999820      0.535481036    
   1.15999818      0.557447135    
   1.17999816      0.568274081    
   1.19999814      0.585666716    
   1.21999812      0.604492784    
   1.23999810      0.613649726    
   1.25999808      0.632325470    
   1.27999806      0.647383392    
   1.29999804      0.652877152    
   1.31999803      0.674339294    
   1.33999801      0.685585499    
   1.35999799      0.684607863    
   1.37999797      0.706894577    
   1.39999795      0.716300607    
   1.41999793      0.711524963    
   1.43999791      0.730975509    
   1.45999789      0.735108316    
   1.47999787      0.727467120    
   1.49999785      0.749590576    
   1.51999784      0.746243894    
   1.53999782      0.732091427    
   1.55999780      0.756746829    
   1.57999778      0.748970807    
   1.59999776      0.725567162    
   1.61999774      0.753118813    
   1.63999772      0.743416548    
   1.65999770      0.711048484    
   1.67999768      0.737724662    
   1.69999766      0.726389050    
   1.71999764      0.687947452    
   1.73999763      0.714093566    
   1.75999761      0.698165655    
   1.77999759      0.655185044    
   1.79999757      0.686005831    
   1.81999755      0.664987803    
   1.83999753      0.611228704    
   1.85999751      0.647427022    
   1.87999749      0.629120409    
   1.89999747      0.565525651    
   1.91999745      0.599912226    
   1.93999743      0.580589354    
   1.95999742      0.515353262    
   1.97999740      0.555212140    
   1.99999738      0.531940222    
   2.01999736      0.456829518    
   2.03999734      0.503239214    
   2.05999732      0.484105378    
   2.07999730      0.402779549    
   2.09999728      0.450747877    
   2.11999726      0.432321876    
   2.13999724      0.347633123    
   2.15999722      0.400557965    
   2.17999721      0.382763684    
   2.19999719      0.294234306    
   2.21999717      0.353076071    
   2.23999715      0.336369962    
   2.25999713      0.242508709    
   2.27999711      0.305230767    
   2.29999709      0.292159498    
   2.31999707      0.199419588    
   2.33999705      0.264661402    
   2.35999703      0.246696189    
   2.37999701      0.153592899    
   2.39999700      0.229004607    
   2.41999698      0.214537546    
   2.43999696      0.119382933    
   2.45999694      0.190980181    
   2.47999692      0.172770485    
   2.49999690       8.92354548E-02
   2.51999688      0.172666982    
   2.53999686      0.148167819    
   2.55999684       6.05487935E-02
   2.57999682      0.142044976    
   2.59999681      0.117919654    
   2.61999679       4.54571694E-02
   2.63999677      0.127981454    
   2.65999675       9.15230066E-02
   2.67999673       2.77971942E-02
   2.69999671      0.116250165    
   2.71999669       7.64856562E-02
   2.73999667       1.88844725E-02
   2.75999665       9.63870063E-02
   2.77999663       5.01627065E-02
   2.79999661       1.76724643E-02
   2.81999660       9.87771824E-02
   2.83999658       4.12557349E-02
   2.85999656       1.26602910E-02
   2.87999654       8.14811811E-02
   2.89999652       2.47454774E-02
   2.91999650       1.89966578E-02
   2.93999648       7.63095841E-02
   2.95999646       1.46935498E-02
   2.97999644       2.74975393E-02
   2.99999642       7.48103485E-02
   3.01999640       1.08502377E-02
   3.03999639       2.70634256E-02
   3.05999637       5.31614684E-02
   3.07999635       5.43399574E-03
   3.09999633       4.53315489E-02
