  -2.00000000       4.12886404E-02
  -1.98000002       1.60301365E-02
  -1.96000004       1.22601939E-02
  -1.94000006       5.58749400E-02
  -1.92000008       3.63156646E-02
  -1.90000010       7.75520504E-03
  -1.88000011       3.25035490E-02
  -1.86000013       3.66244726E-02
  -1.84000015       2.89651155E-02
  -1.82000017       1.36495987E-02
  -1.80000019       2.87642647E-02
  -1.78000021       4.94956002E-02
  -1.76000023       1.82733014E-02
  -1.74000025       2.06592157E-02
  -1.72000027       3.67188565E-02
  -1.70000029       2.88350210E-02
  -1.68000031       2.56241858E-02
  -1.66000032       1.87517069E-02
  -1.64000034       3.57391983E-02
  -1.62000036       3.39571498E-02
  -1.60000038       1.60202626E-02
  -1.58000040       3.18929665E-02
  -1.56000042       2.97347028E-02
  -1.54000044       2.43630800E-02
  -1.52000046       2.55019702E-02
  -1.50000048       2.30903327E-02
  -1.48000050       3.28435339E-02
  -1.46000051       2.22833082E-02
  -1.44000053       2.19314359E-02
  -1.42000055       3.14796120E-02
  -1.40000057       2.12190486E-02
  -1.38000059       2.43641976E-02
  -1.36000061       2.39231773E-02
  -1.34000063       2.27991845E-02
  -1.32000065       2.57738195E-02
  -1.30000067       1.84417870E-02
  -1.28000069       2.48955656E-02
  -1.26000071       2.31415089E-02
  -1.24000072       1.78141538E-02
  -1.22000074       2.40688343E-02
  -1.20000076       1.90580506E-02
  -1.18000078       1.99523624E-02
  -1.16000080       2.02340409E-02
  -1.14000082       1.74347050E-02
  -1.12000084       2.09373422E-02
  -1.10000086       1.61614418E-02
  -1.08000088       1.80642121E-02
  -1.06000090       1.90539323E-02
  -1.04000092       1.43192261E-02
  -1.02000093       1.82952750E-02
  -1.00000095       1.57729741E-02
 -0.980000973       1.45875467E-02
 -0.960000992       1.65071264E-02
 -0.940001011       1.36851035E-02
 -0.920001030       1.51758958E-02
 -0.900001049       1.34146567E-02
 -0.880001068       1.35952383E-02
 -0.860001087       1.45980306E-02
 -0.840001106       1.12926103E-02
 -0.820001125       1.39439572E-02
 -0.800001144       1.27095906E-02
 -0.780001163       1.08823832E-02
 -0.760001183       1.35024628E-02
 -0.740001202       1.09595610E-02
 -0.720001221       1.11144139E-02
 -0.700001240       1.21400654E-02
 -0.680001259       1.07000694E-02
 -0.660001278       1.10053895E-02
 -0.640001297       1.04337949E-02
 -0.620001316       1.12809064E-02
 -0.600001335       1.06418459E-02
 -0.580001354       9.95003246E-03
 -0.560001373       1.13274390E-02
 -0.540001392       9.44887847E-03
 -0.520001411       1.08800447E-02
 -0.500001431       1.13364421E-02
 -0.480001420       8.51553958E-03
 -0.460001409       1.09114246E-02
 -0.440001398       1.09546445E-02
 -0.420001388       9.37334448E-03
 -0.400001377       1.05013093E-02
 -0.380001366       9.14433971E-03
 -0.360001355       9.83468257E-03
 -0.340001345       1.08725075E-02
 -0.320001334       8.28990713E-03
 -0.300001323       8.16138647E-03
 -0.280001312       9.30913351E-03
 -0.260001302       8.90506245E-03
 -0.240001306       7.33539881E-03
 -0.220001310       5.94499055E-03
 -0.200001314       6.74429769E-03
 -0.180001318       7.14971684E-03
 -0.160001323       4.85765422E-03
 -0.140001327       3.05920257E-03
 -0.120001331       3.86426295E-03
 -0.100001335       4.35144268E-03
  -8.00013393E-02   2.29014130E-03
  -6.00013398E-02   6.51265029E-04
  -4.00013402E-02   1.38828286E-03
  -2.00013407E-02   1.90842908E-03
  -1.34110451E-06   7.86614604E-04
   1.99986584E-02   1.00958285E-04
   3.99986580E-02   4.75427951E-04
   5.99986576E-02   1.51353830E-03
   7.99986571E-02   2.73437612E-03
   9.99986529E-02   4.35794936E-03
  0.119998649       6.39681611E-03
  0.139998645       7.97729287E-03
  0.159998640       1.10987294E-02
  0.179998636       1.22532770E-02
  0.199998632       1.63613874E-02
  0.219998628       1.79402176E-02
  0.239998624       2.14915313E-02
  0.259998620       2.52771173E-02
  0.279998630       2.70187855E-02
  0.299998641       3.33550572E-02
  0.319998652       3.47829163E-02
  0.339998662       4.06546183E-02
  0.359998673       4.52050492E-02
  0.379998684       4.85091805E-02
  0.399998695       5.63271940E-02
  0.419998705       5.96653856E-02
  0.439998716       6.65650666E-02
  0.459998727       7.34130591E-02
  0.479998738       7.88318962E-02
  0.499998748       8.74201655E-02
  0.519998729       9.44030508E-02
  0.539998710      0.102056980    
  0.559998691      0.111188479    
  0.579998672      0.120002329    
  0.599998653      0.129388124    
  0.619998634      0.139365181    
  0.639998615      0.149919406    
  0.659998596      0.160211384    
  0.679998577      0.172068328    
  0.699998558      0.184381410    
  0.719998538      0.195838392    
  0.739998519      0.208795518    
  0.759998500      0.222687915    
  0.779998481      0.236110061    
  0.799998462      0.249869421    
  0.819998443      0.265868783    
  0.839998424      0.279552042    
  0.859998405      0.294582605    
  0.879998386      0.312843293    
  0.899998367      0.327342391    
  0.919998348      0.343170702    
  0.939998329      0.362001717    
  0.959998310      0.376592904    
  0.979998291      0.394545585    
  0.999998271      0.413501054    
   1.01999831      0.428040594    
   1.03999829      0.447980314    
   1.05999827      0.464759588    
   1.07999825      0.480121642    
   1.09999824      0.501503170    
   1.11999822      0.516456187    
   1.13999820      0.531095862    
   1.15999818      0.552954614    
   1.17999816      0.565139592    
   1.19999814      0.581221879    
   1.21999812      0.601245344    
   1.23999810      0.609741330    
   1.25999808      0.627122879    
   1.27999806      0.645944178    
   1.29999804      0.648957849    
   1.31999803      0.667735755    
   1.33999801      0.685397208    
   1.35999799      0.682168126    
   1.37999797      0.699735641    
   1.39999795      0.715714812    
   1.41999793      0.709966779    
   1.43999791      0.725362420    
   1.45999789      0.734768867    
   1.47999787      0.724946558    
   1.49999785      0.745419502    
   1.51999784      0.748283148    
   1.53999782      0.728350222    
   1.55999780      0.751691163    
   1.57999778      0.754142106    
   1.59999776      0.723519862    
   1.61999774      0.746673226    
   1.63999772      0.749247134    
   1.65999770      0.711462200    
   1.67999768      0.731692612    
   1.69999766      0.730909884    
   1.71999764      0.688557446    
   1.73999763      0.711016536    
   1.75999761      0.704949915    
   1.77999759      0.654683769    
   1.79999757      0.682574570    
   1.81999755      0.674941003    
   1.83999753      0.612774849    
   1.85999751      0.642030478    
   1.87999749      0.637190998    
   1.89999747      0.568784595    
   1.91999745      0.597524583    
   1.93999743      0.588607252    
   1.95999742      0.516320884    
   1.97999740      0.552717507    
   1.99999738      0.542572498    
   2.01999736      0.459961236    
   2.03999734      0.500169694    
   2.05999732      0.492638677    
   2.07999730      0.406026423    
   2.09999728      0.450049698    
   2.11999726      0.441754580    
   2.13999724      0.350507349    
   2.15999722      0.399264783    
   2.17999721      0.390919358    
   2.19999719      0.297322780    
   2.21999717      0.353609353    
   2.23999715      0.344637454    
   2.25999713      0.245135859    
   2.27999711      0.305126339    
   2.29999709      0.298359990    
   2.31999707      0.202654704    
   2.33999705      0.267844856    
   2.35999703      0.252991080    
   2.37999701      0.155012667    
   2.39999700      0.230654582    
   2.41999698      0.219052508    
   2.43999696      0.122740023    
   2.45999694      0.195386767    
   2.47999692      0.174908176    
   2.49999690       8.98572803E-02
   2.51999688      0.176799953    
   2.53999686      0.150319412    
   2.55999684       6.31384701E-02
   2.57999682      0.146732867    
   2.59999681      0.116752021    
   2.61999679       4.74489368E-02
   2.63999677      0.133741140    
   2.65999675       8.97615403E-02
   2.67999673       3.02313305E-02
   2.69999671      0.121365361    
   2.71999669       7.31290132E-02
   2.73999667       2.25528851E-02
   2.75999665      0.101039417    
   2.77999663       4.51009460E-02
   2.79999661       2.24285778E-02
   2.81999660      0.103377126    
   2.83999658       3.59435864E-02
   2.85999656       1.79149192E-02
   2.87999654       8.33525360E-02
   2.89999652       1.87635720E-02
   2.91999650       2.64142063E-02
   2.93999648       7.78371990E-02
   2.95999646       9.92789026E-03
   2.97999644       3.50527130E-02
   2.99999642       7.23945573E-02
   3.01999640       5.76724438E-03
   3.03999639       3.49172987E-02
   3.05999637       5.04825525E-02
   3.07999635       4.53568622E-03
   3.09999633       5.35796992E-02
