  -2.00000000       1.35132642E-02
  -1.98000002       1.24329999E-02
  -1.96000004       3.71756256E-02
  -1.94000006       4.99919169E-02
  -1.92000008       1.12378430E-02
  -1.90000010       2.27760598E-02
  -1.88000011       5.71552888E-02
  -1.86000013       2.39828303E-02
  -1.84000015       1.49980644E-02
  -1.82000017       2.84809433E-02
  -1.80000019       3.95753719E-02
  -1.78000021       2.84988619E-02
  -1.76000023       1.15300165E-02
  -1.74000025       4.33387235E-02
  -1.72000027       3.69331911E-02
  -1.70000029       1.49855418E-02
  -1.68000031       2.85769068E-02
  -1.66000032       3.04290112E-02
  -1.64000034       3.14852148E-02
  -1.62000036       1.89221203E-02
  -1.60000038       2.57270522E-02
  -1.58000040       4.00024168E-02
  -1.56000042       1.89367831E-02
  -1.54000044       2.43637357E-02
  -1.52000046       3.06884982E-02
  -1.50000048       2.46407390E-02
  -1.48000050       2.54379082E-02
  -1.46000051       2.00217478E-02
  -1.44000053       3.09653953E-02
  -1.42000055       2.51795333E-02
  -1.40000057       1.80153903E-02
  -1.38000059       2.95462105E-02
  -1.36000061       2.20590029E-02
  -1.34000063       2.19946858E-02
  -1.32000065       2.25482322E-02
  -1.30000067       2.11100858E-02
  -1.28000069       2.50972062E-02
  -1.26000071       1.70488544E-02
  -1.24000072       2.24116258E-02
  -1.22000074       2.26884037E-02
  -1.20000076       1.62844677E-02
  -1.18000078       2.18734015E-02
  -1.16000080       1.79886427E-02
  -1.14000082       1.86433829E-02
  -1.12000084       1.84614323E-02
  -1.10000086       1.60435531E-02
  -1.08000088       1.97529923E-02
  -1.06000090       1.47168674E-02
  -1.04000092       1.67652834E-02
  -1.02000093       1.75240524E-02
  -1.00000095       1.32090431E-02
 -0.980000973       1.68758091E-02
 -0.960000992       1.42218191E-02
 -0.940001011       1.39066456E-02
 -0.920001030       1.47628654E-02
 -0.900001049       1.25843426E-02
 -0.880001068       1.45540843E-02
 -0.860001087       1.19983656E-02
 -0.840001106       1.29784616E-02
 -0.820001125       1.31968139E-02
 -0.800001144       1.05798068E-02
 -0.780001163       1.35483295E-02
 -0.760001183       1.11584039E-02
 -0.740001202       1.06759174E-02
 -0.720001221       1.25649516E-02
 -0.700001240       1.02512548E-02
 -0.680001259       1.12183411E-02
 -0.660001278       1.07929790E-02
 -0.640001297       1.03916964E-02
 -0.620001316       1.09444391E-02
 -0.600001335       1.02277696E-02
 -0.580001354       1.09655550E-02
 -0.560001373       9.44389589E-03
 -0.540001392       1.05573656E-02
 -0.520001411       1.14275524E-02
 -0.500001431       8.88368208E-03
 -0.480001420       1.07089188E-02
 -0.460001409       1.02606928E-02
 -0.440001398       9.59316827E-03
 -0.420001388       1.13255782E-02
 -0.400001377       8.76606908E-03
 -0.380001366       9.15450975E-03
 -0.360001355       1.09929740E-02
 -0.340001345       9.09797940E-03
 -0.320001334       8.60248320E-03
 -0.300001323       8.23940523E-03
 -0.280001312       8.55356269E-03
 -0.260001302       8.84962920E-03
 -0.240001306       6.61447458E-03
 -0.220001310       5.67226578E-03
 -0.200001314       6.51067356E-03
 -0.180001318       6.48944173E-03
 -0.160001323       4.25067591E-03
 -0.140001327       2.64836918E-03
 -0.120001331       3.68555821E-03
 -0.100001335       3.66877113E-03
  -8.00013393E-02   1.77608663E-03
  -6.00013398E-02   5.21465379E-04
  -4.00013402E-02   1.13158172E-03
  -2.00013407E-02   1.55732827E-03
  -1.34110451E-06   5.81255998E-04
   1.99986584E-02   1.58770345E-04
   3.99986580E-02   5.48579555E-04
   5.99986576E-02   1.42857130E-03
   7.99986571E-02   2.64712423E-03
   9.99986529E-02   4.12676530E-03
  0.119998649       5.82289230E-03
  0.139998645       7.96409789E-03
  0.159998640       9.71496757E-03
  0.179998636       1.25978263E-02
  0.199998632       1.43884625E-02
  0.219998628       1.76887978E-02
  0.239998624       2.04358771E-02
  0.259998620       2.28371043E-02
  0.279998630       2.77548209E-02
  0.299998641       2.89977174E-02
  0.319998652       3.51592861E-02
  0.339998662       3.78855877E-02
  0.359998673       4.18114886E-02
  0.379998684       4.86314520E-02
  0.399998695       5.05221076E-02
  0.419998705       5.85672669E-02
  0.439998716       6.33078367E-02
  0.459998727       6.80004433E-02
  0.479998738       7.71183670E-02
  0.499998748       8.15671608E-02
  0.519998729       8.95784125E-02
  0.539998710       9.85082686E-02
  0.559998691      0.104125902    
  0.579998672      0.114381902    
  0.599998653      0.123791881    
  0.619998634      0.131313607    
  0.639998615      0.143413484    
  0.659998596      0.152768105    
  0.679998577      0.162657157    
  0.699998558      0.176155999    
  0.719998538      0.186484069    
  0.739998519      0.198808119    
  0.759998500      0.212488443    
  0.779998481      0.224284485    
  0.799998462      0.239214912    
  0.819998443      0.253152281    
  0.839998424      0.266659707    
  0.859998405      0.282828778    
  0.879998386      0.296890289    
  0.899998367      0.313395828    
  0.919998348      0.329682052    
  0.939998329      0.345299035    
  0.959998310      0.361733884    
  0.979998291      0.377655357    
  0.999998271      0.396358609    
   1.01999831      0.412568301    
   1.03999829      0.427552432    
   1.05999827      0.449310899    
   1.07999825      0.463534772    
   1.09999824      0.477202684    
   1.11999822      0.502556324    
   1.13999820      0.514527380    
   1.15999818      0.527023137    
   1.17999816      0.552181005    
   1.19999814      0.563028514    
   1.21999812      0.575857162    
   1.23999810      0.599046171    
   1.25999808      0.606497586    
   1.27999806      0.622226298    
   1.29999804      0.641057789    
   1.31999803      0.644479156    
   1.33999801      0.664008558    
   1.35999799      0.678119600    
   1.37999797      0.675812125    
   1.39999795      0.698154688    
   1.41999793      0.707174063    
   1.43999791      0.699414849    
   1.45999789      0.725660026    
   1.47999787      0.727558732    
   1.49999785      0.713634133    
   1.51999784      0.742953241    
   1.53999782      0.740083575    
   1.55999780      0.720051527    
   1.57999778      0.750126779    
   1.59999776      0.740026951    
   1.61999774      0.718722641    
   1.63999772      0.750710547    
   1.65999770      0.729441404    
   1.67999768      0.704764843    
   1.69999766      0.740541041    
   1.71999764      0.709869385    
   1.73999763      0.683460534    
   1.75999761      0.721373498    
   1.77999759      0.680494308    
   1.79999757      0.655668259    
   1.81999755      0.696757674    
   1.83999753      0.642821431    
   1.85999751      0.617187023    
   1.87999749      0.662000418    
   1.89999747      0.599425614    
   1.91999745      0.577517927    
   1.93999743      0.619837880    
   1.95999742      0.545288861    
   1.97999740      0.533227563    
   1.99999738      0.578802288    
   2.01999736      0.490445197    
   2.03999734      0.483250707    
   2.05999732      0.530174255    
   2.07999730      0.435594678    
   2.09999728      0.437716514    
   2.11999726      0.478416115    
   2.13999724      0.375813901    
   2.15999722      0.393814296    
   2.17999721      0.431750685    
   2.19999719      0.318293899    
   2.21999717      0.346917182    
   2.23999715      0.381174952    
   2.25999713      0.268153548    
   2.27999711      0.309768617    
   2.29999709      0.328699768    
   2.31999707      0.213786528    
   2.33999705      0.276449323    
   2.35999703      0.286552161    
   2.37999701      0.169480979    
   2.39999700      0.239677638    
   2.41999698      0.235642403    
   2.43999696      0.133676365    
   2.45999694      0.218731731    
   2.47999692      0.191283181    
   2.49999690       9.65628251E-02
   2.51999688      0.195611402    
   2.53999686      0.156413764    
   2.55999684       7.66939744E-02
   2.57999682      0.170272067    
   2.59999681      0.109655164    
   2.61999679       6.14114814E-02
   2.63999677      0.162501484    
   2.65999675       8.17063153E-02
   2.67999673       4.75458354E-02
   2.69999671      0.136851028    
   2.71999669       5.19030280E-02
   2.73999667       5.09950183E-02
   2.75999665      0.120696105    
   2.77999663       2.42945161E-02
   2.79999661       5.41166402E-02
   2.81999660      0.109568298    
   2.83999658       1.29933245E-02
   2.85999656       5.35095185E-02
   2.87999654       7.63687566E-02
   2.89999652       1.42367557E-03
   2.91999650       7.21048787E-02
   2.93999648       6.70411140E-02
   2.95999646       6.13391749E-04
   2.97999644       6.92592189E-02
   2.99999642       4.10577394E-02
   3.01999640       6.59366464E-03
   3.03999639       7.00078830E-02
   3.05999637       2.35916339E-02
   3.07999635       2.45431643E-02
   3.09999633       7.60143548E-02
