  -2.00000000       9.23777092E-03
  -1.98000002       1.65013187E-02
  -1.96000004       4.05217893E-02
  -1.94000006       4.46902625E-02
  -1.92000008       8.29862803E-03
  -1.90000010       2.83678621E-02
  -1.88000011       5.86704761E-02
  -1.86000013       1.95850376E-02
  -1.84000015       1.62299015E-02
  -1.82000017       3.29830535E-02
  -1.80000019       3.81376557E-02
  -1.78000021       2.41114739E-02
  -1.76000023       1.37077374E-02
  -1.74000025       4.66263182E-02
  -1.72000027       3.37517709E-02
  -1.70000029       1.41014457E-02
  -1.68000031       3.17336246E-02
  -1.66000032       3.08180377E-02
  -1.64000034       2.88319532E-02
  -1.62000036       1.85045190E-02
  -1.60000038       2.85322592E-02
  -1.58000040       3.85572873E-02
  -1.56000042       1.69000756E-02
  -1.54000044       2.66693700E-02
  -1.52000046       3.11431009E-02
  -1.50000048       2.32759975E-02
  -1.48000050       2.48206295E-02
  -1.46000051       2.12817788E-02
  -1.44000053       3.11240330E-02
  -1.42000055       2.29281727E-02
  -1.40000057       1.91744212E-02
  -1.38000059       3.04101538E-02
  -1.36000061       2.06730850E-02
  -1.34000063       2.20947284E-02
  -1.32000065       2.28293352E-02
  -1.30000067       2.14166902E-02
  -1.28000069       2.40246486E-02
  -1.26000071       1.69123597E-02
  -1.24000072       2.35642958E-02
  -1.22000074       2.14095768E-02
  -1.20000076       1.63386874E-02
  -1.18000078       2.24660672E-02
  -1.16000080       1.74577963E-02
  -1.14000082       1.86518226E-02
  -1.12000084       1.81376990E-02
  -1.10000086       1.64794046E-02
  -1.08000088       1.92602761E-02
  -1.06000090       1.42502710E-02
  -1.04000092       1.75542571E-02
  -1.02000093       1.66831035E-02
  -1.00000095       1.32212220E-02
 -0.980000973       1.72677506E-02
 -0.960000992       1.36877913E-02
 -0.940001011       1.41056059E-02
 -0.920001030       1.45909255E-02
 -0.900001049       1.26815001E-02
 -0.880001068       1.43023646E-02
 -0.860001087       1.17816413E-02
 -0.840001106       1.34141492E-02
 -0.820001125       1.25190010E-02
 -0.800001144       1.08570065E-02
 -0.780001163       1.37983104E-02
 -0.760001183       1.04742562E-02
 -0.740001202       1.11393696E-02
 -0.720001221       1.24419173E-02
 -0.700001240       9.96673293E-03
 -0.680001259       1.14824595E-02
 -0.660001278       1.06901759E-02
 -0.640001297       1.03504462E-02
 -0.620001316       1.08039035E-02
 -0.600001335       1.04421126E-02
 -0.580001354       1.07713481E-02
 -0.560001373       9.27716680E-03
 -0.540001392       1.10738305E-02
 -0.520001411       1.08343139E-02
 -0.500001431       9.00483411E-03
 -0.480001420       1.11207739E-02
 -0.460001409       9.60836373E-03
 -0.440001398       1.00231310E-02
 -0.420001388       1.13277053E-02
 -0.400001377       8.31235293E-03
 -0.380001366       9.63579491E-03
 -0.360001355       1.07910763E-02
 -0.340001345       8.86735786E-03
 -0.320001334       8.84111598E-03
 -0.300001323       8.05856101E-03
 -0.280001312       8.47919006E-03
 -0.260001302       8.87431204E-03
 -0.240001306       6.46212325E-03
 -0.220001310       5.58698410E-03
 -0.200001314       6.52287249E-03
 -0.180001318       6.35633525E-03
 -0.160001323       4.08806885E-03
 -0.140001327       2.66301259E-03
 -0.120001331       3.59792286E-03
 -0.100001335       3.53832287E-03
  -8.00013393E-02   1.73751626E-03
  -6.00013398E-02   4.62773605E-04
  -4.00013402E-02   1.09703455E-03
  -2.00013407E-02   1.50292646E-03
  -1.34110451E-06   5.57213963E-04
   1.99986584E-02   1.50592256E-04
   3.99986580E-02   5.96927188E-04
   5.99986576E-02   1.36797607E-03
   7.99986571E-02   2.68454710E-03
   9.99986529E-02   4.03376902E-03
  0.119998649       5.79453865E-03
  0.139998645       7.85468332E-03
  0.159998640       9.65180807E-03
  0.179998636       1.23942336E-02
  0.199998632       1.43938437E-02
  0.219998628       1.72870904E-02
  0.239998624       2.04876363E-02
  0.259998620       2.24572271E-02
  0.279998630       2.74453517E-02
  0.299998641       2.90568396E-02
  0.319998652       3.42299864E-02
  0.339998662       3.82044725E-02
  0.359998673       4.09756117E-02
  0.379998684       4.81637828E-02
  0.399998695       5.05894236E-02
  0.419998705       5.71780205E-02
  0.439998716       6.34571463E-02
  0.459998727       6.71997517E-02
  0.479998738       7.59268552E-02
  0.499998748       8.16815794E-02
  0.519998729       8.80460441E-02
  0.539998710       9.77158621E-02
  0.559998691      0.103811115    
  0.579998672      0.112425812    
  0.599998653      0.123196363    
  0.619998634      0.130379021    
  0.639998615      0.141295612    
  0.659998596      0.152296290    
  0.679998577      0.160974726    
  0.699998558      0.174022898    
  0.719998538      0.185773119    
  0.739998519      0.196523219    
  0.759998500      0.210578635    
  0.779998481      0.222972929    
  0.799998462      0.236528203    
  0.819998443      0.251225889    
  0.839998424      0.264831960    
  0.859998405      0.280032724    
  0.879998386      0.294602156    
  0.899998367      0.311132252    
  0.919998348      0.326707721    
  0.939998329      0.342560858    
  0.959998310      0.359669000    
  0.979998291      0.374306560    
  0.999998271      0.392733753    
   1.01999831      0.411032647    
   1.03999829      0.423766196    
   1.05999827      0.444939971    
   1.07999825      0.462639242    
   1.09999824      0.473132610    
   1.11999822      0.497330099    
   1.13999820      0.513906181    
   1.15999818      0.523257256    
   1.17999816      0.546867728    
   1.19999814      0.561678767    
   1.21999812      0.572220504    
   1.23999810      0.594873190    
   1.25999808      0.604233384    
   1.27999806      0.618095517    
   1.29999804      0.638624907    
   1.31999803      0.641580760    
   1.33999801      0.659039974    
   1.35999799      0.677733958    
   1.37999797      0.672793031    
   1.39999795      0.691957831    
   1.41999793      0.708375454    
   1.43999791      0.697458029    
   1.45999789      0.719193161    
   1.47999787      0.729001284    
   1.49999785      0.711568117    
   1.51999784      0.737219989    
   1.53999782      0.742748559    
   1.55999780      0.718322277    
   1.57999778      0.746007204    
   1.59999776      0.743508935    
   1.61999774      0.714670002    
   1.63999772      0.746407688    
   1.65999770      0.735583007    
   1.67999768      0.702257395    
   1.69999766      0.737347424    
   1.71999764      0.716780901    
   1.73999763      0.681613445    
   1.75999761      0.719838500    
   1.77999759      0.686341166    
   1.79999757      0.650866210    
   1.81999755      0.696055353    
   1.83999753      0.650981963    
   1.85999751      0.612819374    
   1.87999749      0.661203861    
   1.89999747      0.607587636    
   1.91999745      0.575803459    
   1.93999743      0.623122036    
   1.95999742      0.553017914    
   1.97999740      0.529838622    
   1.99999738      0.583972335    
   2.01999736      0.500428259    
   2.03999734      0.480810195    
   2.05999732      0.534331560    
   2.07999730      0.443397403    
   2.09999728      0.437092900    
   2.11999726      0.485385209    
   2.13999724      0.382283628    
   2.15999722      0.391752422    
   2.17999721      0.438596278    
   2.19999719      0.325011641    
   2.21999717      0.346452385    
   2.23999715      0.386712104    
   2.25999713      0.271950990    
   2.27999711      0.310098946    
   2.29999709      0.334605247    
   2.31999707      0.216346219    
   2.33999705      0.276704192    
   2.35999703      0.291435122    
   2.37999701      0.172014996    
   2.39999700      0.241607606    
   2.41999698      0.239076778    
   2.43999696      0.135797337    
   2.45999694      0.223528415    
   2.47999692      0.194723070    
   2.49999690       9.77320373E-02
   2.51999688      0.198100775    
   2.53999686      0.156587079    
   2.55999684       7.98614696E-02
   2.57999682      0.175612882    
   2.59999681      0.108747542    
   2.61999679       6.41066432E-02
   2.63999677      0.166279167    
   2.65999675       7.96582624E-02
   2.67999673       5.20656928E-02
   2.69999671      0.139140129    
   2.71999669       4.84599918E-02
   2.73999667       5.75974807E-02
   2.75999665      0.122534171    
   2.77999663       2.12010331E-02
   2.79999661       6.06703460E-02
   2.81999660      0.107685611    
   2.83999658       1.04491236E-02
   2.85999656       6.14312179E-02
   2.87999654       7.31510222E-02
   2.89999652       1.39775791E-03
   2.91999650       7.97250792E-02
   2.93999648       6.15570620E-02
   2.95999646       2.16871011E-03
   2.97999644       7.36229122E-02
   2.99999642       3.36367637E-02
   3.01999640       1.18462760E-02
   3.03999639       7.41850957E-02
   3.05999637       1.85399149E-02
   3.07999635       3.11974380E-02
   3.09999633       7.45761320E-02
