  -2.00000000       2.18461957E-02
  -1.98000002       7.00754151E-02
  -1.96000004       2.70540826E-02
  -1.94000006       9.29035991E-03
  -1.92000008       3.18261124E-02
  -1.90000010       5.08560725E-02
  -1.88000011       2.22240705E-02
  -1.86000013       1.20276036E-02
  -1.84000015       5.96767925E-02
  -1.82000017       3.40939909E-02
  -1.80000019       1.07917190E-02
  -1.78000021       3.22927721E-02
  -1.76000023       3.76820266E-02
  -1.74000025       2.77655330E-02
  -1.72000027       1.20278513E-02
  -1.70000029       4.19763774E-02
  -1.68000031       3.89444679E-02
  -1.66000032       1.19058173E-02
  -1.64000034       3.21903117E-02
  -1.62000036       3.18920612E-02
  -1.60000038       2.50686184E-02
  -1.58000040       1.92711391E-02
  -1.56000042       2.78079826E-02
  -1.54000044       3.64297181E-02
  -1.52000046       1.48984706E-02
  -1.50000048       2.72410456E-02
  -1.48000050       3.13790105E-02
  -1.46000051       1.95574611E-02
  -1.44000053       2.35780235E-02
  -1.42000055       2.21478790E-02
  -1.40000057       2.84072682E-02
  -1.38000059       1.89028047E-02
  -1.36000061       2.04074159E-02
  -1.34000063       2.92287301E-02
  -1.32000065       1.67602878E-02
  -1.30000067       2.16965452E-02
  -1.28000069       2.16758084E-02
  -1.26000071       1.97849050E-02
  -1.24000072       2.03623679E-02
  -1.22000074       1.64513923E-02
  -1.20000076       2.31576413E-02
  -1.18000078       1.63492672E-02
  -1.16000080       1.69815030E-02
  -1.14000082       2.08546128E-02
  -1.12000084       1.44530125E-02
  -1.10000086       1.81179699E-02
  -1.08000088       1.56982988E-02
  -1.06000090       1.61951575E-02
  -1.04000092       1.59795545E-02
  -1.02000093       1.34352269E-02
  -1.00000095       1.72687452E-02
 -0.980000973       1.25088142E-02
 -0.960000992       1.43565824E-02
 -0.940001011       1.50030581E-02
 -0.920001030       1.13539239E-02
 -0.900001049       1.46185933E-02
 -0.880001068       1.20861894E-02
 -0.860001087       1.24392612E-02
 -0.840001106       1.23454146E-02
 -0.820001125       1.13688568E-02
 -0.800001144       1.27601307E-02
 -0.780001163       1.00817988E-02
 -0.760001183       1.23140709E-02
 -0.740001202       1.09722288E-02
 -0.720001221       9.91625618E-03
 -0.700001240       1.26255080E-02
 -0.680001259       9.36210621E-03
 -0.660001278       1.05581507E-02
 -0.640001297       1.12240044E-02
 -0.620001316       9.70323291E-03
 -0.600001335       1.07943555E-02
 -0.580001354       9.86077357E-03
 -0.560001373       1.02695972E-02
 -0.540001392       1.00163175E-02
 -0.520001411       1.05873393E-02
 -0.500001431       1.02348886E-02
 -0.480001420       8.66711512E-03
 -0.460001409       1.13715725E-02
 -0.440001398       9.87099390E-03
 -0.420001388       9.15131904E-03
 -0.400001377       1.03723034E-02
 -0.380001366       8.34135246E-03
 -0.360001355       1.02261724E-02
 -0.340001345       9.65322647E-03
 -0.320001334       6.94693252E-03
 -0.300001323       8.46702326E-03
 -0.280001312       8.35135020E-03
 -0.260001302       7.37556815E-03
 -0.240001306       6.18141051E-03
 -0.220001310       4.98083560E-03
 -0.200001314       6.00214535E-03
 -0.180001318       5.39164245E-03
 -0.160001323       3.14847031E-03
 -0.140001327       2.29889527E-03
 -0.120001331       2.98703113E-03
 -0.100001335       2.76823994E-03
  -8.00013393E-02   1.04034040E-03
  -6.00013398E-02   2.99802137E-04
  -4.00013402E-02   8.18113738E-04
  -2.00013407E-02   9.78041789E-04
  -1.34110451E-06   4.56375041E-04
   1.99986584E-02   3.01918772E-04
   3.99986580E-02   5.66957577E-04
   5.99986576E-02   1.45084597E-03
   7.99986571E-02   2.35729036E-03
   9.99986529E-02   3.82472435E-03
  0.119998649       5.25802141E-03
  0.139998645       7.08733965E-03
  0.159998640       9.02341399E-03
  0.179998636       1.12340618E-02
  0.199998632       1.32372128E-02
  0.219998628       1.62084308E-02
  0.239998624       1.81385428E-02
  0.259998620       2.17810776E-02
  0.279998630       2.43479703E-02
  0.299998641       2.72546131E-02
  0.319998652       3.21576707E-02
  0.339998662       3.36735658E-02
  0.359998673       4.00710404E-02
  0.379998684       4.28804569E-02
  0.399998695       4.70469370E-02
  0.419998705       5.41954078E-02
  0.439998716       5.63355908E-02
  0.459998727       6.42463341E-02
  0.479998738       6.98963180E-02
  0.499998748       7.39951432E-02
  0.519998729       8.38170275E-02
  0.539998710       8.88392329E-02
  0.559998691       9.58512723E-02
  0.579998672      0.106319979    
  0.599998653      0.111412361    
  0.619998634      0.121626392    
  0.639998615      0.132285729    
  0.659998596      0.138776585    
  0.679998577      0.151310638    
  0.699998558      0.161333621    
  0.719998538      0.170452476    
  0.739998519      0.184518337    
  0.759998500      0.195042059    
  0.779998481      0.206822664    
  0.799998462      0.220818743    
  0.819998443      0.232794821    
  0.839998424      0.247274473    
  0.859998405      0.260881335    
  0.879998386      0.275249541    
  0.899998367      0.289810061    
  0.919998348      0.304627776    
  0.939998329      0.321609616    
  0.959998310      0.335134298    
  0.979998291      0.352744937    
  0.999998271      0.368676394    
   1.01999831      0.381500632    
   1.03999829      0.403422743    
   1.05999827      0.417995989    
   1.07999825      0.429927140    
   1.09999824      0.455131173    
   1.11999822      0.466378957    
   1.13999820      0.479376286    
   1.15999818      0.505783081    
   1.17999816      0.514541686    
   1.19999814      0.529722333    
   1.21999812      0.551707983    
   1.23999810      0.559646428    
   1.25999808      0.580021620    
   1.27999806      0.594262362    
   1.29999804      0.600278199    
   1.31999803      0.626919925    
   1.33999801      0.631610870    
   1.35999799      0.637458742    
   1.37999797      0.668018699    
   1.39999795      0.662674308    
   1.41999793      0.670116425    
   1.43999791      0.700836778    
   1.45999789      0.685604274    
   1.47999787      0.697201669    
   1.49999785      0.724592984    
   1.51999784      0.699605882    
   1.53999782      0.718001008    
   1.55999780      0.736923516    
   1.57999778      0.706004381    
   1.59999776      0.733735561    
   1.61999774      0.738038659    
   1.63999772      0.700692058    
   1.65999770      0.739552021    
   1.67999768      0.729449928    
   1.69999766      0.691306710    
   1.71999764      0.736370087    
   1.73999763      0.707338393    
   1.75999761      0.675577700    
   1.77999759      0.725254536    
   1.79999757      0.674364984    
   1.81999755      0.652099550    
   1.83999753      0.702341914    
   1.85999751      0.633589149    
   1.87999749      0.628519952    
   1.89999747      0.668029487    
   1.91999745      0.581884205    
   1.93999743      0.602245212    
   1.95999742      0.630035639    
   1.97999740      0.529211164    
   1.99999738      0.568752527    
   2.01999736      0.577603400    
   2.03999734      0.478761256    
   2.05999732      0.539467812    
   2.07999730      0.515324354    
   2.09999728      0.424365163    
   2.11999726      0.507957101    
   2.13999724      0.453884572    
   2.15999722      0.375515580    
   2.17999721      0.466920257    
   2.19999719      0.385857642    
   2.21999717      0.340301037    
   2.23999715      0.426529199    
   2.25999713      0.312007874    
   2.27999711      0.306525588    
   2.29999709      0.386932552    
   2.31999707      0.252510309    
   2.33999705      0.278577834    
   2.35999703      0.329134107    
   2.37999701      0.196800366    
   2.39999700      0.268115401    
   2.41999698      0.274588287    
   2.43999696      0.145519122    
   2.45999694      0.250918627    
   2.47999692      0.221691966    
   2.49999690      0.118913449    
   2.51999688      0.228373632    
   2.53999686      0.153599352    
   2.55999684      0.106027916    
   2.57999682      0.220038086    
   2.59999681      0.103136905    
   2.61999679       9.55446139E-02
   2.63999677      0.186540306    
   2.65999675       6.31761402E-02
   2.67999673      0.105898485    
   2.69999671      0.145051703    
   2.71999669       2.77266521E-02
   2.73999667      0.122453123    
   2.75999665      0.116723485    
   2.77999663       1.61619429E-02
   2.79999661      0.114626296    
   2.81999660       6.39735013E-02
   2.83999658       2.61194520E-02
   2.85999656      0.120554015    
   2.87999654       2.83206571E-02
   2.89999652       4.11547832E-02
   2.91999650      0.108462878    
   2.93999648       8.84371996E-03
   2.95999646       5.38827293E-02
   2.97999644       6.53282553E-02
   2.99999642       1.29057327E-03
   3.01999640       8.83250535E-02
   3.03999639       5.11861518E-02
   3.05999637       1.02163414E-02
   3.07999635       7.78417736E-02
   3.09999633       1.75307207E-02
