  -2.00000000       2.76470669E-02
  -1.98000002       7.26799518E-02
  -1.96000004       2.25666240E-02
  -1.94000006       1.07655413E-02
  -1.92000008       3.67814489E-02
  -1.90000010       4.78409044E-02
  -1.88000011       1.76054891E-02
  -1.86000013       1.59883816E-02
  -1.84000015       6.23139478E-02
  -1.82000017       2.97207776E-02
  -1.80000019       1.13455020E-02
  -1.78000021       3.69432867E-02
  -1.76000023       3.66240256E-02
  -1.74000025       2.38622557E-02
  -1.72000027       1.39054665E-02
  -1.70000029       4.47059385E-02
  -1.68000031       3.54976580E-02
  -1.66000032       1.15321111E-02
  -1.64000034       3.55589129E-02
  -1.62000036       3.12780999E-02
  -1.60000038       2.29701977E-02
  -1.58000040       2.00198628E-02
  -1.56000042       2.96125505E-02
  -1.54000044       3.41420025E-02
  -1.52000046       1.40124066E-02
  -1.50000048       2.98038628E-02
  -1.48000050       3.04596853E-02
  -1.46000051       1.84202660E-02
  -1.44000053       2.43820958E-02
  -1.42000055       2.28684824E-02
  -1.40000057       2.73234192E-02
  -1.38000059       1.78903230E-02
  -1.36000061       2.21545827E-02
  -1.34000063       2.84933634E-02
  -1.32000065       1.57129392E-02
  -1.30000067       2.28132214E-02
  -1.28000069       2.15359572E-02
  -1.26000071       1.93699114E-02
  -1.24000072       1.99196283E-02
  -1.22000074       1.71280559E-02
  -1.20000076       2.28981823E-02
  -1.18000078       1.53564420E-02
  -1.16000080       1.80316903E-02
  -1.14000082       2.04162467E-02
  -1.12000084       1.40349232E-02
  -1.10000086       1.84924677E-02
  -1.08000088       1.54948644E-02
  -1.06000090       1.62009038E-02
  -1.04000092       1.55157056E-02
  -1.02000093       1.38943475E-02
  -1.00000095       1.69990156E-02
 -0.980000973       1.20392218E-02
 -0.960000992       1.50476610E-02
 -0.940001011       1.43983932E-02
 -0.920001030       1.13795828E-02
 -0.900001049       1.48562565E-02
 -0.880001068       1.17364973E-02
 -0.860001087       1.25444485E-02
 -0.840001106       1.21896667E-02
 -0.820001125       1.15641924E-02
 -0.800001144       1.24108568E-02
 -0.780001163       1.01405764E-02
 -0.760001183       1.25685139E-02
 -0.740001202       1.03497747E-02
 -0.720001221       1.04125831E-02
 -0.700001240       1.25231640E-02
 -0.680001259       8.98053218E-03
 -0.660001278       1.10356119E-02
 -0.640001297       1.09515656E-02
 -0.620001316       9.64557566E-03
 -0.600001335       1.09257763E-02
 -0.580001354       9.81834251E-03
 -0.560001373       1.01646902E-02
 -0.540001392       1.00315381E-02
 -0.520001411       1.07908119E-02
 -0.500001431       9.79549251E-03
 -0.480001420       8.95202346E-03
 -0.460001409       1.14946300E-02
 -0.440001398       9.33163147E-03
 -0.420001388       9.68148280E-03
 -0.400001377       1.01302434E-02
 -0.380001366       8.10289197E-03
 -0.360001355       1.07053947E-02
 -0.340001345       9.17102955E-03
 -0.320001334       6.99299667E-03
 -0.300001323       8.67422670E-03
 -0.280001312       7.99048599E-03
 -0.260001302       7.47889979E-03
 -0.240001306       6.11029658E-03
 -0.220001310       4.83250897E-03
 -0.200001314       6.04022481E-03
 -0.180001318       5.26843546E-03
 -0.160001323       3.03899986E-03
 -0.140001327       2.28376151E-03
 -0.120001331       2.94272206E-03
 -0.100001335       2.64991913E-03
  -8.00013393E-02   1.02014036E-03
  -6.00013398E-02   2.84823473E-04
  -4.00013402E-02   7.56073277E-04
  -2.00013407E-02   9.80892335E-04
  -1.34110451E-06   4.25341481E-04
   1.99986584E-02   3.14939476E-04
   3.99986580E-02   5.91607881E-04
   5.99986576E-02   1.41129130E-03
   7.99986571E-02   2.39024404E-03
   9.99986529E-02   3.72867985E-03
  0.119998649       5.29276207E-03
  0.139998645       6.93631498E-03
  0.159998640       9.03152023E-03
  0.179998636       1.10606058E-02
  0.199998632       1.32153835E-02
  0.219998628       1.59556139E-02
  0.239998624       1.81691051E-02
  0.259998620       2.13575549E-02
  0.279998630       2.44335122E-02
  0.299998641       2.68354788E-02
  0.319998652       3.19003128E-02
  0.339998662       3.37094814E-02
  0.359998673       3.91737334E-02
  0.379998684       4.32297103E-02
  0.399998695       4.62194383E-02
  0.419998705       5.37430830E-02
  0.439998716       5.64700402E-02
  0.459998727       6.28838316E-02
  0.479998738       7.00595081E-02
  0.499998748       7.33404160E-02
  0.519998729       8.25557932E-02
  0.539998710       8.91018063E-02
  0.559998691       9.44532380E-02
  0.579998672      0.105451651    
  0.599998653      0.111368321    
  0.619998634      0.119682066    
  0.639998615      0.131780088    
  0.659998596      0.138108417    
  0.679998577      0.149238080    
  0.699998558      0.161021963    
  0.719998538      0.168975234    
  0.739998519      0.182585806    
  0.759998500      0.194455996    
  0.779998481      0.204867721    
  0.799998462      0.219116226    
  0.819998443      0.231591851    
  0.839998424      0.245123178    
  0.859998405      0.259054780    
  0.879998386      0.273688823    
  0.899998367      0.287637949    
  0.919998348      0.302265018    
  0.939998329      0.319943786    
  0.959998310      0.332804054    
  0.979998291      0.349781424    
  0.999998271      0.367545843    
   1.01999831      0.378627688    
   1.03999829      0.399687767    
   1.05999827      0.417494178    
   1.07999825      0.426532149    
   1.09999824      0.451026529    
   1.11999822      0.466178060    
   1.13999820      0.475645006    
   1.15999818      0.501642287    
   1.17999816      0.513872385    
   1.19999814      0.526164234    
   1.21999812      0.548504829    
   1.23999810      0.557485580    
   1.25999808      0.576565981    
   1.27999806      0.592763603    
   1.29999804      0.596488357    
   1.31999803      0.623566389    
   1.33999801      0.631971121    
   1.35999799      0.632178545    
   1.37999797      0.664555490    
   1.39999795      0.664561689    
   1.41999793      0.664547801    
   1.43999791      0.697835863    
   1.45999789      0.687363625    
   1.47999787      0.691476703    
   1.49999785      0.723199368    
   1.51999784      0.700799227    
   1.53999782      0.712645411    
   1.55999780      0.738008857    
   1.57999778      0.705446541    
   1.59999776      0.727659643    
   1.61999774      0.741920233    
   1.63999772      0.699979842    
   1.65999770      0.733675897    
   1.67999768      0.734444916    
   1.69999766      0.690308571    
   1.71999764      0.732888997    
   1.73999763      0.712629914    
   1.75999761      0.671828747    
   1.77999759      0.723870158    
   1.79999757      0.681380987    
   1.81999755      0.647291124    
   1.83999753      0.701969624    
   1.85999751      0.640145063    
   1.87999749      0.624884307    
   1.89999747      0.671448886    
   1.91999745      0.586542130    
   1.93999743      0.597242057    
   1.95999742      0.636525571    
   1.97999740      0.534510732    
   1.99999738      0.564360321    
   2.01999736      0.583558857    
   2.03999734      0.481736213    
   2.05999732      0.538432717    
   2.07999730      0.523549318    
   2.09999728      0.424391896    
   2.11999726      0.506922305    
   2.13999724      0.462772310    
   2.15999722      0.376341134    
   2.17999721      0.467720270    
   2.19999719      0.391812623    
   2.21999717      0.339931041    
   2.23999715      0.430783689    
   2.25999713      0.317803144    
   2.27999711      0.305215031    
   2.29999709      0.390433460    
   2.31999707      0.256735444    
   2.33999705      0.279416919    
   2.35999703      0.332896084    
   2.37999701      0.198726699    
   2.39999700      0.270449132    
   2.41999698      0.278887242    
   2.43999696      0.146809816    
   2.45999694      0.253114015    
   2.47999692      0.223826572    
   2.49999690      0.121714465    
   2.51999688      0.232303739    
   2.53999686      0.153037235    
   2.55999684      0.108360164    
   2.57999682      0.223977953    
   2.59999681      0.103074566    
   2.61999679       9.98084918E-02
   2.63999677      0.187140971    
   2.65999675       6.15667254E-02
   2.67999673      0.112439238    
   2.69999671      0.144659117    
   2.71999669       2.73405053E-02
   2.73999667      0.128806978    
   2.75999665      0.113726459    
   2.77999663       1.82682537E-02
   2.79999661      0.118954144    
   2.81999660       5.82746752E-02
   2.83999658       3.16548012E-02
   2.85999656      0.123853505    
   2.87999654       2.38251723E-02
   2.89999652       4.81066890E-02
   2.91999650      0.106337994    
   2.93999648       5.80803119E-03
   2.95999646       6.11262806E-02
   2.97999644       6.03667349E-02
   2.99999642       3.62702855E-03
   3.01999640       9.47193876E-02
   3.03999639       4.43963818E-02
   3.05999637       1.44270966E-02
   3.07999635       7.80782774E-02
   3.09999633       1.19577134E-02
