  -2.00000000       3.38964760E-02
  -1.98000002       7.43118748E-02
  -1.96000004       1.81574002E-02
  -1.94000006       1.33820251E-02
  -1.92000008       4.13856432E-02
  -1.90000010       4.40267734E-02
  -1.88000011       1.38722640E-02
  -1.86000013       2.04444975E-02
  -1.84000015       6.35919943E-02
  -1.82000017       2.49986090E-02
  -1.80000019       1.31544285E-02
  -1.78000021       4.15057018E-02
  -1.76000023       3.45285498E-02
  -1.74000025       2.04762910E-02
  -1.72000027       1.66350007E-02
  -1.70000029       4.66217436E-02
  -1.68000031       3.15204896E-02
  -1.66000032       1.20139271E-02
  -1.64000034       3.89888026E-02
  -1.62000036       3.00172009E-02
  -1.60000038       2.11775750E-02
  -1.58000040       2.13055406E-02
  -1.56000042       3.09637263E-02
  -1.54000044       3.15825678E-02
  -1.52000046       1.37533089E-02
  -1.50000048       3.22142281E-02
  -1.48000050       2.90343352E-02
  -1.46000051       1.76788587E-02
  -1.44000053       2.54426282E-02
  -1.42000055       2.31997482E-02
  -1.40000057       2.61299033E-02
  -1.38000059       1.73880979E-02
  -1.36000061       2.37463228E-02
  -1.34000063       2.72814091E-02
  -1.32000065       1.50869554E-02
  -1.30000067       2.40342263E-02
  -1.28000069       2.10281927E-02
  -1.26000071       1.90150272E-02
  -1.24000072       1.97746232E-02
  -1.22000074       1.76982768E-02
  -1.20000076       2.23251637E-02
  -1.18000078       1.47122974E-02
  -1.16000080       1.91003811E-02
  -1.14000082       1.96192469E-02
  -1.12000084       1.38542084E-02
  -1.10000086       1.89474691E-02
  -1.08000088       1.51322400E-02
  -1.06000090       1.61827877E-02
  -1.04000092       1.52366897E-02
  -1.02000093       1.43015990E-02
  -1.00000095       1.65072791E-02
 -0.980000973       1.18561629E-02
 -0.960000992       1.56503953E-02
 -0.940001011       1.36057381E-02
 -0.920001030       1.16513660E-02
 -0.900001049       1.50130382E-02
 -0.880001068       1.13038616E-02
 -0.860001087       1.27353976E-02
 -0.840001106       1.20904706E-02
 -0.820001125       1.16408346E-02
 -0.800001144       1.20693790E-02
 -0.780001163       1.03789084E-02
 -0.760001183       1.25759039E-02
 -0.740001202       9.81493853E-03
 -0.720001221       1.10575240E-02
 -0.700001240       1.21442014E-02
 -0.680001259       8.77107680E-03
 -0.660001278       1.15621863E-02
 -0.640001297       1.05034858E-02
 -0.620001316       9.71100666E-03
 -0.600001335       1.10941781E-02
 -0.580001354       9.66383424E-03
 -0.560001373       1.00929635E-02
 -0.540001392       1.01755438E-02
 -0.520001411       1.08021470E-02
 -0.500001431       9.41653457E-03
 -0.480001420       9.39520728E-03
 -0.460001409       1.13287047E-02
 -0.440001398       8.98776110E-03
 -0.420001388       1.02499351E-02
 -0.400001377       9.63660423E-03
 -0.380001366       8.13013781E-03
 -0.360001355       1.10841729E-02
 -0.340001345       8.57035909E-03
 -0.320001334       7.25152949E-03
 -0.300001323       8.73999111E-03
 -0.280001312       7.61632202E-03
 -0.260001302       7.70223001E-03
 -0.240001306       5.92575548E-03
 -0.220001310       4.71095368E-03
 -0.200001314       6.13893522E-03
 -0.180001318       5.06311329E-03
 -0.160001323       2.96986080E-03
 -0.140001327       2.29443703E-03
 -0.120001331       2.83938088E-03
 -0.100001335       2.58238311E-03
  -8.00013393E-02   9.87335341E-04
  -6.00013398E-02   2.53099046E-04
  -4.00013402E-02   7.26540224E-04
  -2.00013407E-02   9.50943504E-04
  -1.34110451E-06   4.25392733E-04
   1.99986584E-02   3.03285546E-04
   3.99986580E-02   6.42325962E-04
   5.99986576E-02   1.33979134E-03
   7.99986571E-02   2.45623593E-03
   9.99986529E-02   3.60493851E-03
  0.119998649       5.34372451E-03
  0.139998645       6.78912038E-03
  0.159998640       9.01588798E-03
  0.179998636       1.09335091E-02
  0.199998632       1.31314481E-02
  0.219998628       1.57875866E-02
  0.239998624       1.80963874E-02
  0.259998620       2.10717041E-02
  0.279998630       2.43540388E-02
  0.299998641       2.66030170E-02
  0.319998652       3.14921029E-02
  0.339998662       3.38049009E-02
  0.359998673       3.83844227E-02
  0.379998684       4.33009490E-02
  0.399998695       4.57796939E-02
  0.419998705       5.29678576E-02
  0.439998716       5.67009225E-02
  0.459998727       6.17585629E-02
  0.479998738       6.97425231E-02
  0.499998748       7.31817484E-02
  0.519998729       8.10983926E-02
  0.539998710       8.91259015E-02
  0.559998691       9.36379135E-02
  0.579998672      0.104019508    
  0.599998653      0.111519106    
  0.619998634      0.118097261    
  0.639998615      0.130604103    
  0.659998596      0.137990355    
  0.679998577      0.147145614    
  0.699998558      0.160213321    
  0.719998538      0.168187246    
  0.739998519      0.180321410    
  0.759998500      0.193639576    
  0.779998481      0.203521445    
  0.799998462      0.216973096    
  0.819998443      0.230358765    
  0.839998424      0.243455589    
  0.859998405      0.256799966    
  0.879998386      0.272101015    
  0.899998367      0.285984069    
  0.919998348      0.299491078    
  0.939998329      0.318122774    
  0.959998310      0.331186414    
  0.979998291      0.346290886    
  0.999998271      0.366114169    
   1.01999831      0.376803488    
   1.03999829      0.395267606    
   1.05999827      0.416505665    
   1.07999825      0.424435377    
   1.09999824      0.446204782    
   1.11999822      0.465359360    
   1.13999820      0.473196834    
   1.15999818      0.497024804    
   1.17999816      0.512523651    
   1.19999814      0.523396730    
   1.21999812      0.545386195    
   1.23999810      0.554905832    
   1.25999808      0.572895348    
   1.27999806      0.591855049    
   1.29999804      0.593024075    
   1.31999803      0.618927300    
   1.33999801      0.632888973    
   1.35999799      0.628118038    
   1.37999797      0.659415662    
   1.39999795      0.666553020    
   1.41999793      0.660481513    
   1.43999791      0.693502367    
   1.45999789      0.688911438    
   1.47999787      0.686700702    
   1.49999785      0.721319318    
   1.51999784      0.702285647    
   1.53999782      0.706888616    
   1.55999780      0.738589227    
   1.57999778      0.706326127    
   1.59999776      0.720685601    
   1.61999774      0.744660854    
   1.63999772      0.701190293    
   1.65999770      0.727607965    
   1.67999768      0.738273323    
   1.69999766      0.689915717    
   1.71999764      0.728971064    
   1.73999763      0.718260229    
   1.75999761      0.668510199    
   1.77999759      0.720742643    
   1.79999757      0.689030766    
   1.81999755      0.644002080    
   1.83999753      0.700421572    
   1.85999751      0.646512091    
   1.87999749      0.621641576    
   1.89999747      0.674805582    
   1.91999745      0.592291892    
   1.93999743      0.591552258    
   1.95999742      0.641656756    
   1.97999740      0.541018188    
   1.99999738      0.560447633    
   2.01999736      0.588809609    
   2.03999734      0.484532058    
   2.05999732      0.536824286    
   2.07999730      0.532255888    
   2.09999728      0.425313264    
   2.11999726      0.504907250    
   2.13999724      0.470975667    
   2.15999722      0.377592504    
   2.17999721      0.468825847    
   2.19999719      0.398138255    
   2.21999717      0.339276433    
   2.23999715      0.434431046    
   2.25999713      0.323876381    
   2.27999711      0.304303706    
   2.29999709      0.394044816    
   2.31999707      0.261001408    
   2.33999705      0.280076951    
   2.35999703      0.336474299    
   2.37999701      0.200618595    
   2.39999700      0.272937417    
   2.41999698      0.283510566    
   2.43999696      0.148153752    
   2.45999694      0.254902571    
   2.47999692      0.225517422    
   2.49999690      0.124656416    
   2.51999688      0.236834630    
   2.53999686      0.152818322    
   2.55999684      0.110540085    
   2.57999682      0.227323264    
   2.59999681      0.102808766    
   2.61999679      0.104396559    
   2.63999677      0.187821299    
   2.65999675       6.02278858E-02
   2.67999673      0.119110480    
   2.69999671      0.143979445    
   2.71999669       2.72053611E-02
   2.73999667      0.134818718    
   2.75999665      0.110264897    
   2.77999663       2.10395213E-02
   2.79999661      0.123232432    
   2.81999660       5.27875647E-02
   2.83999658       3.76860835E-02
   2.85999656      0.126141593    
   2.87999654       1.95404980E-02
   2.89999652       5.53627610E-02
   2.91999650      0.103329085    
   2.93999648       3.67684988E-03
   2.95999646       6.84474632E-02
   2.97999644       5.51264696E-02
   2.99999642       7.04395119E-03
   3.01999640       9.98320878E-02
   3.03999639       3.73006538E-02
   3.05999637       1.95697583E-02
   3.07999635       7.71445706E-02
   3.09999633       7.27383513E-03
