  -2.00000000       5.34394868E-02
  -1.98000002       7.20688850E-02
  -1.96000004       6.48524100E-03
  -1.94000006       2.76339315E-02
  -1.92000008       5.22854030E-02
  -1.90000010       2.98942477E-02
  -1.88000011       8.89621302E-03
  -1.86000013       3.44386026E-02
  -1.84000015       5.98700009E-02
  -1.82000017       1.21424105E-02
  -1.80000019       2.46720128E-02
  -1.78000021       5.09252325E-02
  -1.76000023       2.39178818E-02
  -1.74000025       1.65628325E-02
  -1.72000027       2.75319442E-02
  -1.70000029       4.52612191E-02
  -1.68000031       1.88979618E-02
  -1.66000032       1.93347223E-02
  -1.64000034       4.69841994E-02
  -1.62000036       2.22828500E-02
  -1.60000038       1.94783825E-02
  -1.58000040       2.77903434E-02
  -1.56000042       3.12869139E-02
  -1.54000044       2.32374351E-02
  -1.52000046       1.67687144E-02
  -1.50000048       3.77145447E-02
  -1.48000050       2.26150863E-02
  -1.46000051       1.80731900E-02
  -1.44000053       2.90955286E-02
  -1.42000055       2.22933535E-02
  -1.40000057       2.28931867E-02
  -1.38000059       1.79802775E-02
  -1.36000061       2.69604921E-02
  -1.34000063       2.24996042E-02
  -1.32000065       1.56216417E-02
  -1.30000067       2.67421305E-02
  -1.28000069       1.83132589E-02
  -1.26000071       1.91737581E-02
  -1.24000072       1.97742637E-02
  -1.22000074       1.84509959E-02
  -1.20000076       2.03432739E-02
  -1.18000078       1.44789768E-02
  -1.16000080       2.10481845E-02
  -1.14000082       1.65398847E-02
  -1.12000084       1.50230872E-02
  -1.10000086       1.92600321E-02
  -1.08000088       1.36865452E-02
  -1.06000090       1.68761760E-02
  -1.04000092       1.45253977E-02
  -1.02000093       1.48354918E-02
  -1.00000095       1.51324086E-02
 -0.980000973       1.24349156E-02
 -0.960000992       1.59439910E-02
 -0.940001011       1.16079571E-02
 -0.920001030       1.35068595E-02
 -0.900001049       1.39591172E-02
 -0.880001068       1.06217796E-02
 -0.860001087       1.38093578E-02
 -0.840001106       1.11514293E-02
 -0.820001125       1.18003394E-02
 -0.800001144       1.17163006E-02
 -0.780001163       1.09182205E-02
 -0.760001183       1.16877900E-02
 -0.740001202       9.62701719E-03
 -0.720001221       1.23005398E-02
 -0.700001240       1.01386514E-02
 -0.680001259       9.81779397E-03
 -0.660001278       1.19691109E-02
 -0.640001297       8.93477630E-03
 -0.620001316       1.10807233E-02
 -0.600001335       1.06461141E-02
 -0.580001354       9.14630946E-03
 -0.560001373       1.06401583E-02
 -0.540001392       1.01944394E-02
 -0.520001411       1.03085861E-02
 -0.500001431       9.32567846E-03
 -0.480001420       1.02215558E-02
 -0.460001409       1.00880954E-02
 -0.440001398       9.51772742E-03
 -0.420001388       1.06785800E-02
 -0.400001377       8.07452481E-03
 -0.380001366       9.54775885E-03
 -0.360001355       1.05212862E-02
 -0.340001345       7.60255894E-03
 -0.320001334       8.43801349E-03
 -0.300001323       7.69283902E-03
 -0.280001312       7.59950746E-03
 -0.260001302       8.00953340E-03
 -0.240001306       4.92988154E-03
 -0.220001310       5.08000283E-03
 -0.200001314       5.93803450E-03
 -0.180001318       4.46720421E-03
 -0.160001323       3.06396093E-03
 -0.140001327       2.03872914E-03
 -0.120001331       2.61249719E-03
 -0.100001335       2.49933894E-03
  -8.00013393E-02   7.48861115E-04
  -6.00013398E-02   2.12433879E-04
  -4.00013402E-02   7.10220542E-04
  -2.00013407E-02   7.66161189E-04
  -1.34110451E-06   4.76782327E-04
   1.99986584E-02   3.06199683E-04
   3.99986580E-02   6.74274052E-04
   5.99986576E-02   1.32077176E-03
   7.99986571E-02   2.36854493E-03
   9.99986529E-02   3.60731827E-03
  0.119998649       5.05117700E-03
  0.139998645       6.83627697E-03
  0.159998640       8.51587392E-03
  0.179998636       1.09064449E-02
  0.199998632       1.27029559E-02
  0.219998628       1.53111713E-02
  0.239998624       1.79895572E-02
  0.259998620       2.01135073E-02
  0.279998630       2.41674874E-02
  0.299998641       2.59736814E-02
  0.319998652       3.02718971E-02
  0.339998662       3.39225046E-02
  0.359998673       3.65553796E-02
  0.379998684       4.27966490E-02
  0.399998695       4.50890921E-02
  0.419998705       5.06948717E-02
  0.439998716       5.65449782E-02
  0.459998727       5.98492883E-02
  0.479998738       6.76212460E-02
  0.499998748       7.28033036E-02
  0.519998729       7.81878754E-02
  0.539998710       8.69968608E-02
  0.559998691       9.28466767E-02
  0.579998672      0.100001261    
  0.599998653      0.109801792    
  0.619998634      0.116276093    
  0.639998615      0.125609145    
  0.659998596      0.136591956    
  0.679998577      0.143892139    
  0.699998558      0.155187249    
  0.719998538      0.166230813    
  0.739998519      0.175803140    
  0.759998500      0.188407779    
  0.779998481      0.200511739    
  0.799998462      0.212277964    
  0.819998443      0.224215239    
  0.839998424      0.239390269    
  0.859998405      0.251914948    
  0.879998386      0.264549732    
  0.899998367      0.282042176    
  0.919998348      0.293755412    
  0.939998329      0.308818191    
  0.959998310      0.327919573    
  0.979998291      0.338757128    
  0.999998271      0.356726766    
   1.01999831      0.374089032    
   1.03999829      0.385038704    
   1.05999827      0.407550484    
   1.07999825      0.421324313    
   1.09999824      0.434613258    
   1.11999822      0.457701236    
   1.13999820      0.467994481    
   1.15999818      0.485536039    
   1.17999816      0.506156147    
   1.19999814      0.514510453    
   1.21999812      0.536942124    
   1.23999810      0.549845874    
   1.25999808      0.558502495    
   1.27999806      0.587087452    
   1.29999804      0.590175629    
   1.31999803      0.600631595    
   1.33999801      0.630228221    
   1.35999799      0.625514328    
   1.37999797      0.641515732    
   1.39999795      0.666360915    
   1.41999793      0.654283047    
   1.43999791      0.678941905    
   1.45999789      0.692736030    
   1.47999787      0.674653292    
   1.49999785      0.710934639    
   1.51999784      0.711665154    
   1.53999782      0.690448523    
   1.55999780      0.730714321    
   1.57999778      0.716442227    
   1.59999776      0.703379869    
   1.61999774      0.743811607    
   1.63999772      0.709340572    
   1.65999770      0.710932493    
   1.67999768      0.746325076    
   1.69999766      0.692096770    
   1.71999764      0.710584581    
   1.73999763      0.734998405    
   1.75999761      0.668403804    
   1.77999759      0.703598082    
   1.79999757      0.708248496    
   1.81999755      0.642324328    
   1.83999753      0.694357395    
   1.85999751      0.666285872    
   1.87999749      0.610883474    
   1.89999747      0.678921700    
   1.91999745      0.617363214    
   1.93999743      0.576698244    
   1.95999742      0.647033811    
   1.97999740      0.561339855    
   1.99999738      0.551046968    
   2.01999736      0.604381919    
   2.03999734      0.494859219    
   2.05999732      0.525631487    
   2.07999730      0.555660248    
   2.09999728      0.434059709    
   2.11999726      0.497738421    
   2.13999724      0.492786288    
   2.15999722      0.380864710    
   2.17999721      0.470268279    
   2.19999719      0.419275373    
   2.21999717      0.338707089    
   2.23999715      0.443202138    
   2.25999713      0.342110604    
   2.27999711      0.301291168    
   2.29999709      0.404551923    
   2.31999707      0.275682181    
   2.33999705      0.283440500    
   2.35999703      0.346935153    
   2.37999701      0.204434842    
   2.39999700      0.279023468    
   2.41999698      0.298876584    
   2.43999696      0.154548436    
   2.45999694      0.260090023    
   2.47999692      0.227935269    
   2.49999690      0.132136062    
   2.51999688      0.251914263    
   2.53999686      0.154220536    
   2.55999684      0.118089125    
   2.57999682      0.235768884    
   2.59999681      0.101190113    
   2.61999679      0.118508838    
   2.63999677      0.188298181    
   2.65999675       5.74029647E-02
   2.67999673      0.141102925    
   2.69999671      0.142076403    
   2.71999669       2.88355965E-02
   2.73999667      0.149446651    
   2.75999665       9.65218246E-02
   2.77999663       3.31026092E-02
   2.79999661      0.135199487    
   2.81999660       3.80126648E-02
   2.83999658       5.88759631E-02
   2.85999656      0.128265455    
   2.87999654       9.40633845E-03
   2.89999652       7.66278952E-02
   2.91999650       8.81146267E-02
   2.93999648       3.58088012E-03
   2.95999646       9.01545510E-02
   2.97999644       3.85224298E-02
   2.99999642       2.28885431E-02
   3.01999640      0.107560642    
   3.03999639       1.74819157E-02
   3.05999637       3.83678302E-02
   3.07999635       6.64915368E-02
   3.09999633       8.06878495E-04
