  -2.00000000       6.65685162E-02
  -1.98000002       5.99826090E-02
  -1.96000004       1.09395920E-03
  -1.94000006       4.65401001E-02
  -1.92000008       5.54621331E-02
  -1.90000010       1.63038392E-02
  -1.88000011       1.32437507E-02
  -1.86000013       4.51998971E-02
  -1.84000015       4.90947776E-02
  -1.82000017       5.51519683E-03
  -1.80000019       3.89916226E-02
  -1.78000021       5.18595427E-02
  -1.76000023       1.41680976E-02
  -1.74000025       2.16988809E-02
  -1.72000027       3.51844095E-02
  -1.70000029       3.66182029E-02
  -1.68000031       1.25298118E-02
  -1.66000032       3.01367231E-02
  -1.64000034       4.62897159E-02
  -1.62000036       1.39811058E-02
  -1.60000038       2.52124202E-02
  -1.58000040       3.27598825E-02
  -1.56000042       2.59131845E-02
  -1.54000044       1.88308693E-02
  -1.52000046       2.34787557E-02
  -1.50000048       3.73660848E-02
  -1.48000050       1.57337170E-02
  -1.46000051       2.29956377E-02
  -1.44000053       3.13721597E-02
  -1.42000055       1.89239457E-02
  -1.40000057       2.16800906E-02
  -1.38000059       2.06337534E-02
  -1.36000061       2.71234401E-02
  -1.34000063       1.78641751E-02
  -1.32000065       1.87517889E-02
  -1.30000067       2.75003649E-02
  -1.28000069       1.54663501E-02
  -1.26000071       2.04158165E-02
  -1.24000072       1.97485983E-02
  -1.22000074       1.85462702E-02
  -1.20000076       1.85407512E-02
  -1.18000078       1.54243782E-02
  -1.16000080       2.15182174E-02
  -1.14000082       1.42287053E-02
  -1.12000084       1.68184694E-02
  -1.10000086       1.82506181E-02
  -1.08000088       1.33295422E-02
  -1.06000090       1.73021797E-02
  -1.04000092       1.35913156E-02
  -1.02000093       1.55113665E-02
  -1.00000095       1.40280677E-02
 -0.980000973       1.31115261E-02
 -0.960000992       1.53858531E-02
 -0.940001011       1.10770166E-02
 -0.920001030       1.45477187E-02
 -0.900001049       1.22935623E-02
 -0.880001068       1.15276380E-02
 -0.860001087       1.36166681E-02
 -0.840001106       1.02872644E-02
 -0.820001125       1.26412669E-02
 -0.800001144       1.10346079E-02
 -0.780001163       1.11510688E-02
 -0.760001183       1.12015922E-02
 -0.740001202       1.00517385E-02
 -0.720001221       1.20826429E-02
 -0.700001240       9.31830704E-03
 -0.680001259       1.11129275E-02
 -0.660001278       1.07156159E-02
 -0.640001297       9.13738180E-03
 -0.620001316       1.18473042E-02
 -0.600001335       9.35414620E-03
 -0.580001354       9.90049355E-03
 -0.560001373       1.06094172E-02
 -0.540001392       9.85329226E-03
 -0.520001411       1.04117813E-02
 -0.500001431       9.33152344E-03
 -0.480001420       1.02505591E-02
 -0.460001409       9.60160606E-03
 -0.440001398       1.02509558E-02
 -0.420001388       9.91215184E-03
 -0.400001377       7.93958176E-03
 -0.380001366       1.03874328E-02
 -0.360001355       9.23965126E-03
 -0.340001345       8.16178229E-03
 -0.320001334       8.35368689E-03
 -0.300001323       6.90025417E-03
 -0.280001312       8.36142711E-03
 -0.260001302       7.13520683E-03
 -0.240001306       4.80568502E-03
 -0.220001310       5.35754347E-03
 -0.200001314       5.20405406E-03
 -0.180001318       4.62437421E-03
 -0.160001323       2.73099937E-03
 -0.140001327       1.80139719E-03
 -0.120001331       2.72008497E-03
 -0.100001335       2.08805478E-03
  -8.00013393E-02   7.21330638E-04
  -6.00013398E-02   2.07004647E-04
  -4.00013402E-02   5.66867879E-04
  -2.00013407E-02   7.51663232E-04
  -1.34110451E-06   4.40751086E-04
   1.99986584E-02   3.50798655E-04
   3.99986580E-02   6.79464894E-04
   5.99986576E-02   1.31635263E-03
   7.99986571E-02   2.31024204E-03
   9.99986529E-02   3.52936424E-03
  0.119998649       4.97651333E-03
  0.139998645       6.57037832E-03
  0.159998640       8.53775814E-03
  0.179998636       1.03151780E-02
  0.199998632       1.28982933E-02
  0.219998628       1.45094059E-02
  0.239998624       1.79268289E-02
  0.259998620       1.97370239E-02
  0.279998630       2.31111161E-02
  0.299998641       2.65115499E-02
  0.319998652       2.83736996E-02
  0.339998662       3.42544504E-02
  0.359998673       3.55331004E-02
  0.379998684       4.12401184E-02
  0.399998695       4.56495956E-02
  0.419998705       4.81354520E-02
  0.439998716       5.62464669E-02
  0.459998727       5.88862412E-02
  0.479998738       6.51597604E-02
  0.499998748       7.25923032E-02
  0.519998729       7.60646835E-02
  0.539998710       8.48300979E-02
  0.559998691       9.18803364E-02
  0.579998672       9.73893851E-02
  0.599998653      0.107523933    
  0.619998634      0.114640057    
  0.639998615      0.122438565    
  0.659998596      0.133918777    
  0.679998577      0.141538590    
  0.699998558      0.151833609    
  0.719998538      0.162959173    
  0.739998519      0.172517076    
  0.759998500      0.184980974    
  0.779998481      0.195968360    
  0.799998462      0.208769709    
  0.819998443      0.220783785    
  0.839998424      0.232959524    
  0.859998405      0.248692855    
  0.879998386      0.260230243    
  0.899998367      0.274585038    
  0.919998348      0.291049123    
  0.939998329      0.302526951    
  0.959998310      0.320509642    
  0.979998291      0.335455149    
  0.999998271      0.349094421    
   1.01999831      0.368114263    
   1.03999829      0.379651725    
   1.05999827      0.398935914    
   1.07999825      0.416710824    
   1.09999824      0.426635176    
   1.11999822      0.450069606    
   1.13999820      0.463790953    
   1.15999818      0.474654883    
   1.17999816      0.500880301    
   1.19999814      0.509167850    
   1.21999812      0.524432003    
   1.23999810      0.547758043    
   1.25999808      0.550858676    
   1.27999806      0.574272573    
   1.29999804      0.590202808    
   1.31999803      0.590529799    
   1.33999801      0.620104730    
   1.35999799      0.625667453    
   1.37999797      0.628418922    
   1.39999795      0.661853313    
   1.41999793      0.652666807    
   1.43999791      0.662209868    
   1.45999789      0.695962846    
   1.47999787      0.672909081    
   1.49999785      0.691213429    
   1.51999784      0.717771113    
   1.53999782      0.687697649    
   1.55999780      0.715361953    
   1.57999778      0.723554850    
   1.59999776      0.695155978    
   1.61999774      0.737885475    
   1.63999772      0.719705105    
   1.65999770      0.694177985    
   1.67999768      0.745993912    
   1.69999766      0.705233335    
   1.71999764      0.691539049    
   1.73999763      0.739202917    
   1.75999761      0.679338813    
   1.77999759      0.689423084    
   1.79999757      0.720246851    
   1.81999755      0.644513011    
   1.83999753      0.683633626    
   1.85999751      0.687515140    
   1.87999749      0.606837332    
   1.89999747      0.669752181    
   1.91999745      0.639917254    
   1.93999743      0.570790648    
   1.95999742      0.646394193    
   1.97999740      0.579462767    
   1.99999738      0.540307641    
   2.01999736      0.614148200    
   2.03999734      0.511246383    
   2.05999732      0.513947487    
   2.07999730      0.570070803    
   2.09999728      0.444154769    
   2.11999726      0.489905119    
   2.13999724      0.512344301    
   2.15999722      0.386685133    
   2.17999721      0.467448980    
   2.19999719      0.435891896    
   2.21999717      0.338436931    
   2.23999715      0.450747490    
   2.25999713      0.361760855    
   2.27999711      0.298402995    
   2.29999709      0.409192204    
   2.31999707      0.287237495    
   2.33999705      0.289228529    
   2.35999703      0.360887647    
   2.37999701      0.208490297    
   2.39999700      0.280125350    
   2.41999698      0.309448570    
   2.43999696      0.161889061    
   2.45999694      0.268177360    
   2.47999692      0.230819643    
   2.49999690      0.137209818    
   2.51999688      0.263803452    
   2.53999686      0.155191451    
   2.55999684      0.126060039    
   2.57999682      0.243317306    
   2.59999681      0.100812301    
   2.61999679      0.132183731    
   2.63999677      0.186240181    
   2.65999675       5.51969409E-02
   2.67999673      0.161001116    
   2.69999671      0.139650241    
   2.71999669       3.39281261E-02
   2.73999667      0.160231933    
   2.75999665       8.27859864E-02
   2.77999663       4.75664660E-02
   2.79999661      0.141460657    
   2.81999660       2.65250560E-02
   2.83999658       8.13160390E-02
   2.85999656      0.125416189    
   2.87999654       5.23223309E-03
   2.89999652       9.34193134E-02
   2.91999650       6.95329309E-02
   2.93999648       1.22139435E-02
   2.95999646      0.104769602    
   2.97999644       2.30243541E-02
   2.99999642       4.31538932E-02
   3.01999640      0.105392180    
   3.03999639       4.95240185E-03
   3.05999637       5.63502535E-02
   3.07999635       5.05022518E-02
   3.09999633       6.79382030E-03
