  -2.00000000       5.86452223E-02
  -1.98000002       8.21484532E-03
  -1.96000004       2.87562478E-02
  -1.94000006       8.41911137E-02
  -1.92000008       2.18034722E-02
  -1.90000010       1.57809034E-02
  -1.88000011       5.93824759E-02
  -1.86000013       3.41754369E-02
  -1.84000015       9.94988624E-03
  -1.82000017       2.86101773E-02
  -1.80000019       5.99627197E-02
  -1.78000021       1.65708102E-02
  -1.76000023       2.08169594E-02
  -1.74000025       5.63951284E-02
  -1.72000027       2.18117200E-02
  -1.70000029       1.63860433E-02
  -1.68000031       3.14106122E-02
  -1.66000032       3.91369462E-02
  -1.64000034       1.57109518E-02
  -1.62000036       2.25073118E-02
  -1.60000038       4.78560999E-02
  -1.58000040       1.62217431E-02
  -1.56000042       2.11269986E-02
  -1.54000044       3.26232463E-02
  -1.52000046       2.49482915E-02
  -1.50000048       1.81275792E-02
  -1.48000050       2.16168202E-02
  -1.46000051       3.58075351E-02
  -1.44000053       1.47673888E-02
  -1.42000055       2.18544081E-02
  -1.40000057       3.01133227E-02
  -1.38000059       1.68883037E-02
  -1.36000061       2.05239411E-02
  -1.34000063       1.99298095E-02
  -1.32000065       2.47384366E-02
  -1.30000067       1.54164303E-02
  -1.28000069       1.92793570E-02
  -1.26000071       2.47606095E-02
  -1.24000072       1.31697478E-02
  -1.22000074       2.04017367E-02
  -1.20000076       1.76108945E-02
  -1.18000078       1.71007644E-02
  -1.16000080       1.63996611E-02
  -1.14000082       1.54348752E-02
  -1.12000084       1.90323815E-02
  -1.10000086       1.20538529E-02
  -1.08000088       1.76552385E-02
  -1.06000090       1.48277683E-02
  -1.04000092       1.29086282E-02
  -1.02000093       1.61236115E-02
  -1.00000095       1.19262151E-02
 -0.980000973       1.48497904E-02
 -0.960000992       1.19481962E-02
 -0.940001011       1.33544896E-02
 -0.920001030       1.27447350E-02
 -0.900001049       1.11008072E-02
 -0.880001068       1.39517039E-02
 -0.860001087       9.71202925E-03
 -0.840001106       1.27185248E-02
 -0.820001125       1.14704883E-02
 -0.800001144       1.00251632E-02
 -0.780001163       1.22639863E-02
 -0.760001183       9.65016987E-03
 -0.740001202       1.12854550E-02
 -0.720001221       1.00741964E-02
 -0.700001240       1.08338138E-02
 -0.680001259       1.00718495E-02
 -0.660001278       9.49808024E-03
 -0.640001297       1.18861590E-02
 -0.620001316       8.67335498E-03
 -0.600001335       1.07722329E-02
 -0.580001354       1.03399400E-02
 -0.560001373       8.89026001E-03
 -0.540001392       1.14627192E-02
 -0.520001411       9.33008548E-03
 -0.500001431       9.53141600E-03
 -0.480001420       9.88286175E-03
 -0.460001409       1.00075239E-02
 -0.440001398       9.80762765E-03
 -0.420001388       8.77295993E-03
 -0.400001377       9.54386778E-03
 -0.380001366       8.40078387E-03
 -0.360001355       9.65963490E-03
 -0.340001345       8.24159943E-03
 -0.320001334       6.34206319E-03
 -0.300001323       8.39681458E-03
 -0.280001312       6.87641231E-03
 -0.260001302       6.25550142E-03
 -0.240001306       5.16852923E-03
 -0.220001310       3.89885274E-03
 -0.200001314       5.42410323E-03
 -0.180001318       3.61367292E-03
 -0.160001323       1.90228433E-03
 -0.140001327       1.99269969E-03
 -0.120001331       1.86533283E-03
 -0.100001335       1.74407440E-03
  -8.00013393E-02   4.03237005E-04
  -6.00013398E-02   6.32149022E-05
  -4.00013402E-02   4.87974408E-04
  -2.00013407E-02   4.60131909E-04
  -1.34110451E-06   5.52953454E-04
   1.99986584E-02   4.05036844E-04
   3.99986580E-02   7.31049862E-04
   5.99986576E-02   1.24075450E-03
   7.99986571E-02   2.22062180E-03
   9.99986529E-02   3.21895769E-03
  0.119998649       4.73186979E-03
  0.139998645       6.07591681E-03
  0.159998640       7.92714953E-03
  0.179998636       9.76769999E-03
  0.199998632       1.17159933E-02
  0.219998628       1.41738281E-02
  0.239998624       1.60662737E-02
  0.259998620       1.90447848E-02
  0.279998630       2.15768069E-02
  0.299998641       2.41553877E-02
  0.319998652       2.81916447E-02
  0.339998662       3.01153958E-02
  0.359998673       3.49273905E-02
  0.379998684       3.83482762E-02
  0.399998695       4.15496901E-02
  0.419998705       4.77327704E-02
  0.439998716       5.03305383E-02
  0.459998727       5.61939515E-02
  0.479998738       6.22653849E-02
  0.499998748       6.58200979E-02
  0.519998729       7.34729394E-02
  0.539998710       7.94891492E-02
  0.559998691       8.43697265E-02
  0.579998672       9.38686356E-02
  0.599998653      0.100054331    
  0.619998634      0.106572010    
  0.639998615      0.117568642    
  0.659998596      0.123683780    
  0.679998577      0.133158267    
  0.699998558      0.144518703    
  0.719998538      0.151724920    
  0.739998519      0.162977710    
  0.759998500      0.174121916    
  0.779998481      0.184636950    
  0.799998462      0.195744932    
  0.819998443      0.209075242    
  0.839998424      0.220881179    
  0.859998405      0.231135115    
  0.879998386      0.248559475    
  0.899998367      0.259523660    
  0.919998348      0.271738350    
  0.939998329      0.290858656    
  0.959998310      0.300094634    
  0.979998291      0.316773027    
  0.999998271      0.334985584    
   1.01999831      0.344127476    
   1.03999829      0.364968181    
   1.05999827      0.378221065    
   1.07999825      0.391144842    
   1.09999824      0.414036453    
   1.11999822      0.422816932    
   1.13999820      0.442303032    
   1.15999818      0.459748149    
   1.17999816      0.468577027    
   1.19999814      0.494263142    
   1.21999812      0.502240837    
   1.23999810      0.516380608    
   1.25999808      0.543518364    
   1.27999806      0.540962219    
   1.29999804      0.564350069    
   1.31999803      0.587001622    
   1.33999801      0.578518033    
   1.35999799      0.610984921    
   1.37999797      0.619781375    
   1.39999795      0.616310179    
   1.41999793      0.654333293    
   1.43999791      0.643261135    
   1.45999789      0.651869357    
   1.47999787      0.688148916    
   1.49999785      0.660592079    
   1.51999784      0.685451567    
   1.53999782      0.707121253    
   1.55999780      0.674533963    
   1.57999778      0.715933859    
   1.59999776      0.707661927    
   1.61999774      0.683966279    
   1.63999772      0.738466918    
   1.65999770      0.699529231    
   1.67999768      0.694803655    
   1.69999766      0.743428767    
   1.71999764      0.680957317    
   1.73999763      0.705721200    
   1.75999761      0.727139056    
   1.77999759      0.657415807    
   1.79999757      0.714232445    
   1.81999755      0.691190362    
   1.83999753      0.635315001    
   1.85999751      0.712689877    
   1.87999749      0.644203722    
   1.89999747      0.620259941    
   1.91999745      0.688744962    
   1.93999743      0.589206219    
   1.95999742      0.615995407    
   1.97999740      0.642801940    
   1.99999738      0.530561507    
   2.01999736      0.610737681    
   2.03999734      0.582020521    
   2.05999732      0.487031281    
   2.07999730      0.589924693    
   2.09999728      0.502631307    
   2.11999726      0.464520276    
   2.13999724      0.553568423    
   2.15999722      0.417550802    
   2.17999721      0.455991298    
   2.19999719      0.498072535    
   2.21999717      0.345291883    
   2.23999715      0.445470273    
   2.25999713      0.419387996    
   2.27999711      0.307105660    
   2.29999709      0.428847045    
   2.31999707      0.316913784    
   2.33999705      0.290610045    
   2.35999703      0.405068278    
   2.37999701      0.236399859    
   2.39999700      0.285548180    
   2.41999698      0.333437383    
   2.43999696      0.181235567    
   2.45999694      0.300646245    
   2.47999692      0.242466167    
   2.49999690      0.150883049    
   2.51999688      0.300505877    
   2.53999686      0.162970766    
   2.55999684      0.154145285    
   2.57999682      0.252089381    
   2.59999681       9.70969573E-02
   2.61999679      0.188512549    
   2.63999677      0.183393225    
   2.65999675       5.95021918E-02
   2.67999673      0.209827349    
   2.69999671      0.117482558    
   2.71999669       6.93504959E-02
   2.73999667      0.179330841    
   2.75999665       4.49937619E-02
   2.77999663      0.114584185    
   2.79999661      0.139043286    
   2.81999660       1.42420223E-02
   2.83999658      0.144421354    
   2.85999656       8.13998729E-02
   2.87999654       2.91500241E-02
   2.89999652      0.124564305    
   2.91999650       1.51114231E-02
   2.93999648       8.21920261E-02
   2.95999646      0.105224386    
   2.97999644       6.62896491E-04
   2.99999642      0.104408845    
   3.01999640       4.67064269E-02
   3.03999639       2.25782562E-02
   3.05999637       8.95466059E-02
   3.07999635       3.23290750E-03
   3.09999633       7.64449090E-02
