  -2.00000000       4.51733992E-02
  -1.98000002       2.99417693E-03
  -1.96000004       4.19427454E-02
  -1.94000006       7.89040402E-02
  -1.92000008       1.05039617E-02
  -1.90000010       2.95104329E-02
  -1.88000011       6.74998909E-02
  -1.86000013       2.25800779E-02
  -1.84000015       1.10588055E-02
  -1.82000017       3.94877717E-02
  -1.80000019       5.22887148E-02
  -1.78000021       8.51693936E-03
  -1.76000023       3.25889476E-02
  -1.74000025       5.74772470E-02
  -1.72000027       1.33274626E-02
  -1.70000029       2.23661307E-02
  -1.68000031       3.70482728E-02
  -1.66000032       3.11531462E-02
  -1.64000034       1.25091691E-02
  -1.62000036       3.12565751E-02
  -1.60000038       4.38268147E-02
  -1.58000040       1.04062641E-02
  -1.56000042       2.90128943E-02
  -1.54000044       3.37821692E-02
  -1.52000046       1.92537829E-02
  -1.50000048       1.87424608E-02
  -1.48000050       2.66745631E-02
  -1.46000051       3.11647095E-02
  -1.44000053       1.15970569E-02
  -1.42000055       2.82393675E-02
  -1.40000057       2.82143466E-02
  -1.38000059       1.41955968E-02
  -1.36000061       2.28032395E-02
  -1.34000063       2.12186500E-02
  -1.32000065       2.20469907E-02
  -1.30000067       1.42400237E-02
  -1.28000069       2.27837618E-02
  -1.26000071       2.20548250E-02
  -1.24000072       1.25310803E-02
  -1.22000074       2.24071462E-02
  -1.20000076       1.64526198E-02
  -1.18000078       1.68034695E-02
  -1.16000080       1.59590021E-02
  -1.14000082       1.65162403E-02
  -1.12000084       1.75046269E-02
  -1.10000086       1.20559363E-02
  -1.08000088       1.86442696E-02
  -1.06000090       1.31697282E-02
  -1.04000092       1.39424140E-02
  -1.02000093       1.54589824E-02
  -1.00000095       1.19333295E-02
 -0.980000973       1.49579225E-02
 -0.960000992       1.13595296E-02
 -0.940001011       1.38957351E-02
 -0.920001030       1.18699949E-02
 -0.900001049       1.17690582E-02
 -0.880001068       1.31875668E-02
 -0.860001087       9.75117180E-03
 -0.840001106       1.32646849E-02
 -0.820001125       1.02291461E-02
 -0.800001144       1.10768368E-02
 -0.780001163       1.16968071E-02
 -0.760001183       9.41275340E-03
 -0.740001202       1.16682816E-02
 -0.720001221       9.74608678E-03
 -0.700001240       1.09555386E-02
 -0.680001259       9.64750163E-03
 -0.660001278       1.02347834E-02
 -0.640001297       1.10290460E-02
 -0.620001316       8.79545510E-03
 -0.600001335       1.14051728E-02
 -0.580001354       9.14380234E-03
 -0.560001373       9.87311546E-03
 -0.540001392       1.11700539E-02
 -0.520001411       8.82924069E-03
 -0.500001431       1.01378756E-02
 -0.480001420       9.51831322E-03
 -0.460001409       1.00791613E-02
 -0.440001398       9.65793990E-03
 -0.420001388       8.90416559E-03
 -0.400001377       9.20236483E-03
 -0.380001366       8.47277325E-03
 -0.360001355       9.82515793E-03
 -0.340001345       7.43635604E-03
 -0.320001334       6.89545320E-03
 -0.300001323       8.02739989E-03
 -0.280001312       6.51759235E-03
 -0.260001302       6.58381637E-03
 -0.240001306       4.44160216E-03
 -0.220001310       4.14037611E-03
 -0.200001314       5.28306095E-03
 -0.180001318       3.11267702E-03
 -0.160001323       2.11007125E-03
 -0.140001327       1.71241257E-03
 -0.120001331       1.78055069E-03
 -0.100001335       1.67769531E-03
  -8.00013393E-02   2.77689600E-04
  -6.00013398E-02   8.12762592E-05
  -4.00013402E-02   4.25997161E-04
  -2.00013407E-02   4.69751598E-04
  -1.34110451E-06   5.04819618E-04
   1.99986584E-02   4.96910710E-04
   3.99986580E-02   6.56997901E-04
   5.99986576E-02   1.32071762E-03
   7.99986571E-02   2.08083680E-03
   9.99986529E-02   3.27838934E-03
  0.119998649       4.50983038E-03
  0.139998645       6.13029953E-03
  0.159998640       7.62196444E-03
  0.179998636       9.71870776E-03
  0.199998632       1.14748888E-02
  0.219998628       1.38308890E-02
  0.239998624       1.61035880E-02
  0.259998620       1.82394926E-02
  0.279998630       2.17730645E-02
  0.299998641       2.33469009E-02
  0.319998652       2.77955197E-02
  0.339998662       3.00704427E-02
  0.359998673       3.35038863E-02
  0.379998684       3.86675633E-02
  0.399998695       4.03041206E-02
  0.419998705       4.68735918E-02
  0.439998716       5.02745062E-02
  0.459998727       5.43290935E-02
  0.479998738       6.18076101E-02
  0.499998748       6.49517849E-02
  0.519998729       7.15853423E-02
  0.539998710       7.88625255E-02
  0.559998691       8.30128938E-02
  0.579998672       9.16345865E-02
  0.599998653       9.92870256E-02
  0.619998634      0.104662150    
  0.639998615      0.115115635    
  0.659998596      0.122605309    
  0.679998577      0.130545050    
  0.699998558      0.141950414    
  0.719998538      0.149988070    
  0.739998519      0.160365239    
  0.759998500      0.170813277    
  0.779998481      0.182259127    
  0.799998462      0.193251401    
  0.819998443      0.204334944    
  0.839998424      0.218976408    
  0.859998405      0.228106916    
  0.879998386      0.242355004    
  0.899998367      0.258393735    
  0.919998348      0.267087698    
  0.939998329      0.284856290    
  0.959998310      0.298838347    
  0.979998291      0.310197711    
  0.999998271      0.330219805    
   1.01999831      0.341087937    
   1.03999829      0.358209819    
   1.05999827      0.374758720    
   1.07999825      0.385128349    
   1.09999824      0.408559918    
   1.11999822      0.418893993    
   1.13999820      0.434058905    
   1.15999818      0.457385957    
   1.17999816      0.462096721    
   1.19999814      0.485298246    
   1.21999812      0.502349138    
   1.23999810      0.506550372    
   1.25999808      0.536728919    
   1.27999806      0.541417360    
   1.29999804      0.551641047    
   1.31999803      0.583680034    
   1.33999801      0.576469839    
   1.35999799      0.599139810    
   1.37999797      0.620629132    
   1.39999795      0.607405841    
   1.41999793      0.645318031    
   1.43999791      0.649095953    
   1.45999789      0.638008118    
   1.47999787      0.682994664    
   1.49999785      0.666007340    
   1.51999784      0.669670284    
   1.53999782      0.707028925    
   1.55999780      0.674181044    
   1.57999778      0.704626143    
   1.59999776      0.716690660    
   1.61999774      0.674475193    
   1.63999772      0.729358733    
   1.65999770      0.712550163    
   1.67999768      0.680125833    
   1.69999766      0.739802897    
   1.71999764      0.691231549    
   1.73999763      0.692404032    
   1.75999761      0.734849036    
   1.77999759      0.659426272    
   1.79999757      0.703361213    
   1.81999755      0.709348023    
   1.83999753      0.629495382    
   1.85999751      0.704340994    
   1.87999749      0.662762046    
   1.89999747      0.611168981    
   1.91999745      0.690258741    
   1.93999743      0.600042403    
   1.95999742      0.603617966    
   1.97999740      0.656896353    
   1.99999738      0.535657883    
   2.01999736      0.598626912    
   2.03999734      0.599268019    
   2.05999732      0.486267298    
   2.07999730      0.587414861    
   2.09999728      0.519177437    
   2.11999726      0.458023250    
   2.13999724      0.559717417    
   2.15999722      0.428896457    
   2.17999721      0.449653506    
   2.19999719      0.513223946    
   2.21999717      0.352034926    
   2.23999715      0.440489441    
   2.25999713      0.431880087    
   2.27999711      0.311599672    
   2.29999709      0.437108010    
   2.31999707      0.326990813    
   2.33999705      0.287533492    
   2.35999703      0.413859516    
   2.37999701      0.246439770    
   2.39999700      0.289232254    
   2.41999698      0.337652743    
   2.43999696      0.183391497    
   2.45999694      0.310058892    
   2.47999692      0.248055652    
   2.49999690      0.154895142    
   2.51999688      0.308329821    
   2.53999686      0.164605662    
   2.55999684      0.163174450    
   2.57999682      0.252287656    
   2.59999681       9.61642414E-02
   2.61999679      0.205354780    
   2.63999677      0.183491006    
   2.65999675       6.35279045E-02
   2.67999673      0.217298254    
   2.69999671      0.108675122    
   2.71999669       8.40091854E-02
   2.73999667      0.181350127    
   2.75999665       3.91880460E-02
   2.77999663      0.134339586    
   2.79999661      0.132180825    
   2.81999660       1.79978926E-02
   2.83999658      0.154700875    
   2.85999656       6.56879470E-02
   2.87999654       4.57940102E-02
   2.89999652      0.125319481    
   2.91999650       7.88145605E-03
   2.93999648      0.103828318    
   2.95999646       9.29103494E-02
   2.97999644       5.43407723E-03
   2.99999642      0.111793585    
   3.01999640       2.83210538E-02
   3.03999639       4.21817936E-02
   3.05999637       8.67361799E-02
   3.07999635       8.84185662E-04
   3.09999633       9.50281173E-02
