  -2.00000000       3.29226367E-02
  -1.98000002       3.64512764E-03
  -1.96000004       5.19604124E-02
  -1.94000006       6.96576387E-02
  -1.92000008       3.91011499E-03
  -1.90000010       4.31105308E-02
  -1.88000011       6.90019205E-02
  -1.86000013       1.30508402E-02
  -1.84000015       1.76523477E-02
  -1.82000017       4.65720333E-02
  -1.80000019       4.19681221E-02
  -1.78000021       5.42166969E-03
  -1.76000023       4.34059426E-02
  -1.74000025       5.40240295E-02
  -1.72000027       7.89146312E-03
  -1.70000029       3.05982605E-02
  -1.68000031       3.89623679E-02
  -1.66000032       2.38848366E-02
  -1.64000034       1.36358570E-02
  -1.62000036       3.70315202E-02
  -1.60000038       3.72827426E-02
  -1.58000040       8.78889672E-03
  -1.56000042       3.62742767E-02
  -1.54000044       3.11147124E-02
  -1.52000046       1.58527996E-02
  -1.50000048       2.22539101E-02
  -1.48000050       2.84357518E-02
  -1.46000051       2.55043153E-02
  -1.44000053       1.22033125E-02
  -1.42000055       3.28849927E-02
  -1.40000057       2.38274913E-02
  -1.38000059       1.39212413E-02
  -1.36000061       2.59756558E-02
  -1.34000063       2.04218216E-02
  -1.32000065       1.94700565E-02
  -1.30000067       1.52871981E-02
  -1.28000069       2.47063562E-02
  -1.26000071       1.84651297E-02
  -1.24000072       1.36579527E-02
  -1.22000074       2.39423476E-02
  -1.20000076       1.47113428E-02
  -1.18000078       1.69139337E-02
  -1.16000080       1.62360910E-02
  -1.14000082       1.69422869E-02
  -1.12000084       1.58125684E-02
  -1.10000086       1.29769994E-02
  -1.08000088       1.89629737E-02
  -1.06000090       1.17389830E-02
  -1.04000092       1.50503060E-02
  -1.02000093       1.47808222E-02
  -1.00000095       1.20586082E-02
 -0.980000973       1.46303531E-02
 -0.960000992       1.12869525E-02
 -0.940001011       1.41599383E-02
 -0.920001030       1.10559519E-02
 -0.900001049       1.25701427E-02
 -0.880001068       1.24504436E-02
 -0.860001087       1.00121768E-02
 -0.840001106       1.32969487E-02
 -0.820001125       9.61172581E-03
 -0.800001144       1.17856413E-02
 -0.780001163       1.08853886E-02
 -0.760001183       9.81425960E-03
 -0.740001202       1.16031524E-02
 -0.720001221       9.54462774E-03
 -0.700001240       1.11359665E-02
 -0.680001259       9.26818978E-03
 -0.660001278       1.07282139E-02
 -0.640001297       1.03599569E-02
 -0.620001316       9.26615018E-03
 -0.600001335       1.13729723E-02
 -0.580001354       8.57083686E-03
 -0.560001373       1.06564593E-02
 -0.540001392       1.04945553E-02
 -0.520001411       9.02165379E-03
 -0.500001431       1.02715539E-02
 -0.480001420       9.22422018E-03
 -0.460001409       1.02859698E-02
 -0.440001398       9.35840514E-03
 -0.420001388       9.14445985E-03
 -0.400001377       8.85961857E-03
 -0.380001366       8.61909147E-03
 -0.360001355       9.77736805E-03
 -0.340001345       6.97815372E-03
 -0.320001334       7.32069090E-03
 -0.300001323       7.54318573E-03
 -0.280001312       6.53150538E-03
 -0.260001302       6.54715952E-03
 -0.240001306       4.02373308E-03
 -0.220001310       4.39477758E-03
 -0.200001314       4.88897273E-03
 -0.180001318       3.02538183E-03
 -0.160001323       2.08915025E-03
 -0.140001327       1.46558019E-03
 -0.120001331       1.86259835E-03
 -0.100001335       1.45103724E-03
  -8.00013393E-02   2.72773148E-04
  -6.00013398E-02   9.34151612E-05
  -4.00013402E-02   3.27737420E-04
  -2.00013407E-02   5.12462691E-04
  -1.34110451E-06   4.77165682E-04
   1.99986584E-02   5.28452045E-04
   3.99986580E-02   6.58245815E-04
   5.99986576E-02   1.29835645E-03
   7.99986571E-02   2.08238256E-03
   9.99986529E-02   3.17318132E-03
  0.119998649       4.52785101E-03
  0.139998645       5.92143321E-03
  0.159998640       7.67329009E-03
  0.179998636       9.34956502E-03
  0.199998632       1.15776761E-02
  0.219998628       1.33426124E-02
  0.239998624       1.61421373E-02
  0.259998620       1.78453047E-02
  0.279998630       2.13472079E-02
  0.299998641       2.34934855E-02
  0.319998652       2.66133901E-02
  0.339998662       3.06195486E-02
  0.359998673       3.22669633E-02
  0.379998684       3.83505747E-02
  0.399998695       4.03102897E-02
  0.419998705       4.50678095E-02
  0.439998716       5.08884713E-02
  0.459998727       5.28381318E-02
  0.479998738       6.07499108E-02
  0.499998748       6.51093051E-02
  0.519998729       6.94213510E-02
  0.539998710       7.84170106E-02
  0.559998691       8.22336599E-02
  0.579998672       8.93684775E-02
  0.599998653       9.88696143E-02
  0.619998634      0.103065252    
  0.639998615      0.113018416    
  0.659998596      0.121814899    
  0.679998577      0.128164113    
  0.699998558      0.140170738    
  0.719998538      0.148250505    
  0.739998519      0.157958254    
  0.759998500      0.169053942    
  0.779998481      0.179095343    
  0.799998462      0.191493958    
  0.819998443      0.201571748    
  0.839998424      0.215242669    
  0.859998405      0.227031946    
  0.879998386      0.237840667    
  0.899998367      0.255038530    
  0.919998348      0.265370935    
  0.939998329      0.279639423    
  0.959998310      0.296149224    
  0.979998291      0.306561887    
  0.999998271      0.325695902    
   1.01999831      0.337898701    
   1.03999829      0.353007644    
   1.05999827      0.372268677    
   1.07999825      0.379877687    
   1.09999824      0.402768135    
   1.11999822      0.417881399    
   1.13999820      0.426181346    
   1.15999818      0.453060240    
   1.17999816      0.460789800    
   1.19999814      0.475935757    
   1.21999812      0.500159562    
   1.23999810      0.502246916    
   1.25999808      0.528540432    
   1.27999806      0.541507900    
   1.29999804      0.543373704    
   1.31999803      0.578468144    
   1.33999801      0.575906932    
   1.35999799      0.587932110    
   1.37999797      0.621576548    
   1.39999795      0.604411483    
   1.41999793      0.631773353    
   1.43999791      0.653629422    
   1.45999789      0.632047772    
   1.47999787      0.672997117    
   1.49999785      0.671527743    
   1.51999784      0.660665810    
   1.53999782      0.704148948    
   1.55999780      0.674506426    
   1.57999778      0.691219807    
   1.59999776      0.724160552    
   1.61999774      0.672581732    
   1.63999772      0.715702295    
   1.65999770      0.724187016    
   1.67999768      0.675293207    
   1.69999766      0.732574165    
   1.71999764      0.699081719    
   1.73999763      0.680710673    
   1.75999761      0.738768280    
   1.77999759      0.664187491    
   1.79999757      0.688273728    
   1.81999755      0.721533775    
   1.83999753      0.631399512    
   1.85999751      0.694757462    
   1.87999749      0.677172661    
   1.89999747      0.606423914    
   1.91999745      0.691414356    
   1.93999743      0.614234805    
   1.95999742      0.593361497    
   1.97999740      0.666064858    
   1.99999738      0.545226157    
   2.01999736      0.589983523    
   2.03999734      0.614293754    
   2.05999732      0.488027036    
   2.07999730      0.583721697    
   2.09999728      0.535446286    
   2.11999726      0.456058174    
   2.13999724      0.565043271    
   2.15999722      0.439602584    
   2.17999721      0.443556339    
   2.19999719      0.526498318    
   2.21999717      0.361682922    
   2.23999715      0.436731070    
   2.25999713      0.439777732    
   2.27999711      0.313476503    
   2.29999709      0.444575518    
   2.31999707      0.338027447    
   2.33999705      0.284173936    
   2.35999703      0.417601109    
   2.37999701      0.253417045    
   2.39999700      0.293974221    
   2.41999698      0.343708992    
   2.43999696      0.185714528    
   2.45999694      0.317501128    
   2.47999692      0.252024680    
   2.49999690      0.157923535    
   2.51999688      0.314422190    
   2.53999686      0.166528389    
   2.55999684      0.172107667    
   2.57999682      0.252294898    
   2.59999681       9.48137417E-02
   2.61999679      0.218966484    
   2.63999677      0.183283761    
   2.65999675       6.87084123E-02
   2.67999673      0.222942844    
   2.69999671      0.101213381    
   2.71999669       9.72224548E-02
   2.73999667      0.180703416    
   2.75999665       3.58019508E-02
   2.77999663      0.151702538    
   2.79999661      0.125719234    
   2.81999660       2.36628279E-02
   2.83999658      0.159943104    
   2.85999656       5.24733476E-02
   2.87999654       6.23942390E-02
   2.89999652      0.122693770    
   2.91999650       5.23580285E-03
   2.93999648      0.121613592    
   2.95999646       8.05606470E-02
   2.97999644       1.30273160E-02
   2.99999642      0.112942629    
   3.01999640       1.52726006E-02
   3.03999639       6.14747778E-02
   3.05999637       7.96021819E-02
   3.07999635       3.77120310E-03
   3.09999633      0.107705154    
