  -2.00000000       2.89688017E-02
  -1.98000002       9.96195823E-02
  -1.96000004       2.78921537E-02
  -1.94000006       8.94016307E-03
  -1.92000008       5.92040718E-02
  -1.90000010       5.63541502E-02
  -1.88000011       1.67358888E-03
  -1.86000013       5.47519550E-02
  -1.84000015       7.33641610E-02
  -1.82000017       3.56001384E-03
  -1.80000019       3.78640965E-02
  -1.78000021       5.22502400E-02
  -1.76000023       1.86039079E-02
  -1.74000025       1.26986885E-02
  -1.72000027       5.44051901E-02
  -1.70000029       3.47941853E-02
  -1.68000031       7.17366533E-03
  -1.66000032       5.41096516E-02
  -1.64000034       2.94908993E-02
  -1.62000036       1.16126565E-02
  -1.60000038       3.00257113E-02
  -1.58000040       3.53202187E-02
  -1.56000042       1.50080873E-02
  -1.54000044       2.00762637E-02
  -1.52000046       4.49022204E-02
  -1.50000048       1.23173315E-02
  -1.48000050       2.19551735E-02
  -1.46000051       3.22225355E-02
  -1.44000053       1.73075907E-02
  -1.42000055       1.63597558E-02
  -1.40000057       2.40211766E-02
  -1.38000059       2.67719571E-02
  -1.36000061       9.50616691E-03
  -1.34000063       2.75585558E-02
  -1.32000065       2.23028325E-02
  -1.30000067       1.19655160E-02
  -1.28000069       2.17721947E-02
  -1.26000071       1.79093555E-02
  -1.24000072       1.67581495E-02
  -1.22000074       1.29687255E-02
  -1.20000076       2.24799700E-02
  -1.18000078       1.36944642E-02
  -1.16000080       1.36765894E-02
  -1.14000082       2.01882627E-02
  -1.12000084       1.13981944E-02
  -1.10000086       1.55981239E-02
  -1.08000088       1.32588753E-02
  -1.06000090       1.51803382E-02
  -1.04000092       1.15698427E-02
  -1.02000093       1.36625804E-02
  -1.00000095       1.46016339E-02
 -0.980000973       9.55270045E-03
 -0.960000992       1.51531780E-02
 -0.940001011       1.02931298E-02
 -0.920001030       1.23110712E-02
 -0.900001049       1.15712155E-02
 -0.880001068       1.07127344E-02
 -0.860001087       1.17500918E-02
 -0.840001106       9.75903217E-03
 -0.820001125       1.23638008E-02
 -0.800001144       8.78760964E-03
 -0.780001163       1.17904209E-02
 -0.760001183       1.00229206E-02
 -0.740001202       9.53716226E-03
 -0.720001221       1.17862383E-02
 -0.700001240       8.38792324E-03
 -0.680001259       1.09995762E-02
 -0.660001278       9.60531831E-03
 -0.640001297       1.02837514E-02
 -0.620001316       9.58222523E-03
 -0.600001335       9.76002309E-03
 -0.580001354       1.03320042E-02
 -0.560001373       8.79051536E-03
 -0.540001392       1.15253562E-02
 -0.520001411       8.34390149E-03
 -0.500001431       9.60621610E-03
 -0.480001420       1.04846498E-02
 -0.460001409       8.49344023E-03
 -0.440001398       1.00382064E-02
 -0.420001388       8.02832376E-03
 -0.400001377       8.56889132E-03
 -0.380001366       8.71827081E-03
 -0.360001355       8.00195429E-03
 -0.340001345       6.91488991E-03
 -0.320001334       6.13493705E-03
 -0.300001323       7.15117995E-03
 -0.280001312       5.42238727E-03
 -0.260001302       5.12060244E-03
 -0.240001306       3.57515784E-03
 -0.220001310       3.31037096E-03
 -0.200001314       4.15399391E-03
 -0.180001318       1.76176545E-03
 -0.160001323       1.35248888E-03
 -0.140001327       1.22890447E-03
 -0.120001331       9.98506439E-04
 -0.100001335       9.65581916E-04
  -8.00013393E-02   4.82684263E-05
  -6.00013398E-02   1.25576435E-05
  -4.00013402E-02   1.89942759E-04
  -2.00013407E-02   4.54510882E-04
  -1.34110451E-06   6.42053026E-04
   1.99986584E-02   6.16778794E-04
   3.99986580E-02   6.15114579E-04
   5.99986576E-02   1.26713666E-03
   7.99986571E-02   1.79047114E-03
   9.99986529E-02   2.88901082E-03
  0.119998649       4.00078949E-03
  0.139998645       5.29876444E-03
  0.159998640       6.87808543E-03
  0.179998636       8.37134290E-03
  0.199998632       1.02489600E-02
  0.219998628       1.21603208E-02
  0.239998624       1.42462794E-02
  0.259998620       1.64309591E-02
  0.279998630       1.88033804E-02
  0.299998641       2.13733949E-02
  0.319998652       2.40081064E-02
  0.339998662       2.72814445E-02
  0.359998673       2.96510272E-02
  0.379998684       3.39784883E-02
  0.399998695       3.66058350E-02
  0.419998705       4.07308266E-02
  0.439998716       4.55542281E-02
  0.459998727       4.81070802E-02
  0.479998738       5.44897467E-02
  0.499998748       5.87160289E-02
  0.519998729       6.26005158E-02
  0.539998710       7.09730312E-02
  0.559998691       7.40827248E-02
  0.579998672       8.04974735E-02
  0.599998653       8.96702334E-02
  0.619998634       9.21806395E-02
  0.639998615      0.102656104    
  0.659998596      0.110327810    
  0.679998577      0.114878945    
  0.699998558      0.127229407    
  0.719998538      0.133891344    
  0.739998519      0.142456770    
  0.759998500      0.153672963    
  0.779998481      0.162542626    
  0.799998462      0.172175303    
  0.819998443      0.183116227    
  0.839998424      0.196272880    
  0.859998405      0.203948498    
  0.879998386      0.218462825    
  0.899998367      0.231493056    
  0.919998348      0.238704666    
  0.939998329      0.258465201    
  0.959998310      0.267493546    
  0.979998291      0.280593067    
  0.999998271      0.298865050    
   1.01999831      0.305638462    
   1.03999829      0.327203274    
   1.05999827      0.337919474    
   1.07999825      0.351160973    
   1.09999824      0.372934341    
   1.11999822      0.377160817    
   1.13999820      0.401175648    
   1.15999818      0.413794309    
   1.17999816      0.423463821    
   1.19999814      0.451897979    
   1.21999812      0.450241804    
   1.23999810      0.475483954    
   1.25999808      0.495792329    
   1.27999806      0.488967538    
   1.29999804      0.528911948    
   1.31999803      0.529860675    
   1.33999801      0.535613298    
   1.35999799      0.573922038    
   1.37999797      0.557785988    
   1.39999795      0.589380622    
   1.41999793      0.603391349    
   1.43999791      0.589470327    
   1.45999789      0.639256299    
   1.47999787      0.619166017    
   1.49999785      0.631901145    
   1.51999784      0.671257198    
   1.53999782      0.629013181    
   1.55999780      0.677655935    
   1.57999778      0.679383636    
   1.59999776      0.648890972    
   1.61999774      0.713452995    
   1.63999772      0.668361425    
   1.65999770      0.683892488    
   1.67999768      0.720652282    
   1.69999766      0.652382135    
   1.71999764      0.721439600    
   1.73999763      0.698577583    
   1.75999761      0.656429231    
   1.77999759      0.738172114    
   1.79999757      0.655645072    
   1.81999755      0.681932926    
   1.83999753      0.718874454    
   1.85999751      0.620392025    
   1.87999749      0.708514512    
   1.89999747      0.658503354    
   1.91999745      0.613272905    
   1.93999743      0.710750163    
   1.95999742      0.584331214    
   1.97999740      0.629123926    
   1.99999738      0.661778331    
   2.01999736      0.535571218    
   2.03999734      0.647197306    
   2.05999732      0.563817382    
   2.07999730      0.526201069    
   2.09999728      0.635896921    
   2.11999726      0.467739671    
   2.13999724      0.541777611    
   2.15999722      0.558926940    
   2.17999721      0.418272883    
   2.19999719      0.555350661    
   2.21999717      0.432875901    
   2.23999715      0.420930952    
   2.25999713      0.529702425    
   2.27999711      0.330165148    
   2.29999709      0.444206089    
   2.31999707      0.426582307    
   2.33999705      0.296330839    
   2.35999703      0.452408046    
   2.37999701      0.290596336    
   2.39999700      0.325391114    
   2.41999698      0.403005570    
   2.43999696      0.199326932    
   2.45999694      0.360991478    
   2.47999692      0.288881481    
   2.49999690      0.199776947    
   2.51999688      0.343224823    
   2.53999686      0.157128945    
   2.55999684      0.261212170    
   2.57999682      0.274723679    
   2.59999681      0.106005639    
   2.61999679      0.287910193    
   2.63999677      0.153810173    
   2.65999675      0.146576151    
   2.67999673      0.237837732    
   2.69999671       6.53145015E-02
   2.71999669      0.224468112    
   2.73999667      0.145507053    
   2.75999665       6.82064965E-02
   2.77999663      0.220274583    
   2.79999661       5.25024608E-02
   2.81999660      0.134566605    
   2.83999658      0.126346737    
   2.85999656       3.51350643E-02
   2.87999654      0.192810327    
   2.89999652       4.19022702E-02
   2.91999650       8.42938200E-02
   2.93999648      0.132857278    
   2.95999646       1.09290816E-02
   2.97999644      0.129154906    
   2.99999642       3.00415624E-02
   3.01999640       7.16618299E-02
   3.03999639      0.131625399    
   3.05999637       1.94886343E-05
   3.07999635      0.106020227    
   3.09999633       3.74403857E-02
