  -2.00000000       9.79715362E-02
  -1.98000002       7.82037601E-02
  -1.96000004       1.34937384E-03
  -1.94000006       8.07654485E-02
  -1.92000008       6.24522120E-02
  -1.90000010       2.79120915E-03
  -1.88000011       3.65614630E-02
  -1.86000013       7.37882555E-02
  -1.84000015       1.55299660E-02
  -1.82000017       2.75332164E-02
  -1.80000019       8.33373368E-02
  -1.78000021       1.50934262E-02
  -1.76000023       2.16816496E-02
  -1.74000025       5.33792898E-02
  -1.72000027       2.66167298E-02
  -1.70000029       7.79132079E-03
  -1.68000031       4.78490740E-02
  -1.66000032       4.32209969E-02
  -1.64000034       3.85357253E-03
  -1.62000036       4.88568470E-02
  -1.60000038       3.32776122E-02
  -1.58000040       9.89827700E-03
  -1.56000042       2.74444818E-02
  -1.54000044       3.43244858E-02
  -1.52000046       1.46474568E-02
  -1.50000048       1.86821818E-02
  -1.48000050       4.27906066E-02
  -1.46000051       1.06654735E-02
  -1.44000053       2.22483221E-02
  -1.42000055       3.03454995E-02
  -1.40000057       1.47020835E-02
  -1.38000059       1.60320941E-02
  -1.36000061       2.40155272E-02
  -1.34000063       2.21560635E-02
  -1.32000065       9.09822155E-03
  -1.30000067       2.89305989E-02
  -1.28000069       1.71166267E-02
  -1.26000071       1.22558819E-02
  -1.24000072       2.16647182E-02
  -1.22000074       1.55926552E-02
  -1.20000076       1.40284225E-02
  -1.18000078       1.39985494E-02
  -1.16000080       2.09431425E-02
  -1.14000082       9.53630265E-03
  -1.12000084       1.64480247E-02
  -1.10000086       1.68605614E-02
  -1.08000088       1.01168500E-02
  -1.06000090       1.52652133E-02
  -1.04000092       1.21553214E-02
  -1.02000093       1.37674911E-02
  -1.00000095       9.96168610E-03
 -0.980000973       1.47812068E-02
 -0.960000992       1.08413426E-02
 -0.940001011       1.08867036E-02
 -0.920001030       1.36748375E-02
 -0.900001049       8.84465221E-03
 -0.880001068       1.27530787E-02
 -0.860001087       9.56798717E-03
 -0.840001106       1.15356501E-02
 -0.820001125       9.90845822E-03
 -0.800001144       1.05037279E-02
 -0.780001163       1.06028328E-02
 -0.760001183       9.11532156E-03
 -0.740001202       1.18848216E-02
 -0.720001221       8.13774299E-03
 -0.700001240       1.13352733E-02
 -0.680001259       9.42341518E-03
 -0.660001278       9.64592397E-03
 -0.640001297       1.08157722E-02
 -0.620001316       8.77988245E-03
 -0.600001335       1.03762187E-02
 -0.580001354       9.03716963E-03
 -0.560001373       1.08356168E-02
 -0.540001392       8.75106547E-03
 -0.520001411       9.84757114E-03
 -0.500001431       9.64888372E-03
 -0.480001420       8.51742364E-03
 -0.460001409       1.08185038E-02
 -0.440001398       7.58047076E-03
 -0.420001388       8.77558999E-03
 -0.400001377       8.42950866E-03
 -0.380001366       7.84950890E-03
 -0.360001355       7.97325931E-03
 -0.340001345       5.91234909E-03
 -0.320001334       6.43427763E-03
 -0.300001323       5.79130184E-03
 -0.280001312       5.68584027E-03
 -0.260001302       3.77762644E-03
 -0.240001306       3.12740193E-03
 -0.220001310       3.58782802E-03
 -0.200001314       2.44343514E-03
 -0.180001318       2.11467524E-03
 -0.160001323       6.62027276E-04
 -0.140001327       8.20746121E-04
 -0.120001331       1.10085821E-03
 -0.100001335       3.75387463E-04
  -8.00013393E-02   1.42466088E-04
  -6.00013398E-02   2.73180285E-05
  -4.00013402E-02   1.35598602E-04
  -2.00013407E-02   3.84371495E-04
  -1.34110451E-06   9.54109069E-04
   1.99986584E-02   4.05765080E-04
   3.99986580E-02   8.36467079E-04
   5.99986576E-02   8.95710080E-04
   7.99986571E-02   2.00101128E-03
   9.99986529E-02   2.47296691E-03
  0.119998649       3.84309306E-03
  0.139998645       5.01369592E-03
  0.159998640       6.30374532E-03
  0.179998636       8.06428120E-03
  0.199998632       9.44665167E-03
  0.219998628       1.15471203E-02
  0.239998624       1.32737793E-02
  0.259998620       1.56144276E-02
  0.279998630       1.76227186E-02
  0.299998641       2.01172736E-02
  0.319998652       2.28080358E-02
  0.339998662       2.51680631E-02
  0.359998673       2.88857296E-02
  0.379998684       3.09524275E-02
  0.399998695       3.52603011E-02
  0.419998705       3.84541340E-02
  0.439998716       4.17776182E-02
  0.459998727       4.71511483E-02
  0.479998738       5.00636213E-02
  0.499998748       5.50980493E-02
  0.519998729       6.10202365E-02
  0.539998710       6.41396567E-02
  0.559998691       7.12775216E-02
  0.579998672       7.73705840E-02
  0.599998653       8.06755275E-02
  0.619998634       9.08168852E-02
  0.639998615       9.53436419E-02
  0.659998596      0.101907976    
  0.679998577      0.112490952    
  0.699998558      0.116952427    
  0.719998538      0.126774475    
  0.739998519      0.135512635    
  0.759998500      0.144318134    
  0.779998481      0.152988523    
  0.799998462      0.163385913    
  0.819998443      0.174674556    
  0.839998424      0.180854738    
  0.859998405      0.197307616    
  0.879998386      0.205962971    
  0.899998367      0.214865088    
  0.919998348      0.233255878    
  0.939998329      0.238783017    
  0.959998310      0.255003810    
  0.979998291      0.268422246    
  0.999998271      0.278947234    
   1.01999831      0.296709299    
   1.03999829      0.303601533    
   1.05999827      0.325688124    
   1.07999825      0.335354686    
   1.09999824      0.346552730    
   1.11999822      0.372789562    
   1.13999820      0.371758908    
   1.15999818      0.397186249    
   1.17999816      0.412058562    
   1.19999814      0.415064335    
   1.21999812      0.450202703    
   1.23999810      0.445483774    
   1.25999808      0.467772931    
   1.27999806      0.491359442    
   1.29999804      0.482367873    
   1.31999803      0.524225831    
   1.33999801      0.520324886    
   1.35999799      0.531512737    
   1.37999797      0.567462087    
   1.39999795      0.544776261    
   1.41999793      0.588537097    
   1.43999791      0.591656208    
   1.45999789      0.582882345    
   1.47999787      0.635368526    
   1.49999785      0.600200772    
   1.51999784      0.635016501    
   1.53999782      0.656706274    
   1.55999780      0.616477847    
   1.57999778      0.684389591    
   1.59999776      0.651936531    
   1.61999774      0.656510472    
   1.63999772      0.703920364    
   1.65999770      0.639784336    
   1.67999768      0.708256364    
   1.69999766      0.686610818    
   1.71999764      0.649079025    
   1.73999763      0.735206187    
   1.75999761      0.652021825    
   1.77999759      0.690859675    
   1.79999757      0.713424206    
   1.81999755      0.630674422    
   1.83999753      0.730267346    
   1.85999751      0.652072251    
   1.87999749      0.648097098    
   1.89999747      0.723826349    
   1.91999745      0.592050552    
   1.93999743      0.685153842    
   1.95999742      0.654723525    
   1.97999740      0.579253316    
   1.99999738      0.694873154    
   2.01999736      0.555826545    
   2.03999734      0.614318609    
   2.05999732      0.641098738    
   2.07999730      0.493203372    
   2.09999728      0.641730130    
   2.11999726      0.532038152    
   2.13999724      0.506226778    
   2.15999722      0.602548420    
   2.17999721      0.426192850    
   2.19999719      0.561081409    
   2.21999717      0.496157199    
   2.23999715      0.390992403    
   2.25999713      0.560565352    
   2.27999711      0.373020828    
   2.29999709      0.438320249    
   2.31999707      0.460013449    
   2.33999705      0.302952319    
   2.35999703      0.486461163    
   2.37999701      0.317189276    
   2.39999700      0.326808631    
   2.41999698      0.439182729    
   2.43999696      0.221730247    
   2.45999694      0.378311604    
   2.47999692      0.287408412    
   2.49999690      0.235341787    
   2.51999688      0.382093579    
   2.53999686      0.154304579    
   2.55999684      0.298878491    
   2.57999682      0.274802536    
   2.59999681      0.137551531    
   2.61999679      0.310993969    
   2.63999677      0.127684399    
   2.65999675      0.219861925    
   2.67999673      0.229430065    
   2.69999671       7.52451420E-02
   2.71999669      0.277520478    
   2.73999667      0.108726040    
   2.75999665      0.133238241    
   2.77999663      0.194481641    
   2.79999661       4.77832519E-02
   2.81999660      0.215830445    
   2.83999658       7.10253268E-02
   2.85999656      0.103442386    
   2.87999654      0.191308260    
   2.89999652       1.71066858E-02
   2.91999650      0.152311549    
   2.93999648       5.53850569E-02
   2.95999646       8.01928192E-02
   2.97999644      0.141962245    
   2.99999642       2.93756370E-03
   3.01999640      0.156458959    
   3.03999639       5.51350676E-02
   3.05999637       4.62515652E-02
   3.07999635       9.50742066E-02
   3.09999633       4.26056748E-03
