  -2.00000000      0.102700509    
  -1.98000002       6.92439452E-02
  -1.96000004       3.86155769E-03
  -1.94000006       9.02223364E-02
  -1.92000008       5.70844002E-02
  -1.90000010       1.70421321E-03
  -1.88000011       4.47598398E-02
  -1.86000013       6.93885982E-02
  -1.84000015       9.86607280E-03
  -1.82000017       3.49969789E-02
  -1.80000019       8.25247765E-02
  -1.78000021       9.99455340E-03
  -1.76000023       2.86187883E-02
  -1.74000025       5.48100509E-02
  -1.72000027       2.05495320E-02
  -1.70000029       1.07482504E-02
  -1.68000031       5.08415699E-02
  -1.66000032       3.64997201E-02
  -1.64000034       5.63946366E-03
  -1.62000036       5.39246872E-02
  -1.60000038       2.88770944E-02
  -1.58000040       1.03459731E-02
  -1.56000042       3.16234492E-02
  -1.54000044       3.16883661E-02
  -1.52000046       1.21406959E-02
  -1.50000048       2.26669163E-02
  -1.48000050       4.10904028E-02
  -1.46000051       8.26887880E-03
  -1.44000053       2.61237342E-02
  -1.42000055       2.93815192E-02
  -1.40000057       1.29348226E-02
  -1.38000059       1.79370958E-02
  -1.36000061       2.43813656E-02
  -1.34000063       1.92496739E-02
  -1.32000065       1.06122447E-02
  -1.30000067       3.00023220E-02
  -1.28000069       1.43360263E-02
  -1.26000071       1.39601156E-02
  -1.24000072       2.24186517E-02
  -1.22000074       1.41642122E-02
  -1.20000076       1.39736272E-02
  -1.18000078       1.52886314E-02
  -1.16000080       1.96483117E-02
  -1.14000082       8.89371708E-03
  -1.12000084       1.81735996E-02
  -1.10000086       1.55188385E-02
  -1.08000088       1.02102635E-02
  -1.06000090       1.58776864E-02
  -1.04000092       1.18654668E-02
  -1.02000093       1.32820830E-02
  -1.00000095       1.03301322E-02
 -0.980000973       1.49268750E-02
 -0.960000992       9.94154811E-03
 -0.940001011       1.17874183E-02
 -0.920001030       1.31900692E-02
 -0.900001049       8.79983231E-03
 -0.880001068       1.29702892E-02
 -0.860001087       9.36419889E-03
 -0.840001106       1.16107380E-02
 -0.820001125       9.69751924E-03
 -0.800001144       1.08135408E-02
 -0.780001163       1.01226773E-02
 -0.760001183       9.53574479E-03
 -0.740001202       1.16355587E-02
 -0.720001221       8.05596914E-03
 -0.700001240       1.16623091E-02
 -0.680001259       8.96745361E-03
 -0.660001278       1.00356741E-02
 -0.640001297       1.05664358E-02
 -0.620001316       8.87645502E-03
 -0.600001335       1.02903191E-02
 -0.580001354       9.11056157E-03
 -0.560001373       1.08070169E-02
 -0.540001392       8.55664071E-03
 -0.520001411       1.02136033E-02
 -0.500001431       9.18601919E-03
 -0.480001420       8.84165335E-03
 -0.460001409       1.06958188E-02
 -0.440001398       7.38173164E-03
 -0.420001388       9.03398544E-03
 -0.400001377       8.13803915E-03
 -0.380001366       7.97708612E-03
 -0.360001355       7.79473176E-03
 -0.340001345       5.91084035E-03
 -0.320001334       6.36648294E-03
 -0.300001323       5.71463630E-03
 -0.280001312       5.66812325E-03
 -0.260001302       3.56780202E-03
 -0.240001306       3.24891624E-03
 -0.220001310       3.38585069E-03
 -0.200001314       2.45311158E-03
 -0.180001318       2.06172769E-03
 -0.160001323       5.58815547E-04
 -0.140001327       8.99353414E-04
 -0.120001331       9.71823290E-04
 -0.100001335       4.20498254E-04
  -8.00013393E-02   1.13977178E-04
  -6.00013398E-02   2.69894826E-05
  -4.00013402E-02   1.55155081E-04
  -2.00013407E-02   3.68268054E-04
  -1.34110451E-06   9.71228292E-04
   1.99986584E-02   4.10014385E-04
   3.99986580E-02   8.14011612E-04
   5.99986576E-02   9.21183324E-04
   7.99986571E-02   1.91556243E-03
   9.99986529E-02   2.55483575E-03
  0.119998649       3.69112962E-03
  0.139998645       5.08449227E-03
  0.159998640       6.17689360E-03
  0.179998636       8.03600624E-03
  0.199998632       9.39515699E-03
  0.219998628       1.13910269E-02
  0.239998624       1.32865710E-02
  0.259998620       1.53445434E-02
  0.279998630       1.76944342E-02
  0.299998641       1.97569504E-02
  0.319998652       2.28304472E-02
  0.339998662       2.48808637E-02
  0.359998673       2.86338963E-02
  0.379998684       3.09717674E-02
  0.399998695       3.46067995E-02
  0.419998705       3.86104956E-02
  0.439998716       4.12064381E-02
  0.459998727       4.67547625E-02
  0.479998738       5.01124971E-02
  0.499998748       5.41736782E-02
  0.519998729       6.08980060E-02
  0.539998710       6.38501197E-02
  0.559998691       7.01450780E-02
  0.579998672       7.75242522E-02
  0.599998653       7.98406228E-02
  0.619998634       8.97626132E-02
  0.639998615       9.55200791E-02
  0.659998596      0.100395679    
  0.679998577      0.111968331    
  0.699998558      0.116416298    
  0.719998538      0.125396028    
  0.739998519      0.134928718    
  0.759998500      0.143012360    
  0.779998481      0.152325064    
  0.799998462      0.161745772    
  0.819998443      0.173774108    
  0.839998424      0.180005848    
  0.859998405      0.194805384    
  0.879998386      0.205801323    
  0.899998367      0.212880477    
  0.919998348      0.231364384    
  0.939998329      0.238026708    
  0.959998310      0.252557039    
  0.979998291      0.267288357    
  0.999998271      0.276375324    
   1.01999831      0.295710325    
   1.03999829      0.301658690    
   1.05999827      0.322173893    
   1.07999825      0.335811228    
   1.09999824      0.342396885    
   1.11999822      0.370796233    
   1.13999820      0.371626258    
   1.15999818      0.391908139    
   1.17999816      0.412056208    
   1.19999814      0.411789179    
   1.21999812      0.447113991    
   1.23999810      0.445574194    
   1.25999808      0.461648315    
   1.27999806      0.492005408    
   1.29999804      0.479429603    
   1.31999803      0.518971503    
   1.33999801      0.522736251    
   1.35999799      0.524687886    
   1.37999797      0.566276133    
   1.39999795      0.544566274    
   1.41999793      0.581823051    
   1.43999791      0.594209254    
   1.45999789      0.576997221    
   1.47999787      0.633369207    
   1.49999785      0.601925254    
   1.51999784      0.625512242    
   1.53999782      0.660823584    
   1.55999780      0.614169717    
   1.57999778      0.677893758    
   1.59999776      0.656471550    
   1.61999774      0.649335086    
   1.63999772      0.705641389    
   1.65999770      0.638534188    
   1.67999768      0.700306654    
   1.69999766      0.695133090    
   1.71999764      0.642350912    
   1.73999763      0.732522786    
   1.75999761      0.657709956    
   1.77999759      0.683263361    
   1.79999757      0.719367445    
   1.81999755      0.627521396    
   1.83999753      0.726686358    
   1.85999751      0.660959899    
   1.87999749      0.639142573    
   1.89999747      0.727457285    
   1.91999745      0.595251024    
   1.93999743      0.678256273    
   1.95999742      0.663160324    
   1.97999740      0.574668109    
   1.99999738      0.695841134    
   2.01999736      0.561511517    
   2.03999734      0.607407570    
   2.05999732      0.649989903    
   2.07999730      0.492304802    
   2.09999728      0.638268530    
   2.11999726      0.540725291    
   2.13999724      0.503327370    
   2.15999722      0.606943488    
   2.17999721      0.426914364    
   2.19999719      0.559745610    
   2.21999717      0.506634593    
   2.23999715      0.388653606    
   2.25999713      0.560834408    
   2.27999711      0.377777845    
   2.29999709      0.439478725    
   2.31999707      0.465462804    
   2.33999705      0.302637249    
   2.35999703      0.489544958    
   2.37999701      0.321313739    
   2.39999700      0.326751739    
   2.41999698      0.442619741    
   2.43999696      0.225082740    
   2.45999694      0.381515712    
   2.47999692      0.286267251    
   2.49999690      0.238880977    
   2.51999688      0.387846351    
   2.53999686      0.155432880    
   2.55999684      0.302477777    
   2.57999682      0.272766590    
   2.59999681      0.142539442    
   2.61999679      0.313819617    
   2.63999677      0.125154004    
   2.65999675      0.229612082    
   2.67999673      0.227746204    
   2.69999671       7.81115443E-02
   2.71999669      0.280608922    
   2.73999667      0.104287565    
   2.75999665      0.143521175    
   2.77999663      0.189341307    
   2.79999661       5.10224067E-02
   2.81999660      0.223259315    
   2.83999658       6.44591078E-02
   2.85999656      0.113741823    
   2.87999654      0.185574770    
   2.89999652       1.90543067E-02
   2.91999650      0.158308893    
   2.93999648       4.67201658E-02
   2.95999646       9.29949582E-02
   2.97999644      0.137044102    
   2.99999642       5.34730870E-03
   3.01999640      0.162013188    
   3.03999639       4.49360013E-02
   3.05999637       5.69301099E-02
   3.07999635       8.78018662E-02
   3.09999633       8.85574240E-03
