  -2.00000000      0.105909832    
  -1.98000002       2.50055548E-02
  -1.96000004       3.28008346E-02
  -1.94000006      0.115348987    
  -1.92000008       2.37546265E-02
  -1.90000010       2.28201449E-02
  -1.88000011       7.60557726E-02
  -1.86000013       3.29584256E-02
  -1.84000015       4.31048824E-03
  -1.82000017       6.81685507E-02
  -1.80000019       5.64550273E-02
  -1.78000021       1.55276631E-03
  -1.76000023       6.77432641E-02
  -1.74000025       4.32931483E-02
  -1.72000027       5.51660545E-03
  -1.70000029       3.69877815E-02
  -1.68000031       4.52114567E-02
  -1.66000032       9.48770344E-03
  -1.64000034       2.85619870E-02
  -1.62000036       5.74073344E-02
  -1.60000038       6.52989652E-03
  -1.58000040       3.08055189E-02
  -1.56000042       3.99307869E-02
  -1.54000044       1.28265554E-02
  -1.52000046       1.70802902E-02
  -1.50000048       3.55136804E-02
  -1.48000050       2.13554297E-02
  -1.46000051       1.07517205E-02
  -1.44000053       4.15680856E-02
  -1.42000055       1.52816363E-02
  -1.40000057       1.54891722E-02
  -1.38000059       2.79011987E-02
  -1.36000061       1.73139349E-02
  -1.34000063       1.27604473E-02
  -1.32000065       2.14709975E-02
  -1.30000067       2.40051318E-02
  -1.28000069       7.49285473E-03
  -1.26000071       2.57609785E-02
  -1.24000072       1.71960406E-02
  -1.22000074       1.13371657E-02
  -1.20000076       1.85797326E-02
  -1.18000078       1.55796977E-02
  -1.16000080       1.30743627E-02
  -1.14000082       1.26337474E-02
  -1.12000084       1.99408047E-02
  -1.10000086       8.60312488E-03
  -1.08000088       1.58281140E-02
  -1.06000090       1.46501856E-02
  -1.04000092       1.02146799E-02
  -1.02000093       1.38510270E-02
  -1.00000095       1.13610746E-02
 -0.980000973       1.28356824E-02
 -0.960000992       9.38570872E-03
 -0.940001011       1.43421274E-02
 -0.920001030       9.15976521E-03
 -0.900001049       1.16274673E-02
 -0.880001068       1.18167019E-02
 -0.860001087       8.94599315E-03
 -0.840001106       1.24250511E-02
 -0.820001125       8.80060997E-03
 -0.800001144       1.12713678E-02
 -0.780001163       9.14880913E-03
 -0.760001183       1.09851016E-02
 -0.740001202       9.30333883E-03
 -0.720001221       1.00473166E-02
 -0.700001240       1.07070832E-02
 -0.680001259       8.15008208E-03
 -0.660001278       1.20805940E-02
 -0.640001297       8.31346586E-03
 -0.620001316       1.02352910E-02
 -0.600001335       9.83893219E-03
 -0.580001354       9.31107439E-03
 -0.560001373       1.01583274E-02
 -0.540001392       9.18651558E-03
 -0.520001411       9.84038040E-03
 -0.500001431       8.17837752E-03
 -0.480001420       1.08200423E-02
 -0.460001409       8.20874702E-03
 -0.440001398       8.61090887E-03
 -0.420001388       8.86699185E-03
 -0.400001377       6.94753230E-03
 -0.380001366       9.17764101E-03
 -0.360001355       6.38015475E-03
 -0.340001345       6.11431431E-03
 -0.320001334       6.08770875E-03
 -0.300001323       5.44766570E-03
 -0.280001312       5.05549787E-03
 -0.260001302       3.40442266E-03
 -0.240001306       3.06939567E-03
 -0.220001310       2.61031766E-03
 -0.200001314       2.86664045E-03
 -0.180001318       1.11791654E-03
 -0.160001323       6.64000516E-04
 -0.140001327       9.50702641E-04
 -0.120001331       4.54233668E-04
 -0.100001335       6.23763190E-04
  -8.00013393E-02   3.63346662E-05
  -6.00013398E-02   3.24113425E-05
  -4.00013402E-02   1.24384052E-04
  -2.00013407E-02   5.76632854E-04
  -1.34110451E-06   7.94807391E-04
   1.99986584E-02   6.49668858E-04
   3.99986580E-02   5.53492282E-04
   5.99986576E-02   1.19427789E-03
   7.99986571E-02   1.48728618E-03
   9.99986529E-02   2.81394809E-03
  0.119998649       3.31431092E-03
  0.139998645       4.95501654E-03
  0.159998640       6.03788905E-03
  0.179998636       7.59947207E-03
  0.199998632       9.17804055E-03
  0.219998628       1.09696779E-02
  0.239998624       1.26987593E-02
  0.259998620       1.50044709E-02
  0.279998630       1.68780312E-02
  0.299998641       1.93231571E-02
  0.319998652       2.17643771E-02
  0.339998662       2.43438035E-02
  0.359998673       2.72983946E-02
  0.379998684       3.02574150E-02
  0.399998695       3.33388075E-02
  0.419998705       3.69328111E-02
  0.439998716       4.06163372E-02
  0.459998727       4.42257822E-02
  0.479998738       4.87922281E-02
  0.499998748       5.31770177E-02
  0.519998729       5.68264313E-02
  0.539998710       6.38144314E-02
  0.559998691       6.70547932E-02
  0.579998672       7.30544850E-02
  0.599998653       8.11296925E-02
  0.619998634       8.28453004E-02
  0.639998615       9.35614333E-02
  0.659998596       9.91722867E-02
  0.679998577      0.103999555    
  0.699998558      0.115931459    
  0.719998538      0.120545194    
  0.739998519      0.129033446    
  0.759998500      0.139242634    
  0.779998481      0.147973865    
  0.799998462      0.155071348    
  0.819998443      0.167731673    
  0.839998424      0.177809402    
  0.859998405      0.183145046    
  0.879998386      0.202239469    
  0.899998367      0.207675025    
  0.919998348      0.218697131    
  0.939998329      0.236826450    
  0.959998310      0.240435913    
  0.979998291      0.259982735    
  0.999998271      0.269564152    
   1.01999831      0.282773823    
   1.03999829      0.299124807    
   1.05999827      0.305552840    
   1.07999825      0.330088705    
   1.09999824      0.333938569    
   1.11999822      0.352827400    
   1.13999820      0.372672826    
   1.15999818      0.370973319    
   1.17999816      0.405291080    
   1.19999814      0.405777901    
   1.21999812      0.420492917    
   1.23999810      0.452437788    
   1.25999808      0.439971924    
   1.27999806      0.476240098    
   1.29999804      0.482947022    
   1.31999803      0.487982482    
   1.33999801      0.525462627    
   1.35999799      0.507788062    
   1.37999797      0.548020780    
   1.39999795      0.552189946    
   1.41999793      0.544271350    
   1.43999791      0.600697219    
   1.45999789      0.567498088    
   1.47999787      0.600975156    
   1.49999785      0.622469068    
   1.51999784      0.590875864    
   1.53999782      0.655638039    
   1.55999780      0.619116187    
   1.57999778      0.640276253    
   1.59999776      0.678087056    
   1.61999774      0.620696604    
   1.63999772      0.696673214    
   1.65999770      0.659573615    
   1.67999768      0.652462423    
   1.69999766      0.719773650    
   1.71999764      0.633535624    
   1.73999763      0.705309987    
   1.75999761      0.688579261    
   1.77999759      0.642626047    
   1.79999757      0.736208856    
   1.81999755      0.633741260    
   1.83999753      0.691160321    
   1.85999751      0.702540636    
   1.87999749      0.607262492    
   1.89999747      0.731306374    
   1.91999745      0.626226544    
   1.93999743      0.638183117    
   1.95999742      0.697142124    
   1.97999740      0.565763056    
   1.99999738      0.694220245    
   2.01999736      0.597982824    
   2.03999734      0.566986322    
   2.05999732      0.685756385    
   2.07999730      0.508040369    
   2.09999728      0.615993083    
   2.11999726      0.573970079    
   2.13999724      0.489753604    
   2.15999722      0.635235190    
   2.17999721      0.440583676    
   2.19999719      0.537748754    
   2.21999717      0.549640834    
   2.23999715      0.387409419    
   2.25999713      0.564418614    
   2.27999711      0.397717983    
   2.29999709      0.439697891    
   2.31999707      0.491887271    
   2.33999705      0.301792383    
   2.35999703      0.505361974    
   2.37999701      0.346847534    
   2.39999700      0.325163007    
   2.41999698      0.449522018    
   2.43999696      0.239204034    
   2.45999694      0.408095479    
   2.47999692      0.287069291    
   2.49999690      0.249287695    
   2.51999688      0.406679571    
   2.53999686      0.162512451    
   2.55999684      0.324001372    
   2.57999682      0.263459891    
   2.59999681      0.170433864    
   2.61999679      0.324004084    
   2.63999677      0.112452954    
   2.65999675      0.275372803    
   2.67999673      0.219314367    
   2.69999671      0.100304559    
   2.71999669      0.286175340    
   2.73999667       8.55174586E-02
   2.75999665      0.194101050    
   2.77999663      0.158368707    
   2.79999661       7.96946660E-02
   2.81999660      0.251094878    
   2.83999658       4.08159792E-02
   2.85999656      0.159968227    
   2.87999654      0.142688245    
   2.89999652       4.61353324E-02
   2.91999650      0.174148753    
   2.93999648       1.78890396E-02
   2.95999646      0.158507809    
   2.97999644      0.101420008    
   2.99999642       3.37289274E-02
   3.01999640      0.160476744    
   3.03999639       1.06352540E-02
   3.05999637      0.110875882    
   3.07999635       4.42509800E-02
   3.09999633       5.63856177E-02
