  -2.00000000      0.101850316    
  -1.98000002       1.72316581E-02
  -1.96000004       4.14071083E-02
  -1.94000006      0.115771592    
  -1.92000008       1.74512211E-02
  -1.90000010       3.16331275E-02
  -1.88000011       7.90630579E-02
  -1.86000013       2.49755774E-02
  -1.84000015       8.25911760E-03
  -1.82000017       7.17678368E-02
  -1.80000019       4.76732254E-02
  -1.78000021       4.21236735E-03
  -1.76000023       7.44194835E-02
  -1.74000025       3.74680869E-02
  -1.72000027       6.78511988E-03
  -1.70000029       4.30721492E-02
  -1.68000031       4.04719114E-02
  -1.66000032       6.96898252E-03
  -1.64000034       3.43517847E-02
  -1.62000036       5.38600758E-02
  -1.60000038       4.12936835E-03
  -1.58000040       3.68635096E-02
  -1.56000042       3.80154364E-02
  -1.54000044       1.03574544E-02
  -1.52000046       2.08918490E-02
  -1.50000048       3.49501111E-02
  -1.48000050       1.70829277E-02
  -1.46000051       1.42099680E-02
  -1.44000053       4.18879353E-02
  -1.42000055       1.17115323E-02
  -1.40000057       1.88165009E-02
  -1.38000059       2.84940582E-02
  -1.36000061       1.48206921E-02
  -1.34000063       1.37569467E-02
  -1.32000065       2.30490416E-02
  -1.30000067       2.10171081E-02
  -1.28000069       8.21872894E-03
  -1.26000071       2.76760384E-02
  -1.24000072       1.47995828E-02
  -1.22000074       1.22870216E-02
  -1.20000076       1.95439607E-02
  -1.18000078       1.45842973E-02
  -1.16000080       1.25118261E-02
  -1.14000082       1.39518874E-02
  -1.12000084       1.89613868E-02
  -1.10000086       8.03059712E-03
  -1.08000088       1.72076412E-02
  -1.06000090       1.35631356E-02
  -1.04000092       1.04544396E-02
  -1.02000093       1.40428329E-02
  -1.00000095       1.12788156E-02
 -0.980000973       1.24492366E-02
 -0.960000992       9.71046090E-03
 -0.940001011       1.42696612E-02
 -0.920001030       8.67952034E-03
 -0.900001049       1.22848405E-02
 -0.880001068       1.11211054E-02
 -0.860001087       9.36267432E-03
 -0.840001106       1.22598875E-02
 -0.820001125       8.68462585E-03
 -0.800001144       1.14578577E-02
 -0.780001163       8.97649396E-03
 -0.760001183       1.10702300E-02
 -0.740001202       9.10410378E-03
 -0.720001221       1.03950417E-02
 -0.700001240       1.01347882E-02
 -0.680001259       8.61883536E-03
 -0.660001278       1.19353104E-02
 -0.640001297       7.99723156E-03
 -0.620001316       1.07620126E-02
 -0.600001335       9.38481372E-03
 -0.580001354       9.50753503E-03
 -0.560001373       1.01391887E-02
 -0.540001392       9.19831358E-03
 -0.520001411       9.63728689E-03
 -0.500001431       8.39752145E-03
 -0.480001420       1.07066957E-02
 -0.460001409       7.92564824E-03
 -0.440001398       9.05643776E-03
 -0.420001388       8.31039995E-03
 -0.400001377       7.21861795E-03
 -0.380001366       9.13923793E-03
 -0.360001355       6.03803759E-03
 -0.340001345       6.39815070E-03
 -0.320001334       5.82696032E-03
 -0.300001323       5.43348305E-03
 -0.280001312       5.01331408E-03
 -0.260001302       3.31019470E-03
 -0.240001306       2.97721662E-03
 -0.220001310       2.62958626E-03
 -0.200001314       2.74644140E-03
 -0.180001318       1.02940050E-03
 -0.160001323       7.24639278E-04
 -0.140001327       8.07752600E-04
 -0.120001331       5.14966028E-04
 -0.100001335       5.35812054E-04
  -8.00013393E-02   7.89078258E-05
  -6.00013398E-02   2.50966241E-05
  -4.00013402E-02   7.66657031E-05
  -2.00013407E-02   6.78923039E-04
  -1.34110451E-06   6.98435470E-04
   1.99986584E-02   7.42393138E-04
   3.99986580E-02   4.48753999E-04
   5.99986576E-02   1.30214379E-03
   7.99986571E-02   1.36644195E-03
   9.99986529E-02   2.88301636E-03
  0.119998649       3.24135460E-03
  0.139998645       4.93140519E-03
  0.159998640       5.99616813E-03
  0.179998636       7.53971096E-03
  0.199998632       9.11252573E-03
  0.219998628       1.08756712E-02
  0.239998624       1.26459701E-02
  0.259998620       1.48057016E-02
  0.279998630       1.68901552E-02
  0.299998641       1.90425925E-02
  0.319998652       2.17286814E-02
  0.339998662       2.41049491E-02
  0.359998673       2.70913746E-02
  0.379998684       3.01286466E-02
  0.399998695       3.29860672E-02
  0.419998705       3.67927030E-02
  0.439998716       4.02041636E-02
  0.459998727       4.40516770E-02
  0.479998738       4.82906252E-02
  0.499998748       5.29022142E-02
  0.519998729       5.65324798E-02
  0.539998710       6.29106164E-02
  0.559998691       6.73038140E-02
  0.579998672       7.18398318E-02
  0.599998653       8.07677805E-02
  0.619998634       8.28115568E-02
  0.639998615       9.17912871E-02
  0.659998596       9.94602814E-02
  0.679998577      0.103003144    
  0.699998558      0.114544094    
  0.719998538      0.120537892    
  0.739998519      0.127846748    
  0.759998500      0.137749940    
  0.779998481      0.147630855    
  0.799998462      0.154096454    
  0.819998443      0.165401816    
  0.839998424      0.178195640    
  0.859998405      0.181243613    
  0.879998386      0.199804679    
  0.899998367      0.208494082    
  0.919998348      0.215378553    
  0.939998329      0.235696837    
  0.959998310      0.239892572    
  0.979998291      0.256770313    
  0.999998271      0.268909037    
   1.01999831      0.280346274    
   1.03999829      0.297911137    
   1.05999827      0.303103238    
   1.07999825      0.327866256    
   1.09999824      0.333419710    
   1.11999822      0.348046362    
   1.13999820      0.373237103    
   1.15999818      0.368104994    
   1.17999816      0.400671750    
   1.19999814      0.407921940    
   1.21999812      0.414323539    
   1.23999810      0.450980961    
   1.25999808      0.439743131    
   1.27999806      0.470263124    
   1.29999804      0.483823419    
   1.31999803      0.483156651    
   1.33999801      0.524398208    
   1.35999799      0.506271601    
   1.37999797      0.541010261    
   1.39999795      0.556268156    
   1.41999793      0.537977636    
   1.43999791      0.597140849    
   1.45999789      0.570547044    
   1.47999787      0.592511833    
   1.49999785      0.624454200    
   1.51999784      0.586886823    
   1.53999782      0.651681185    
   1.55999780      0.623148739    
   1.57999778      0.630914807    
   1.59999776      0.681506038    
   1.61999774      0.619323671    
   1.63999772      0.689368427    
   1.65999770      0.665605009    
   1.67999768      0.643880546    
   1.69999766      0.721376359    
   1.71999764      0.635168135    
   1.73999763      0.696520686    
   1.75999761      0.696548581    
   1.77999759      0.636759818    
   1.79999757      0.735450625    
   1.81999755      0.638368487    
   1.83999753      0.682841837    
   1.85999751      0.711543858    
   1.87999749      0.602966845    
   1.89999747      0.727046371    
   1.91999745      0.635499954    
   1.93999743      0.631263554    
   1.95999742      0.701811135    
   1.97999740      0.564208269    
   1.99999738      0.691704035    
   2.01999736      0.609154463    
   2.03999734      0.558477283    
   2.05999732      0.688196242    
   2.07999730      0.513325691    
   2.09999728      0.612691700    
   2.11999726      0.581133783    
   2.13999724      0.485338777    
   2.15999722      0.639581442    
   2.17999721      0.446301222    
   2.19999719      0.532841265    
   2.21999717      0.557450652    
   2.23999715      0.387810111    
   2.25999713      0.564920545    
   2.27999711      0.402022451    
   2.29999709      0.440220565    
   2.31999707      0.498176008    
   2.33999705      0.300813079    
   2.35999703      0.506797254    
   2.37999701      0.352874219    
   2.39999700      0.326439440    
   2.41999698      0.450279087    
   2.43999696      0.240485683    
   2.45999694      0.414016962    
   2.47999692      0.288557500    
   2.49999690      0.251658022    
   2.51999688      0.409868270    
   2.53999686      0.164018631    
   2.55999684      0.327851534    
   2.57999682      0.260588527    
   2.59999681      0.177518666    
   2.61999679      0.327106774    
   2.63999677      0.110554256    
   2.65999675      0.283267647    
   2.67999673      0.216168299    
   2.69999671      0.106419958    
   2.71999669      0.286163986    
   2.73999667       8.32079574E-02
   2.75999665      0.204834387    
   2.77999663      0.151147470    
   2.79999661       8.74312744E-02
   2.81999660      0.253666222    
   2.83999658       3.77178453E-02
   2.85999656      0.169153720    
   2.87999654      0.132696331    
   2.89999652       5.52143343E-02
   2.91999650      0.173778832    
   2.93999648       1.51426382E-02
   2.95999646      0.171021640    
   2.97999644       9.20831263E-02
   2.99999642       4.26984914E-02
   3.01999640      0.155400500    
   3.03999639       8.54371767E-03
   3.05999637      0.120179452    
   3.07999635       3.49685736E-02
   3.09999633       6.99382201E-02
