  -2.00000000       9.71948802E-02
  -1.98000002       1.16073284E-02
  -1.96000004       4.88657542E-02
  -1.94000006      0.114602581    
  -1.92000008       1.27120903E-02
  -1.90000010       3.98530215E-02
  -1.88000011       8.05463865E-02
  -1.86000013       1.88484509E-02
  -1.84000015       1.26697794E-02
  -1.82000017       7.35814348E-02
  -1.80000019       4.02501598E-02
  -1.78000021       7.54491100E-03
  -1.76000023       7.87888095E-02
  -1.74000025       3.20963562E-02
  -1.72000027       9.25208814E-03
  -1.70000029       4.76552211E-02
  -1.68000031       3.57850008E-02
  -1.66000032       6.03971165E-03
  -1.64000034       3.89606431E-02
  -1.62000036       4.99497242E-02
  -1.60000038       3.06077139E-03
  -1.58000040       4.18786705E-02
  -1.56000042       3.56266350E-02
  -1.54000044       9.13887750E-03
  -1.52000046       2.42590122E-02
  -1.50000048       3.36486548E-02
  -1.48000050       1.41560715E-02
  -1.46000051       1.74140558E-02
  -1.44000053       4.11181785E-02
  -1.42000055       9.20263678E-03
  -1.40000057       2.20376775E-02
  -1.38000059       2.81634890E-02
  -1.36000061       1.29959257E-02
  -1.34000063       1.52175222E-02
  -1.32000065       2.37204880E-02
  -1.30000067       1.84214674E-02
  -1.28000069       9.49616358E-03
  -1.26000071       2.87109483E-02
  -1.24000072       1.26656070E-02
  -1.22000074       1.36230532E-02
  -1.20000076       2.00965796E-02
  -1.18000078       1.35531602E-02
  -1.16000080       1.24094551E-02
  -1.14000082       1.49894012E-02
  -1.12000084       1.78164802E-02
  -1.10000086       7.88916089E-03
  -1.08000088       1.82620548E-02
  -1.06000090       1.25020025E-02
  -1.04000092       1.08224470E-02
  -1.02000093       1.41730346E-02
  -1.00000095       1.11659691E-02
 -0.980000973       1.21493991E-02
 -0.960000992       1.00689754E-02
 -0.940001011       1.41181229E-02
 -0.920001030       8.38534720E-03
 -0.900001049       1.27802705E-02
 -0.880001068       1.05511537E-02
 -0.860001087       9.73599963E-03
 -0.840001106       1.19942883E-02
 -0.820001125       8.71068798E-03
 -0.800001144       1.15371980E-02
 -0.780001163       8.84896610E-03
 -0.760001183       1.11987125E-02
 -0.740001202       8.95643048E-03
 -0.720001221       1.06001217E-02
 -0.700001240       9.71451681E-03
 -0.680001259       9.02635884E-03
 -0.660001278       1.16578359E-02
 -0.640001297       7.95115717E-03
 -0.620001316       1.10948728E-02
 -0.600001335       8.97684693E-03
 -0.580001354       9.77175031E-03
 -0.560001373       1.00028394E-02
 -0.540001392       9.22604464E-03
 -0.520001411       9.54810996E-03
 -0.500001431       8.56226962E-03
 -0.480001420       1.05389124E-02
 -0.460001409       7.81627465E-03
 -0.440001398       9.28948261E-03
 -0.420001388       7.89249409E-03
 -0.400001377       7.55571621E-03
 -0.380001366       8.91671143E-03
 -0.360001355       5.88591816E-03
 -0.340001345       6.58799428E-03
 -0.320001334       5.56483353E-03
 -0.300001323       5.52403228E-03
 -0.280001312       4.89821145E-03
 -0.260001302       3.23327701E-03
 -0.240001306       2.94352160E-03
 -0.220001310       2.62653921E-03
 -0.200001314       2.63357628E-03
 -0.180001318       9.88845015E-04
 -0.160001323       7.49070954E-04
 -0.140001327       7.02181482E-04
 -0.120001331       5.72845922E-04
 -0.100001335       4.51825355E-04
  -8.00013393E-02   1.16030889E-04
  -6.00013398E-02   1.75038240E-05
  -4.00013402E-02   4.81388306E-05
  -2.00013407E-02   7.33502617E-04
  -1.34110451E-06   6.59371784E-04
   1.99986584E-02   7.79924507E-04
   3.99986580E-02   3.97000724E-04
   5.99986576E-02   1.34261465E-03
   7.99986571E-02   1.32551754E-03
   9.99986529E-02   2.86751916E-03
  0.119998649       3.26017663E-03
  0.139998645       4.83172247E-03
  0.159998640       6.04161341E-03
  0.179998636       7.41169835E-03
  0.199998632       9.13725328E-03
  0.219998628       1.07236337E-02
  0.239998624       1.26634454E-02
  0.259998620       1.46097951E-02
  0.279998630       1.68860033E-02
  0.299998641       1.88788418E-02
  0.319998652       2.15844382E-02
  0.339998662       2.40490325E-02
  0.359998673       2.67853979E-02
  0.379998684       3.01142223E-02
  0.399998695       3.26736867E-02
  0.419998705       3.66241932E-02
  0.439998716       3.99781652E-02
  0.459998727       4.37574685E-02
  0.479998738       4.80352603E-02
  0.499998748       5.25374115E-02
  0.519998729       5.63675240E-02
  0.539998710       6.21989295E-02
  0.559998691       6.73219338E-02
  0.579998672       7.11512715E-02
  0.599998653       8.01407248E-02
  0.619998634       8.29457641E-02
  0.639998615       9.04626548E-02
  0.659998596       9.93159711E-02
  0.679998577      0.102565810    
  0.699998558      0.113285221    
  0.719998538      0.120274603    
  0.739998519      0.127265021    
  0.759998500      0.136375159    
  0.779998481      0.147007644    
  0.799998462      0.153884664    
  0.819998443      0.163161159    
  0.839998424      0.178146005    
  0.859998405      0.180551022    
  0.879998386      0.197065875    
  0.899998367      0.209145233    
  0.919998348      0.213337064    
  0.939998329      0.233959928    
  0.959998310      0.239812583    
  0.979998291      0.254236966    
  0.999998271      0.268013865    
   1.01999831      0.278615952    
   1.03999829      0.296876639    
   1.05999827      0.300954521    
   1.07999825      0.325809181    
   1.09999824      0.333803922    
   1.11999822      0.343541563    
   1.13999820      0.372933686    
   1.15999818      0.367207110    
   1.17999816      0.396062076    
   1.19999814      0.409549028    
   1.21999812      0.409945428    
   1.23999810      0.448476642    
   1.25999808      0.440312564    
   1.27999806      0.465884358    
   1.29999804      0.484289199    
   1.31999803      0.478652894    
   1.33999801      0.522686064    
   1.35999799      0.506496906    
   1.37999797      0.534754097    
   1.39999795      0.559669912    
   1.41999793      0.534144044    
   1.43999791      0.592017472    
   1.45999789      0.572688341    
   1.47999787      0.585999548    
   1.49999785      0.626349807    
   1.51999784      0.584947407    
   1.53999782      0.647786379    
   1.55999780      0.627471745    
   1.57999778      0.622611046    
   1.59999776      0.681826055    
   1.61999774      0.618743658    
   1.63999772      0.682616889    
   1.65999770      0.670849442    
   1.67999768      0.637773037    
   1.69999766      0.722944140    
   1.71999764      0.639038026    
   1.73999763      0.689079583    
   1.75999761      0.702832520    
   1.77999759      0.632912576    
   1.79999757      0.733683765    
   1.81999755      0.641835809    
   1.83999753      0.674094498    
   1.85999751      0.717843235    
   1.87999749      0.599913538    
   1.89999747      0.720988035    
   1.91999745      0.641899645    
   1.93999743      0.625356615    
   1.95999742      0.705175936    
   1.97999740      0.562555730    
   1.99999738      0.687480271    
   2.01999736      0.618340909    
   2.03999734      0.551995575    
   2.05999732      0.688729286    
   2.07999730      0.516879559    
   2.09999728      0.609177291    
   2.11999726      0.586928487    
   2.13999724      0.481223941    
   2.15999722      0.641690671    
   2.17999721      0.450603276    
   2.19999719      0.528007686    
   2.21999717      0.563540995    
   2.23999715      0.388312578    
   2.25999713      0.564973593    
   2.27999711      0.405327737    
   2.29999709      0.440875620    
   2.31999707      0.504578888    
   2.33999705      0.300609916    
   2.35999703      0.507567048    
   2.37999701      0.357513964    
   2.39999700      0.327909350    
   2.41999698      0.451049328    
   2.43999696      0.241184339    
   2.45999694      0.418539613    
   2.47999692      0.289781630    
   2.49999690      0.253690779    
   2.51999688      0.412754923    
   2.53999686      0.165661395    
   2.55999684      0.331035972    
   2.57999682      0.257642895    
   2.59999681      0.183335721    
   2.61999679      0.329831362    
   2.63999677      0.109433919    
   2.65999675      0.289800227    
   2.67999673      0.213315457    
   2.69999671      0.111653604    
   2.71999669      0.285441697    
   2.73999667       8.16950873E-02
   2.75999665      0.214116558    
   2.77999663      0.145306140    
   2.79999661       9.41974148E-02
   2.81999660      0.254684687    
   2.83999658       3.56286950E-02
   2.85999656      0.176527083    
   2.87999654      0.124264374    
   2.89999652       6.37187511E-02
   2.91999650      0.172804356    
   2.93999648       1.38890613E-02
   2.95999646      0.180493161    
   2.97999644       8.39108974E-02
   2.99999642       5.08391224E-02
   3.01999640      0.150089130    
   3.03999639       8.36667139E-03
   3.05999637      0.127237529    
   3.07999635       2.77916845E-02
   3.09999633       8.14903378E-02
