  -2.00000000       8.78128335E-02
  -1.98000002       4.71302494E-03
  -1.96000004       6.07408732E-02
  -1.94000006      0.109675124    
  -1.92000008       6.46895636E-03
  -1.90000010       5.42552769E-02
  -1.88000011       8.08050185E-02
  -1.86000013       1.04128579E-02
  -1.84000015       2.15759668E-02
  -1.82000017       7.42855892E-02
  -1.80000019       2.88285725E-02
  -1.78000021       1.46325668E-02
  -1.76000023       8.31827745E-02
  -1.74000025       2.32303850E-02
  -1.72000027       1.56547017E-02
  -1.70000029       5.33618033E-02
  -1.68000031       2.74700392E-02
  -1.66000032       7.00013479E-03
  -1.64000034       4.52822894E-02
  -1.62000036       4.21288274E-02
  -1.60000038       3.35030467E-03
  -1.58000040       4.93976474E-02
  -1.56000042       3.05136163E-02
  -1.54000044       8.95341020E-03
  -1.52000046       2.96225883E-02
  -1.50000048       3.02837621E-02
  -1.48000050       1.09116370E-02
  -1.46000051       2.26492546E-02
  -1.44000053       3.82115990E-02
  -1.42000055       6.47060666E-03
  -1.40000057       2.74061598E-02
  -1.38000059       2.61153914E-02
  -1.36000061       1.10870609E-02
  -1.34000063       1.82623211E-02
  -1.32000065       2.33870260E-02
  -1.30000067       1.46776875E-02
  -1.28000069       1.25273289E-02
  -1.26000071       2.89116092E-02
  -1.24000072       9.46032163E-03
  -1.22000074       1.66992620E-02
  -1.20000076       2.01343205E-02
  -1.18000078       1.18321283E-02
  -1.16000080       1.30773531E-02
  -1.14000082       1.62281245E-02
  -1.12000084       1.55401621E-02
  -1.10000086       8.47620517E-03
  -1.08000088       1.95744075E-02
  -1.06000090       1.05950190E-02
  -1.04000092       1.18621029E-02
  -1.02000093       1.42721124E-02
  -1.00000095       1.08164083E-02
 -0.980000973       1.17762899E-02
 -0.960000992       1.07503347E-02
 -0.940001011       1.35556599E-02
 -0.920001030       8.13376158E-03
 -0.900001049       1.35231828E-02
 -0.880001068       9.65524465E-03
 -0.860001087       1.03902277E-02
 -0.840001106       1.15316315E-02
 -0.820001125       8.91147647E-03
 -0.800001144       1.14304004E-02
 -0.780001163       8.76176450E-03
 -0.760001183       1.13521265E-02
 -0.740001202       8.69231205E-03
 -0.720001221       1.09350141E-02
 -0.700001240       9.18150414E-03
 -0.680001259       9.63905454E-03
 -0.660001278       1.10884681E-02
 -0.640001297       8.12998414E-03
 -0.620001316       1.12926904E-02
 -0.600001335       8.47856514E-03
 -0.580001354       1.02870092E-02
 -0.560001373       9.62485652E-03
 -0.540001392       9.39789973E-03
 -0.520001411       9.35267098E-03
 -0.500001431       8.77052359E-03
 -0.480001420       1.02950865E-02
 -0.460001409       7.80376326E-03
 -0.440001398       9.44603328E-03
 -0.420001388       7.36391451E-03
 -0.400001377       8.07469804E-03
 -0.380001366       8.39724019E-03
 -0.360001355       5.93128474E-03
 -0.340001345       6.66914321E-03
 -0.320001334       5.17073879E-03
 -0.300001323       5.75412577E-03
 -0.280001312       4.59962059E-03
 -0.260001302       3.20412731E-03
 -0.240001306       2.86996830E-03
 -0.220001310       2.57816608E-03
 -0.200001314       2.49793101E-03
 -0.180001318       9.44023021E-04
 -0.160001323       7.46343401E-04
 -0.140001327       5.68814576E-04
 -0.120001331       6.50148140E-04
 -0.100001335       3.35851131E-04
  -8.00013393E-02   1.63714969E-04
  -6.00013398E-02   8.55815779E-06
  -4.00013402E-02   3.53065698E-05
  -2.00013407E-02   7.43434706E-04
  -1.34110451E-06   6.94050686E-04
   1.99986584E-02   7.45247176E-04
   3.99986580E-02   4.03649901E-04
   5.99986576E-02   1.28861482E-03
   7.99986571E-02   1.40293117E-03
   9.99986529E-02   2.67761108E-03
  0.119998649       3.45454435E-03
  0.139998645       4.52470081E-03
  0.159998640       6.23132195E-03
  0.179998636       7.13047711E-03
  0.199998632       9.21350159E-03
  0.219998628       1.04962420E-02
  0.239998624       1.26207080E-02
  0.259998620       1.44367386E-02
  0.279998630       1.66805349E-02
  0.299998641       1.88542847E-02
  0.319998652       2.11335085E-02
  0.339998662       2.41131820E-02
  0.359998673       2.62709949E-02
  0.379998684       2.99714766E-02
  0.399998695       3.24256979E-02
  0.419998705       3.60455029E-02
  0.439998716       3.99134830E-02
  0.459998727       4.30870503E-02
  0.479998738       4.77142297E-02
  0.499998748       5.19977547E-02
  0.519998729       5.59544787E-02
  0.539998710       6.13428764E-02
  0.559998691       6.69901222E-02
  0.579998672       7.04220831E-02
  0.599998653       7.89556205E-02
  0.619998634       8.30268264E-02
  0.639998615       8.88051763E-02
  0.659998596       9.85908210E-02
  0.679998577      0.102058582    
  0.699998558      0.111582138    
  0.719998538      0.119338326    
  0.739998519      0.126555473    
  0.759998500      0.134662822    
  0.779998481      0.145109832    
  0.799998462      0.154132232    
  0.819998443      0.160000220    
  0.839998424      0.176745206    
  0.859998405      0.180852607    
  0.879998386      0.192280337    
  0.899998367      0.209263265    
  0.919998348      0.211717233    
  0.939998329      0.230062857    
  0.959998310      0.239545792    
  0.979998291      0.251219630    
  0.999998271      0.266022533    
   1.01999831      0.275373936    
   1.03999829      0.295769840    
   1.05999827      0.298326284    
   1.07999825      0.320837498    
   1.09999824      0.335310698    
   1.11999822      0.337100118    
   1.13999820      0.370580316    
   1.15999818      0.368013233    
   1.17999816      0.387546033    
   1.19999814      0.410691559    
   1.21999812      0.405676782    
   1.23999810      0.443556011    
   1.25999808      0.440924615    
   1.27999806      0.458364487    
   1.29999804      0.485134244    
   1.31999803      0.472639292    
   1.33999801      0.518680155    
   1.35999799      0.509286344    
   1.37999797      0.523184419    
   1.39999795      0.562020004    
   1.41999793      0.531133950    
   1.43999791      0.583444178    
   1.45999789      0.576965868    
   1.47999787      0.576411843    
   1.49999785      0.628151715    
   1.51999784      0.582371771    
   1.53999782      0.637628138    
   1.55999780      0.635055244    
   1.57999778      0.612011254    
   1.59999776      0.681033790    
   1.61999774      0.620802343    
   1.63999772      0.672271430    
   1.65999770      0.679667413    
   1.67999768      0.627717137    
   1.69999766      0.721013844    
   1.71999764      0.646283865    
   1.73999763      0.675442517    
   1.75999761      0.709836721    
   1.77999759      0.627900124    
   1.79999757      0.730504215    
   1.81999755      0.649851799    
   1.83999753      0.660011053    
   1.85999751      0.728049755    
   1.87999749      0.600062430    
   1.89999747      0.711741090    
   1.91999745      0.652694046    
   1.93999743      0.617738485    
   1.95999742      0.712700009    
   1.97999740      0.562862396    
   1.99999738      0.679260671    
   2.01999736      0.634137809    
   2.03999734      0.544814646    
   2.05999732      0.690165520    
   2.07999730      0.523620665    
   2.09999728      0.603992105    
   2.11999726      0.597952485    
   2.13999724      0.476553559    
   2.15999722      0.645594358    
   2.17999721      0.458840132    
   2.19999719      0.520490468    
   2.21999717      0.573337018    
   2.23999715      0.390475690    
   2.25999713      0.565221369    
   2.27999711      0.409344137    
   2.29999709      0.440441191    
   2.31999707      0.514897883    
   2.33999705      0.300771564    
   2.35999703      0.507513940    
   2.37999701      0.364072710    
   2.39999700      0.330809802    
   2.41999698      0.453430146    
   2.43999696      0.242659077    
   2.45999694      0.426052094    
   2.47999692      0.291606456    
   2.49999690      0.256268859    
   2.51999688      0.416544229    
   2.53999686      0.168817788    
   2.55999684      0.336759686    
   2.57999682      0.252794296    
   2.59999681      0.192570850    
   2.61999679      0.333824635    
   2.63999677      0.108119570    
   2.65999675      0.300069362    
   2.67999673      0.208823577    
   2.69999671      0.120525680    
   2.71999669      0.282944798    
   2.73999667       7.98155144E-02
   2.75999665      0.229161605    
   2.77999663      0.136394426    
   2.79999661      0.105832756    
   2.81999660      0.254532188    
   2.83999658       3.33253443E-02
   2.85999656      0.187251240    
   2.87999654      0.110584497    
   2.89999652       7.90767372E-02
   2.91999650      0.170118660    
   2.93999648       1.39196729E-02
   2.95999646      0.193692356    
   2.97999644       7.05719218E-02
   2.99999642       6.47000968E-02
   3.01999640      0.139466420    
   3.03999639       1.11494102E-02
   3.05999637      0.137085512    
   3.07999635       1.77238025E-02
   3.09999633       9.99139547E-02
