  -2.00000000       2.86789481E-02
  -1.98000002       1.80053581E-02
  -1.96000004       9.97369140E-02
  -1.94000006       4.94089313E-02
  -1.92000008       1.26202190E-02
  -1.90000010      0.114097424    
  -1.88000011       4.37160693E-02
  -1.86000013       1.21325618E-02
  -1.84000015       7.68336207E-02
  -1.82000017       3.89876589E-02
  -1.80000019       2.73195608E-03
  -1.78000021       6.22586124E-02
  -1.76000023       5.91993295E-02
  -1.74000025       7.75247696E-04
  -1.72000027       6.80892840E-02
  -1.70000029       4.32697050E-02
  -1.68000031       4.79482906E-03
  -1.66000032       4.12980467E-02
  -1.64000034       3.91985290E-02
  -1.62000036       6.36370573E-03
  -1.60000038       3.39464806E-02
  -1.58000040       5.08504510E-02
  -1.56000042       2.82156118E-03
  -1.54000044       3.95528525E-02
  -1.52000046       3.47003415E-02
  -1.50000048       8.04889295E-03
  -1.48000050       2.36848425E-02
  -1.46000051       3.22091617E-02
  -1.44000053       1.15157012E-02
  -1.42000055       1.89415254E-02
  -1.40000057       3.81565727E-02
  -1.38000059       6.46287762E-03
  -1.36000061       2.41746642E-02
  -1.34000063       2.44630277E-02
  -1.32000065       1.10311871E-02
  -1.30000067       1.57510303E-02
  -1.28000069       2.27516573E-02
  -1.26000071       1.31448964E-02
  -1.24000072       1.25355544E-02
  -1.22000074       2.67626625E-02
  -1.20000076       7.73049938E-03
  -1.18000078       1.71048027E-02
  -1.16000080       1.72593873E-02
  -1.14000082       1.12543786E-02
  -1.12000084       1.20622739E-02
  -1.10000086       1.60460938E-02
  -1.08000088       1.25952307E-02
  -1.06000090       9.35878325E-03
  -1.04000092       1.85543150E-02
  -1.02000093       7.98832253E-03
  -1.00000095       1.31905256E-02
 -0.980000973       1.21274842E-02
 -0.960000992       1.05773360E-02
 -0.940001011       1.06197372E-02
 -0.920001030       1.13258800E-02
 -0.900001049       1.12705566E-02
 -0.880001068       8.54511000E-03
 -0.860001087       1.35396514E-02
 -0.840001106       7.66812963E-03
 -0.820001125       1.18320733E-02
 -0.800001144       9.60498862E-03
 -0.780001163       9.57346801E-03
 -0.760001183       1.06260665E-02
 -0.740001202       9.20455065E-03
 -0.720001221       1.03645539E-02
 -0.700001240       8.69412813E-03
 -0.680001259       1.13978591E-02
 -0.660001278       7.97758903E-03
 -0.640001297       1.12756509E-02
 -0.620001316       9.00114980E-03
 -0.600001335       9.09176376E-03
 -0.580001354       1.10443793E-02
 -0.560001373       8.33233446E-03
 -0.540001392       1.02162436E-02
 -0.520001411       8.42896476E-03
 -0.500001431       9.73274466E-03
 -0.480001420       8.46452918E-03
 -0.460001409       9.40677430E-03
 -0.440001398       7.74022890E-03
 -0.420001388       7.40329269E-03
 -0.400001377       8.87775607E-03
 -0.380001366       6.07370911E-03
 -0.360001355       7.45792501E-03
 -0.340001345       5.02503430E-03
 -0.320001334       5.21661248E-03
 -0.300001323       5.58617106E-03
 -0.280001312       3.55280121E-03
 -0.260001302       3.18014249E-03
 -0.240001306       2.26363353E-03
 -0.220001310       2.50304560E-03
 -0.200001314       1.67028408E-03
 -0.180001318       1.04256091E-03
 -0.160001323       3.40906729E-04
 -0.140001327       4.49029001E-04
 -0.120001331       5.79323387E-04
 -0.100001335       2.66362797E-04
  -8.00013393E-02   1.44250051E-04
  -6.00013398E-02   4.28666317E-05
  -4.00013402E-02   2.36066015E-04
  -2.00013407E-02   4.74903354E-04
  -1.34110451E-06   1.16107543E-03
   1.99986584E-02   3.26255133E-04
   3.99986580E-02   7.84281816E-04
   5.99986576E-02   6.73460192E-04
   7.99986571E-02   1.90944888E-03
   9.99986529E-02   2.04502628E-03
  0.119998649       3.52896843E-03
  0.139998645       4.37728548E-03
  0.159998640       5.53561188E-03
  0.179998636       7.29388418E-03
  0.199998632       8.35596677E-03
  0.219998628       1.02107599E-02
  0.239998624       1.20179988E-02
  0.259998620       1.36121074E-02
  0.279998630       1.60774663E-02
  0.299998641       1.78447384E-02
  0.319998652       2.03639325E-02
  0.339998662       2.26950608E-02
  0.359998673       2.54286435E-02
  0.379998684       2.82269586E-02
  0.399998695       3.11890319E-02
  0.419998705       3.44683826E-02
  0.439998716       3.76938581E-02
  0.459998727       4.15057391E-02
  0.479998738       4.55457307E-02
  0.499998748       4.89264689E-02
  0.519998729       5.44840768E-02
  0.539998710       5.80669418E-02
  0.559998691       6.27128482E-02
  0.579998672       7.02025518E-02
  0.599998653       7.17951432E-02
  0.619998634       8.12065005E-02
  0.639998615       8.60495791E-02
  0.659998596       9.00791287E-02
  0.679998577      0.101533361    
  0.699998558      0.104554884    
  0.719998538      0.113376983    
  0.739998519      0.122017898    
  0.759998500      0.129080743    
  0.779998481      0.136597306    
  0.799998462      0.147484973    
  0.819998443      0.156845599    
  0.839998424      0.161813974    
  0.859998405      0.179019049    
  0.879998386      0.183105037    
  0.899998367      0.194677278    
  0.919998348      0.210317165    
  0.939998329      0.214170456    
  0.959998310      0.232813463    
  0.979998291      0.238819733    
  0.999998271      0.255188584    
   1.01999831      0.266809613    
   1.03999829      0.275084436    
   1.05999827      0.299411684    
   1.07999825      0.297362626    
   1.09999824      0.322737247    
   1.11999822      0.334486395    
   1.13999820      0.339004576    
   1.15999818      0.370992035    
   1.17999816      0.363638729    
   1.19999814      0.394004554    
   1.21999812      0.404767364    
   1.23999810      0.406062275    
   1.25999808      0.446021736    
   1.27999806      0.431796730    
   1.29999804      0.466237903    
   1.31999803      0.475219220    
   1.33999801      0.474613667    
   1.35999799      0.520308018    
   1.37999797      0.492745697    
   1.39999795      0.537946463    
   1.41999793      0.545239449    
   1.43999791      0.530947208    
   1.45999789      0.591139138    
   1.47999787      0.551847816    
   1.49999785      0.595800698    
   1.51999784      0.604513824    
   1.53999782      0.581143916    
   1.55999780      0.651096761    
   1.57999778      0.594192564    
   1.59999776      0.646542370    
   1.61999774      0.656137347    
   1.63999772      0.608320713    
   1.65999770      0.698800743    
   1.67999768      0.625298619    
   1.69999766      0.669372916    
   1.71999764      0.688359380    
   1.73999763      0.623446882    
   1.75999761      0.727389634    
   1.77999759      0.632485628    
   1.79999757      0.678318024    
   1.81999755      0.711041689    
   1.83999753      0.609714866    
   1.85999751      0.734997928    
   1.87999749      0.631273448    
   1.89999747      0.658993781    
   1.91999745      0.705415010    
   1.93999743      0.582618535    
   1.95999742      0.725634575    
   1.97999740      0.599075317    
   1.99999738      0.618616700    
   2.01999736      0.698482692    
   2.03999734      0.531506598    
   2.05999732      0.679660261    
   2.07999730      0.563714325    
   2.09999728      0.573266983    
   2.11999726      0.655248344    
   2.13999724      0.458361834    
   2.15999722      0.644150257    
   2.17999721      0.518874049    
   2.19999719      0.488370121    
   2.21999717      0.603262484    
   2.23999715      0.400776774    
   2.25999713      0.578352630    
   2.27999711      0.440410495    
   2.29999709      0.424064159    
   2.31999707      0.559259295    
   2.33999705      0.311555356    
   2.35999703      0.504340708    
   2.37999701      0.390430123    
   2.39999700      0.350863427    
   2.41999698      0.470094085    
   2.43999696      0.241423965    
   2.45999694      0.461455137    
   2.47999692      0.311208934    
   2.49999690      0.271450281    
   2.51999688      0.421076119    
   2.53999686      0.183172196    
   2.55999684      0.372401118    
   2.57999682      0.230061084    
   2.59999681      0.242317095    
   2.61999679      0.351565659    
   2.63999677      0.108475819    
   2.65999675      0.336647063    
   2.67999673      0.180977345    
   2.69999671      0.180486068    
   2.71999669      0.261732876    
   2.73999667       8.60281587E-02
   2.75999665      0.293325305    
   2.77999663       9.36074331E-02
   2.79999661      0.172700226    
   2.81999660      0.227489740    
   2.83999658       4.92973737E-02
   2.85999656      0.221042052    
   2.87999654       5.20991646E-02
   2.89999652      0.170543715    
   2.91999650      0.130065903    
   2.93999648       5.02175801E-02
   2.95999646      0.221332997    
   2.97999644       2.11248975E-02
   2.99999642      0.134038910    
   3.01999640       6.47792295E-02
   3.03999639       7.52430111E-02
   3.05999637      0.141042545    
   3.07999635       4.58581327E-03
   3.09999633      0.170827508    
