  -2.00000000       6.32753735E-03
  -1.98000002       5.52884415E-02
  -1.96000004       9.46399420E-02
  -1.94000006       1.45808980E-02
  -1.92000008       4.10184488E-02
  -1.90000010      0.118067496    
  -1.88000011       1.61859002E-02
  -1.86000013       4.53436002E-02
  -1.84000015       8.90465006E-02
  -1.82000017       1.15626268E-02
  -1.80000019       2.19032858E-02
  -1.78000021       7.13834614E-02
  -1.76000023       2.60934345E-02
  -1.74000025       1.60086770E-02
  -1.72000027       8.38669613E-02
  -1.70000029       1.87368710E-02
  -1.68000031       2.15255357E-02
  -1.66000032       5.69546372E-02
  -1.64000034       1.75642502E-02
  -1.62000036       1.12468330E-02
  -1.60000038       4.84186038E-02
  -1.58000040       2.81684417E-02
  -1.56000042       8.15306604E-03
  -1.54000044       5.59897199E-02
  -1.52000046       1.78445708E-02
  -1.50000048       1.42033985E-02
  -1.48000050       3.56783271E-02
  -1.46000051       1.90643054E-02
  -1.44000053       9.46463831E-03
  -1.42000055       3.12836580E-02
  -1.40000057       2.43678764E-02
  -1.38000059       7.00960215E-03
  -1.36000061       3.60388942E-02
  -1.34000063       1.41243981E-02
  -1.32000065       1.31315738E-02
  -1.30000067       2.29338780E-02
  -1.28000069       1.61678530E-02
  -1.26000071       9.65572428E-03
  -1.24000072       2.15000082E-02
  -1.22000074       1.88357774E-02
  -1.20000076       7.01580010E-03
  -1.18000078       2.49151867E-02
  -1.16000080       1.13171088E-02
  -1.14000082       1.17501374E-02
  -1.12000084       1.56212728E-02
  -1.10000086       1.38269216E-02
  -1.08000088       9.07533709E-03
  -1.06000090       1.48237059E-02
  -1.04000092       1.48278791E-02
  -1.02000093       7.14026997E-03
  -1.00000095       1.68238617E-02
 -0.980000973       9.22305509E-03
 -0.960000992       1.12826247E-02
 -0.940001011       1.09004024E-02
 -0.920001030       1.14673255E-02
 -0.900001049       9.29915346E-03
 -0.880001068       1.09001864E-02
 -0.860001087       1.16249649E-02
 -0.840001106       7.92366173E-03
 -0.820001125       1.27959484E-02
 -0.800001144       7.82040786E-03
 -0.780001163       1.13083795E-02
 -0.760001183       9.27326456E-03
 -0.740001202       9.96467285E-03
 -0.720001221       9.72734112E-03
 -0.700001240       9.40981321E-03
 -0.680001259       1.04071219E-02
 -0.660001278       8.65975302E-03
 -0.640001297       1.12494249E-02
 -0.620001316       7.71600287E-03
 -0.600001335       1.10730166E-02
 -0.580001354       9.03308019E-03
 -0.560001373       9.49319825E-03
 -0.540001392       9.86867119E-03
 -0.520001411       8.12937226E-03
 -0.500001431       9.96665284E-03
 -0.480001420       8.23898613E-03
 -0.460001409       9.33559611E-03
 -0.440001398       7.09056016E-03
 -0.420001388       8.30623228E-03
 -0.400001377       7.28624128E-03
 -0.380001366       7.01379078E-03
 -0.360001355       6.69851759E-03
 -0.340001345       4.40511480E-03
 -0.320001334       6.07175473E-03
 -0.300001323       4.21003997E-03
 -0.280001312       3.97862820E-03
 -0.260001302       2.77864072E-03
 -0.240001306       1.98611780E-03
 -0.220001310       2.45542638E-03
 -0.200001314       1.43696333E-03
 -0.180001318       8.40213208E-04
 -0.160001323       2.43206363E-04
 -0.140001327       5.18245681E-04
 -0.120001331       2.77983985E-04
 -0.100001335       4.15724004E-04
  -8.00013393E-02   6.57420387E-05
  -6.00013398E-02   7.72086933E-05
  -4.00013402E-02   1.90106090E-04
  -2.00013407E-02   6.56818971E-04
  -1.34110451E-06   9.49180918E-04
   1.99986584E-02   4.95461107E-04
   3.99986580E-02   5.82328648E-04
   5.99986576E-02   9.07905982E-04
   7.99986571E-02   1.43783132E-03
   9.99986529E-02   2.58596963E-03
  0.119998649       2.77972035E-03
  0.139998645       4.87524783E-03
  0.159998640       4.98114619E-03
  0.179998636       7.25124776E-03
  0.199998632       8.22033733E-03
  0.219998628       9.78203956E-03
  0.239998624       1.18361842E-02
  0.259998620       1.32090887E-02
  0.279998630       1.56521834E-02
  0.299998641       1.73790883E-02
  0.319998652       1.99695155E-02
  0.339998662       2.19387449E-02
  0.359998673       2.49430425E-02
  0.379998684       2.74408795E-02
  0.399998695       3.03424355E-02
  0.419998705       3.38237360E-02
  0.439998716       3.64357159E-02
  0.459998727       4.08069640E-02
  0.479998738       4.39251587E-02
  0.499998748       4.83993813E-02
  0.519998729       5.21532223E-02
  0.539998710       5.75068071E-02
  0.559998691       6.09470233E-02
  0.579998672       6.71843812E-02
  0.599998653       7.25799426E-02
  0.619998634       7.61876404E-02
  0.639998615       8.56120959E-02
  0.659998596       8.83944705E-02
  0.679998577       9.65116024E-02
  0.699998558      0.104244679    
  0.719998538      0.109927341    
  0.739998519      0.118054390    
  0.759998500      0.126357615    
  0.779998481      0.135126576    
  0.799998462      0.139890507    
  0.819998443      0.155767128    
  0.839998424      0.159359545    
  0.859998405      0.168907270    
  0.879998386      0.185596585    
  0.899998367      0.186044946    
  0.919998348      0.204408646    
  0.939998329      0.212806150    
  0.959998310      0.223612562    
  0.979998291      0.236199096    
  0.999998271      0.245827645    
   1.01999831      0.265283436    
   1.03999829      0.265042365    
   1.05999827      0.291506290    
   1.07999825      0.298907936    
   1.09999824      0.304039717    
   1.11999822      0.336696386    
   1.13999820      0.328739882    
   1.15999818      0.357792348    
   1.17999816      0.368359476    
   1.19999814      0.372727543    
   1.21999812      0.405654162    
   1.23999810      0.395341367    
   1.25999808      0.432832450    
   1.27999806      0.434396386    
   1.29999804      0.443280965    
   1.31999803      0.481444001    
   1.33999801      0.456631243    
   1.35999799      0.507466495    
   1.37999797      0.502895176    
   1.39999795      0.505994618    
   1.41999793      0.553537011    
   1.43999791      0.518008292    
   1.45999789      0.573999345    
   1.47999787      0.560481191    
   1.49999785      0.564951241    
   1.51999784      0.618884921    
   1.53999782      0.564347029    
   1.55999780      0.634652615    
   1.57999778      0.610877156    
   1.59999776      0.608877420    
   1.61999774      0.671737373    
   1.63999772      0.594798267    
   1.65999770      0.679819822    
   1.67999768      0.647249877    
   1.69999766      0.633559346    
   1.71999764      0.706938505    
   1.73999763      0.612817109    
   1.75999761      0.710999370    
   1.77999759      0.659285426    
   1.79999757      0.638998985    
   1.81999755      0.733979106    
   1.83999753      0.604883969    
   1.85999751      0.711056530    
   1.87999749      0.660784245    
   1.89999747      0.629852295    
   1.91999745      0.726190746    
   1.93999743      0.572939932    
   1.95999742      0.709790528    
   1.97999740      0.640539050    
   1.99999738      0.583428442    
   2.01999736      0.710756242    
   2.03999734      0.539033294    
   2.05999732      0.671538174    
   2.07999730      0.589704514    
   2.09999728      0.544613183    
   2.11999726      0.683163166    
   2.13999724      0.465604007    
   2.15999722      0.627404094    
   2.17999721      0.549049616    
   2.19999719      0.477017909    
   2.21999717      0.617590845    
   2.23999715      0.405150384    
   2.25999713      0.584002972    
   2.27999711      0.464612991    
   2.29999709      0.409244686    
   2.31999707      0.578168631    
   2.33999705      0.326771408    
   2.35999703      0.503795147    
   2.37999701      0.394740671    
   2.39999700      0.360909134    
   2.41999698      0.490270644    
   2.43999696      0.241947874    
   2.45999694      0.472039402    
   2.47999692      0.319996178    
   2.49999690      0.283601165    
   2.51999688      0.420243353    
   2.53999686      0.192897573    
   2.55999684      0.397114426    
   2.57999682      0.217323095    
   2.59999681      0.266242445    
   2.61999679      0.356535614    
   2.63999677      0.118050478    
   2.65999675      0.350253046    
   2.67999673      0.163963065    
   2.69999671      0.219408721    
   2.71999669      0.242727339    
   2.73999667      0.101799227    
   2.75999665      0.320152998    
   2.77999663       7.78454840E-02
   2.79999661      0.207995042    
   2.81999660      0.194357485    
   2.83999658       7.76878372E-02
   2.85999656      0.223463491    
   2.87999654       3.77813466E-02
   2.89999652      0.221915722    
   2.91999650       9.85041708E-02
   2.93999648       8.79453495E-02
   2.95999646      0.200705692    
   2.97999644       1.80649962E-02
   2.99999642      0.161037087    
   3.01999640       2.92773936E-02
   3.03999639      0.133041233    
   3.05999637      0.113574088    
   3.07999635       2.84905359E-02
   3.09999633      0.171771541    
