  -2.00000000       3.44748888E-03
  -1.98000002       7.10555315E-02
  -1.96000004       8.77155736E-02
  -1.94000006       6.31092628E-03
  -1.92000008       5.30090183E-02
  -1.90000010      0.111972816    
  -1.88000011       8.61355755E-03
  -1.86000013       6.05575070E-02
  -1.84000015       8.77591968E-02
  -1.82000017       4.75126458E-03
  -1.80000019       3.34161818E-02
  -1.78000021       6.94464371E-02
  -1.76000023       1.59194358E-02
  -1.74000025       2.52509732E-02
  -1.72000027       8.32339078E-02
  -1.70000029       1.07817166E-02
  -1.68000031       3.19575742E-02
  -1.66000032       5.74956834E-02
  -1.64000034       1.05474209E-02
  -1.62000036       1.79924164E-02
  -1.60000038       4.90527824E-02
  -1.58000040       1.92930643E-02
  -1.56000042       1.44976303E-02
  -1.54000044       5.77287376E-02
  -1.52000046       1.13231353E-02
  -1.50000048       2.06178110E-02
  -1.48000050       3.71415950E-02
  -1.46000051       1.39517644E-02
  -1.44000053       1.24644609E-02
  -1.42000055       3.30033749E-02
  -1.40000057       1.84787884E-02
  -1.38000059       1.05981734E-02
  -1.36000061       3.72323878E-02
  -1.34000063       9.92701575E-03
  -1.32000065       1.69112757E-02
  -1.30000067       2.33522821E-02
  -1.28000069       1.31160636E-02
  -1.26000071       1.13130799E-02
  -1.24000072       2.27976628E-02
  -1.22000074       1.46422796E-02
  -1.20000076       9.60007496E-03
  -1.18000078       2.58078855E-02
  -1.16000080       8.44889227E-03
  -1.14000082       1.40644424E-02
  -1.12000084       1.60416048E-02
  -1.10000086       1.20318197E-02
  -1.08000088       9.50624887E-03
  -1.06000090       1.62313581E-02
  -1.04000092       1.23266494E-02
  -1.02000093       8.43675062E-03
  -1.00000095       1.73994917E-02
 -0.980000973       7.88694154E-03
 -0.960000992       1.22005800E-02
 -0.940001011       1.09062558E-02
 -0.920001030       1.10862134E-02
 -0.900001049       9.03541595E-03
 -0.880001068       1.17370943E-02
 -0.860001087       1.05086723E-02
 -0.840001106       8.60290509E-03
 -0.820001125       1.26910014E-02
 -0.800001144       7.50338752E-03
 -0.780001163       1.17534976E-02
 -0.760001183       8.83462839E-03
 -0.740001202       1.03172390E-02
 -0.720001221       9.32580698E-03
 -0.700001240       9.81677044E-03
 -0.680001259       9.96142253E-03
 -0.660001278       9.05575324E-03
 -0.640001297       1.09545821E-02
 -0.620001316       7.72425532E-03
 -0.600001335       1.13438517E-02
 -0.580001354       8.49542953E-03
 -0.560001373       1.00570349E-02
 -0.540001392       9.32626706E-03
 -0.520001411       8.45064130E-03
 -0.500001431       9.77494288E-03
 -0.480001420       8.23882502E-03
 -0.460001409       9.30577051E-03
 -0.440001398       6.93896832E-03
 -0.420001388       8.45071860E-03
 -0.400001377       6.92705624E-03
 -0.380001366       7.30023487E-03
 -0.360001355       6.21238537E-03
 -0.340001345       4.59205545E-03
 -0.320001334       5.94553025E-03
 -0.300001323       3.96027230E-03
 -0.280001312       4.12254129E-03
 -0.260001302       2.45225895E-03
 -0.240001306       2.09269836E-03
 -0.220001310       2.30482547E-03
 -0.200001314       1.39717630E-03
 -0.180001318       7.77855224E-04
 -0.160001323       2.17514447E-04
 -0.140001327       5.22499729E-04
 -0.120001331       2.27137265E-04
 -0.100001335       4.29244130E-04
  -8.00013393E-02   7.83692085E-05
  -6.00013398E-02   8.40511493E-05
  -4.00013402E-02   1.68423139E-04
  -2.00013407E-02   7.31908192E-04
  -1.34110451E-06   8.71749420E-04
   1.99986584E-02   5.68055781E-04
   3.99986580E-02   4.51713655E-04
   5.99986576E-02   1.05363491E-03
   7.99986571E-02   1.21956842E-03
   9.99986529E-02   2.73762830E-03
  0.119998649       2.65604700E-03
  0.139998645       4.79221065E-03
  0.159998640       5.11847017E-03
  0.179998636       6.88130269E-03
  0.199998632       8.49135965E-03
  0.219998628       9.38017666E-03
  0.239998624       1.19609628E-02
  0.259998620       1.29356449E-02
  0.279998630       1.55772483E-02
  0.299998641       1.72207206E-02
  0.319998652       1.97017156E-02
  0.339998662       2.19426416E-02
  0.359998673       2.43849251E-02
  0.379998684       2.75825709E-02
  0.399998695       2.96926796E-02
  0.419998705       3.37628312E-02
  0.439998716       3.60603742E-02
  0.459998727       4.02625240E-02
  0.479998738       4.37998101E-02
  0.499998748       4.76847552E-02
  0.519998729       5.18656112E-02
  0.539998710       5.68127558E-02
  0.559998691       6.06554225E-02
  0.579998672       6.61277622E-02
  0.599998653       7.23499954E-02
  0.619998634       7.53203705E-02
  0.639998615       8.45300183E-02
  0.659998596       8.82103369E-02
  0.679998577       9.50759873E-02
  0.699998558      0.103407845    
  0.719998538      0.108996525    
  0.739998519      0.117280655    
  0.759998500      0.124222942    
  0.779998481      0.135088429    
  0.799998462      0.138400763    
  0.819998443      0.152753532    
  0.839998424      0.160780087    
  0.859998405      0.165103331    
  0.879998386      0.184250414    
  0.899998367      0.186047956    
  0.919998348      0.200485244    
  0.939998329      0.212072298    
  0.959998310      0.221422017    
  0.979998291      0.234904855    
  0.999998271      0.241999626    
   1.01999831      0.264668375    
   1.03999829      0.263417482    
   1.05999827      0.285331756    
   1.07999825      0.301889896    
   1.09999824      0.298085481    
   1.11999822      0.333423913    
   1.13999820      0.330035955    
   1.15999818      0.350262076    
   1.17999816      0.369364470    
   1.19999814      0.367745340    
   1.21999812      0.403293937    
   1.23999810      0.393642634    
   1.25999808      0.426200390    
   1.27999806      0.437404662    
   1.29999804      0.433845311    
   1.31999803      0.481275439    
   1.33999801      0.456295878    
   1.35999799      0.497125089    
   1.37999797      0.507930338    
   1.39999795      0.497382462    
   1.41999793      0.551952124    
   1.43999791      0.516605616    
   1.45999789      0.565288365    
   1.47999787      0.566768110    
   1.49999785      0.553102434    
   1.51999784      0.619980931    
   1.53999782      0.564892054    
   1.55999780      0.623469412    
   1.57999778      0.617544115    
   1.59999776      0.596999645    
   1.61999774      0.674558222    
   1.63999772      0.594881356    
   1.65999770      0.667660892    
   1.67999768      0.657880485    
   1.69999766      0.622950613    
   1.71999764      0.708766282    
   1.73999763      0.612589598    
   1.75999761      0.701603889    
   1.77999759      0.671855450    
   1.79999757      0.624393046    
   1.81999755      0.736657381    
   1.83999753      0.609533131    
   1.85999751      0.699992895    
   1.87999749      0.669909239    
   1.89999747      0.619467139    
   1.91999745      0.733951747    
   1.93999743      0.574201345    
   1.95999742      0.697314978    
   1.97999740      0.655713916    
   1.99999738      0.575557709    
   2.01999736      0.713213563    
   2.03999734      0.541375339    
   2.05999732      0.666493475    
   2.07999730      0.602291942    
   2.09999728      0.534837246    
   2.11999726      0.690093279    
   2.13999724      0.470038831    
   2.15999722      0.620064318    
   2.17999721      0.560159266    
   2.19999719      0.474329889    
   2.21999717      0.621953487    
   2.23999715      0.405233920    
   2.25999713      0.585188329    
   2.27999711      0.476525098    
   2.29999709      0.403963685    
   2.31999707      0.581411779    
   2.33999705      0.331997305    
   2.35999703      0.506209075    
   2.37999701      0.397097915    
   2.39999700      0.363223076    
   2.41999698      0.497355819    
   2.43999696      0.242243171    
   2.45999694      0.475341499    
   2.47999692      0.323664546    
   2.49999690      0.289020598    
   2.51999688      0.418560117    
   2.53999686      0.195504844    
   2.55999684      0.407199949    
   2.57999682      0.214220107    
   2.59999681      0.274673760    
   2.61999679      0.356589228    
   2.63999677      0.122415312    
   2.65999675      0.353590876    
   2.67999673      0.158136874    
   2.69999671      0.235430017    
   2.71999669      0.235992923    
   2.73999667      0.108983010    
   2.75999665      0.325940102    
   2.77999663       7.33834878E-02
   2.79999661      0.220597044    
   2.81999660      0.181474328    
   2.83999658       9.15931463E-02
   2.85999656      0.221138746    
   2.87999654       3.63834165E-02
   2.89999652      0.237649426    
   2.91999650       8.64136741E-02
   2.93999648      0.103746131    
   2.95999646      0.188904509    
   2.97999644       2.30083484E-02
   2.99999642      0.166350201    
   3.01999640       2.01576203E-02
   3.03999639      0.153867707    
   3.05999637       9.96338800E-02
   3.07999635       4.19213921E-02
   3.09999633      0.165216789    
