  -2.00000000       9.78454947E-02
  -1.98000002      0.137427792    
  -1.96000004       5.79739967E-03
  -1.94000006       8.05387869E-02
  -1.92000008       9.04743969E-02
  -1.90000010       3.59306484E-03
  -1.88000011       5.72768971E-02
  -1.86000013      0.105012931    
  -1.84000015       5.44621656E-03
  -1.82000017       7.45879188E-02
  -1.80000019       8.52815807E-02
  -1.78000021       9.68063105E-05
  -1.76000023       5.48543446E-02
  -1.74000025       5.76115549E-02
  -1.72000027       2.92742625E-03
  -1.70000029       4.46567573E-02
  -1.68000031       7.00784698E-02
  -1.66000032       4.70848463E-04
  -1.64000034       5.79970181E-02
  -1.62000036       4.64978106E-02
  -1.60000038       2.97905202E-03
  -1.58000040       3.89912687E-02
  -1.56000042       3.55119854E-02
  -1.54000044       4.06168494E-03
  -1.52000046       3.68963368E-02
  -1.50000048       4.13661785E-02
  -1.48000050       1.96227292E-03
  -1.46000051       4.48977128E-02
  -1.44000053       2.28724163E-02
  -1.42000055       8.13474972E-03
  -1.40000057       2.78915614E-02
  -1.38000059       2.24708281E-02
  -1.36000061       5.72703313E-03
  -1.34000063       2.93329637E-02
  -1.32000065       2.22297814E-02
  -1.30000067       6.48122746E-03
  -1.28000069       3.13181207E-02
  -1.26000071       1.07292030E-02
  -1.24000072       1.24043338E-02
  -1.22000074       1.89118236E-02
  -1.20000076       1.43023795E-02
  -1.18000078       7.54485000E-03
  -1.16000080       2.27645338E-02
  -1.14000082       1.12801306E-02
  -1.12000084       1.02669802E-02
  -1.10000086       2.11094916E-02
  -1.08000088       6.98329788E-03
  -1.06000090       1.27735129E-02
  -1.04000092       1.31164612E-02
  -1.02000093       1.10809775E-02
  -1.00000095       7.92516116E-03
 -0.980000973       1.67499911E-02
 -0.960000992       7.49332039E-03
 -0.940001011       1.14246979E-02
 -0.920001030       1.30865928E-02
 -0.900001049       7.50282360E-03
 -0.880001068       1.17795710E-02
 -0.860001087       9.44972876E-03
 -0.840001106       1.03045972E-02
 -0.820001125       8.30894895E-03
 -0.800001144       1.23976413E-02
 -0.780001163       7.15710735E-03
 -0.760001183       1.18384082E-02
 -0.740001202       9.06272978E-03
 -0.720001221       9.09517612E-03
 -0.700001240       1.08558508E-02
 -0.680001259       8.47494509E-03
 -0.660001278       1.05230240E-02
 -0.640001297       8.51380453E-03
 -0.620001316       1.04690073E-02
 -0.600001335       8.04272294E-03
 -0.580001354       1.11600505E-02
 -0.560001373       7.98008125E-03
 -0.540001392       9.47199669E-03
 -0.520001411       9.16834548E-03
 -0.500001431       7.90547114E-03
 -0.480001420       9.77125857E-03
 -0.460001409       6.76592020E-03
 -0.440001398       8.18871241E-03
 -0.420001388       6.52704202E-03
 -0.400001377       7.45841768E-03
 -0.380001366       5.67348953E-03
 -0.360001355       5.50052477E-03
 -0.340001345       4.54446860E-03
 -0.320001334       4.09383373E-03
 -0.300001323       4.51078545E-03
 -0.280001312       2.04458507E-03
 -0.260001302       2.53567612E-03
 -0.240001306       1.46371371E-03
 -0.220001310       1.56551600E-03
 -0.200001314       1.03845389E-03
 -0.180001318       2.92849872E-04
 -0.160001323       1.97821457E-04
 -0.140001327       1.57695671E-04
 -0.120001331       3.05481226E-04
 -0.100001335       3.19850369E-04
  -8.00013393E-02   2.43685630E-04
  -6.00013398E-02   5.74453516E-05
  -4.00013402E-02   3.93495691E-04
  -2.00013407E-02   7.00860284E-04
  -1.34110451E-06   1.05879083E-03
   1.99986584E-02   2.65742419E-04
   3.99986580E-02   5.80419728E-04
   5.99986576E-02   5.67618234E-04
   7.99986571E-02   1.60053431E-03
   9.99986529E-02   1.88219571E-03
  0.119998649       2.94048293E-03
  0.139998645       4.20537964E-03
  0.159998640       4.45768796E-03
  0.179998636       6.93410868E-03
  0.199998632       6.99640391E-03
  0.219998628       9.32726730E-03
  0.239998624       1.07331118E-02
  0.259998620       1.17653301E-02
  0.279998630       1.47049315E-02
  0.299998641       1.54802976E-02
  0.319998652       1.84493996E-02
  0.339998662       2.00943910E-02
  0.359998673       2.27022283E-02
  0.379998684       2.49992739E-02
  0.399998695       2.78771445E-02
  0.419998705       3.07065286E-02
  0.439998716       3.35260145E-02
  0.459998727       3.71696092E-02
  0.479998738       4.00223620E-02
  0.499998748       4.43630144E-02
  0.519998729       4.75450121E-02
  0.539998710       5.25976419E-02
  0.559998691       5.54751977E-02
  0.579998672       6.20743670E-02
  0.599998653       6.49126619E-02
  0.619998634       7.10782558E-02
  0.639998615       7.74086192E-02
  0.659998596       8.03216770E-02
  0.679998577       8.97686630E-02
  0.699998558       9.33433771E-02
  0.719998538      0.101473525    
  0.739998519      0.107260495    
  0.759998500      0.116812699    
  0.779998481      0.121426813    
  0.799998462      0.130132854    
  0.819998443      0.142317533    
  0.839998424      0.142308980    
  0.859998405      0.160904914    
  0.879998386      0.164271027    
  0.899998367      0.174150988    
  0.919998348      0.186749861    
  0.939998329      0.193354443    
  0.959998310      0.208817065    
  0.979998291      0.211164564    
  0.999998271      0.235511586    
   1.01999831      0.233854488    
   1.03999829      0.250079751    
   1.05999827      0.271266729    
   1.07999825      0.263857573    
   1.09999824      0.297952920    
   1.11999822      0.294915348    
   1.13999820      0.315194309    
   1.15999818      0.328785539    
   1.17999816      0.332241893    
   1.19999814      0.366385013    
   1.21999812      0.351362973    
   1.23999810      0.392876893    
   1.25999808      0.389669001    
   1.27999806      0.399614215    
   1.29999804      0.437770158    
   1.31999803      0.413223535    
   1.33999801      0.468418330    
   1.35999799      0.450125813    
   1.37999797      0.473470002    
   1.39999795      0.500945807    
   1.41999793      0.475801140    
   1.43999791      0.542580962    
   1.45999789      0.500148833    
   1.47999787      0.549195051    
   1.49999785      0.557050943    
   1.51999784      0.532689095    
   1.53999782      0.608803451    
   1.55999780      0.542054474    
   1.57999778      0.616283834    
   1.59999776      0.597276807    
   1.61999774      0.585192502    
   1.63999772      0.659056425    
   1.65999770      0.575864792    
   1.67999768      0.675677061    
   1.69999766      0.613756299    
   1.71999764      0.632062554    
   1.73999763      0.694278538    
   1.75999761      0.586093843    
   1.77999759      0.713249147    
   1.79999757      0.620073795    
   1.81999755      0.665040970    
   1.83999753      0.688544214    
   1.85999751      0.594641447    
   1.87999749      0.744328618    
   1.89999747      0.588125348    
   1.91999745      0.684043825    
   1.93999743      0.679345012    
   1.95999742      0.586284578    
   1.97999740      0.727845907    
   1.99999738      0.554513991    
   2.01999736      0.702173293    
   2.03999734      0.614123642    
   2.05999732      0.571905792    
   2.07999730      0.714969814    
   2.09999728      0.495737851    
   2.11999726      0.681720614    
   2.13999724      0.550169528    
   2.15999722      0.562152803    
   2.17999721      0.634655476    
   2.19999719      0.443471611    
   2.21999717      0.676645577    
   2.23999715      0.444754153    
   2.25999713      0.536697567    
   2.27999711      0.568293452    
   2.29999709      0.397066951    
   2.31999707      0.600377738    
   2.33999705      0.355158389    
   2.35999703      0.541961968    
   2.37999701      0.436732411    
   2.39999700      0.358260840    
   2.41999698      0.555035591    
   2.43999696      0.268829614    
   2.45999694      0.490619779    
   2.47999692      0.327028781    
   2.49999690      0.360080510    
   2.51999688      0.420499951    
   2.53999686      0.211104110    
   2.55999684      0.485948235    
   2.57999682      0.204924867    
   2.59999681      0.339732796    
   2.61999679      0.319787115    
   2.63999677      0.199130490    
   2.65999675      0.369117826    
   2.67999673      0.123243459    
   2.69999671      0.374385118    
   2.71999669      0.176286235    
   2.73999667      0.203391269    
   2.75999665      0.300543964    
   2.77999663       9.30114612E-02
   2.79999661      0.291825771    
   2.81999660       7.90295303E-02
   2.83999658      0.260592073    
   2.85999656      0.148973420    
   2.87999654      0.114755824    
   2.89999652      0.264571369    
   2.91999650       3.62334102E-02
   2.93999648      0.214882746    
   2.95999646       5.16642556E-02
   2.97999644      0.177558586    
   2.99999642      0.110723943    
   3.01999640       7.40915686E-02
   3.03999639      0.217088506    
   3.05999637       9.86843277E-03
   3.07999635      0.158807978    
   3.09999633       2.71949563E-02
