  -2.00000000      0.157859519    
  -1.98000002       6.59838021E-02
  -1.96000004       4.03457843E-02
  -1.94000006      0.152033836    
  -1.92000008       3.04379016E-02
  -1.90000010       3.59923579E-02
  -1.88000011      0.103716977    
  -1.86000013       2.65534930E-02
  -1.84000015       2.66735740E-02
  -1.82000017      0.117174163    
  -1.80000019       2.31971554E-02
  -1.78000021       4.52626906E-02
  -1.76000023       9.43146572E-02
  -1.74000025       5.43568889E-03
  -1.72000027       3.61896455E-02
  -1.70000029       6.41889200E-02
  -1.68000031       8.56389664E-03
  -1.66000032       3.36530693E-02
  -1.64000034       7.56832883E-02
  -1.62000036       2.48354999E-03
  -1.60000038       4.94989008E-02
  -1.58000040       4.85068522E-02
  -1.56000042       2.40993826E-03
  -1.54000044       3.38932835E-02
  -1.52000046       3.66746336E-02
  -1.50000048       3.43869277E-03
  -1.48000050       3.59723717E-02
  -1.46000051       3.86241749E-02
  -1.44000053       2.24623759E-03
  -1.42000055       4.34096567E-02
  -1.40000057       1.86291430E-02
  -1.38000059       8.81315023E-03
  -1.36000061       2.71244012E-02
  -1.34000063       1.92517042E-02
  -1.32000065       5.40312938E-03
  -1.30000067       3.16691138E-02
  -1.28000069       1.55859720E-02
  -1.26000071       9.96515434E-03
  -1.24000072       2.95220204E-02
  -1.22000074       7.00586708E-03
  -1.20000076       1.40667949E-02
  -1.18000078       1.77788455E-02
  -1.16000080       1.09058935E-02
  -1.14000082       9.11285728E-03
  -1.12000084       2.26423349E-02
  -1.10000086       5.89114847E-03
  -1.08000088       1.53278960E-02
  -1.06000090       1.63807366E-02
  -1.04000092       6.39702100E-03
  -1.02000093       1.37480404E-02
  -1.00000095       1.16541861E-02
 -0.980000973       8.80776718E-03
 -0.960000992       1.03387218E-02
 -0.940001011       1.45193478E-02
 -0.920001030       5.44320792E-03
 -0.900001049       1.48181729E-02
 -0.880001068       8.62332527E-03
 -0.860001087       9.61755309E-03
 -0.840001106       1.07045909E-02
 -0.820001125       9.26329009E-03
 -0.800001144       9.25629307E-03
 -0.780001163       1.00947898E-02
 -0.760001183       1.01314243E-02
 -0.740001202       7.92273600E-03
 -0.720001221       1.23134656E-02
 -0.700001240       6.93451660E-03
 -0.680001259       1.18439440E-02
 -0.660001278       8.47284030E-03
 -0.640001297       9.57233086E-03
 -0.620001316       9.43886582E-03
 -0.600001335       9.37416218E-03
 -0.580001354       9.22231376E-03
 -0.560001373       8.86456762E-03
 -0.540001392       9.48175509E-03
 -0.520001411       7.28318933E-03
 -0.500001431       1.05489232E-02
 -0.480001420       6.48266822E-03
 -0.460001409       8.70924629E-03
 -0.440001398       6.72372663E-03
 -0.420001388       6.57327240E-03
 -0.400001377       7.06498232E-03
 -0.380001366       5.14482474E-03
 -0.360001355       4.91467258E-03
 -0.340001345       3.93226976E-03
 -0.320001334       4.39882092E-03
 -0.300001323       2.63475557E-03
 -0.280001312       3.01811588E-03
 -0.260001302       1.18353253E-03
 -0.240001306       1.52414828E-03
 -0.220001310       1.47839205E-03
 -0.200001314       4.65883146E-04
 -0.180001318       3.96772142E-04
 -0.160001323       2.78051666E-05
 -0.140001327       2.22142175E-04
 -0.120001331       1.73579698E-04
 -0.100001335       4.40818985E-04
  -8.00013393E-02   2.46233452E-04
  -6.00013398E-02   1.73478446E-04
  -4.00013402E-02   2.66404997E-04
  -2.00013407E-02   1.02912076E-03
  -1.34110451E-06   7.39854120E-04
   1.99986584E-02   4.39567346E-04
   3.99986580E-02   2.21594382E-04
   5.99986576E-02   9.82603990E-04
   7.99986571E-02   9.07801150E-04
   9.99986529E-02   2.34564301E-03
  0.119998649       2.50716414E-03
  0.139998645       3.74543737E-03
  0.159998640       5.08166291E-03
  0.179998636       5.33576915E-03
  0.199998632       7.83493649E-03
  0.219998628       8.17997288E-03
  0.239998624       1.00750895E-02
  0.259998620       1.20840715E-02
  0.279998630       1.27443010E-02
  0.299998641       1.57534536E-02
  0.319998652       1.70343276E-02
  0.339998662       1.91823058E-02
  0.359998673       2.17661522E-02
  0.379998684       2.37968676E-02
  0.399998695       2.62508281E-02
  0.419998705       2.95823663E-02
  0.439998716       3.16782780E-02
  0.459998727       3.53769325E-02
  0.479998738       3.84721979E-02
  0.499998748       4.13901843E-02
  0.519998729       4.65465114E-02
  0.539998710       4.82041761E-02
  0.559998691       5.52057475E-02
  0.579998672       5.65584786E-02
  0.599998653       6.35428354E-02
  0.619998634       6.76406026E-02
  0.639998615       7.13986531E-02
  0.659998596       8.01251680E-02
  0.679998577       8.20506662E-02
  0.699998558       9.06481370E-02
  0.719998538       9.59631354E-02
  0.739998519      0.103217639    
  0.759998500      0.107882902    
  0.779998481      0.119785972    
  0.799998462      0.122710101    
  0.819998443      0.130942196    
  0.839998424      0.145076513    
  0.859998405      0.143213511    
  0.879998386      0.162401885    
  0.899998367      0.165067956    
  0.919998348      0.176979303    
  0.939998329      0.186234802    
  0.959998310      0.194573149    
  0.979998291      0.211636469    
  0.999998271      0.209350213    
   1.01999831      0.238030896    
   1.03999829      0.233797014    
   1.05999827      0.251356959    
   1.07999825      0.268710405    
   1.09999824      0.266838878    
   1.11999822      0.298064768    
   1.13999820      0.289195120    
   1.15999818      0.322592467    
   1.17999816      0.321316689    
   1.19999814      0.335236996    
   1.21999812      0.363893628    
   1.23999810      0.348150879    
   1.25999808      0.396804690    
   1.27999806      0.376927584    
   1.29999804      0.411797673    
   1.31999803      0.423679054    
   1.33999801      0.414359838    
   1.35999799      0.469782323    
   1.37999797      0.433777958    
   1.39999795      0.490412802    
   1.41999793      0.474457324    
   1.43999791      0.491822213    
   1.45999789      0.530875444    
   1.47999787      0.484872252    
   1.49999785      0.570669055    
   1.51999784      0.516414106    
   1.53999782      0.563036203    
   1.55999780      0.578792512    
   1.57999778      0.544967055    
   1.59999776      0.629005909    
   1.61999774      0.547238827    
   1.63999772      0.639616132    
   1.65999770      0.597676635    
   1.67999768      0.597955823    
   1.69999766      0.674403310    
   1.71999764      0.569006979    
   1.73999763      0.692669511    
   1.75999761      0.604315877    
   1.77999759      0.654322028    
   1.79999757      0.674721360    
   1.81999755      0.592108905    
   1.83999753      0.735007703    
   1.85999751      0.578917027    
   1.87999749      0.699525356    
   1.89999747      0.658977509    
   1.91999745      0.605962038    
   1.93999743      0.726171255    
   1.95999742      0.562897682    
   1.97999740      0.731120646    
   1.99999738      0.585102618    
   2.01999736      0.635625482    
   2.03999734      0.700991333    
   2.05999732      0.522143841    
   2.07999730      0.724759579    
   2.09999728      0.526985824    
   2.11999726      0.650953948    
   2.13999724      0.598999381    
   2.15999722      0.523706377    
   2.17999721      0.694565833    
   2.19999719      0.431510091    
   2.21999717      0.664952695    
   2.23999715      0.506101608    
   2.25999713      0.507865548    
   2.27999711      0.591669500    
   2.29999709      0.400605708    
   2.31999707      0.635281086    
   2.33999705      0.360501379    
   2.35999703      0.542444766    
   2.37999701      0.482470632    
   2.39999700      0.356939048    
   2.41999698      0.562577903    
   2.43999696      0.290458381    
   2.45999694      0.517930150    
   2.47999692      0.313501865    
   2.49999690      0.405285835    
   2.51999688      0.442430139    
   2.53999686      0.221350282    
   2.55999684      0.498798162    
   2.57999682      0.210700005    
   2.59999681      0.389859229    
   2.61999679      0.275142401    
   2.63999677      0.270534337    
   2.65999675      0.372806162    
   2.67999673      0.128567308    
   2.69999671      0.423900515    
   2.71999669      0.148649722    
   2.73999667      0.275411785    
   2.75999665      0.231259093    
   2.77999663      0.166834593    
   2.79999661      0.290964693    
   2.81999660       7.17312098E-02
   2.83999658      0.345706999    
   2.85999656       9.12103653E-02
   2.87999654      0.201108202    
   2.89999652      0.181222066    
   2.91999650      0.101989567    
   2.93999648      0.210134342    
   2.95999646       4.06595282E-02
   2.97999644      0.273270339    
   2.99999642       3.85751724E-02
   3.01999640      0.171304300    
   3.03999639      0.122490734    
   3.05999637       7.30048716E-02
   3.07999635      0.135085344    
   3.09999633       3.14998776E-02
