  -2.00000000      0.157794207    
  -1.98000002       4.15571816E-02
  -1.96000004       6.46666735E-02
  -1.94000006      0.154902741    
  -1.92000008       1.63951200E-02
  -1.90000010       6.38736933E-02
  -1.88000011      0.100673288    
  -1.86000013       8.83048307E-03
  -1.84000015       4.71813008E-02
  -1.82000017      0.107540473    
  -1.80000019       8.41283612E-03
  -1.78000021       7.01658204E-02
  -1.76000023       8.70731622E-02
  -1.74000025       9.66554871E-05
  -1.72000027       5.80646507E-02
  -1.70000029       5.31760082E-02
  -1.68000031       1.19747792E-03
  -1.66000032       5.00417911E-02
  -1.64000034       6.09782524E-02
  -1.62000036       2.40328824E-04
  -1.60000038       6.66364282E-02
  -1.58000040       3.58108915E-02
  -1.56000042       6.31937990E-03
  -1.54000044       4.54333760E-02
  -1.52000046       2.39849668E-02
  -1.50000048       5.02191437E-03
  -1.48000050       4.44435105E-02
  -1.46000051       2.47523505E-02
  -1.44000053       9.08292457E-03
  -1.42000055       4.94403988E-02
  -1.40000057       9.08577070E-03
  -1.38000059       1.69633366E-02
  -1.36000061       2.92651821E-02
  -1.34000063       1.10408766E-02
  -1.32000065       1.08768195E-02
  -1.30000067       3.22088934E-02
  -1.28000069       7.56043941E-03
  -1.26000071       1.83232985E-02
  -1.24000072       2.68076770E-02
  -1.22000074       4.31972556E-03
  -1.20000076       2.01202128E-02
  -1.18000078       1.49025694E-02
  -1.16000080       8.34362581E-03
  -1.14000082       1.38739059E-02
  -1.12000084       1.88072920E-02
  -1.10000086       4.18120343E-03
  -1.08000088       2.07303558E-02
  -1.06000090       1.15674008E-02
  -1.04000092       8.21267068E-03
  -1.02000093       1.59398820E-02
  -1.00000095       9.15899500E-03
 -0.980000973       8.81012529E-03
 -0.960000992       1.27050383E-02
 -0.940001011       1.12211378E-02
 -0.920001030       6.78490149E-03
 -0.900001049       1.60243642E-02
 -0.880001068       6.27311924E-03
 -0.860001087       1.17547698E-02
 -0.840001106       1.00028664E-02
 -0.820001125       9.05417744E-03
 -0.800001144       9.36050434E-03
 -0.780001163       1.06232464E-02
 -0.760001183       8.74446891E-03
 -0.740001202       9.43159685E-03
 -0.720001221       1.12675605E-02
 -0.700001240       7.15901330E-03
 -0.680001259       1.23905838E-02
 -0.660001278       7.49806268E-03
 -0.640001297       1.04488293E-02
 -0.620001316       8.80128890E-03
 -0.600001335       9.76898707E-03
 -0.580001354       8.77943169E-03
 -0.560001373       9.40256938E-03
 -0.540001392       8.61339550E-03
 -0.520001411       8.04215390E-03
 -0.500001431       9.85969603E-03
 -0.480001420       6.47902396E-03
 -0.460001409       9.05451924E-03
 -0.440001398       5.80957346E-03
 -0.420001388       7.34457141E-03
 -0.400001377       6.27139024E-03
 -0.380001366       5.29796584E-03
 -0.360001355       4.70370613E-03
 -0.340001345       3.93010490E-03
 -0.320001334       4.00615809E-03
 -0.300001323       2.76517496E-03
 -0.280001312       2.72360002E-03
 -0.260001302       9.41827719E-04
 -0.240001306       1.80871540E-03
 -0.220001310       9.73212125E-04
 -0.200001314       6.61038270E-04
 -0.180001318       2.56678904E-04
 -0.160001323       2.96549806E-05
 -0.140001327       2.02077179E-04
 -0.120001331       2.28340112E-04
 -0.100001335       3.80726415E-04
  -8.00013393E-02   3.42909741E-04
  -6.00013398E-02   1.70046449E-04
  -4.00013402E-02   2.42463531E-04
  -2.00013407E-02   1.10963010E-03
  -1.34110451E-06   7.13091285E-04
   1.99986584E-02   3.85379244E-04
   3.99986580E-02   2.39176879E-04
   5.99986576E-02   8.53362784E-04
   7.99986571E-02   1.10061001E-03
   9.99986529E-02   1.91981834E-03
  0.119998649       2.96296808E-03
  0.139998645       3.17099132E-03
  0.159998640       5.36849396E-03
  0.179998636       5.20121632E-03
  0.199998632       7.42380321E-03
  0.219998628       8.62305146E-03
  0.239998624       9.32834670E-03
  0.259998620       1.23428367E-02
  0.279998630       1.24592092E-02
  0.299998641       1.53434724E-02
  0.319998652       1.70873571E-02
  0.339998662       1.86745320E-02
  0.359998673       2.15814169E-02
  0.379998684       2.33614612E-02
  0.399998695       2.61095837E-02
  0.419998705       2.86578406E-02
  0.439998716       3.19272093E-02
  0.459998727       3.41214277E-02
  0.479998738       3.85299921E-02
  0.499998748       4.04840112E-02
  0.519998729       4.57579195E-02
  0.539998710       4.80564460E-02
  0.559998691       5.34462593E-02
  0.579998672       5.70195913E-02
  0.599998653       6.12260439E-02
  0.619998634       6.78101107E-02
  0.639998615       6.98155016E-02
  0.659998596       7.87464380E-02
  0.679998577       8.14751238E-02
  0.699998558       8.90246406E-02
  0.719998538       9.42128152E-02
  0.739998519      0.102279656    
  0.759998500      0.106829904    
  0.779998481      0.115473419    
  0.799998462      0.125130594    
  0.819998443      0.125524268    
  0.839998424      0.143813103    
  0.859998405      0.143455714    
  0.879998386      0.156330898    
  0.899998367      0.165918335    
  0.919998348      0.172468781    
  0.939998329      0.185779542    
  0.959998310      0.188818768    
  0.979998291      0.211808905    
  0.999998271      0.205998868    
   1.01999831      0.230602995    
   1.03999829      0.238841057    
   1.05999827      0.240089208    
   1.07999825      0.269596159    
   1.09999824      0.262416750    
   1.11999822      0.292728812    
   1.13999820      0.289333612    
   1.15999818      0.312371135    
   1.17999816      0.325251311    
   1.19999814      0.322554678    
   1.21999812      0.366107970    
   1.23999810      0.343123376    
   1.25999808      0.386780262    
   1.27999806      0.382792532    
   1.29999804      0.394164264    
   1.31999803      0.430251420    
   1.33999801      0.404513717    
   1.35999799      0.464602649    
   1.37999797      0.434023738    
   1.39999795      0.475406855    
   1.41999793      0.483464122    
   1.43999791      0.471282095    
   1.45999789      0.538111687    
   1.47999787      0.479854226    
   1.49999785      0.556331575    
   1.51999784      0.527107179    
   1.53999782      0.540942967    
   1.55999780      0.588357687    
   1.57999778      0.529285014    
   1.59999776      0.627278924    
   1.61999774      0.551681638    
   1.63999772      0.618777931    
   1.65999770      0.616526783    
   1.67999768      0.574873626    
   1.69999766      0.682196796    
   1.71999764      0.567086339    
   1.73999763      0.676692367    
   1.75999761      0.618879199    
   1.77999759      0.630727351    
   1.79999757      0.690203965    
   1.81999755      0.574797809    
   1.83999753      0.734297872    
   1.85999751      0.591038287    
   1.87999749      0.671605527    
   1.89999747      0.679883242    
   1.91999745      0.591239870    
   1.93999743      0.731497407    
   1.95999742      0.558629930    
   1.97999740      0.724373996    
   1.99999738      0.608112931    
   2.01999736      0.607733071    
   2.03999734      0.717568457    
   2.05999732      0.519166470    
   2.07999730      0.721291721    
   2.09999728      0.536983073    
   2.11999726      0.639163077    
   2.13999724      0.615536094    
   2.15999722      0.509367168    
   2.17999721      0.709963799    
   2.19999719      0.435106933    
   2.21999717      0.651588440    
   2.23999715      0.522132754    
   2.25999713      0.506747603    
   2.27999711      0.599267900    
   2.29999709      0.395629227    
   2.31999707      0.646844268    
   2.33999705      0.368121266    
   2.35999703      0.538855255    
   2.37999701      0.493367314    
   2.39999700      0.358698010    
   2.41999698      0.562341154    
   2.43999696      0.295718819    
   2.45999694      0.531515598    
   2.47999692      0.309763193    
   2.49999690      0.413189590    
   2.51999688      0.448954105    
   2.53999686      0.229089826    
   2.55999684      0.498595208    
   2.57999682      0.211852327    
   2.59999681      0.405562878    
   2.61999679      0.260939300    
   2.63999677      0.294267207    
   2.65999675      0.374831408    
   2.67999673      0.134944394    
   2.69999671      0.426790595    
   2.71999669      0.142170012    
   2.73999667      0.297941148    
   2.75999665      0.210011318    
   2.77999663      0.197168931    
   2.79999661      0.284202993    
   2.81999660       7.92106465E-02
   2.83999658      0.356262416    
   2.85999656       7.88526982E-02
   2.87999654      0.226222798    
   2.89999652      0.153384164    
   2.91999650      0.134379745    
   2.93999648      0.194701672    
   2.95999646       5.53755946E-02
   2.97999644      0.284202605    
   2.99999642       2.57313922E-02
   3.01999640      0.194231957    
   3.03999639       9.14102122E-02
   3.05999637      0.105846114    
   3.07999635      0.111360244    
   3.09999633       5.75950630E-02
