  -2.00000000      0.158979520    
  -1.98000002       4.88035381E-02
  -1.96000004       5.68249673E-02
  -1.94000006      0.155165642    
  -1.92000008       2.01235339E-02
  -1.90000010       5.47724850E-02
  -1.88000011      0.102405772    
  -1.86000013       1.33623602E-02
  -1.84000015       4.06150185E-02
  -1.82000017      0.111602902    
  -1.80000019       1.22052431E-02
  -1.78000021       6.25794902E-02
  -1.76000023       9.03827175E-02
  -1.74000025       7.85832352E-04
  -1.72000027       5.12871817E-02
  -1.70000029       5.72684966E-02
  -1.68000031       2.46651820E-03
  -1.66000032       4.52021547E-02
  -1.64000034       6.61523640E-02
  -1.62000036       2.20559359E-05
  -1.60000038       6.18836284E-02
  -1.58000040       4.01480272E-02
  -1.56000042       4.17092768E-03
  -1.54000044       4.24245559E-02
  -1.52000046       2.81143412E-02
  -1.50000048       3.66860605E-03
  -1.48000050       4.25227061E-02
  -1.46000051       2.92140990E-02
  -1.44000053       6.28281245E-03
  -1.42000055       4.82983738E-02
  -1.40000057       1.19218444E-02
  -1.38000059       1.39089264E-02
  -1.36000061       2.91478913E-02
  -1.34000063       1.33508733E-02
  -1.32000065       8.82010814E-03
  -1.30000067       3.26120779E-02
  -1.28000069       9.70068667E-03
  -1.26000071       1.56266503E-02
  -1.24000072       2.81610936E-02
  -1.22000074       4.69418615E-03
  -1.20000076       1.83076002E-02
  -1.18000078       1.61270071E-02
  -1.16000080       8.69171135E-03
  -1.14000082       1.24935610E-02
  -1.12000084       2.03514826E-02
  -1.10000086       4.23885789E-03
  -1.08000088       1.93133913E-02
  -1.06000090       1.32595375E-02
  -1.04000092       7.25317793E-03
  -1.02000093       1.54771004E-02
  -1.00000095       1.00232419E-02
 -0.980000973       8.51547625E-03
 -0.960000992       1.21509647E-02
 -0.940001011       1.23503897E-02
 -0.920001030       6.10711705E-03
 -0.900001049       1.58881210E-02
 -0.880001068       6.94938283E-03
 -0.860001087       1.09909577E-02
 -0.840001106       1.03143118E-02
 -0.820001125       9.09371674E-03
 -0.800001144       9.25752986E-03
 -0.780001163       1.05357207E-02
 -0.760001183       9.15579591E-03
 -0.740001202       8.92169680E-03
 -0.720001221       1.16790254E-02
 -0.700001240       7.00118951E-03
 -0.680001259       1.22824255E-02
 -0.660001278       7.74596678E-03
 -0.640001297       1.02026612E-02
 -0.620001316       8.98619462E-03
 -0.600001335       9.65282414E-03
 -0.580001354       8.93122703E-03
 -0.560001373       9.22687910E-03
 -0.540001392       8.88131745E-03
 -0.520001411       7.79008865E-03
 -0.500001431       1.01003079E-02
 -0.480001420       6.42140023E-03
 -0.460001409       9.03212838E-03
 -0.440001398       6.02587080E-03
 -0.420001388       7.12992856E-03
 -0.400001377       6.53189933E-03
 -0.380001366       5.20971511E-03
 -0.360001355       4.81062615E-03
 -0.340001345       3.91888060E-03
 -0.320001334       4.11806256E-03
 -0.300001323       2.72195321E-03
 -0.280001312       2.82921968E-03
 -0.260001302       9.87517415E-04
 -0.240001306       1.74753089E-03
 -0.220001310       1.10821065E-03
 -0.200001314       6.05863868E-04
 -0.180001318       3.02502594E-04
 -0.160001323       2.31513950E-05
 -0.140001327       2.17077148E-04
 -0.120001331       2.01385163E-04
 -0.100001335       4.10907989E-04
  -8.00013393E-02   3.03115783E-04
  -6.00013398E-02   1.77847411E-04
  -4.00013402E-02   2.48303899E-04
  -2.00013407E-02   1.07998378E-03
  -1.34110451E-06   7.27870618E-04
   1.99986584E-02   3.96740914E-04
   3.99986580E-02   2.32821607E-04
   5.99986576E-02   8.97661783E-04
   7.99986571E-02   1.03480520E-03
   9.99986529E-02   2.05102353E-03
  0.119998649       2.84361700E-03
  0.139998645       3.29999928E-03
  0.159998640       5.35835139E-03
  0.179998636       5.14861615E-03
  0.199998632       7.64283119E-03
  0.219998628       8.42037145E-03
  0.239998624       9.58430115E-03
  0.259998620       1.22764762E-02
  0.279998630       1.25030037E-02
  0.299998641       1.55230938E-02
  0.319998652       1.70137268E-02
  0.339998662       1.88877694E-02
  0.359998673       2.15724744E-02
  0.379998684       2.35662460E-02
  0.399998695       2.60860696E-02
  0.419998705       2.89774016E-02
  0.439998716       3.18690166E-02
  0.459998727       3.44232097E-02
  0.479998738       3.86497974E-02
  0.499998748       4.05961201E-02
  0.519998729       4.61526327E-02
  0.539998710       4.79988791E-02
  0.559998691       5.40105551E-02
  0.579998672       5.69351949E-02
  0.599998653       6.18131198E-02
  0.619998634       6.78969994E-02
  0.639998615       7.02016652E-02
  0.659998596       7.91736990E-02
  0.679998577       8.17270875E-02
  0.699998558       8.94432068E-02
  0.719998538       9.47053060E-02
  0.739998519      0.102790304    
  0.759998500      0.106821962    
  0.779998481      0.117031470    
  0.799998462      0.124443270    
  0.819998443      0.126801819    
  0.839998424      0.144737840    
  0.859998405      0.142970502    
  0.879998386      0.158268899    
  0.899998367      0.165874854    
  0.919998348      0.173625067    
  0.939998329      0.185897171    
  0.959998310      0.190716982    
  0.979998291      0.211906701    
  0.999998271      0.206414819    
   1.01999831      0.233564720    
   1.03999829      0.237033188    
   1.05999827      0.243306652    
   1.07999825      0.269872159    
   1.09999824      0.263081998    
   1.11999822      0.294872105    
   1.13999820      0.289214551    
   1.15999818      0.315509290    
   1.17999816      0.323798180    
   1.19999814      0.326420307    
   1.21999812      0.365974814    
   1.23999810      0.343968660    
   1.25999808      0.390692741    
   1.27999806      0.380298018    
   1.29999804      0.399302512    
   1.31999803      0.429025203    
   1.33999801      0.407061130    
   1.35999799      0.466738135    
   1.37999797      0.433476835    
   1.39999795      0.480329484    
   1.41999793      0.479992867    
   1.43999791      0.477423251    
   1.45999789      0.537131369    
   1.47999787      0.480463594    
   1.49999785      0.561579287    
   1.51999784      0.523730516    
   1.53999782      0.547467411    
   1.55999780      0.585158765    
   1.57999778      0.533346117    
   1.59999776      0.628742933    
   1.61999774      0.549383223    
   1.63999772      0.625827551    
   1.65999770      0.611174464    
   1.67999768      0.581936359    
   1.69999766      0.680676520    
   1.71999764      0.566875935    
   1.73999763      0.682461083    
   1.75999761      0.614081502    
   1.77999759      0.637510478    
   1.79999757      0.685324073    
   1.81999755      0.579561472    
   1.83999753      0.735057473    
   1.85999751      0.585856378    
   1.87999749      0.680259943    
   1.89999747      0.673920691    
   1.91999745      0.594998956    
   1.93999743      0.729453623    
   1.95999742      0.559617817    
   1.97999740      0.727331281    
   1.99999738      0.600180686    
   2.01999736      0.615770996    
   2.03999734      0.712959826    
   2.05999732      0.519774139    
   2.07999730      0.722312987    
   2.09999728      0.533363283    
   2.11999726      0.642647505    
   2.13999724      0.610321462    
   2.15999722      0.513851225    
   2.17999721      0.705109060    
   2.19999719      0.433144748    
   2.21999717      0.656035006    
   2.23999715      0.517845988    
   2.25999713      0.506801009    
   2.27999711      0.596423090    
   2.29999709      0.397441745    
   2.31999707      0.643897474    
   2.33999705      0.365773499    
   2.35999703      0.539913654    
   2.37999701      0.489839852    
   2.39999700      0.357984751    
   2.41999698      0.562670052    
   2.43999696      0.294344485    
   2.45999694      0.526869178    
   2.47999692      0.310562611    
   2.49999690      0.411160141    
   2.51999688      0.447380096    
   2.53999686      0.226581514    
   2.55999684      0.498589814    
   2.57999682      0.211285144    
   2.59999681      0.400597036    
   2.61999679      0.265453219    
   2.63999677      0.287159741    
   2.65999675      0.374301523    
   2.67999673      0.132551745    
   2.69999671      0.426185936    
   2.71999669      0.144003943    
   2.73999667      0.291284561    
   2.75999665      0.216689974    
   2.77999663      0.187378302    
   2.79999661      0.286301821    
   2.81999660       7.64229894E-02
   2.83999658      0.353991479    
   2.85999656       8.23529363E-02
   2.87999654      0.218736246    
   2.89999652      0.161865816    
   2.91999650      0.123810634    
   2.93999648      0.199802518    
   2.95999646       5.00822738E-02
   2.97999644      0.282152534    
   2.99999642       2.90643182E-02
   3.01999640      0.187715411    
   3.03999639      0.100593269    
   3.05999637       9.53277797E-02
   3.07999635      0.119021483    
   3.09999633       4.86207902E-02
