  -2.00000000      0.138080031    
  -1.98000002       1.31608136E-02
  -1.96000004      0.105255067    
  -1.94000006      0.135840833    
  -1.92000008       8.20418634E-03
  -1.90000010      0.113226108    
  -1.88000011       8.04480836E-02
  -1.86000013       1.30694534E-03
  -1.84000015       8.15152973E-02
  -1.82000017       7.52470046E-02
  -1.80000019       2.43866933E-03
  -1.78000021      0.102891229    
  -1.76000023       5.88655584E-02
  -1.74000025       1.16298310E-02
  -1.72000027       8.63190368E-02
  -1.70000029       2.57620793E-02
  -1.68000031       1.06425928E-02
  -1.66000032       6.66410774E-02
  -1.64000034       2.88007595E-02
  -1.62000036       1.42487623E-02
  -1.60000038       8.02974701E-02
  -1.58000040       1.25107681E-02
  -1.56000042       2.86338199E-02
  -1.54000044       5.06789498E-02
  -1.52000046       6.00976264E-03
  -1.50000048       2.08904538E-02
  -1.48000050       4.23795432E-02
  -1.46000051       5.85849583E-03
  -1.44000053       2.89201532E-02
  -1.42000055       4.24578413E-02
  -1.40000057       1.21023948E-03
  -1.38000059       3.62893790E-02
  -1.36000061       2.10499484E-02
  -1.34000063       6.32131938E-03
  -1.32000065       2.33680662E-02
  -1.30000067       2.25251541E-02
  -1.28000069       3.53196519E-03
  -1.26000071       3.06879543E-02
  -1.24000072       1.51053257E-02
  -1.22000074       9.29003581E-03
  -1.20000076       2.56413426E-02
  -1.18000078       7.41257565E-03
  -1.16000080       1.20740496E-02
  -1.14000082       1.68301277E-02
  -1.12000084       1.02273664E-02
  -1.10000086       9.19715595E-03
  -1.08000088       2.16411632E-02
  -1.06000090       4.38785553E-03
  -1.04000092       1.64592639E-02
  -1.02000093       1.31449699E-02
  -1.00000095       7.19530741E-03
 -0.980000973       1.26255462E-02
 -0.960000992       1.15057761E-02
 -0.940001011       7.36139202E-03
 -0.920001030       1.19384965E-02
 -0.900001049       1.23893563E-02
 -0.880001068       5.98095451E-03
 -0.860001087       1.51639311E-02
 -0.840001106       6.77846232E-03
 -0.820001125       1.07279746E-02
 -0.800001144       9.75854043E-03
 -0.780001163       9.71753616E-03
 -0.760001183       8.27842113E-03
 -0.740001202       1.14058563E-02
 -0.720001221       8.17076862E-03
 -0.700001240       9.76411998E-03
 -0.680001259       1.13081476E-02
 -0.660001278       7.08170049E-03
 -0.640001297       1.17305620E-02
 -0.620001316       7.76284700E-03
 -0.600001335       1.01772100E-02
 -0.580001354       8.55573639E-03
 -0.560001373       9.64758638E-03
 -0.540001392       7.44520826E-03
 -0.520001411       9.64591186E-03
 -0.500001431       7.94716552E-03
 -0.480001420       7.64853274E-03
 -0.460001409       8.40394758E-03
 -0.440001398       5.31877205E-03
 -0.420001388       8.01981147E-03
 -0.400001377       5.19760279E-03
 -0.380001366       5.66468621E-03
 -0.360001355       4.13069269E-03
 -0.340001345       4.02778713E-03
 -0.320001334       3.29818763E-03
 -0.300001323       3.20121297E-03
 -0.280001312       1.89351989E-03
 -0.260001302       1.09105965E-03
 -0.240001306       1.82735175E-03
 -0.220001310       4.93271917E-04
 -0.200001314       9.00697254E-04
 -0.180001318       6.56921038E-05
 -0.160001323       8.53757665E-05
 -0.140001327       1.25989041E-04
 -0.120001331       3.23940098E-04
 -0.100001335       3.25748522E-04
  -8.00013393E-02   4.39746596E-04
  -6.00013398E-02   8.38883861E-05
  -4.00013402E-02   4.09261294E-04
  -2.00013407E-02   9.77084157E-04
  -1.34110451E-06   8.15704407E-04
   1.99986584E-02   2.80751789E-04
   3.99986580E-02   2.85079237E-04
   5.99986576E-02   6.72127120E-04
   7.99986571E-02   1.32814457E-03
   9.99986529E-02   1.56069256E-03
  0.119998649       3.04868352E-03
  0.139998645       3.21371341E-03
  0.159998640       4.70226305E-03
  0.179998636       5.91001799E-03
  0.199998632       6.35525305E-03
  0.219998628       8.94103106E-03
  0.239998624       9.25310329E-03
  0.259998620       1.11954194E-02
  0.279998630       1.35362083E-02
  0.299998641       1.36081176E-02
  0.319998652       1.76717062E-02
  0.339998662       1.78779736E-02
  0.359998673       2.10065674E-02
  0.379998684       2.31260322E-02
  0.399998695       2.52474360E-02
  0.419998705       2.81722024E-02
  0.439998716       3.09677124E-02
  0.459998727       3.36943604E-02
  0.479998738       3.71626802E-02
  0.499998748       4.01358306E-02
  0.519998729       4.39813547E-02
  0.539998710       4.78358455E-02
  0.559998691       5.10572419E-02
  0.579998672       5.71016110E-02
  0.599998653       5.84918074E-02
  0.619998634       6.69717789E-02
  0.639998615       6.85075745E-02
  0.659998596       7.55920112E-02
  0.679998577       8.14055577E-02
  0.699998558       8.52823630E-02
  0.719998538       9.36271474E-02
  0.739998519       9.78332832E-02
  0.759998500      0.107303977    
  0.779998481      0.109663717    
  0.799998462      0.123667844    
  0.819998443      0.124568135    
  0.839998424      0.135776341    
  0.859998405      0.145529434    
  0.879998386      0.148705706    
  0.899998367      0.164949894    
  0.919998348      0.165649176    
  0.939998329      0.185331330    
  0.959998310      0.183104932    
  0.979998291      0.202837691    
  0.999998271      0.212424889    
   1.01999831      0.212318808    
   1.03999829      0.242585436    
   1.05999827      0.233853787    
   1.07999825      0.260025829    
   1.09999824      0.261632621    
   1.11999822      0.280802995    
   1.13999820      0.292901278    
   1.15999818      0.292764544    
   1.17999816      0.332327574    
   1.19999814      0.309742898    
   1.21999812      0.353478581    
   1.23999810      0.351208240    
   1.25999808      0.362293482    
   1.27999806      0.392025322    
   1.29999804      0.373991609    
   1.31999803      0.429197848    
   1.33999801      0.398254246    
   1.35999799      0.446180493    
   1.37999797      0.446979523    
   1.39999795      0.443884373    
   1.41999793      0.496878177    
   1.43999791      0.450793892    
   1.45999789      0.528520823    
   1.47999787      0.486710876    
   1.49999785      0.525076210    
   1.51999784      0.548895061    
   1.53999782      0.508394241    
   1.55999780      0.595923007    
   1.57999778      0.521515965    
   1.59999776      0.605732799    
   1.61999774      0.568737507    
   1.63999772      0.578777015    
   1.65999770      0.644417703    
   1.67999768      0.546687543    
   1.69999766      0.674766958    
   1.71999764      0.583221674    
   1.73999763      0.644328296    
   1.75999761      0.642936051    
   1.77999759      0.595215201    
   1.79999757      0.715768158    
   1.81999755      0.561776221    
   1.83999753      0.710421264    
   1.85999751      0.626166046    
   1.87999749      0.631329954    
   1.89999747      0.702915847    
   1.91999745      0.570870876    
   1.93999743      0.739657760    
   1.95999742      0.563546002    
   1.97999740      0.695245624    
   1.99999738      0.649812579    
   2.01999736      0.570406199    
   2.03999734      0.735991240    
   2.05999732      0.520337224    
   2.07999730      0.709372222    
   2.09999728      0.555561900    
   2.11999726      0.621747971    
   2.13999724      0.648469865    
   2.15999722      0.482446790    
   2.17999721      0.725232065    
   2.19999719      0.454764187    
   2.21999717      0.632250726    
   2.23999715      0.539181530    
   2.25999713      0.504120886    
   2.27999711      0.618961036    
   2.29999709      0.387881160    
   2.31999707      0.660443544    
   2.33999705      0.381233454    
   2.35999703      0.529219151    
   2.37999701      0.509423256    
   2.39999700      0.367829561    
   2.41999698      0.562293291    
   2.43999696      0.297517568    
   2.45999694      0.555794537    
   2.47999692      0.309662223    
   2.49999690      0.423604488    
   2.51999688      0.455232412    
   2.53999686      0.242931679    
   2.55999684      0.494284779    
   2.57999682      0.215315148    
   2.59999681      0.436842531    
   2.61999679      0.240154803    
   2.63999677      0.327910960    
   2.65999675      0.372211426    
   2.67999673      0.151776493    
   2.69999671      0.426545709    
   2.71999669      0.137683451    
   2.73999667      0.331083357    
   2.75999665      0.174341530    
   2.77999663      0.250534296    
   2.79999661      0.269459635    
   2.81999660      0.101524837    
   2.83999658      0.358318359    
   2.85999656       6.80528209E-02
   2.87999654      0.258374900    
   2.89999652      0.110643618    
   2.91999650      0.195540100    
   2.93999648      0.163598731    
   2.95999646       9.35939997E-02
   2.97999644      0.278915495    
   2.99999642       1.99004989E-02
   3.01999640      0.215329126    
   3.03999639       5.15427478E-02
   3.05999637      0.163105026    
   3.07999635       6.95266798E-02
   3.09999633      0.115033947    
