  -2.00000000       1.70721635E-02
  -1.98000002      0.108552925    
  -1.96000004      0.115939476    
  -1.94000006       7.00016506E-03
  -1.92000008      0.123468235    
  -1.90000010      0.115215883    
  -1.88000011       1.67847462E-02
  -1.86000013      0.145387992    
  -1.84000015       5.58831096E-02
  -1.82000017       2.14441232E-02
  -1.80000019      0.102093697    
  -1.78000021       3.19317617E-02
  -1.76000023       2.35208645E-02
  -1.74000025      0.112903647    
  -1.72000027       2.02067923E-02
  -1.70000029       5.36299534E-02
  -1.68000031       8.83172601E-02
  -1.66000032       8.11426551E-04
  -1.64000034       5.11655919E-02
  -1.62000036       5.04862294E-02
  -1.60000038       3.71124421E-04
  -1.58000040       5.36959544E-02
  -1.56000042       5.01006767E-02
  -1.54000044       3.68388114E-03
  -1.52000046       7.03643411E-02
  -1.50000048       1.95737481E-02
  -1.48000050       1.50764296E-02
  -1.46000051       4.37441356E-02
  -1.44000053       1.05497884E-02
  -1.42000055       1.32868849E-02
  -1.40000057       4.43347394E-02
  -1.38000059       4.93111741E-03
  -1.36000061       2.91319825E-02
  -1.34000063       3.50145102E-02
  -1.32000065       1.85235823E-03
  -1.30000067       3.09004989E-02
  -1.28000069       1.60114449E-02
  -1.26000071       5.61795617E-03
  -1.24000072       2.36997325E-02
  -1.22000074       1.68550480E-02
  -1.20000076       5.53489663E-03
  -1.18000078       3.12203821E-02
  -1.16000080       5.29380422E-03
  -1.14000082       1.59894451E-02
  -1.12000084       1.77625753E-02
  -1.10000086       5.95315173E-03
  -1.08000088       1.26046408E-02
  -1.06000090       1.56972986E-02
  -1.04000092       4.69975313E-03
  -1.02000093       1.65420584E-02
  -1.00000095       1.33483568E-02
 -0.980000973       5.73627837E-03
 -0.960000992       1.82797518E-02
 -0.940001011       6.08121557E-03
 -0.920001030       1.03650820E-02
 -0.900001049       1.12806624E-02
 -0.880001068       9.11403913E-03
 -0.860001087       7.57025694E-03
 -0.840001106       1.46151846E-02
 -0.820001125       5.25985844E-03
 -0.800001144       1.31314201E-02
 -0.780001163       9.49003175E-03
 -0.760001183       8.15960113E-03
 -0.740001202       1.11301532E-02
 -0.720001221       8.58296733E-03
 -0.700001240       9.11245216E-03
 -0.680001259       9.92827304E-03
 -0.660001278       9.56429355E-03
 -0.640001297       7.62742292E-03
 -0.620001316       1.20942323E-02
 -0.600001335       6.37688674E-03
 -0.580001354       1.12249730E-02
 -0.560001373       7.34574907E-03
 -0.540001392       8.61450378E-03
 -0.520001411       8.15169886E-03
 -0.500001431       7.88603351E-03
 -0.480001420       6.84907055E-03
 -0.460001409       6.85538352E-03
 -0.440001398       6.23854296E-03
 -0.420001388       5.30281523E-03
 -0.400001377       6.52020937E-03
 -0.380001366       2.89929286E-03
 -0.360001355       4.84480616E-03
 -0.340001345       2.61733239E-03
 -0.320001334       2.94442126E-03
 -0.300001323       2.12510885E-03
 -0.280001312       1.22466334E-03
 -0.260001302       7.83113472E-04
 -0.240001306       9.00419778E-04
 -0.220001310       5.43170027E-04
 -0.200001314       3.28411697E-04
 -0.180001318       1.30825414E-04
 -0.160001323       4.42927267E-05
 -0.140001327       2.91476201E-04
 -0.120001331       2.41205620E-04
 -0.100001335       7.51804793E-04
  -8.00013393E-02   2.42289738E-04
  -6.00013398E-02   3.66287830E-04
  -4.00013402E-02   4.04588995E-04
  -2.00013407E-02   1.04927388E-03
  -1.34110451E-06   5.71184559E-04
   1.99986584E-02   2.00616312E-04
   3.99986580E-02   1.88231395E-04
   5.99986576E-02   6.91467547E-04
   7.99986571E-02   8.74778780E-04
   9.99986529E-02   1.83887698E-03
  0.119998649       2.43522692E-03
  0.139998645       2.94582359E-03
  0.159998640       4.72392328E-03
  0.179998636       4.66603646E-03
  0.199998632       6.62422553E-03
  0.219998628       7.68845342E-03
  0.239998624       8.31438322E-03
  0.259998620       1.10515999E-02
  0.279998630       1.14019364E-02
  0.299998641       1.32628661E-02
  0.319998652       1.61004104E-02
  0.339998662       1.58373844E-02
  0.359998673       2.01655328E-02
  0.379998684       2.06963029E-02
  0.399998695       2.32946351E-02
  0.419998705       2.60730609E-02
  0.439998716       2.83451378E-02
  0.459998727       3.04876119E-02
  0.479998738       3.50624360E-02
  0.499998748       3.58682871E-02
  0.519998729       4.12496440E-02
  0.539998710       4.31497097E-02
  0.559998691       4.75216471E-02
  0.579998672       5.17901443E-02
  0.599998653       5.42766601E-02
  0.619998634       6.12533689E-02
  0.639998615       6.23017997E-02
  0.659998596       7.07949325E-02
  0.679998577       7.25072995E-02
  0.699998558       8.06938410E-02
  0.719998538       8.34204182E-02
  0.739998519       9.27191302E-02
  0.759998500       9.50357616E-02
  0.779998481      0.103903733    
  0.799998462      0.111917116    
  0.819998443      0.112719990    
  0.839998424      0.130240858    
  0.859998405      0.126369596    
  0.879998386      0.144111112    
  0.899998367      0.144622803    
  0.919998348      0.159090921    
  0.939998329      0.164695874    
  0.959998310      0.171317101    
  0.979998291      0.191601127    
  0.999998271      0.183023527    
   1.01999831      0.212636083    
   1.03999829      0.206883445    
   1.05999827      0.229754314    
   1.07999825      0.230887219    
   1.09999824      0.246474892    
   1.11999822      0.263901174    
   1.13999820      0.254495144    
   1.15999818      0.299676120    
   1.17999816      0.276107967    
   1.19999814      0.315685362    
   1.21999812      0.311250031    
   1.23999810      0.329819649    
   1.25999808      0.349218607    
   1.27999806      0.337943941    
   1.29999804      0.392175049    
   1.31999803      0.353033274    
   1.33999801      0.414632350    
   1.35999799      0.391773373    
   1.37999797      0.421304882    
   1.39999795      0.442105979    
   1.41999793      0.418063045    
   1.43999791      0.491974324    
   1.45999789      0.429877877    
   1.47999787      0.511628866    
   1.49999785      0.472062021    
   1.51999784      0.510245264    
   1.53999782      0.528597295    
   1.55999780      0.492589235    
   1.57999778      0.588783085    
   1.59999776      0.490284503    
   1.61999774      0.603219748    
   1.63999772      0.541416883    
   1.65999770      0.577241004    
   1.67999768      0.603805602    
   1.69999766      0.550329447    
   1.71999764      0.665527105    
   1.73999763      0.529875517    
   1.75999761      0.681538224    
   1.77999759      0.585756242    
   1.79999757      0.621272683    
   1.81999755      0.663732290    
   1.83999753      0.571890235    
   1.85999751      0.716295540    
   1.87999749      0.547766209    
   1.89999747      0.722823799    
   1.91999745      0.589735091    
   1.93999743      0.644496143    
   1.95999742      0.694560826    
   1.97999740      0.549535155    
   1.99999738      0.741611481    
   2.01999736      0.535678804    
   2.03999734      0.722814202    
   2.05999732      0.565462649    
   2.07999730      0.639310300    
   2.09999728      0.676194191    
   2.11999726      0.504411817    
   2.13999724      0.745673120    
   2.15999722      0.477435768    
   2.17999721      0.688912630    
   2.19999719      0.522222757    
   2.21999717      0.597478509    
   2.23999715      0.610669911    
   2.25999713      0.453502536    
   2.27999711      0.708305836    
   2.29999709      0.382430464    
   2.31999707      0.650437355    
   2.33999705      0.451137573    
   2.35999703      0.521575630    
   2.37999701      0.521893919    
   2.39999700      0.399732828    
   2.41999698      0.617388606    
   2.43999696      0.286267191    
   2.45999694      0.613158047    
   2.47999692      0.338376373    
   2.49999690      0.450975209    
   2.51999688      0.427963704    
   2.53999686      0.335528731    
   2.55999684      0.488459200    
   2.57999682      0.220371991    
   2.59999681      0.547818124    
   2.61999679      0.203193769    
   2.63999677      0.420579255    
   2.65999675      0.314571798    
   2.67999673      0.272606373    
   2.69999671      0.357517958    
   2.71999669      0.187823474    
   2.73999667      0.429352582    
   2.75999665      0.100801006    
   2.77999663      0.412619352    
   2.79999661      0.173390567    
   2.81999660      0.247958198    
   2.83999658      0.235675216    
   2.85999656      0.171757087    
   2.87999654      0.272149324    
   2.89999652       8.08787048E-02
   2.91999650      0.362321824    
   2.93999648       4.92132269E-02
   2.95999646      0.263918489    
   2.97999644      0.113225766    
   2.99999642      0.170083642    
   3.01999640      0.118534528    
   3.03999639      0.137333125    
   3.05999637      0.223480403    
   3.07999635       2.93116663E-02
   3.09999633      0.246146888    
