  -2.00000000      0.104473606    
  -1.98000002      0.192388609    
  -1.96000004       2.00944003E-02
  -1.94000006      0.106834404    
  -1.92000008      0.120445944    
  -1.90000010       8.01941007E-03
  -1.88000011      0.123334058    
  -1.86000013      0.111338668    
  -1.84000015       2.05325019E-02
  -1.82000017      0.150415823    
  -1.80000019       4.68549915E-02
  -1.78000021       3.44623327E-02
  -1.76000023      0.102746435    
  -1.74000025       1.66609064E-02
  -1.72000027       4.05858681E-02
  -1.70000029      0.104048364    
  -1.68000031       7.53621804E-03
  -1.66000032       7.88148567E-02
  -1.64000034       7.05330223E-02
  -1.62000036       3.84332915E-03
  -1.60000038       6.92247301E-02
  -1.58000040       2.79813483E-02
  -1.56000042       7.35851796E-03
  -1.54000044       6.46359622E-02
  -1.52000046       1.99325569E-02
  -1.50000048       2.54439488E-02
  -1.48000050       6.88564852E-02
  -1.46000051       1.35536911E-03
  -1.44000053       4.12190519E-02
  -1.42000055       3.18569653E-02
  -1.40000057       2.18729512E-03
  -1.38000059       3.20080966E-02
  -1.36000061       2.55027357E-02
  -1.34000063       3.47423507E-03
  -1.32000065       4.57405373E-02
  -1.30000067       9.22723766E-03
  -1.28000069       1.95054486E-02
  -1.26000071       3.06611732E-02
  -1.24000072       2.63754115E-03
  -1.22000074       1.88040007E-02
  -1.20000076       2.01954320E-02
  -1.18000078       2.80983234E-03
  -1.16000080       2.34764498E-02
  -1.14000082       1.65034998E-02
  -1.12000084       5.98211261E-03
  -1.10000086       2.67149732E-02
  -1.08000088       4.06723004E-03
  -1.06000090       1.36270663E-02
  -1.04000092       1.42707219E-02
  -1.02000093       6.32283371E-03
  -1.00000095       1.11203995E-02
 -0.980000973       1.64799355E-02
 -0.960000992       2.98980810E-03
 -0.940001011       1.91641357E-02
 -0.920001030       7.84242060E-03
 -0.900001049       9.27788578E-03
 -0.880001068       1.34065049E-02
 -0.860001087       6.99249469E-03
 -0.840001106       9.04253311E-03
 -0.820001125       1.22131351E-02
 -0.800001144       6.85686292E-03
 -0.780001163       1.08337738E-02
 -0.760001183       1.18064061E-02
 -0.740001202       5.95844723E-03
 -0.720001221       1.39791360E-02
 -0.700001240       6.61514094E-03
 -0.680001259       1.04423305E-02
 -0.660001278       8.80160742E-03
 -0.640001297       9.35958792E-03
 -0.620001316       7.69029604E-03
 -0.600001335       1.12242531E-02
 -0.580001354       6.14604494E-03
 -0.560001373       1.01549318E-02
 -0.540001392       7.49659585E-03
 -0.520001411       7.42243696E-03
 -0.500001431       8.56505334E-03
 -0.480001420       5.37686935E-03
 -0.460001409       6.88797422E-03
 -0.440001398       5.17482311E-03
 -0.420001388       5.41339628E-03
 -0.400001377       4.06501023E-03
 -0.380001366       4.51766513E-03
 -0.360001355       1.82652660E-03
 -0.340001345       3.92949115E-03
 -0.320001334       1.63724599E-03
 -0.300001323       1.68617454E-03
 -0.280001312       1.10698270E-03
 -0.260001302       4.05079278E-04
 -0.240001306       6.34546508E-04
 -0.220001310       3.39885533E-04
 -0.200001314       1.30124041E-04
 -0.180001318       1.60091120E-04
 -0.160001323       4.70306441E-05
 -0.140001327       2.46663432E-04
 -0.120001331       5.32774371E-04
 -0.100001335       6.60833437E-04
  -8.00013393E-02   5.15326567E-04
  -6.00013398E-02   7.62689742E-05
  -4.00013402E-02   9.45046195E-04
  -2.00013407E-02   5.94615762E-04
  -1.34110451E-06   6.97068579E-04
   1.99986584E-02   4.58784998E-05
   3.99986580E-02   1.99954680E-04
   5.99986576E-02   4.51844913E-04
   7.99986571E-02   1.09128852E-03
   9.99986529E-02   1.49806915E-03
  0.119998649       2.07269122E-03
  0.139998645       3.44235636E-03
  0.159998640       3.33608175E-03
  0.179998636       5.32932393E-03
  0.199998632       5.81676932E-03
  0.219998628       6.77741133E-03
  0.239998624       8.72116350E-03
  0.259998620       9.40503366E-03
  0.279998630       1.07587706E-02
  0.299998641       1.35841612E-02
  0.319998652       1.29252896E-02
  0.339998662       1.70540642E-02
  0.359998673       1.75218862E-02
  0.379998684       1.93847511E-02
  0.399998695       2.27529220E-02
  0.419998705       2.36699935E-02
  0.439998716       2.61983238E-02
  0.459998727       3.00128330E-02
  0.479998738       3.07952464E-02
  0.499998748       3.50814015E-02
  0.519998729       3.82480398E-02
  0.539998710       3.96680348E-02
  0.559998691       4.59560156E-02
  0.579998672       4.62195091E-02
  0.599998653       5.35642914E-02
  0.619998634       5.40656745E-02
  0.639998615       6.16977289E-02
  0.659998596       6.29054755E-02
  0.679998577       7.06746578E-02
  0.699998558       7.28205591E-02
  0.719998538       8.06485936E-02
  0.739998519       8.42054188E-02
  0.759998500       9.00937691E-02
  0.779998481       9.93497446E-02
  0.799998462       9.79706347E-02
  0.819998443      0.115695715    
  0.839998424      0.110522076    
  0.859998405      0.128136694    
  0.879998386      0.127415478    
  0.899998367      0.141270548    
  0.919998348      0.145203635    
  0.939998329      0.153221026    
  0.959998310      0.169054717    
  0.979998291      0.163722500    
  0.999998271      0.191255912    
   1.01999831      0.181444079    
   1.03999829      0.209235579    
   1.05999827      0.201528475    
   1.07999825      0.228238568    
   1.09999824      0.230595469    
   1.11999822      0.234129518    
   1.13999820      0.267648399    
   1.15999818      0.247742653    
   1.17999816      0.291507661    
   1.19999814      0.272114575    
   1.21999812      0.314489841    
   1.23999810      0.298484772    
   1.25999808      0.326689184    
   1.27999806      0.344766080    
   1.29999804      0.328499407    
   1.31999803      0.385532022    
   1.33999801      0.344066203    
   1.35999799      0.413633138    
   1.37999797      0.371272355    
   1.39999795      0.425406575    
   1.41999793      0.421967357    
   1.43999791      0.420937210    
   1.45999789      0.472563148    
   1.47999787      0.422295809    
   1.49999785      0.515556931    
   1.51999784      0.434270769    
   1.53999782      0.531681597    
   1.55999780      0.488476783    
   1.57999778      0.510166109    
   1.59999776      0.552363098    
   1.61999774      0.496954560    
   1.63999772      0.599594355    
   1.65999770      0.491404057    
   1.67999768      0.631880701    
   1.69999766      0.524761379    
   1.71999764      0.598472416    
   1.73999763      0.608455002    
   1.75999761      0.550868392    
   1.77999759      0.664701462    
   1.79999757      0.532290936    
   1.81999755      0.700122476    
   1.83999753      0.539242923    
   1.85999751      0.679680467    
   1.87999749      0.611758411    
   1.89999747      0.598509133    
   1.91999745      0.706650198    
   1.93999743      0.536293566    
   1.95999742      0.734944940    
   1.97999740      0.536360443    
   1.99999738      0.723877013    
   2.01999736      0.568069398    
   2.03999734      0.646084428    
   2.05999732      0.682788372    
   2.07999730      0.523316443    
   2.09999728      0.749329388    
   2.11999726      0.490591973    
   2.13999724      0.724246383    
   2.15999722      0.509627581    
   2.17999721      0.666187406    
   2.19999719      0.583078384    
   2.21999717      0.530325532    
   2.23999715      0.704593122    
   2.25999713      0.415759832    
   2.27999711      0.713679910    
   2.29999709      0.426290512    
   2.31999707      0.639527261    
   2.33999705      0.462182462    
   2.35999703      0.545257568    
   2.37999701      0.565163374    
   2.39999700      0.380083889    
   2.41999698      0.666322112    
   2.43999696      0.308045775    
   2.45999694      0.604524672    
   2.47999692      0.345289797    
   2.49999690      0.522732079    
   2.51999688      0.383616090    
   2.53999686      0.405115783    
   2.55999684      0.512807190    
   2.57999682      0.238633215    
   2.59999681      0.564621687    
   2.61999679      0.216996983    
   2.63999677      0.473307222    
   2.65999675      0.237576768    
   2.67999673      0.420314610    
   2.69999671      0.284153670    
   2.71999669      0.284115553    
   2.73999667      0.425996125    
   2.75999665      0.140681013    
   2.77999663      0.419654906    
   2.79999661      0.135662794    
   2.81999660      0.366407007    
   2.83999658      0.115033366    
   2.85999656      0.359885246    
   2.87999654      0.183120772    
   2.89999652      0.204530194    
   2.91999650      0.286776632    
   2.93999648      0.103050821    
   2.95999646      0.256850719    
   2.97999644       8.35624859E-02
   2.99999642      0.301476479    
   3.01999640       2.58893557E-02
   3.03999639      0.309562802    
   3.05999637       8.06218311E-02
   3.07999635      0.171776667    
   3.09999633      0.107617304    
