  -2.00000000       8.71438086E-02
  -1.98000002      0.193549097    
  -1.96000004       2.48508528E-02
  -1.94000006       8.83356631E-02
  -1.92000008      0.130622864    
  -1.90000010       1.11510232E-02
  -1.88000011      0.111236878    
  -1.86000013      0.126140252    
  -1.84000015       1.48916999E-02
  -1.82000017      0.140714258    
  -1.80000019       5.81103638E-02
  -1.78000021       2.17055008E-02
  -1.76000023      0.101074815    
  -1.74000025       2.76852716E-02
  -1.72000027       2.89407838E-02
  -1.70000029      0.109939314    
  -1.68000031       1.36661455E-02
  -1.66000032       6.54217526E-02
  -1.64000034       7.83605203E-02
  -1.62000036       7.00357195E-04
  -1.60000038       6.07274100E-02
  -1.58000040       3.74689437E-02
  -1.56000042       2.39744643E-03
  -1.54000044       6.27351999E-02
  -1.52000046       3.01547088E-02
  -1.50000048       1.64410397E-02
  -1.48000050       7.08740130E-02
  -1.46000051       4.94431192E-03
  -1.44000053       3.15935537E-02
  -1.42000055       3.64996567E-02
  -1.40000057       2.35796510E-03
  -1.38000059       2.68277302E-02
  -1.36000061       3.23608853E-02
  -1.34000063       9.84734623E-04
  -1.32000065       4.36905324E-02
  -1.30000067       1.50378812E-02
  -1.28000069       1.30409971E-02
  -1.26000071       3.23681571E-02
  -1.24000072       4.49657626E-03
  -1.22000074       1.41483014E-02
  -1.20000076       2.35195439E-02
  -1.18000078       3.87538248E-03
  -1.16000080       1.97008755E-02
  -1.14000082       2.12325994E-02
  -1.12000084       3.20139038E-03
  -1.10000086       2.56913844E-02
  -1.08000088       6.54457090E-03
  -1.06000090       1.05052218E-02
  -1.04000092       1.51590062E-02
  -1.02000093       7.77337467E-03
  -1.00000095       8.69736355E-03
 -0.980000973       1.86318196E-02
 -0.960000992       3.07574612E-03
 -0.940001011       1.71667468E-02
 -0.920001030       1.04802456E-02
 -0.900001049       7.18362257E-03
 -0.880001068       1.36378668E-02
 -0.860001087       7.90237822E-03
 -0.840001106       7.93713517E-03
 -0.820001125       1.25071974E-02
 -0.800001144       8.01284704E-03
 -0.780001163       9.07482114E-03
 -0.760001183       1.34958299E-02
 -0.740001202       5.24089206E-03
 -0.720001221       1.35489674E-02
 -0.700001240       7.53777567E-03
 -0.680001259       9.62404720E-03
 -0.660001278       8.93407129E-03
 -0.640001297       9.82523803E-03
 -0.620001316       7.18189031E-03
 -0.600001335       1.14569096E-02
 -0.580001354       6.70453487E-03
 -0.560001373       9.23219789E-03
 -0.540001392       8.57634190E-03
 -0.520001411       6.66011218E-03
 -0.500001431       8.89036059E-03
 -0.480001420       5.48447529E-03
 -0.460001409       6.76416885E-03
 -0.440001398       5.28475828E-03
 -0.420001388       5.72696188E-03
 -0.400001377       3.77116050E-03
 -0.380001366       4.86819632E-03
 -0.360001355       1.94189092E-03
 -0.340001345       3.63036850E-03
 -0.320001334       2.15896964E-03
 -0.300001323       1.38540729E-03
 -0.280001312       1.24803919E-03
 -0.260001302       4.23261808E-04
 -0.240001306       6.38201134E-04
 -0.220001310       3.55146651E-04
 -0.200001314       1.63129400E-04
 -0.180001318       1.43230543E-04
 -0.160001323       9.12384639E-05
 -0.140001327       1.52529290E-04
 -0.120001331       6.51829760E-04
 -0.100001335       4.99822374E-04
  -8.00013393E-02   6.08333736E-04
  -6.00013398E-02   7.25218706E-05
  -4.00013402E-02   8.27974640E-04
  -2.00013407E-02   7.07119063E-04
  -1.34110451E-06   6.53970812E-04
   1.99986584E-02   7.17033690E-05
   3.99986580E-02   1.79021663E-04
   5.99986576E-02   4.77173249E-04
   7.99986571E-02   1.12456875E-03
   9.99986529E-02   1.42120081E-03
  0.119998649       2.23371829E-03
  0.139998645       3.32829240E-03
  0.159998640       3.41507071E-03
  0.179998636       5.43460669E-03
  0.199998632       5.70739899E-03
  0.219998628       6.94084773E-03
  0.239998624       8.83621629E-03
  0.259998620       9.22734290E-03
  0.279998630       1.12242261E-02
  0.299998641       1.33876279E-02
  0.319998652       1.30199632E-02
  0.339998662       1.76003799E-02
  0.359998673       1.69434380E-02
  0.379998684       2.02544536E-02
  0.399998695       2.24849656E-02
  0.419998705       2.38650907E-02
  0.439998716       2.66375057E-02
  0.459998727       3.00312527E-02
  0.479998738       3.09177786E-02
  0.499998748       3.58451381E-02
  0.519998729       3.77406478E-02
  0.539998710       4.08163145E-02
  0.559998691       4.55265827E-02
  0.579998672       4.71688882E-02
  0.599998653       5.35828173E-02
  0.619998634       5.46074398E-02
  0.639998615       6.22700267E-02
  0.659998596       6.30271807E-02
  0.679998577       7.17947707E-02
  0.699998558       7.26129115E-02
  0.719998538       8.21784213E-02
  0.739998519       8.37191120E-02
  0.759998500       9.22420695E-02
  0.779998481       9.82552767E-02
  0.799998462      0.100522295    
  0.819998443      0.115412138    
  0.839998424      0.111434229    
  0.859998405      0.129860952    
  0.879998386      0.127118692    
  0.899998367      0.144155681    
  0.919998348      0.143357217    
  0.939998329      0.158019125    
  0.959998310      0.167217210    
  0.979998291      0.166704133    
  0.999998271      0.191881195    
   1.01999831      0.182874382    
   1.03999829      0.211128786    
   1.05999827      0.201811388    
   1.07999825      0.232882366    
   1.09999824      0.226172850    
   1.11999822      0.242799789    
   1.13999820      0.265100867    
   1.15999818      0.250651121    
   1.17999816      0.293543726    
   1.19999814      0.273194730    
   1.21999812      0.318284303    
   1.23999810      0.296913207    
   1.25999808      0.335920781    
   1.27999806      0.337665707    
   1.29999804      0.337268621    
   1.31999803      0.384045631    
   1.33999801      0.347737908    
   1.35999799      0.417805970    
   1.37999797      0.369768798    
   1.39999795      0.434598893    
   1.41999793      0.414251566    
   1.43999791      0.432143986    
   1.45999789      0.467191219    
   1.47999787      0.430533350    
   1.49999785      0.516082466    
   1.51999784      0.435743868    
   1.53999782      0.541548252    
   1.55999780      0.479323566    
   1.57999778      0.524319589    
   1.59999776      0.543882370    
   1.61999774      0.505393386    
   1.63999772      0.596101820    
   1.65999770      0.496663153    
   1.67999768      0.636134803    
   1.69999766      0.517043710    
   1.71999764      0.617200911    
   1.73999763      0.596841216    
   1.75999761      0.562881052    
   1.77999759      0.661797822    
   1.79999757      0.539432347    
   1.81999755      0.700107813    
   1.83999753      0.536082506    
   1.85999751      0.692964435    
   1.87999749      0.598097682    
   1.89999747      0.614431202    
   1.91999745      0.696513832    
   1.93999743      0.542390049    
   1.95999742      0.736046135    
   1.97999740      0.534779608    
   1.99999738      0.727204502    
   2.01999736      0.560266793    
   2.03999734      0.660848498    
   2.05999732      0.666924179    
   2.07999730      0.533021927    
   2.09999728      0.748736441    
   2.11999726      0.488661587    
   2.13999724      0.725898385    
   2.15999722      0.507012248    
   2.17999721      0.671478689    
   2.19999719      0.573372722    
   2.21999717      0.540007949    
   2.23999715      0.695193648    
   2.25999713      0.416986883    
   2.27999711      0.717155159    
   2.29999709      0.421872646    
   2.31999707      0.636410475    
   2.33999705      0.461388826    
   2.35999703      0.545307577    
   2.37999701      0.557883441    
   2.39999700      0.382473588    
   2.41999698      0.663394094    
   2.43999696      0.303924829    
   2.45999694      0.606272757    
   2.47999692      0.347095490    
   2.49999690      0.511411488    
   2.51999688      0.386475682    
   2.53999686      0.399680912    
   2.55999684      0.511176288    
   2.57999682      0.234697446    
   2.59999681      0.566158295    
   2.61999679      0.213610888    
   2.63999677      0.467431784    
   2.65999675      0.246439263    
   2.67999673      0.402897954    
   2.69999671      0.291027635    
   2.71999669      0.272372961    
   2.73999667      0.431922793    
   2.75999665      0.131835043    
   2.77999663      0.424815327    
   2.79999661      0.134365961    
   2.81999660      0.354879051    
   2.83999658      0.124648273    
   2.85999656      0.340517789    
   2.87999654      0.195641622    
   2.89999652      0.187545270    
   2.91999650      0.302605242    
   2.93999648       8.80398005E-02
   2.95999646      0.266513407    
   2.97999644       7.53890574E-02
   2.99999642      0.295173377    
   3.01999640       2.87183877E-02
   3.03999639      0.297443509    
   3.05999637       9.53986794E-02
   3.07999635      0.155563116    
   3.09999633      0.126659349    
