  -2.00000000      0.218752772    
  -1.98000002       9.34929475E-02
  -1.96000004       8.99633691E-02
  -1.94000006      0.201470852    
  -1.92000008       2.62880549E-02
  -1.90000010      0.104858615    
  -1.88000011      0.122092970    
  -1.86000013       8.68210848E-03
  -1.84000015      0.124264330    
  -1.82000017      0.102402531    
  -1.80000019       2.65445132E-02
  -1.78000021      0.153588697    
  -1.76000023       3.60573009E-02
  -1.74000025       5.02995253E-02
  -1.72000027       9.83860344E-02
  -1.70000029       6.40382804E-03
  -1.68000031       5.88545315E-02
  -1.66000032       8.71632546E-02
  -1.64000034       4.47084103E-03
  -1.62000036       9.84143391E-02
  -1.60000038       4.52392399E-02
  -1.58000040       2.01327093E-02
  -1.56000042       7.41211623E-02
  -1.54000044       8.32042471E-03
  -1.52000046       2.62850877E-02
  -1.50000048       5.82098775E-02
  -1.48000050       1.94913032E-03
  -1.46000051       5.27256690E-02
  -1.44000053       4.52283509E-02
  -1.42000055       6.05432130E-03
  -1.40000057       5.69001697E-02
  -1.38000059       1.00689996E-02
  -1.36000061       1.47930225E-02
  -1.34000063       3.55475284E-02
  -1.32000065       4.85426467E-03
  -1.30000067       2.27717385E-02
  -1.28000069       3.49713378E-02
  -1.26000071       8.07695731E-04
  -1.24000072       3.98528464E-02
  -1.22000074       1.05727017E-02
  -1.20000076       1.15608675E-02
  -1.18000078       2.44614612E-02
  -1.16000080       5.54681709E-03
  -1.14000082       1.17329489E-02
  -1.12000084       2.45418865E-02
  -1.10000086       1.32766913E-03
  -1.08000088       2.45294161E-02
  -1.06000090       1.24779968E-02
  -1.04000092       7.64549291E-03
  -1.02000093       1.97136309E-02
  -1.00000095       5.09966398E-03
 -0.980000973       1.00990161E-02
 -0.960000992       1.48488022E-02
 -0.940001011       4.75608744E-03
 -0.920001030       1.38873141E-02
 -0.900001049       1.35749234E-02
 -0.880001068       4.76160226E-03
 -0.860001087       1.80643685E-02
 -0.840001106       5.05267130E-03
 -0.820001125       1.10894414E-02
 -0.800001144       1.06451157E-02
 -0.780001163       7.73591129E-03
 -0.760001183       8.87124427E-03
 -0.740001202       1.31227886E-02
 -0.720001221       4.79302788E-03
 -0.700001240       1.46632148E-02
 -0.680001259       6.95322687E-03
 -0.660001278       9.51865781E-03
 -0.640001297       1.02914078E-02
 -0.620001316       7.59644993E-03
 -0.600001335       8.68228357E-03
 -0.580001354       8.93677864E-03
 -0.560001373       6.76270947E-03
 -0.540001392       8.23624805E-03
 -0.520001411       8.10550246E-03
 -0.500001431       5.31566422E-03
 -0.480001420       8.39195773E-03
 -0.460001409       3.53014236E-03
 -0.440001398       6.67212252E-03
 -0.420001388       3.99084436E-03
 -0.400001377       3.85063607E-03
 -0.380001366       2.80973525E-03
 -0.360001355       2.96569522E-03
 -0.340001345       1.38968462E-03
 -0.320001334       2.46185600E-03
 -0.300001323       8.02988419E-04
 -0.280001312       6.54445495E-04
 -0.260001302       7.51404441E-04
 -0.240001306       1.68699160E-04
 -0.220001310       4.05593397E-04
 -0.200001314       1.62348471E-04
 -0.180001318       1.10858222E-04
 -0.160001323       1.21798133E-04
 -0.140001327       2.83208065E-04
 -0.120001331       6.96093601E-04
 -0.100001335       5.86247479E-04
  -8.00013393E-02   4.04922583E-04
  -6.00013398E-02   5.49031887E-04
  -4.00013402E-02   2.92985991E-04
  -2.00013407E-02   1.12073158E-03
  -1.34110451E-06   1.77848022E-04
   1.99986584E-02   1.32019442E-04
   3.99986580E-02   1.54162160E-04
   5.99986576E-02   6.18244230E-04
   7.99986571E-02   6.85631880E-04
   9.99986529E-02   1.68201386E-03
  0.119998649       2.04325188E-03
  0.139998645       2.57918192E-03
  0.159998640       4.03706497E-03
  0.179998636       4.26008645E-03
  0.199998632       5.54605899E-03
  0.219998628       6.96326885E-03
  0.239998624       7.40121957E-03
  0.259998620       9.05925222E-03
  0.279998630       1.09168356E-02
  0.299998641       1.09309312E-02
  0.319998652       1.42638162E-02
  0.339998662       1.48187876E-02
  0.359998673       1.60675664E-02
  0.379998684       2.00612545E-02
  0.399998695       1.92649048E-02
  0.419998705       2.33907681E-02
  0.439998716       2.51768380E-02
  0.459998727       2.66440865E-02
  0.479998738       3.00659109E-02
  0.499998748       3.33779491E-02
  0.519998729       3.37416865E-02
  0.539998710       4.05567922E-02
  0.559998691       3.97945046E-02
  0.579998672       4.65622954E-02
  0.599998653       4.70885523E-02
  0.619998634       5.42065576E-02
  0.639998615       5.44492081E-02
  0.659998596       6.23672716E-02
  0.679998577       6.37470111E-02
  0.699998558       7.00912997E-02
  0.719998538       7.51398131E-02
  0.739998519       7.80410394E-02
  0.759998500       8.82382765E-02
  0.779998481       8.63112584E-02
  0.799998462      0.102082767    
  0.819998443       9.72131491E-02
  0.839998424      0.114468098    
  0.859998405      0.111148417    
  0.879998386      0.127533570    
  0.899998367      0.126903623    
  0.919998348      0.138934866    
  0.939998329      0.148016170    
  0.959998310      0.147582352    
  0.979998291      0.170663729    
  0.999998271      0.161598444    
   1.01999831      0.189495653    
   1.03999829      0.177173257    
   1.05999827      0.211794809    
   1.07999825      0.197001860    
   1.09999824      0.222614929    
   1.11999822      0.231913805    
   1.13999820      0.230688334    
   1.15999818      0.260041147    
   1.17999816      0.247647598    
   1.19999814      0.289667726    
   1.21999812      0.258880317    
   1.23999810      0.319787979    
   1.25999808      0.288325846    
   1.27999806      0.326757938    
   1.29999804      0.330583096    
   1.31999803      0.332776278    
   1.33999801      0.371286750    
   1.35999799      0.339148194    
   1.37999797      0.412848741    
   1.39999795      0.354388505    
   1.41999793      0.436584055    
   1.43999791      0.386110634    
   1.45999789      0.444339573    
   1.47999787      0.438279748    
   1.49999785      0.431119889    
   1.51999784      0.498695135    
   1.53999782      0.428005278    
   1.55999780      0.534846961    
   1.57999778      0.444181442    
   1.59999776      0.558375359    
   1.61999774      0.476772487    
   1.63999772      0.547790051    
   1.65999770      0.547830641    
   1.67999768      0.506177247    
   1.69999766      0.616334617    
   1.71999764      0.494557202    
   1.73999763      0.643785179    
   1.75999761      0.506300509    
   1.77999759      0.655920029    
   1.79999757      0.546376348    
   1.81999755      0.612296700    
   1.83999753      0.638191998    
   1.85999751      0.543581307    
   1.87999749      0.706768334    
   1.89999747      0.519084573    
   1.91999745      0.718584597    
   1.93999743      0.532323837    
   1.95999742      0.706476927    
   1.97999740      0.577992499    
   1.99999738      0.628896832    
   2.01999736      0.690580070    
   2.03999734      0.524339795    
   2.05999732      0.748075902    
   2.07999730      0.500543058    
   2.09999728      0.739267290    
   2.11999726      0.505260766    
   2.13999724      0.706844687    
   2.15999722      0.564559698    
   2.17999721      0.588729441    
   2.19999719      0.685608089    
   2.21999717      0.463506043    
   2.23999715      0.733602285    
   2.25999713      0.436004519    
   2.27999711      0.703011215    
   2.29999709      0.431200415    
   2.31999707      0.665426791    
   2.33999705      0.495996743    
   2.35999703      0.516656995    
   2.37999701      0.626577318    
   2.39999700      0.376043051    
   2.41999698      0.654868126    
   2.43999696      0.345542282    
   2.45999694      0.630711675    
   2.47999692      0.314145327    
   2.49999690      0.603872955    
   2.51999688      0.379654437    
   2.53999686      0.438674033    
   2.55999684      0.507810056    
   2.57999682      0.297227234    
   2.59999681      0.519937396    
   2.61999679      0.254957825    
   2.63999677      0.536320269    
   2.65999675      0.185380876    
   2.67999673      0.539292276    
   2.69999671      0.235725746    
   2.71999669      0.378333956    
   2.73999667      0.336650312    
   2.75999665      0.260501772    
   2.77999663      0.335891783    
   2.79999661      0.208390251    
   2.81999660      0.418002784    
   2.83999658       9.65496749E-02
   2.85999656      0.451560199    
   2.87999654      0.104684770    
   2.89999652      0.322851300    
   2.91999650      0.145042151    
   2.93999648      0.281840503    
   2.95999646      0.134265423    
   2.97999644      0.240216583    
   2.99999642      0.243405402    
   3.01999640       9.98424143E-02
   3.03999639      0.277724922    
   3.05999637       7.08574131E-02
   3.07999635      0.215303019    
   3.09999633       5.06001301E-02
