  -2.00000000      0.219806477    
  -1.98000002       8.90574530E-02
  -1.96000004       9.47937220E-02
  -1.94000006      0.200981691    
  -1.92000008       2.50010174E-02
  -1.90000010      0.110312186    
  -1.88000011      0.118879594    
  -1.86000013       8.55407026E-03
  -1.84000015      0.127272353    
  -1.82000017       9.77607742E-02
  -1.80000019       2.91550960E-02
  -1.78000021      0.155049145    
  -1.76000023       3.32895927E-02
  -1.74000025       5.48479296E-02
  -1.72000027       9.72123668E-02
  -1.70000029       4.86661820E-03
  -1.68000031       6.22418299E-02
  -1.66000032       8.36964026E-02
  -1.64000034       4.87212278E-03
  -1.62000036      0.100905076    
  -1.60000038       4.22618650E-02
  -1.58000040       2.31862497E-02
  -1.56000042       7.44556189E-02
  -1.54000044       6.56988518E-03
  -1.52000046       2.89940126E-02
  -1.50000048       5.62913530E-02
  -1.48000050       1.12774607E-03
  -1.46000051       5.49957454E-02
  -1.44000053       4.25302237E-02
  -1.42000055       7.76361767E-03
  -1.40000057       5.79417646E-02
  -1.38000059       8.44169594E-03
  -1.36000061       1.68408081E-02
  -1.34000063       3.49542312E-02
  -1.32000065       3.82245588E-03
  -1.30000067       2.44332049E-02
  -1.28000069       3.32219414E-02
  -1.26000071       1.37073232E-03
  -1.24000072       4.07305658E-02
  -1.22000074       9.14670434E-03
  -1.20000076       1.31237740E-02
  -1.18000078       2.41744649E-02
  -1.16000080       4.77755256E-03
  -1.14000082       1.29324943E-02
  -1.12000084       2.35500298E-02
  -1.10000086       1.21403136E-03
  -1.08000088       2.54931841E-02
  -1.06000090       1.12916389E-02
  -1.04000092       8.66594072E-03
  -1.02000093       1.96437929E-02
  -1.00000095       4.67713038E-03
 -0.980000973       1.08051253E-02
 -0.960000992       1.44338468E-02
 -0.940001011       4.49288869E-03
 -0.920001030       1.45749226E-02
 -0.900001049       1.27021382E-02
 -0.880001068       5.33131836E-03
 -0.860001087       1.80713311E-02
 -0.840001106       4.69349185E-03
 -0.820001125       1.16285868E-02
 -0.800001144       1.03829866E-02
 -0.780001163       7.60161038E-03
 -0.760001183       9.25679598E-03
 -0.740001202       1.26788300E-02
 -0.720001221       4.92048264E-03
 -0.700001240       1.48690911E-02
 -0.680001259       6.50817296E-03
 -0.660001278       9.98218823E-03
 -0.640001297       1.00546805E-02
 -0.620001316       7.61083234E-03
 -0.600001335       8.79127812E-03
 -0.580001354       8.84019770E-03
 -0.560001373       6.66651642E-03
 -0.540001392       8.44390597E-03
 -0.520001411       7.78599083E-03
 -0.500001431       5.54452138E-03
 -0.480001420       8.26429762E-03
 -0.460001409       3.48411873E-03
 -0.440001398       6.79575978E-03
 -0.420001388       3.84631590E-03
 -0.400001377       3.88068333E-03
 -0.380001366       2.82492302E-03
 -0.360001355       2.88845506E-03
 -0.340001345       1.37955672E-03
 -0.320001334       2.49235309E-03
 -0.300001323       7.06284831E-04
 -0.280001312       7.20831682E-04
 -0.260001302       7.06180173E-04
 -0.240001306       1.92576801E-04
 -0.220001310       3.92170128E-04
 -0.200001314       1.75708701E-04
 -0.180001318       1.09991401E-04
 -0.160001323       1.24343103E-04
 -0.140001327       2.77353480E-04
 -0.120001331       7.20750948E-04
 -0.100001335       5.48697950E-04
  -8.00013393E-02   4.40094766E-04
  -6.00013398E-02   5.31718892E-04
  -4.00013402E-02   2.91160512E-04
  -2.00013407E-02   1.12836424E-03
  -1.34110451E-06   1.70495245E-04
   1.99986584E-02   1.36262635E-04
   3.99986580E-02   1.41323922E-04
   5.99986576E-02   6.36641053E-04
   7.99986571E-02   6.73493952E-04
   9.99986529E-02   1.67057465E-03
  0.119998649       2.05941382E-03
  0.139998645       2.55913590E-03
  0.159998640       4.01171669E-03
  0.179998636       4.30626562E-03
  0.199998632       5.46115916E-03
  0.219998628       7.00987410E-03
  0.239998624       7.36415107E-03
  0.259998620       9.03431233E-03
  0.279998630       1.08808167E-02
  0.299998641       1.09874895E-02
  0.319998652       1.40591310E-02
  0.339998662       1.50229540E-02
  0.359998673       1.58154406E-02
  0.379998684       2.01298520E-02
  0.399998695       1.92522127E-02
  0.419998705       2.32271962E-02
  0.439998716       2.52210721E-02
  0.459998727       2.66108420E-02
  0.479998738       2.98467577E-02
  0.499998748       3.35341543E-02
  0.519998729       3.34781781E-02
  0.539998710       4.05751057E-02
  0.559998691       3.97061855E-02
  0.579998672       4.64161858E-02
  0.599998653       4.70740274E-02
  0.619998634       5.39552085E-02
  0.639998615       5.45469038E-02
  0.659998596       6.19393848E-02
  0.679998577       6.39792904E-02
  0.699998558       6.95295557E-02
  0.719998538       7.54047632E-02
  0.739998519       7.74645209E-02
  0.759998500       8.84221569E-02
  0.779998481       8.58334824E-02
  0.799998462      0.102040760    
  0.819998443       9.70212668E-02
  0.839998424      0.114015818    
  0.859998405      0.111308694    
  0.879998386      0.126687735    
  0.899998367      0.127433583    
  0.919998348      0.137666866    
  0.939998329      0.148685500    
  0.959998310      0.146550313    
  0.979998291      0.170722529    
  0.999998271      0.160972491    
   1.01999831      0.189397380    
   1.03999829      0.176775202    
   1.05999827      0.210818902    
   1.07999825      0.197975904    
   1.09999824      0.220279336    
   1.11999822      0.233127624    
   1.13999820      0.229221731    
   1.15999818      0.260218740    
   1.17999816      0.246310979    
   1.19999814      0.290047556    
   1.21999812      0.258096099    
   1.23999810      0.318322569    
   1.25999808      0.289841235    
   1.27999806      0.323767573    
   1.29999804      0.332058042    
   1.31999803      0.330335170    
   1.33999801      0.372397423    
   1.35999799      0.337124825    
   1.37999797      0.413003862    
   1.39999795      0.354058802    
   1.41999793      0.434618145    
   1.43999791      0.387514353    
   1.45999789      0.440781265    
   1.47999787      0.440877140    
   1.49999785      0.427411914    
   1.51999784      0.500317335    
   1.53999782      0.426256269    
   1.55999780      0.534391761    
   1.57999778      0.444026709    
   1.59999776      0.556278586    
   1.61999774      0.478738904    
   1.63999772      0.543190420    
   1.65999770      0.551642299    
   1.67999768      0.501886547    
   1.69999766      0.617467642    
   1.71999764      0.493564188    
   1.73999763      0.643162489    
   1.75999761      0.506225526    
   1.77999759      0.653657496    
   1.79999757      0.549782157    
   1.81999755      0.606936276    
   1.83999753      0.642096698    
   1.85999751      0.540154159    
   1.87999749      0.707906961    
   1.89999747      0.518473744    
   1.91999745      0.717595518    
   1.93999743      0.533119619    
   1.95999742      0.704399228    
   1.97999740      0.581341088    
   1.99999738      0.623819590    
   2.01999736      0.694855154    
   2.03999734      0.521964014    
   2.05999732      0.747985005    
   2.07999730      0.500727952    
   2.09999728      0.739290476    
   2.11999726      0.505863011    
   2.13999724      0.705127478    
   2.15999722      0.567794919    
   2.17999721      0.585400701    
   2.19999719      0.688723385    
   2.21999717      0.462220967    
   2.23999715      0.733126700    
   2.25999713      0.436869472    
   2.27999711      0.703934252    
   2.29999709      0.430799484    
   2.31999707      0.665378153    
   2.33999705      0.498222291    
   2.35999703      0.515315711    
   2.37999701      0.628023565    
   2.39999700      0.376598835    
   2.41999698      0.653791010    
   2.43999696      0.346423835    
   2.45999694      0.633058369    
   2.47999692      0.313022017    
   2.49999690      0.605534971    
   2.51999688      0.379972786    
   2.53999686      0.439825326    
   2.55999684      0.506897986    
   2.57999682      0.299972862    
   2.59999681      0.517754972    
   2.61999679      0.256470233    
   2.63999677      0.538903475    
   2.65999675      0.184575513    
   2.67999673      0.541779160    
   2.69999671      0.234248906    
   2.71999669      0.381322235    
   2.73999667      0.333039016    
   2.75999665      0.265944690    
   2.77999663      0.332266480    
   2.79999661      0.212309584    
   2.81999660      0.417766750    
   2.83999658       9.80720073E-02
   2.85999656      0.452205777    
   2.87999654      0.103812359    
   2.89999652      0.325024545    
   2.91999650      0.141224757    
   2.93999648      0.288401008    
   2.95999646      0.130105615    
   2.97999644      0.246841192    
   2.99999642      0.238754094    
   3.01999640      0.104621716    
   3.03999639      0.272700250    
   3.05999637       7.47983009E-02
   3.07999635      0.213443428    
   3.09999633       5.33153005E-02
