  -2.00000000      0.206585228    
  -1.98000002       3.90354805E-02
  -1.96000004      0.164350972    
  -1.94000006      0.169839740    
  -1.92000008       3.33120786E-02
  -1.90000010      0.177026019    
  -1.88000011       6.64167404E-02
  -1.86000013       3.73564474E-02
  -1.84000015      0.144208461    
  -1.82000017       3.45007069E-02
  -1.80000019       8.11381638E-02
  -1.78000021      0.145089954    
  -1.76000023       1.36074712E-02
  -1.74000025      0.120550349    
  -1.72000027       6.39616549E-02
  -1.70000029       1.42739359E-02
  -1.68000031       9.43095833E-02
  -1.66000032       2.88713779E-02
  -1.64000034       3.31830420E-02
  -1.62000036      0.105275102    
  -1.60000038       8.45900550E-03
  -1.58000040       7.63037056E-02
  -1.56000042       5.75353689E-02
  -1.54000044       5.69707155E-03
  -1.52000046       6.27478585E-02
  -1.50000048       2.06908584E-02
  -1.48000050       1.28879547E-02
  -1.46000051       6.51594102E-02
  -1.44000053       7.24535109E-03
  -1.42000055       4.35941368E-02
  -1.40000057       4.80062328E-02
  -1.38000059       2.28128931E-03
  -1.36000061       4.64464091E-02
  -1.34000063       1.39295962E-02
  -1.32000065       8.35535396E-03
  -1.30000067       3.69384885E-02
  -1.28000069       6.96814666E-03
  -1.26000071       2.17028502E-02
  -1.24000072       3.57030034E-02
  -1.22000074       6.69582805E-04
  -1.20000076       3.52514982E-02
  -1.18000078       9.96921118E-03
  -1.16000080       9.01142322E-03
  -1.14000082       2.21926663E-02
  -1.12000084       6.44302415E-03
  -1.10000086       1.13703189E-02
  -1.08000088       2.43829098E-02
  -1.06000090       9.68045555E-04
  -1.04000092       2.51294114E-02
  -1.02000093       8.96076765E-03
  -1.00000095       9.24864039E-03
 -0.980000973       1.67779401E-02
 -0.960000992       5.53404074E-03
 -0.940001011       9.51658189E-03
 -0.920001030       1.59872100E-02
 -0.900001049       3.26127652E-03
 -0.880001068       1.68199651E-02
 -0.860001087       1.04913292E-02
 -0.840001106       7.10691884E-03
 -0.820001125       1.61395483E-02
 -0.800001144       5.27546695E-03
 -0.780001163       1.05651757E-02
 -0.760001183       1.08288573E-02
 -0.740001202       7.05246301E-03
 -0.720001221       1.03028193E-02
 -0.700001240       1.18612442E-02
 -0.680001259       5.31239808E-03
 -0.660001278       1.42218191E-02
 -0.640001297       5.60940756E-03
 -0.620001316       1.06298672E-02
 -0.600001335       8.01528804E-03
 -0.580001354       7.96193816E-03
 -0.560001373       7.04695797E-03
 -0.540001392       8.70173331E-03
 -0.520001411       5.40446490E-03
 -0.500001431       8.22741725E-03
 -0.480001420       4.79414919E-03
 -0.460001409       5.57716703E-03
 -0.440001398       5.75656909E-03
 -0.420001388       3.13889072E-03
 -0.400001377       4.60137054E-03
 -0.380001366       2.07117409E-03
 -0.360001355       2.39262055E-03
 -0.340001345       1.75625645E-03
 -0.320001334       1.68669655E-03
 -0.300001323       4.72350221E-04
 -0.280001312       9.75445670E-04
 -0.260001302       6.26862311E-05
 -0.240001306       6.63738581E-04
 -0.220001310       3.31260308E-05
 -0.200001314       4.74119064E-04
 -0.180001318       2.28430272E-05
 -0.160001323       2.90324882E-04
 -0.140001327       2.58973771E-04
 -0.120001331       7.71530962E-04
 -0.100001335       4.92091232E-04
  -8.00013393E-02   5.58887958E-04
  -6.00013398E-02   1.84388104E-04
  -4.00013402E-02   6.89103035E-04
  -2.00013407E-02   6.46539207E-04
  -1.34110451E-06   3.80981801E-04
   1.99986584E-02   7.72574786E-05
   3.99986580E-02   3.57580211E-05
   5.99986576E-02   7.53155909E-04
   7.99986571E-02   7.51094951E-04
   9.99986529E-02   1.40568521E-03
  0.119998649       2.22222996E-03
  0.139998645       2.54586595E-03
  0.159998640       3.42411920E-03
  0.179998636       4.81549418E-03
  0.199998632       4.85910010E-03
  0.219998628       6.73057558E-03
  0.239998624       7.69534986E-03
  0.259998620       8.27733986E-03
  0.279998630       1.04230558E-02
  0.299998641       1.17109567E-02
  0.319998652       1.20086763E-02
  0.339998662       1.60361510E-02
  0.359998673       1.49448821E-02
  0.379998684       1.86573062E-02
  0.399998695       2.02352237E-02
  0.419998705       2.15298906E-02
  0.439998716       2.41647959E-02
  0.459998727       2.74458062E-02
  0.479998738       2.73347162E-02
  0.499998748       3.28795686E-02
  0.519998729       3.41949277E-02
  0.539998710       3.62852514E-02
  0.559998691       4.20112647E-02
  0.579998672       4.22265232E-02
  0.599998653       4.79642637E-02
  0.619998634       5.00371978E-02
  0.639998615       5.58990762E-02
  0.659998596       5.64920902E-02
  0.679998577       6.63080439E-02
  0.699998558       6.32512197E-02
  0.719998538       7.69523382E-02
  0.739998519       7.29728639E-02
  0.759998500       8.56709629E-02
  0.779998481       8.65789652E-02
  0.799998462       9.32327807E-02
  0.819998443      0.101547986    
  0.839998424      0.102959096    
  0.859998405      0.115810513    
  0.879998386      0.114780866    
  0.899998367      0.132763505    
  0.919998348      0.124636829    
  0.939998329      0.151743606    
  0.959998310      0.139550686    
  0.979998291      0.163824916    
  0.999998271      0.161615148    
   1.01999831      0.176391780    
   1.03999829      0.184405550    
   1.05999827      0.186712191    
   1.07999825      0.213182494    
   1.09999824      0.196476638    
   1.11999822      0.238171816    
   1.13999820      0.216666967    
   1.15999818      0.258128464    
   1.17999816      0.236820608    
   1.19999814      0.277346045    
   1.21999812      0.270507306    
   1.23999810      0.281413943    
   1.25999808      0.312111944    
   1.27999806      0.289783865    
   1.29999804      0.345454842    
   1.31999803      0.303095967    
   1.33999801      0.377740771    
   1.35999799      0.327911109    
   1.37999797      0.391114444    
   1.39999795      0.367576987    
   1.41999793      0.396029651    
   1.43999791      0.415029854    
   1.45999789      0.387763858    
   1.47999787      0.473657727    
   1.49999785      0.391917169    
   1.51999784      0.498979449    
   1.53999782      0.421558410    
   1.55999780      0.514716566    
   1.57999778      0.453668237    
   1.59999776      0.509185374    
   1.61999774      0.525136411    
   1.63999772      0.473903805    
   1.65999770      0.588742971    
   1.67999768      0.468869209    
   1.69999766      0.615719378    
   1.71999764      0.486983538    
   1.73999763      0.626001954    
   1.75999761      0.526352584    
   1.77999759      0.598667860    
   1.79999757      0.605130494    
   1.81999755      0.538128138    
   1.83999753      0.684843123    
   1.85999751      0.505516708    
   1.87999749      0.705726922    
   1.89999747      0.522722006    
   1.91999745      0.699836135    
   1.93999743      0.548761249    
   1.95999742      0.658240914    
   1.97999740      0.645393193    
   1.99999738      0.553892910    
   2.01999736      0.731805086    
   2.03999734      0.504182637    
   2.05999732      0.746820390    
   2.07999730      0.501866460    
   2.09999728      0.733162701    
   2.11999726      0.521671295    
   2.13999724      0.674577296    
   2.15999722      0.620972157    
   2.17999721      0.535119355    
   2.19999719      0.720191598    
   2.21999717      0.458125621    
   2.23999715      0.727996230    
   2.25999713      0.438457876    
   2.27999711      0.719747663    
   2.29999709      0.432981491    
   2.31999707      0.658850551    
   2.33999705      0.531463206    
   2.35999703      0.493289202    
   2.37999701      0.639521480    
   2.39999700      0.394270837    
   2.41999698      0.644086838    
   2.43999696      0.348150760    
   2.45999694      0.667075694    
   2.47999692      0.303461254    
   2.49999690      0.625812113    
   2.51999688      0.385771602    
   2.53999686      0.452428728    
   2.55999684      0.484111369    
   2.57999682      0.347786427    
   2.59999681      0.493988872    
   2.61999679      0.276508957    
   2.63999677      0.567073107    
   2.65999675      0.179111093    
   2.67999673      0.569207788    
   2.69999671      0.220353335    
   2.71999669      0.419233441    
   2.73999667      0.278484106    
   2.75999665      0.346992761    
   2.77999663      0.282691926    
   2.79999661      0.275904000    
   2.81999660      0.401838571    
   2.83999658      0.130576596    
   2.85999656      0.437859297    
   2.87999654      0.109151982    
   2.89999652      0.343788534    
   2.91999650      0.108410455    
   2.93999648      0.369104654    
   2.95999646       7.96173140E-02
   2.97999644      0.330648214    
   2.99999642      0.167831138    
   3.01999640      0.177955627    
   3.03999639      0.192898303    
   3.05999637      0.153450415    
   3.07999635      0.166714162    
   3.09999633      0.119144730    
