  -2.00000000      0.145270213    
  -1.98000002       3.31512541E-02
  -1.96000004      0.210123956    
  -1.94000006       9.50057209E-02
  -1.92000008       9.53220725E-02
  -1.90000010      0.203201562    
  -1.88000011       2.61287335E-02
  -1.86000013      0.118218221    
  -1.84000015      0.109520301    
  -1.82000017       1.07571846E-02
  -1.80000019      0.135175526    
  -1.78000021       7.75469914E-02
  -1.76000023       4.55657430E-02
  -1.74000025      0.154474020    
  -1.72000027       1.97597276E-02
  -1.70000029       8.06535035E-02
  -1.68000031       8.08597729E-02
  -1.66000032       2.45521520E-03
  -1.64000034       8.24562013E-02
  -1.62000036       5.32794483E-02
  -1.60000038       1.91493277E-02
  -1.58000040      0.108408377    
  -1.56000042       1.51963830E-02
  -1.54000044       5.57786748E-02
  -1.52000046       5.93718961E-02
  -1.50000048       7.68304279E-04
  -1.48000050       5.18744774E-02
  -1.46000051       3.02614383E-02
  -1.44000053       7.76104163E-03
  -1.42000055       6.82493448E-02
  -1.40000057       1.03067132E-02
  -1.38000059       3.85032110E-02
  -1.36000061       4.51358557E-02
  -1.34000063       1.07756141E-03
  -1.32000065       3.81209068E-02
  -1.30000067       1.59303714E-02
  -1.28000069       5.69015881E-03
  -1.26000071       3.79865058E-02
  -1.24000072       6.39082724E-03
  -1.22000074       2.37147380E-02
  -1.20000076       3.16545777E-02
  -1.18000078       1.55746553E-03
  -1.16000080       3.17586474E-02
  -1.14000082       8.17279518E-03
  -1.12000084       8.40597507E-03
  -1.10000086       2.20318604E-02
  -1.08000088       5.23429224E-03
  -1.06000090       1.41833751E-02
  -1.04000092       2.21717432E-02
  -1.02000093       1.65967096E-03
  -1.00000095       2.51243990E-02
 -0.980000973       5.52788051E-03
 -0.960000992       1.09796049E-02
 -0.940001011       1.42287444E-02
 -0.920001030       5.60411299E-03
 -0.900001049       1.05022574E-02
 -0.880001068       1.51101006E-02
 -0.860001087       2.93654785E-03
 -0.840001106       1.93516742E-02
 -0.820001125       6.11263327E-03
 -0.800001144       1.10088894E-02
 -0.780001163       1.27847800E-02
 -0.760001183       5.99314412E-03
 -0.740001202       1.05948504E-02
 -0.720001221       1.09456629E-02
 -0.700001240       5.66915562E-03
 -0.680001259       1.27975056E-02
 -0.660001278       8.30607582E-03
 -0.640001297       7.83786736E-03
 -0.620001316       1.23562030E-02
 -0.600001335       5.15071442E-03
 -0.580001354       1.00818360E-02
 -0.560001373       6.55254303E-03
 -0.540001392       7.24898418E-03
 -0.520001411       6.63604960E-03
 -0.500001431       6.83319755E-03
 -0.480001420       4.02527209E-03
 -0.460001409       7.27888243E-03
 -0.440001398       2.56041624E-03
 -0.420001388       5.68176527E-03
 -0.400001377       2.64997617E-03
 -0.380001366       2.32615159E-03
 -0.360001355       2.31707771E-03
 -0.340001345       1.51641679E-03
 -0.320001334       9.71059664E-04
 -0.300001323       9.17948841E-04
 -0.280001312       2.82414258E-04
 -0.260001302       3.46578890E-04
 -0.240001306       3.45827546E-04
 -0.220001310       3.67371686E-04
 -0.200001314       2.02547424E-04
 -0.180001318       3.08558228E-04
 -0.160001323       3.04234447E-04
 -0.140001327       2.82286288E-04
 -0.120001331       7.71634048E-04
 -0.100001335       6.76206255E-04
  -8.00013393E-02   3.36617552E-04
  -6.00013398E-02   1.80242758E-04
  -4.00013402E-02   8.92577344E-04
  -2.00013407E-02   3.68637469E-04
  -1.34110451E-06   3.59585625E-04
   1.99986584E-02   8.82931636E-06
   3.99986580E-02   2.63614900E-04
   5.99986576E-02   2.30162535E-04
   7.99986571E-02   1.29924179E-03
   9.99986529E-02   9.71638423E-04
  0.119998649       2.19113496E-03
  0.139998645       2.71908124E-03
  0.159998640       3.11928638E-03
  0.179998636       4.42747073E-03
  0.199998632       5.38697559E-03
  0.219998628       5.68840234E-03
  0.239998624       7.87947327E-03
  0.259998620       8.20407551E-03
  0.279998630       9.56788938E-03
  0.299998641       1.13512194E-02
  0.319998652       1.27646811E-02
  0.339998662       1.31318457E-02
  0.359998673       1.74512677E-02
  0.379998684       1.56583488E-02
  0.399998695       2.06051245E-02
  0.419998705       2.10747924E-02
  0.439998716       2.30496898E-02
  0.459998727       2.57369485E-02
  0.479998738       2.89064310E-02
  0.499998748       2.85039078E-02
  0.519998729       3.56785953E-02
  0.539998710       3.41455229E-02
  0.559998691       4.02145833E-02
  0.579998672       4.15350571E-02
  0.599998653       4.64493930E-02
  0.619998634       4.77261692E-02
  0.639998615       5.42152487E-02
  0.659998596       5.63252345E-02
  0.679998577       6.00425117E-02
  0.699998558       6.76708221E-02
  0.719998538       6.63429052E-02
  0.739998519       7.89393038E-02
  0.759998500       7.51965567E-02
  0.779998481       8.98881555E-02
  0.799998462       8.54904428E-02
  0.819998443      0.101563640    
  0.839998424       9.71547440E-02
  0.859998405      0.113773279    
  0.879998386      0.110743940    
  0.899998367      0.125032201    
  0.919998348      0.129901856    
  0.939998329      0.132556722    
  0.959998310      0.150883749    
  0.979998291      0.144020721    
  0.999998271      0.169569492    
   1.01999831      0.157370433    
   1.03999829      0.191778705    
   1.05999827      0.171261206    
   1.07999825      0.208591849    
   1.09999824      0.197847381    
   1.11999822      0.217538208    
   1.13999820      0.224115878    
   1.15999818      0.233120486    
   1.17999816      0.254613698    
   1.19999814      0.238577485    
   1.21999812      0.292641729    
   1.23999810      0.250658125    
   1.25999808      0.314099491    
   1.27999806      0.278834850    
   1.29999804      0.332169116    
   1.31999803      0.308961570    
   1.33999801      0.342085660    
   1.35999799      0.351580709    
   1.37999797      0.343000203    
   1.39999795      0.398341537    
   1.41999793      0.344752014    
   1.43999791      0.441230059    
   1.45999789      0.360495657    
   1.47999787      0.457663238    
   1.49999785      0.399588734    
   1.51999784      0.464912534    
   1.53999782      0.439765573    
   1.55999780      0.459802687    
   1.57999778      0.504561603    
   1.59999776      0.435193837    
   1.61999774      0.562685013    
   1.63999772      0.439240724    
   1.65999770      0.584002614    
   1.67999768      0.468739271    
   1.69999766      0.585494578    
   1.71999764      0.510515869    
   1.73999763      0.568936050    
   1.75999761      0.580939949    
   1.77999759      0.517400086    
   1.79999757      0.661797047    
   1.81999755      0.487882078    
   1.83999753      0.686138570    
   1.85999751      0.506660402    
   1.87999749      0.681865990    
   1.89999747      0.535273433    
   1.91999745      0.658830464    
   1.93999743      0.606882691    
   1.95999742      0.574088573    
   1.97999740      0.708243430    
   1.99999738      0.506478548    
   2.01999736      0.742335856    
   2.03999734      0.500567615    
   2.05999732      0.738071918    
   2.07999730      0.505758226    
   2.09999728      0.717111468    
   2.11999726      0.564679503    
   2.13999724      0.610369325    
   2.15999722      0.680811465    
   2.17999721      0.498727292    
   2.19999719      0.732149661    
   2.21999717      0.459327191    
   2.23999715      0.732472539    
   2.25999713      0.430193156    
   2.27999711      0.738901436    
   2.29999709      0.451982528    
   2.31999707      0.629078984    
   2.33999705      0.569877028    
   2.35999703      0.482582748    
   2.37999701      0.633026958    
   2.39999700      0.415533960    
   2.41999698      0.650933444    
   2.43999696      0.339481503    
   2.45999694      0.706771255    
   2.47999692      0.302568257    
   2.49999690      0.630291402    
   2.51999688      0.390781939    
   2.53999686      0.478196323    
   2.55999684      0.445314020    
   2.57999682      0.408970326    
   2.59999681      0.474643737    
   2.61999679      0.300427914    
   2.63999677      0.588171363    
   2.65999675      0.189803973    
   2.67999673      0.572103679    
   2.69999671      0.213918269    
   2.71999669      0.458550632    
   2.73999667      0.223672017    
   2.75999665      0.446036875    
   2.77999663      0.231206328    
   2.79999661      0.350711405    
   2.81999660      0.353611350    
   2.83999658      0.193007082    
   2.85999656      0.383229196    
   2.87999654      0.160979301    
   2.89999652      0.332352400    
   2.91999650      0.118681036    
   2.93999648      0.416647106    
   2.95999646       5.55787943E-02
   2.97999644      0.390833646    
   2.99999642      0.104285039    
   3.01999640      0.248031959    
   3.03999639      0.105711251    
   3.05999637      0.268059045    
   3.07999635       9.28965360E-02
   3.09999633      0.232190043    
