  -2.00000000       5.77506945E-02
  -1.98000002      0.118173122    
  -1.96000004      0.176210031    
  -1.94000006       2.92932037E-02
  -1.92000008      0.194034278    
  -1.90000010      0.133729786    
  -1.88000011       6.54366761E-02
  -1.86000013      0.199037492    
  -1.84000015       3.51013206E-02
  -1.82000017       8.78522769E-02
  -1.80000019      0.121375293    
  -1.78000021       1.07241720E-02
  -1.76000023      0.127890781    
  -1.74000025       9.01489854E-02
  -1.72000027       4.01292853E-02
  -1.70000029      0.149466813    
  -1.68000031       2.07489263E-02
  -1.66000032       7.07597733E-02
  -1.64000034       7.79794082E-02
  -1.62000036       2.42124079E-03
  -1.60000038       8.19628984E-02
  -1.58000040       5.07441424E-02
  -1.56000042       2.42350940E-02
  -1.54000044      0.104575738    
  -1.52000046       1.01892892E-02
  -1.50000048       5.99950477E-02
  -1.48000050       4.88424376E-02
  -1.46000051       2.46031419E-03
  -1.44000053       5.36428392E-02
  -1.42000055       2.28413232E-02
  -1.40000057       1.55376252E-02
  -1.38000059       6.54959604E-02
  -1.36000061       3.15159350E-03
  -1.34000063       4.89609763E-02
  -1.32000065       2.97645219E-02
  -1.30000067       6.44614408E-03
  -1.28000069       3.79968211E-02
  -1.26000071       7.76042743E-03
  -1.24000072       1.32564940E-02
  -1.22000074       3.60960737E-02
  -1.20000076       3.24166904E-04
  -1.18000078       3.58495079E-02
  -1.16000080       1.73668526E-02
  -1.14000082       9.69532412E-03
  -1.12000084       2.88727805E-02
  -1.10000086       2.48353207E-03
  -1.08000088       1.44859171E-02
  -1.06000090       1.81763396E-02
  -1.04000092       1.69604120E-03
  -1.02000093       2.33535543E-02
  -1.00000095       1.00419316E-02
 -0.980000973       1.02962246E-02
 -0.960000992       2.18748208E-02
 -0.940001011       2.02536071E-03
 -0.920001030       1.70227811E-02
 -0.900001049       9.31265764E-03
 -0.880001068       5.57847694E-03
 -0.860001087       1.56044913E-02
 -0.840001106       7.76083441E-03
 -0.820001125       9.21472441E-03
 -0.800001144       1.77604463E-02
 -0.780001163       2.72248872E-03
 -0.760001183       1.70638859E-02
 -0.740001202       6.99011236E-03
 -0.720001221       8.58184323E-03
 -0.700001240       1.11018317E-02
 -0.680001259       7.97970034E-03
 -0.660001278       7.12586893E-03
 -0.640001297       1.34321926E-02
 -0.620001316       4.04909160E-03
 -0.600001335       1.22955097E-02
 -0.580001354       6.10768190E-03
 -0.560001373       7.57437013E-03
 -0.540001392       7.55939633E-03
 -0.520001411       5.78095624E-03
 -0.500001431       5.67760598E-03
 -0.480001420       5.53043419E-03
 -0.460001409       3.59884440E-03
 -0.440001398       5.03616966E-03
 -0.420001388       3.38833476E-03
 -0.400001377       2.33530835E-03
 -0.380001366       3.24598537E-03
 -0.360001355       7.76913774E-04
 -0.340001345       2.11927574E-03
 -0.320001334       5.30359277E-04
 -0.300001323       6.13523065E-04
 -0.280001312       1.47555838E-04
 -0.260001302       2.86824186E-04
 -0.240001306       1.38921314E-04
 -0.220001310       3.41147534E-04
 -0.200001314       3.40454455E-04
 -0.180001318       4.27746185E-04
 -0.160001323       7.81332055E-05
 -0.140001327       9.39849066E-04
 -0.120001331       4.09382337E-04
 -0.100001335       8.71152035E-04
  -8.00013393E-02   1.57199203E-04
  -6.00013398E-02   4.66408907E-04
  -4.00013402E-02   4.12310503E-04
  -2.00013407E-02   6.17774145E-04
  -1.34110451E-06   9.71483096E-05
   1.99986584E-02   1.00818634E-05
   3.99986580E-02   1.60581461E-04
   5.99986576E-02   6.07748399E-04
   7.99986571E-02   4.64890065E-04
   9.99986529E-02   2.02193717E-03
  0.119998649       1.23368495E-03
  0.139998645       3.01596080E-03
  0.159998640       3.21180793E-03
  0.179998636       3.81449237E-03
  0.199998632       5.14864083E-03
  0.219998628       6.12172950E-03
  0.239998624       6.45421119E-03
  0.259998620       8.64579435E-03
  0.279998630       9.18236934E-03
  0.299998641       1.02392836E-02
  0.319998652       1.24574648E-02
  0.339998662       1.36518981E-02
  0.359998673       1.40593396E-02
  0.379998684       1.84444655E-02
  0.399998695       1.68606900E-02
  0.419998705       2.13745274E-02
  0.439998716       2.22577024E-02
  0.459998727       2.45840866E-02
  0.479998738       2.59420574E-02
  0.499998748       3.13681066E-02
  0.519998729       2.88638640E-02
  0.539998710       3.72072645E-02
  0.559998691       3.58000696E-02
  0.579998672       4.12122235E-02
  0.599998653       4.25340757E-02
  0.619998634       4.91320603E-02
  0.639998615       4.73195463E-02
  0.659998596       5.76232597E-02
  0.679998577       5.63014783E-02
  0.699998558       6.27918541E-02
  0.719998538       6.82008937E-02
  0.739998519       6.88231438E-02
  0.759998500       7.97155648E-02
  0.779998481       7.75476843E-02
  0.799998462       9.06181708E-02
  0.819998443       8.76097903E-02
  0.839998424      0.103615530    
  0.859998405       9.66288298E-02
  0.879998386      0.119151376    
  0.899998367      0.107394785    
  0.919998348      0.132547230    
  0.939998329      0.124803349    
  0.959998310      0.140935779    
  0.979998291      0.145126835    
  0.999998271      0.152471915    
   1.01999831      0.164740562    
   1.03999829      0.162988365    
   1.05999827      0.190360770    
   1.07999825      0.173007727    
   1.09999824      0.213054210    
   1.11999822      0.188708797    
   1.13999820      0.234205574    
   1.15999818      0.206096888    
   1.17999816      0.253260672    
   1.19999814      0.236384854    
   1.21999812      0.259198427    
   1.23999810      0.270080894    
   1.25999808      0.269915998    
   1.27999806      0.303892106    
   1.29999804      0.277334422    
   1.31999803      0.343687117    
   1.33999801      0.288509846    
   1.35999799      0.370533884    
   1.37999797      0.309898883    
   1.39999795      0.391113907    
   1.41999793      0.346672177    
   1.43999791      0.390202224    
   1.45999789      0.397920161    
   1.47999787      0.391740620    
   1.49999785      0.436853558    
   1.51999784      0.391649306    
   1.53999782      0.496440202    
   1.55999780      0.382737815    
   1.57999778      0.527719915    
   1.59999776      0.418444604    
   1.61999774      0.524858892    
   1.63999772      0.460658014    
   1.65999770      0.524589360    
   1.67999768      0.513530493    
   1.69999766      0.501119494    
   1.71999764      0.582530260    
   1.73999763      0.468842596    
   1.75999761      0.643883348    
   1.77999759      0.460332394    
   1.79999757      0.656783521    
   1.81999755      0.498157769    
   1.83999753      0.640821397    
   1.85999751      0.533749521    
   1.87999749      0.624270320    
   1.89999747      0.604044735    
   1.91999745      0.549170732    
   1.93999743      0.701017201    
   1.95999742      0.495746076    
   1.97999740      0.730910182    
   1.99999738      0.493073612    
   2.01999736      0.731714308    
   2.03999734      0.504946649    
   2.05999732      0.719402254    
   2.07999730      0.543024898    
   2.09999728      0.645031333    
   2.11999726      0.655580342    
   2.13999724      0.528964400    
   2.15999722      0.720885754    
   2.17999721      0.483022600    
   2.19999719      0.738270760    
   2.21999717      0.447871804    
   2.23999715      0.761992514    
   2.25999713      0.424095213    
   2.27999711      0.725287437    
   2.29999709      0.506629705    
   2.31999707      0.582373261    
   2.33999705      0.593515754    
   2.35999703      0.496494800    
   2.37999701      0.620105982    
   2.39999700      0.425837338    
   2.41999698      0.692631841    
   2.43999696      0.322503835    
   2.45999694      0.733043015    
   2.47999692      0.320001930    
   2.49999690      0.622348011    
   2.51999688      0.382770687    
   2.53999686      0.539137959    
   2.55999684      0.387422770    
   2.57999682      0.486623079    
   2.59999681      0.465374827    
   2.61999679      0.334709585    
   2.63999677      0.579362571    
   2.65999675      0.231759280    
   2.67999673      0.538671017    
   2.69999671      0.231884152    
   2.71999669      0.509300470    
   2.73999667      0.176952243    
   2.75999665      0.550927043    
   2.77999663      0.178293452    
   2.79999661      0.437881231    
   2.81999660      0.272857934    
   2.83999658      0.298381299    
   2.85999656      0.266412973    
   2.87999654      0.292847604    
   2.89999652      0.276191980    
   2.91999650      0.207636610    
   2.93999648      0.389185160    
   2.95999646       9.51356962E-02
   2.97999644      0.366181463    
   2.99999642      0.104739696    
   3.01999640      0.283048481    
   3.03999639       7.95067921E-02
   3.05999637      0.366356134    
   3.07999635       3.13959271E-02
   3.09999633      0.340550125    
