  -2.00000000      0.109241992    
  -1.98000002      0.253128886    
  -1.96000004       4.82059382E-02
  -1.94000006      0.141569510    
  -1.92000008      0.160671264    
  -1.90000010       3.31307426E-02
  -1.88000011      0.208065212    
  -1.86000013      0.102538213    
  -1.84000015       9.77350026E-02
  -1.82000017      0.191695601    
  -1.80000019       2.41470039E-02
  -1.78000021      0.126893222    
  -1.76000023       8.76993164E-02
  -1.74000025       2.22234633E-02
  -1.72000027      0.144664511    
  -1.70000029       4.44517396E-02
  -1.68000031       8.63170698E-02
  -1.66000032      0.127740741    
  -1.64000034       1.49708940E-02
  -1.62000036      0.111670159    
  -1.60000038       3.73449884E-02
  -1.58000040       2.70746797E-02
  -1.56000042       8.82520005E-02
  -1.54000044       9.87961050E-03
  -1.52000046       7.13837519E-02
  -1.50000048       6.96031898E-02
  -1.48000050       1.61442738E-02
  -1.46000051       8.99246335E-02
  -1.44000053       1.05321184E-02
  -1.42000055       3.73027250E-02
  -1.40000057       4.54068854E-02
  -1.38000059       2.69739103E-04
  -1.36000061       5.18375859E-02
  -1.34000063       2.65601985E-02
  -1.32000065       1.95969176E-02
  -1.30000067       6.02365397E-02
  -1.28000069       1.14204001E-03
  -1.26000071       4.29915749E-02
  -1.24000072       1.83975529E-02
  -1.22000074       6.41065324E-03
  -1.20000076       3.32718976E-02
  -1.18000078       5.71590150E-03
  -1.16000080       2.01843530E-02
  -1.14000082       3.16962525E-02
  -1.12000084       1.65759004E-03
  -1.10000086       3.78019549E-02
  -1.08000088       4.86381259E-03
  -1.06000090       1.60889775E-02
  -1.04000092       1.86919644E-02
  -1.02000093       2.26184470E-03
  -1.00000095       1.80069581E-02
 -0.980000973       1.34757292E-02
 -0.960000992       5.26736584E-03
 -0.940001011       2.67301872E-02
 -0.920001030       1.15034229E-03
 -0.900001049       2.06388794E-02
 -0.880001068       9.80802625E-03
 -0.860001087       6.96617924E-03
 -0.840001106       1.50923403E-02
 -0.820001125       6.57532783E-03
 -0.800001144       8.59248731E-03
 -0.780001163       1.68222953E-02
 -0.760001183       2.36565922E-03
 -0.740001202       1.89571958E-02
 -0.720001221       6.61023008E-03
 -0.700001240       9.69961379E-03
 -0.680001259       1.23140216E-02
 -0.660001278       5.49041620E-03
 -0.640001297       9.17968992E-03
 -0.620001316       9.94895119E-03
 -0.600001335       4.30271961E-03
 -0.580001354       1.08484961E-02
 -0.560001373       5.48087386E-03
 -0.540001392       6.92286016E-03
 -0.520001411       7.50257447E-03
 -0.500001431       3.29224369E-03
 -0.480001420       6.31342083E-03
 -0.460001409       2.93957884E-03
 -0.440001398       3.47349956E-03
 -0.420001388       3.06523615E-03
 -0.400001377       1.83663901E-03
 -0.380001366       1.41161913E-03
 -0.360001355       2.17481330E-03
 -0.340001345       3.23934451E-04
 -0.320001334       1.43630977E-03
 -0.300001323       6.71667976E-06
 -0.280001312       4.86328703E-04
 -0.260001302       1.76006470E-05
 -0.240001306       3.23337415E-04
 -0.220001310       3.04189685E-04
 -0.200001314       2.42847658E-04
 -0.180001318       4.34920395E-04
 -0.160001323       5.70796547E-04
 -0.140001327       2.97978986E-04
 -0.120001331       1.27883360E-03
 -0.100001335       2.44266615E-04
  -8.00013393E-02   5.26521937E-04
  -6.00013398E-02   1.22768004E-04
  -4.00013402E-02   7.06302933E-04
  -2.00013407E-02   1.91071595E-04
  -1.34110451E-06   1.68974802E-04
   1.99986584E-02   6.01294414E-05
   3.99986580E-02   1.01372003E-04
   5.99986576E-02   3.52350384E-04
   7.99986571E-02   1.01699762E-03
   9.99986529E-02   8.92084674E-04
  0.119998649       2.04196502E-03
  0.139998645       2.58054002E-03
  0.159998640       2.50706822E-03
  0.179998636       4.57186718E-03
  0.199998632       4.18815808E-03
  0.219998628       5.36839897E-03
  0.239998624       7.27399159E-03
  0.259998620       6.82916772E-03
  0.279998630       9.12289880E-03
  0.299998641       9.91164148E-03
  0.319998652       1.13380160E-02
  0.339998662       1.18844071E-02
  0.359998673       1.55526828E-02
  0.379998684       1.41866868E-02
  0.399998695       1.82946343E-02
  0.419998705       1.88869834E-02
  0.439998716       2.09494270E-02
  0.459998727       2.23970376E-02
  0.479998738       2.68602408E-02
  0.499998748       2.48769000E-02
  0.519998729       3.19721475E-02
  0.539998710       3.13741118E-02
  0.559998691       3.46963555E-02
  0.579998672       3.83391380E-02
  0.599998653       4.11206149E-02
  0.619998634       4.26617451E-02
  0.639998615       4.83985841E-02
  0.659998596       5.13089485E-02
  0.679998577       5.19572943E-02
  0.699998558       6.24427944E-02
  0.719998538       5.83606847E-02
  0.739998519       7.04243556E-02
  0.759998500       6.75058663E-02
  0.779998481       8.06122050E-02
  0.799998462       7.50788227E-02
  0.819998443       9.34331045E-02
  0.839998424       8.32798630E-02
  0.859998405      0.106274933    
  0.879998386       9.43069831E-02
  0.899998367      0.116936035    
  0.919998348      0.109842263    
  0.939998329      0.126608908    
  0.959998310      0.126404390    
  0.979998291      0.137861818    
  0.999998271      0.143908501    
   1.01999831      0.148246884    
   1.03999829      0.166487917    
   1.05999827      0.156432375    
   1.07999825      0.189520568    
   1.09999824      0.168468922    
   1.11999822      0.213317081    
   1.13999820      0.179809585    
   1.15999818      0.234921783    
   1.17999816      0.200921774    
   1.19999814      0.248044312    
   1.21999812      0.226728797    
   1.23999810      0.266105294    
   1.25999808      0.251464665    
   1.27999806      0.274240762    
   1.29999804      0.292394876    
   1.31999803      0.276213288    
   1.33999801      0.330374837    
   1.35999799      0.285408169    
   1.37999797      0.366216451    
   1.39999795      0.296636760    
   1.41999793      0.391872317    
   1.43999791      0.319863975    
   1.45999789      0.416108787    
   1.47999787      0.341695607    
   1.49999785      0.429527253    
   1.51999784      0.394587845    
   1.53999782      0.411814421    
   1.55999780      0.449792534    
   1.57999778      0.413831353    
   1.59999776      0.489164293    
   1.61999774      0.409089267    
   1.63999772      0.542782068    
   1.65999770      0.402449310    
   1.67999768      0.579755247    
   1.69999766      0.420314908    
   1.71999764      0.585169613    
   1.73999763      0.471356660    
   1.75999761      0.560791671    
   1.77999759      0.523393393    
   1.79999757      0.549998641    
   1.81999755      0.572556853    
   1.83999753      0.515278041    
   1.85999751      0.657971203    
   1.87999749      0.464278907    
   1.89999747      0.706506252    
   1.91999745      0.468753457    
   1.93999743      0.702598691    
   1.95999742      0.491590083    
   1.97999740      0.697929978    
   1.99999738      0.515638351    
   2.01999736      0.676521122    
   2.03999734      0.577526331    
   2.05999732      0.593700767    
   2.07999730      0.682771444    
   2.09999728      0.511891544    
   2.11999726      0.721421778    
   2.13999724      0.487167478    
   2.15999722      0.742751777    
   2.17999721      0.450131416    
   2.19999719      0.781649292    
   2.21999717      0.424893886    
   2.23999715      0.756163716    
   2.25999713      0.494759500    
   2.27999711      0.638638020    
   2.29999709      0.562189460    
   2.31999707      0.575122416    
   2.33999705      0.584958732    
   2.35999703      0.514195085    
   2.37999701      0.665588379    
   2.39999700      0.392877638    
   2.41999698      0.749863505    
   2.43999696      0.332083672    
   2.45999694      0.700965703    
   2.47999692      0.357486516    
   2.49999690      0.650364041    
   2.51999688      0.329382002    
   2.53999686      0.657476306    
   2.55999684      0.339435339    
   2.57999682      0.560164869    
   2.59999681      0.450798541    
   2.61999679      0.402435988    
   2.63999677      0.481217563    
   2.65999675      0.365081191    
   2.67999673      0.460117519    
   2.69999671      0.309190601    
   2.71999669      0.549652040    
   2.73999667      0.187978312    
   2.75999665      0.591444075    
   2.77999663      0.171906292    
   2.79999661      0.476245850    
   2.81999660      0.194657370    
   2.83999658      0.461979151    
   2.85999656      0.134003937    
   2.87999654      0.501957595    
   2.89999652      0.151154548    
   2.91999650      0.382736772    
   2.93999648      0.229663581    
   2.95999646      0.271948308    
   2.97999644      0.181567088    
   2.99999642      0.309287786    
   3.01999640      0.173220471    
   3.03999639      0.258892626    
   3.05999637      0.275059134    
   3.07999635      0.134728476    
   3.09999633      0.240737572    
