  -2.00000000      0.141621903    
  -1.98000002      0.252052754    
  -1.96000004       4.28264812E-02
  -1.94000006      0.175844669    
  -1.92000008      0.133243188    
  -1.90000010       4.35762368E-02
  -1.88000011      0.214086175    
  -1.86000013       7.49035031E-02
  -1.84000015      0.129166976    
  -1.82000017      0.179630429    
  -1.80000019       2.80585475E-02
  -1.78000021      0.153740525    
  -1.76000023       6.36602491E-02
  -1.74000025       4.13282067E-02
  -1.72000027      0.140870571    
  -1.70000029       2.56244373E-02
  -1.68000031      0.111652948    
  -1.66000032      0.107445166    
  -1.64000034       2.72859670E-02
  -1.62000036      0.125510275    
  -1.60000038       2.10104566E-02
  -1.58000040       4.97898571E-02
  -1.56000042       7.69583434E-02
  -1.54000044       4.09316923E-03
  -1.52000046       8.66929665E-02
  -1.50000048       4.81521152E-02
  -1.48000050       3.28661017E-02
  -1.46000051       9.00317505E-02
  -1.44000053       4.17933147E-03
  -1.42000055       5.61238267E-02
  -1.40000057       3.20281535E-02
  -1.38000059       5.87938214E-03
  -1.36000061       5.58826961E-02
  -1.34000063       1.14693139E-02
  -1.32000065       3.48153710E-02
  -1.30000067       5.07726744E-02
  -1.28000069       3.80095770E-03
  -1.26000071       5.31667992E-02
  -1.24000072       8.35185684E-03
  -1.22000074       1.72560271E-02
  -1.20000076       2.98736654E-02
  -1.18000078       6.04924746E-04
  -1.16000080       2.90559065E-02
  -1.14000082       2.01379023E-02
  -1.12000084       8.71553179E-03
  -1.10000086       3.80285941E-02
  -1.08000088       3.37649806E-04
  -1.06000090       2.58987118E-02
  -1.04000092       1.24032460E-02
  -1.02000093       4.88521811E-03
  -1.00000095       2.10033543E-02
 -0.980000973       6.20736321E-03
 -0.960000992       1.21389739E-02
 -0.940001011       2.23084595E-02
 -0.920001030       1.34896312E-03
 -0.900001049       2.51902360E-02
 -0.880001068       4.49460698E-03
 -0.860001087       1.24097774E-02
 -0.840001106       1.33096091E-02
 -0.820001125       4.79930546E-03
 -0.800001144       1.25770792E-02
 -0.780001163       1.18713304E-02
 -0.760001183       4.58908733E-03
 -0.740001202       1.97746623E-02
 -0.720001221       2.89497059E-03
 -0.700001240       1.48124704E-02
 -0.680001259       9.11335088E-03
 -0.660001278       6.44543674E-03
 -0.640001297       1.07555874E-02
 -0.620001316       7.44584622E-03
 -0.600001335       5.48099540E-03
 -0.580001354       1.10447034E-02
 -0.560001373       3.46277375E-03
 -0.540001392       9.42581706E-03
 -0.520001411       5.22584142E-03
 -0.500001431       4.67613386E-03
 -0.480001420       5.98802092E-03
 -0.460001409       2.52674613E-03
 -0.440001398       3.88725637E-03
 -0.420001388       2.78852368E-03
 -0.400001377       1.32320006E-03
 -0.380001366       1.99365639E-03
 -0.360001355       1.39382854E-03
 -0.340001345       7.79549417E-04
 -0.320001334       1.15426374E-03
 -0.300001323       1.22552985E-04
 -0.280001312       5.13909792E-04
 -0.260001302       1.30098178E-05
 -0.240001306       3.82235477E-04
 -0.220001310       3.00290296E-04
 -0.200001314       2.13294945E-04
 -0.180001318       5.74438251E-04
 -0.160001323       3.43474181E-04
 -0.140001327       5.88361407E-04
 -0.120001331       1.06606155E-03
 -0.100001335       3.65763844E-04
  -8.00013393E-02   4.74256638E-04
  -6.00013398E-02   8.52362791E-05
  -4.00013402E-02   7.42943317E-04
  -2.00013407E-02   1.28552987E-04
  -1.34110451E-06   1.48228108E-04
   1.99986584E-02   8.44601163E-05
   3.99986580E-02   1.20436714E-04
   5.99986576E-02   3.56043573E-04
   7.99986571E-02   8.91653006E-04
   9.99986529E-02   1.15059002E-03
  0.119998649       1.53372169E-03
  0.139998645       3.02289403E-03
  0.159998640       2.18787091E-03
  0.179998636       4.44759242E-03
  0.199998632       4.49392246E-03
  0.219998628       4.93890652E-03
  0.239998624       7.28058862E-03
  0.259998620       7.05231633E-03
  0.279998630       8.55468027E-03
  0.299998641       1.01787345E-02
  0.319998652       1.10120885E-02
  0.339998662       1.19841136E-02
  0.359998673       1.47032654E-02
  0.379998684       1.52176032E-02
  0.399998695       1.66632067E-02
  0.419998705       1.97810270E-02
  0.439998716       2.01929715E-02
  0.459998727       2.22294424E-02
  0.479998738       2.62027364E-02
  0.499998748       2.57831067E-02
  0.519998729       2.95404363E-02
  0.539998710       3.33241262E-02
  0.559998691       3.24182175E-02
  0.579998672       3.91786061E-02
  0.599998653       3.92669886E-02
  0.619998634       4.44420949E-02
  0.639998615       4.45022620E-02
  0.659998596       5.42265773E-02
  0.679998577       4.86848913E-02
  0.699998558       6.28674328E-02
  0.719998538       5.73902316E-02
  0.739998519       6.97961748E-02
  0.759998500       6.58940226E-02
  0.779998481       8.09316039E-02
  0.799998462       7.30099678E-02
  0.819998443       9.25634056E-02
  0.839998424       8.38885531E-02
  0.859998405      0.101427265    
  0.879998386       9.81929228E-02
  0.899998367      0.109760709    
  0.919998348      0.114294812    
  0.939998329      0.119604178    
  0.959998310      0.130083561    
  0.979998291      0.130354226    
  0.999998271      0.149671480    
   1.01999831      0.138479918    
   1.03999829      0.171561897    
   1.05999827      0.149400547    
   1.07999825      0.190682381    
   1.09999824      0.164580733    
   1.11999822      0.211496323    
   1.13999820      0.179565266    
   1.15999818      0.226763904    
   1.17999816      0.206863135    
   1.19999814      0.236478806    
   1.21999812      0.233489797    
   1.23999810      0.252072930    
   1.25999808      0.262561619    
   1.27999806      0.255576193    
   1.29999804      0.304212242    
   1.31999803      0.261094302    
   1.33999801      0.337031275    
   1.35999799      0.275670737    
   1.37999797      0.364524126    
   1.39999795      0.295552820    
   1.41999793      0.383829772    
   1.43999791      0.321107656    
   1.45999789      0.404705167    
   1.47999787      0.355635613    
   1.49999785      0.400953233    
   1.51999784      0.416638553    
   1.53999782      0.388460040    
   1.55999780      0.459132671    
   1.57999778      0.395936280    
   1.59999776      0.501897454    
   1.61999774      0.390943944    
   1.63999772      0.546828032    
   1.65999770      0.398051322    
   1.67999768      0.570713997    
   1.69999766      0.430116534    
   1.71999764      0.560105205    
   1.73999763      0.492459655    
   1.75999761      0.536724746    
   1.77999759      0.536258578    
   1.79999757      0.528114498    
   1.81999755      0.596904099    
   1.83999753      0.483164936    
   1.85999751      0.676374257    
   1.87999749      0.452971905    
   1.89999747      0.701777756    
   1.91999745      0.471277446    
   1.93999743      0.692576945    
   1.95999742      0.498191148    
   1.97999740      0.686146975    
   1.99999738      0.526433349    
   2.01999736      0.655004323    
   2.03999734      0.606757402    
   2.05999732      0.561694384    
   2.07999730      0.699021339    
   2.09999728      0.502444863    
   2.11999726      0.725295722    
   2.13999724      0.480363697    
   2.15999722      0.749655604    
   2.17999721      0.442136884    
   2.19999719      0.789220512    
   2.21999717      0.430339009    
   2.23999715      0.738223851    
   2.25999713      0.511986673    
   2.27999711      0.629986048    
   2.29999709      0.562282383    
   2.31999707      0.577845097    
   2.33999705      0.587607563    
   2.35999703      0.510858119    
   2.37999701      0.681220591    
   2.39999700      0.384855717    
   2.41999698      0.749987304    
   2.43999696      0.341943294    
   2.45999694      0.693139791    
   2.47999692      0.358576864    
   2.49999690      0.663458049    
   2.51999688      0.319479227    
   2.53999686      0.676388800    
   2.55999684      0.337410957    
   2.57999682      0.564863563    
   2.59999681      0.443412095    
   2.61999679      0.421364009    
   2.63999677      0.457772523    
   2.65999675      0.395030588    
   2.67999673      0.446259975    
   2.69999671      0.327337742    
   2.71999669      0.548470795    
   2.73999667      0.200476378    
   2.75999665      0.580194294    
   2.77999663      0.184118450    
   2.79999661      0.470320195    
   2.81999660      0.194984868    
   2.83999658      0.483572125    
   2.85999656      0.125620931    
   2.87999654      0.525389433    
   2.89999652      0.135319307    
   2.91999650      0.401526213    
   2.93999648      0.202989921    
   2.95999646      0.307921469    
   2.97999644      0.151768506    
   2.99999642      0.353740245    
   3.01999640      0.143340468    
   3.03999639      0.300525337    
   3.05999637      0.238611788    
   3.07999635      0.170475453    
   3.09999633      0.201614216    
