  -2.00000000      0.164739981    
  -1.98000002      0.246131986    
  -1.96000004       4.45414297E-02
  -1.94000006      0.196468443    
  -1.92000008      0.113933094    
  -1.90000010       5.60025349E-02
  -1.88000011      0.212755203    
  -1.86000013       5.95693849E-02
  -1.84000015      0.150068030    
  -1.82000017      0.166914493    
  -1.80000019       3.63244154E-02
  -1.78000021      0.167189509    
  -1.76000023       4.87734936E-02
  -1.74000025       5.81655353E-02
  -1.72000027      0.132778242    
  -1.70000029       1.80636998E-02
  -1.68000031      0.126483977    
  -1.66000032       9.13819596E-02
  -1.64000034       4.03170809E-02
  -1.62000036      0.129190639    
  -1.60000038       1.36272684E-02
  -1.58000040       6.59281313E-02
  -1.56000042       6.55025914E-02
  -1.54000044       5.92025789E-03
  -1.52000046       9.26136747E-02
  -1.50000048       3.40268500E-02
  -1.48000050       4.67686579E-02
  -1.46000051       8.51156339E-02
  -1.44000053       4.59339842E-03
  -1.42000055       6.68706894E-02
  -1.40000057       2.24288628E-02
  -1.38000059       1.36989458E-02
  -1.36000061       5.39828986E-02
  -1.34000063       4.43986431E-03
  -1.32000065       4.43974622E-02
  -1.30000067       4.10499796E-02
  -1.28000069       9.75385867E-03
  -1.26000071       5.62912114E-02
  -1.24000072       3.27635719E-03
  -1.22000074       2.60629747E-02
  -1.20000076       2.49634981E-02
  -1.18000078       7.90582912E-04
  -1.16000080       3.28040421E-02
  -1.14000082       1.25142615E-02
  -1.12000084       1.53241092E-02
  -1.10000086       3.44690047E-02
  -1.08000088       3.51448398E-04
  -1.06000090       3.09200324E-02
  -1.04000092       7.43106660E-03
  -1.02000093       9.28142760E-03
  -1.00000095       2.03177352E-02
 -0.980000973       2.94543570E-03
 -0.960000992       1.69534981E-02
 -0.940001011       1.73710771E-02
 -0.920001030       4.01664432E-03
 -0.900001049       2.60814242E-02
 -0.880001068       1.97794987E-03
 -0.860001087       1.65492371E-02
 -0.840001106       1.07660284E-02
 -0.820001125       5.45746554E-03
 -0.800001144       1.41360341E-02
 -0.780001163       8.56771786E-03
 -0.760001183       7.40550598E-03
 -0.740001202       1.81608852E-02
 -0.720001221       2.22246069E-03
 -0.700001240       1.73820276E-02
 -0.680001259       6.39220839E-03
 -0.660001278       8.49099271E-03
 -0.640001297       1.05604846E-02
 -0.620001316       6.22381829E-03
 -0.600001335       6.85527129E-03
 -0.580001354       9.97440331E-03
 -0.560001373       3.18848249E-03
 -0.540001392       1.04396036E-02
 -0.520001411       3.62571073E-03
 -0.500001431       6.10923395E-03
 -0.480001420       5.13896253E-03
 -0.460001409       2.69811787E-03
 -0.440001398       4.14218847E-03
 -0.420001388       2.35667313E-03
 -0.400001377       1.30603358E-03
 -0.380001366       2.17954069E-03
 -0.360001355       8.53052130E-04
 -0.340001345       1.20136654E-03
 -0.320001334       8.21491645E-04
 -0.300001323       3.20159888E-04
 -0.280001312       4.79983166E-04
 -0.260001302       7.29654494E-05
 -0.240001306       4.16078023E-04
 -0.220001310       2.73608457E-04
 -0.200001314       2.63573689E-04
 -0.180001318       5.91246819E-04
 -0.160001323       1.91909567E-04
 -0.140001327       8.51977267E-04
 -0.120001331       8.24450632E-04
 -0.100001335       5.21465437E-04
  -8.00013393E-02   4.22564568E-04
  -6.00013398E-02   8.94200275E-05
  -4.00013402E-02   7.33770488E-04
  -2.00013407E-02   1.31644003E-04
  -1.34110451E-06   1.14798037E-04
   1.99986584E-02   8.34209277E-05
   3.99986580E-02   1.60719486E-04
   5.99986576E-02   3.29191767E-04
   7.99986571E-02   8.41022527E-04
   9.99986529E-02   1.27946853E-03
  0.119998649       1.31885405E-03
  0.139998645       3.12555814E-03
  0.159998640       2.21273513E-03
  0.179998636       4.18778695E-03
  0.199998632       4.70599439E-03
  0.219998628       4.83769365E-03
  0.239998624       6.95679709E-03
  0.259998620       7.54159503E-03
  0.279998630       7.90649187E-03
  0.299998641       1.05762864E-02
  0.319998652       1.05690751E-02
  0.339998662       1.23199848E-02
  0.359998673       1.39116170E-02
  0.379998684       1.59224849E-02
  0.399998695       1.58311110E-02
  0.419998705       1.99413057E-02
  0.439998716       2.00438630E-02
  0.459998727       2.20868886E-02
  0.479998738       2.54455898E-02
  0.499998748       2.68822648E-02
  0.519998729       2.75832396E-02
  0.539998710       3.47038284E-02
  0.559998691       3.10450066E-02
  0.579998672       3.95926870E-02
  0.599998653       3.81613262E-02
  0.619998634       4.52917963E-02
  0.639998615       4.27479483E-02
  0.659998596       5.47453724E-02
  0.679998577       4.82055843E-02
  0.699998558       6.17222413E-02
  0.719998538       5.75516261E-02
  0.739998519       6.91162944E-02
  0.759998500       6.51651770E-02
  0.779998481       8.01729709E-02
  0.799998462       7.35069364E-02
  0.819998443       8.95560756E-02
  0.839998424       8.66182223E-02
  0.859998405       9.65408608E-02
  0.879998386      0.101443909    
  0.899998367      0.105243102    
  0.919998348      0.116638832    
  0.939998329      0.115267158    
  0.959998310      0.132873684    
  0.979998291      0.125029400    
  0.999998271      0.153018653    
   1.01999831      0.133783847    
   1.03999829      0.171989739    
   1.05999827      0.147927895    
   1.07999825      0.188907072    
   1.09999824      0.164047882    
   1.11999822      0.207880422    
   1.13999820      0.182554662    
   1.15999818      0.218270391    
   1.17999816      0.213100895    
   1.19999814      0.227685511    
   1.21999812      0.238275871    
   1.23999810      0.242383450    
   1.25999808      0.270273417    
   1.27999806      0.243836045    
   1.29999804      0.310365200    
   1.31999803      0.254193813    
   1.33999801      0.336981565    
   1.35999799      0.273752123    
   1.37999797      0.359665573    
   1.39999795      0.297046989    
   1.41999793      0.377010077    
   1.43999791      0.325436413    
   1.45999789      0.391801357    
   1.47999787      0.369265229    
   1.49999785      0.381355226    
   1.51999784      0.427997559    
   1.53999782      0.376126766    
   1.55999780      0.464603066    
   1.57999778      0.384226471    
   1.59999776      0.507855177    
   1.61999774      0.383604556    
   1.63999772      0.545218408    
   1.65999770      0.398702979    
   1.67999768      0.560664356    
   1.69999766      0.441879302    
   1.71999764      0.540007055    
   1.73999763      0.505449414    
   1.75999761      0.523234606    
   1.77999759      0.545448184    
   1.79999757      0.510310113    
   1.81999755      0.614234328    
   1.83999753      0.465046495    
   1.85999751      0.682776153    
   1.87999749      0.449197203    
   1.89999747      0.696728826    
   1.91999745      0.475071222    
   1.93999743      0.683651030    
   1.95999742      0.502862811    
   1.97999740      0.678418279    
   1.99999738      0.536462486    
   2.01999736      0.636108696    
   2.03999734      0.626897335    
   2.05999732      0.543509483    
   2.07999730      0.706633329    
   2.09999728      0.496579915    
   2.11999726      0.728005290    
   2.13999724      0.476468652    
   2.15999722      0.754953623    
   2.17999721      0.435877740    
   2.19999719      0.792113662    
   2.21999717      0.438002855    
   2.23999715      0.724664390    
   2.25999713      0.520823717    
   2.27999711      0.626186371    
   2.29999709      0.562798381    
   2.31999707      0.579788029    
   2.33999705      0.589891851    
   2.35999703      0.506369889    
   2.37999701      0.692646027    
   2.39999700      0.381237298    
   2.41999698      0.747263253    
   2.43999696      0.348310500    
   2.45999694      0.689150095    
   2.47999692      0.359101504    
   2.49999690      0.673547029    
   2.51999688      0.312582105    
   2.53999686      0.686808586    
   2.55999684      0.337466091    
   2.57999682      0.567987263    
   2.59999681      0.437510699    
   2.61999679      0.434323072    
   2.63999677      0.441389233    
   2.65999675      0.416226059    
   2.67999673      0.438388050    
   2.69999671      0.339268386    
   2.71999669      0.544770420    
   2.73999667      0.210273653    
   2.75999665      0.570426941    
   2.77999663      0.195468575    
   2.79999661      0.464837283    
   2.81999660      0.197532877    
   2.83999658      0.494409829    
   2.85999656      0.123294041    
   2.87999654      0.538438976    
   2.89999652      0.127881721    
   2.91999650      0.409417212    
   2.93999648      0.187423661    
   2.95999646      0.330492705    
   2.97999644      0.135432944    
   2.99999642      0.382339507    
   3.01999640      0.124790147    
   3.03999639      0.324955791    
   3.05999637      0.213475659    
   3.07999635      0.194897890    
   3.09999633      0.176786050    
