  -2.00000000      0.188559324    
  -1.98000002      0.237027675    
  -1.96000004       5.07409684E-02
  -1.94000006      0.214405507    
  -1.92000008       9.51836631E-02
  -1.90000010       7.19377324E-02
  -1.88000011      0.206489146    
  -1.86000013       4.73878756E-02
  -1.84000015      0.169894144    
  -1.82000017      0.151567847    
  -1.80000019       4.89571057E-02
  -1.78000021      0.176635087    
  -1.76000023       3.64006571E-02
  -1.74000025       7.67665207E-02
  -1.72000027      0.120542586    
  -1.70000029       1.51061304E-02
  -1.68000031      0.138095424    
  -1.66000032       7.43950903E-02
  -1.64000034       5.65203205E-02
  -1.62000036      0.128608957    
  -1.60000038       1.01433787E-02
  -1.58000040       8.13476443E-02
  -1.56000042       5.24739772E-02
  -1.54000044       1.20780766E-02
  -1.52000046       9.39731225E-02
  -1.50000048       2.15641633E-02
  -1.48000050       6.13027290E-02
  -1.46000051       7.64368847E-02
  -1.44000053       9.10353567E-03
  -1.42000055       7.52106309E-02
  -1.40000057       1.37367258E-02
  -1.38000059       2.37597171E-02
  -1.36000061       4.89496812E-02
  -1.34000063       8.89780873E-04
  -1.32000065       5.19044399E-02
  -1.30000067       3.00916303E-02
  -1.28000069       1.83604509E-02
  -1.26000071       5.55640683E-02
  -1.24000072       6.70454756E-04
  -1.22000074       3.48484442E-02
  -1.20000076       1.85688715E-02
  -1.18000078       3.88933322E-03
  -1.16000080       3.42582837E-02
  -1.14000082       6.13276847E-03
  -1.12000084       2.23949328E-02
  -1.10000086       2.88052093E-02
  -1.08000088       2.97527737E-03
  -1.06000090       3.36549506E-02
  -1.04000092       3.22495191E-03
  -1.02000093       1.47872549E-02
  -1.00000095       1.74927097E-02
 -0.980000973       1.88620016E-03
 -0.960000992       2.06549540E-02
 -0.940001011       1.17237559E-02
 -0.920001030       8.41211714E-03
 -0.900001049       2.47362852E-02
 -0.880001068       1.02943729E-03
 -0.860001087       2.03419514E-02
 -0.840001106       7.61326076E-03
 -0.820001125       7.52667431E-03
 -0.800001144       1.44860530E-02
 -0.780001163       5.93435252E-03
 -0.760001183       1.05855782E-02
 -0.740001202       1.53339608E-02
 -0.720001221       3.11097549E-03
 -0.700001240       1.86804757E-02
 -0.680001259       4.07416839E-03
 -0.660001278       1.10367183E-02
 -0.640001297       9.42264590E-03
 -0.620001316       5.85191464E-03
 -0.600001335       8.02774448E-03
 -0.580001354       8.45452584E-03
 -0.560001373       3.76169686E-03
 -0.540001392       1.05348704E-02
 -0.520001411       2.53094058E-03
 -0.500001431       7.46390363E-03
 -0.480001420       3.90653685E-03
 -0.460001409       3.38018569E-03
 -0.440001398       4.06271359E-03
 -0.420001388       1.97189581E-03
 -0.400001377       1.51384645E-03
 -0.380001366       2.07364676E-03
 -0.360001355       4.90939710E-04
 -0.340001345       1.53859169E-03
 -0.320001334       4.41981392E-04
 -0.300001323       5.75925631E-04
 -0.280001312       3.77704011E-04
 -0.260001302       2.15151071E-04
 -0.240001306       3.96733056E-04
 -0.220001310       2.85936316E-04
 -0.200001314       3.46173183E-04
 -0.180001318       5.19401568E-04
 -0.160001323       1.13612907E-04
 -0.140001327       1.06862653E-03
 -0.120001331       5.48717449E-04
 -0.100001335       7.24358717E-04
  -8.00013393E-02   3.26454814E-04
  -6.00013398E-02   1.34736925E-04
  -4.00013402E-02   7.09392421E-04
  -2.00013407E-02   1.50927212E-04
  -1.34110451E-06   8.79655054E-05
   1.99986584E-02   8.04612282E-05
   3.99986580E-02   1.94608860E-04
   5.99986576E-02   3.18560487E-04
   7.99986571E-02   7.69267441E-04
   9.99986529E-02   1.40782387E-03
  0.119998649       1.16512005E-03
  0.139998645       3.13611398E-03
  0.159998640       2.33910233E-03
  0.179998636       3.91613925E-03
  0.199998632       4.81910259E-03
  0.219998628       4.92012594E-03
  0.239998624       6.45587640E-03
  0.259998620       8.07930715E-03
  0.279998630       7.35446019E-03
  0.299998641       1.07746040E-02
  0.319998652       1.03426613E-02
  0.339998662       1.24495495E-02
  0.359998673       1.33720199E-02
  0.379998684       1.62782986E-02
  0.399998695       1.54104680E-02
  0.419998705       1.97967459E-02
  0.439998716       1.99220814E-02
  0.459998727       2.22502928E-02
  0.479998738       2.42318828E-02
  0.499998748       2.82733478E-02
  0.519998729       2.57573631E-02
  0.539998710       3.55172306E-02
  0.559998691       3.04738563E-02
  0.579998672       3.92042398E-02
  0.599998653       3.77979912E-02
  0.619998634       4.53361049E-02
  0.639998615       4.19632494E-02
  0.659998596       5.42448498E-02
  0.679998577       4.85886484E-02
  0.699998558       6.00803606E-02
  0.719998538       5.80308326E-02
  0.739998519       6.79794326E-02
  0.759998500       6.54152706E-02
  0.779998481       7.78997689E-02
  0.799998462       7.57150203E-02
  0.819998443       8.51989165E-02
  0.839998424       8.98570493E-02
  0.859998405       9.19410363E-02
  0.879998386      0.104048349    
  0.899998367      0.101339847    
  0.919998348      0.118723586    
  0.939998329      0.110976629    
  0.959998310      0.135487810    
  0.979998291      0.120720565    
  0.999998271      0.154233620    
   1.01999831      0.131748855    
   1.03999829      0.170044988    
   1.05999827      0.148192614    
   1.07999825      0.185865358    
   1.09999824      0.165203542    
   1.11999822      0.201699987    
   1.13999820      0.188344210    
   1.15999818      0.208185986    
   1.17999816      0.219268277    
   1.19999814      0.219719753    
   1.21999812      0.242653489    
   1.23999810      0.232381403    
   1.25999808      0.278121173    
   1.27999806      0.233799428    
   1.29999804      0.313071847    
   1.31999803      0.251369566    
   1.33999801      0.333239168    
   1.35999799      0.274237275    
   1.37999797      0.353337198    
   1.39999795      0.300295562    
   1.41999793      0.367700458    
   1.43999791      0.333346814    
   1.45999789      0.375858426    
   1.47999787      0.383389503    
   1.49999785      0.363598347    
   1.51999784      0.436779499    
   1.53999782      0.365375489    
   1.55999780      0.469141066    
   1.57999778      0.374531448    
   1.59999776      0.510610938    
   1.61999774      0.379503369    
   1.63999772      0.541104078    
   1.65999770      0.402900308    
   1.67999768      0.546051621    
   1.69999766      0.456792921    
   1.71999764      0.520071328    
   1.73999763      0.516157508    
   1.75999761      0.510317385    
   1.77999759      0.556812048    
   1.79999757      0.490933120    
   1.81999755      0.629539907    
   1.83999753      0.450635999    
   1.85999751      0.685906649    
   1.87999749      0.447789490    
   1.89999747      0.689042449    
   1.91999745      0.480761200    
   1.93999743      0.674588203    
   1.95999742      0.507102132    
   1.97999740      0.669118881    
   1.99999738      0.549987078    
   2.01999736      0.615005672    
   2.03999734      0.645368397    
   2.05999732      0.527716756    
   2.07999730      0.713214576    
   2.09999728      0.491294682    
   2.11999726      0.729668260    
   2.13999724      0.472275406    
   2.15999722      0.762073040    
   2.17999721      0.430167675    
   2.19999719      0.791260660    
   2.21999717      0.447701812    
   2.23999715      0.711936474    
   2.25999713      0.528399169    
   2.27999711      0.622667611    
   2.29999709      0.562664807    
   2.31999707      0.582450569    
   2.33999705      0.594241500    
   2.35999703      0.499582738    
   2.37999701      0.702793539    
   2.39999700      0.379413843    
   2.41999698      0.744044781    
   2.43999696      0.354589373    
   2.45999694      0.685054779    
   2.47999692      0.358754277    
   2.49999690      0.685497642    
   2.51999688      0.306558907    
   2.53999686      0.694769800    
   2.55999684      0.337513030    
   2.57999682      0.571281135    
   2.59999681      0.431689024    
   2.61999679      0.448155224    
   2.63999677      0.424239933    
   2.65999675      0.437203556    
   2.67999673      0.431270808    
   2.69999671      0.351946443    
   2.71999669      0.539752841    
   2.73999667      0.220614493    
   2.75999665      0.557650864    
   2.77999663      0.209376708    
   2.79999661      0.459433764    
   2.81999660      0.202393174    
   2.83999658      0.501757801    
   2.85999656      0.123012476    
   2.87999654      0.548711479    
   2.89999652      0.123444550    
   2.91999650      0.414574862    
   2.93999648      0.174517944    
   2.95999646      0.350252122    
   2.97999644      0.121783510    
   2.99999642      0.409840256    
   3.01999640      0.108396344    
   3.03999639      0.346120596    
   3.05999637      0.189014673    
   3.07999635      0.218125612    
   3.09999633      0.153470993    
