  -2.00000000      0.209131882    
  -1.98000002      0.226607904    
  -1.96000004       5.98459318E-02
  -1.94000006      0.227812469    
  -1.92000008       8.03134665E-02
  -1.90000010       8.80761370E-02
  -1.88000011      0.197072476    
  -1.86000013       3.97982188E-02
  -1.84000015      0.185234934    
  -1.82000017      0.136384830    
  -1.80000019       6.33153245E-02
  -1.78000021      0.181637064    
  -1.76000023       2.84875333E-02
  -1.74000025       9.35593322E-02
  -1.72000027      0.107356466    
  -1.70000029       1.64718460E-02
  -1.68000031      0.144540533    
  -1.66000032       5.95960878E-02
  -1.64000034       7.24974275E-02
  -1.62000036      0.124615468    
  -1.60000038       1.07070962E-02
  -1.58000040       9.35670659E-02
  -1.56000042       4.09738980E-02
  -1.54000044       2.04553306E-02
  -1.52000046       9.13769528E-02
  -1.50000048       1.31130638E-02
  -1.48000050       7.31619969E-02
  -1.46000051       6.62266761E-02
  -1.44000053       1.63487419E-02
  -1.42000055       7.98031688E-02
  -1.40000057       7.67973065E-03
  -1.38000059       3.36837210E-02
  -1.36000061       4.25920486E-02
  -1.34000063       8.25590861E-04
  -1.32000065       5.61476797E-02
  -1.30000067       2.07762290E-02
  -1.28000069       2.71399301E-02
  -1.26000071       5.17639555E-02
  -1.24000072       1.03280798E-03
  -1.22000074       4.13796529E-02
  -1.20000076       1.24800960E-02
  -1.18000078       8.76548700E-03
  -1.16000080       3.33327353E-02
  -1.14000082       2.17362517E-03
  -1.12000084       2.82648951E-02
  -1.10000086       2.27971859E-02
  -1.08000088       7.16630137E-03
  -1.06000090       3.39715742E-02
  -1.04000092       9.13110503E-04
  -1.02000093       1.96169559E-02
  -1.00000095       1.38448738E-02
 -0.980000973       2.90115620E-03
 -0.960000992       2.22761985E-02
 -0.940001011       7.13998917E-03
 -0.920001030       1.30097158E-02
 -0.900001049       2.17182226E-02
 -0.880001068       1.90677564E-03
 -0.860001087       2.26785243E-02
 -0.840001106       4.86555556E-03
 -0.820001125       1.03163235E-02
 -0.800001144       1.36338286E-02
 -0.780001163       4.56175208E-03
 -0.760001183       1.31956208E-02
 -0.740001202       1.22155258E-02
 -0.720001221       5.04201697E-03
 -0.700001240       1.86395943E-02
 -0.680001259       2.76934565E-03
 -0.660001278       1.32673578E-02
 -0.640001297       7.94929173E-03
 -0.620001316       6.21955749E-03
 -0.600001335       8.63869302E-03
 -0.580001354       7.12785171E-03
 -0.560001373       4.67344606E-03
 -0.540001392       9.95186064E-03
 -0.520001411       2.17977469E-03
 -0.500001431       8.26457422E-03
 -0.480001420       2.82915402E-03
 -0.460001409       4.24007932E-03
 -0.440001398       3.63687007E-03
 -0.420001388       1.85674173E-03
 -0.400001377       1.71364821E-03
 -0.380001366       1.81007432E-03
 -0.360001355       3.92976945E-04
 -0.340001345       1.64808519E-03
 -0.320001334       1.75947964E-04
 -0.300001323       7.67180056E-04
 -0.280001312       2.47608230E-04
 -0.260001302       3.95990413E-04
 -0.240001306       3.10359232E-04
 -0.220001310       3.76213313E-04
 -0.200001314       3.86115164E-04
 -0.180001318       4.30608925E-04
 -0.160001323       1.29708671E-04
 -0.140001327       1.13828748E-03
 -0.120001331       3.69362882E-04
 -0.100001335       8.72828998E-04
  -8.00013393E-02   2.14867076E-04
  -6.00013398E-02   2.28373232E-04
  -4.00013402E-02   6.37980644E-04
  -2.00013407E-02   2.00210256E-04
  -1.34110451E-06   6.55844779E-05
   1.99986584E-02   7.89284459E-05
   3.99986580E-02   2.25486816E-04
   5.99986576E-02   3.19320097E-04
   7.99986571E-02   6.99618773E-04
   9.99986529E-02   1.49083219E-03
  0.119998649       1.11891667E-03
  0.139998645       3.01750796E-03
  0.159998640       2.57650553E-03
  0.179998636       3.62653635E-03
  0.199998632       4.91465488E-03
  0.219998628       5.00770891E-03
  0.239998624       6.08536135E-03
  0.259998620       8.33342411E-03
  0.279998630       7.19374884E-03
  0.299998641       1.05945375E-02
  0.319998652       1.04241986E-02
  0.339998662       1.23702716E-02
  0.359998673       1.30650345E-02
  0.379998684       1.64147280E-02
  0.399998695       1.52097717E-02
  0.419998705       1.96332168E-02
  0.439998716       1.96667593E-02
  0.459998727       2.26704553E-02
  0.479998738       2.30124891E-02
  0.499998748       2.92522348E-02
  0.519998729       2.48879623E-02
  0.539998710       3.51652093E-02
  0.559998691       3.09735034E-02
  0.579998672       3.81645933E-02
  0.599998653       3.79093029E-02
  0.619998634       4.49472219E-02
  0.639998615       4.18852642E-02
  0.659998596       5.31655513E-02
  0.679998577       4.93934527E-02
  0.699998558       5.83432838E-02
  0.719998538       5.89707829E-02
  0.739998519       6.60996959E-02
  0.759998500       6.66555837E-02
  0.779998481       7.50656426E-02
  0.799998462       7.82307088E-02
  0.819998443       8.11389461E-02
  0.839998424       9.23275575E-02
  0.859998405       8.88019428E-02
  0.879998386      0.105674841    
  0.899998367       9.80396420E-02
  0.919998348      0.120367102    
  0.939998329      0.108089700    
  0.959998310      0.136586443    
  0.979998291      0.118441097    
  0.999998271      0.153049991    
   1.01999831      0.132101208    
   1.03999829      0.167425841    
   1.05999827      0.149225548    
   1.07999825      0.181553319    
   1.09999824      0.168011472    
   1.11999822      0.194521025    
   1.13999820      0.195159644    
   1.15999818      0.199539274    
   1.17999816      0.222942591    
   1.19999814      0.213239983    
   1.21999812      0.246704400    
   1.23999810      0.223891690    
   1.25999808      0.284504950    
   1.27999806      0.228009567    
   1.29999804      0.311074346    
   1.31999803      0.251357257    
   1.33999801      0.327834100    
   1.35999799      0.276031554    
   1.37999797      0.347107768    
   1.39999795      0.305936873    
   1.41999793      0.357449085    
   1.43999791      0.342080921    
   1.45999789      0.360484630    
   1.47999787      0.394206703    
   1.49999785      0.349290252    
   1.51999784      0.442417920    
   1.53999782      0.357868731    
   1.55999780      0.471974701    
   1.57999778      0.368912101    
   1.59999776      0.511639655    
   1.61999774      0.378603190    
   1.63999772      0.535007477    
   1.65999770      0.410266221    
   1.67999768      0.529532969    
   1.69999766      0.469993055    
   1.71999764      0.503462195    
   1.73999763      0.523689449    
   1.75999761      0.497564852    
   1.77999759      0.567438900    
   1.79999757      0.473886728    
   1.81999755      0.640001655    
   1.83999753      0.440318882    
   1.85999751      0.685985804    
   1.87999749      0.448934287    
   1.89999747      0.679785073    
   1.91999745      0.486070126    
   1.93999743      0.667355835    
   1.95999742      0.511299551    
   1.97999740      0.658317983    
   1.99999738      0.563769042    
   2.01999736      0.596159518    
   2.03999734      0.659817874    
   2.05999732      0.514849305    
   2.07999730      0.717512608    
   2.09999728      0.487540334    
   2.11999726      0.730450928    
   2.13999724      0.467082053    
   2.15999722      0.768805325    
   2.17999721      0.426709056    
   2.19999719      0.787424743    
   2.21999717      0.456726044    
   2.23999715      0.701600313    
   2.25999713      0.534864187    
   2.27999711      0.620397568    
   2.29999709      0.561741829    
   2.31999707      0.584711194    
   2.33999705      0.600343585    
   2.35999703      0.492589056    
   2.37999701      0.709828973    
   2.39999700      0.378513783    
   2.41999698      0.740936875    
   2.43999696      0.360620409    
   2.45999694      0.681888819    
   2.47999692      0.357152611    
   2.49999690      0.696789324    
   2.51999688      0.302537590    
   2.53999686      0.700415492    
   2.55999684      0.337351888    
   2.57999682      0.573466480    
   2.59999681      0.426373512    
   2.61999679      0.461863130    
   2.63999677      0.409444660    
   2.65999675      0.454613626    
   2.67999673      0.424748272    
   2.69999671      0.363772959    
   2.71999669      0.535125792    
   2.73999667      0.230320603    
   2.75999665      0.543708622    
   2.77999663      0.223099574    
   2.79999661      0.454687089    
   2.81999660      0.208985046    
   2.83999658      0.506011367    
   2.85999656      0.124243848    
   2.87999654      0.554241061    
   2.89999652      0.121945396    
   2.91999650      0.417617112    
   2.93999648      0.166174904    
   2.95999646      0.364766419    
   2.97999644      0.112066418    
   2.99999642      0.431963444    
   3.01999640       9.60189924E-02
   3.03999639      0.362211257    
   3.05999637      0.169413745    
   3.07999635      0.236469999    
   3.09999633      0.134742036    
