  -2.00000000      0.293801934    
  -1.98000002      0.108463861    
  -1.96000004      0.194000393    
  -1.94000006      0.231764972    
  -1.92000008       5.82329743E-02
  -1.90000010      0.220599279    
  -1.88000011       8.14286023E-02
  -1.86000013       8.91845226E-02
  -1.84000015      0.193497151    
  -1.82000017       4.01584506E-02
  -1.80000019      0.193765253    
  -1.78000021      0.118977524    
  -1.76000023       7.73526654E-02
  -1.74000025      0.171337724    
  -1.72000027       2.16355696E-02
  -1.70000029      0.108123682    
  -1.68000031       8.80383328E-02
  -1.66000032       2.75946781E-02
  -1.64000034      0.149186730    
  -1.62000036       3.70025225E-02
  -1.60000038      0.102142535    
  -1.58000040       9.68871415E-02
  -1.56000042       2.04735436E-02
  -1.54000044      0.100748688    
  -1.52000046       1.84034929E-02
  -1.50000048       4.45767678E-02
  -1.48000050       7.67935887E-02
  -1.46000051       8.04288499E-03
  -1.44000053       9.59612280E-02
  -1.42000055       3.15368474E-02
  -1.40000057       4.56490107E-02
  -1.38000059       6.42646775E-02
  -1.36000061       2.61305016E-03
  -1.34000063       5.27278334E-02
  -1.32000065       1.89345535E-02
  -1.30000067       1.60489101E-02
  -1.28000069       5.63223325E-02
  -1.26000071       2.59134476E-03
  -1.24000072       5.55122010E-02
  -1.22000074       2.23308951E-02
  -1.20000076       1.91456694E-02
  -1.18000078       3.89024206E-02
  -1.16000080       5.02058174E-05
  -1.14000082       2.72370707E-02
  -1.12000084       1.77506786E-02
  -1.10000086       5.37080364E-03
  -1.08000088       3.85638885E-02
  -1.06000090       1.48063630E-03
  -1.04000092       3.15124467E-02
  -1.02000093       1.54068442E-02
  -1.00000095       8.88282433E-03
 -0.980000973       2.40765885E-02
 -0.960000992       2.16457644E-03
 -0.940001011       1.50689576E-02
 -0.920001030       1.64150484E-02
 -0.900001049       2.27134721E-03
 -0.880001068       2.69244984E-02
 -0.860001087       3.05001205E-03
 -0.840001106       1.87631231E-02
 -0.820001125       1.29707456E-02
 -0.800001144       5.78502007E-03
 -0.780001163       1.63704772E-02
 -0.760001183       5.46498876E-03
 -0.740001202       9.07854922E-03
 -0.720001221       1.49669703E-02
 -0.700001240       2.25061341E-03
 -0.680001259       1.78421270E-02
 -0.660001278       6.13232842E-03
 -0.640001297       9.37056635E-03
 -0.620001316       1.14944130E-02
 -0.600001335       3.65285273E-03
 -0.580001354       8.83208774E-03
 -0.560001373       5.96493436E-03
 -0.540001392       3.77551932E-03
 -0.520001411       7.69160129E-03
 -0.500001431       2.43638456E-03
 -0.480001420       5.17994910E-03
 -0.460001409       4.28138627E-03
 -0.440001398       1.74874207E-03
 -0.420001388       3.73473810E-03
 -0.400001377       4.84391261E-04
 -0.380001366       1.45158963E-03
 -0.360001355       7.15238566E-04
 -0.340001345       3.19922838E-04
 -0.320001334       6.15277386E-04
 -0.300001323       9.67151354E-05
 -0.280001312       5.92281169E-04
 -0.260001302       3.35809833E-04
 -0.240001306       7.01690675E-04
 -0.220001310       6.51353155E-04
 -0.200001314       4.17530769E-04
 -0.180001318       4.67820006E-04
 -0.160001323       4.08487162E-04
 -0.140001327       5.62947884E-04
 -0.120001331       8.46642593E-04
 -0.100001335       2.86955386E-04
  -8.00013393E-02   2.39147237E-04
  -6.00013398E-02   5.03782765E-04
  -4.00013402E-02   1.36857241E-04
  -2.00013407E-02   3.36774770E-04
  -1.34110451E-06   1.06025342E-04
   1.99986584E-02   4.67924547E-05
   3.99986580E-02   2.31609185E-04
   5.99986576E-02   6.16240432E-04
   7.99986571E-02   4.80760209E-04
   9.99986529E-02   1.22106506E-03
  0.119998649       1.75654399E-03
  0.139998645       1.76330027E-03
  0.159998640       3.16274771E-03
  0.179998636       3.59532400E-03
  0.199998632       3.73545312E-03
  0.219998628       5.70025388E-03
  0.239998624       5.93615044E-03
  0.259998620       6.15812186E-03
  0.279998630       9.66958981E-03
  0.299998641       7.60985725E-03
  0.319998652       1.13087576E-02
  0.339998662       1.11652790E-02
  0.359998673       1.34615432E-02
  0.379998684       1.32053914E-02
  0.399998695       1.78186968E-02
  0.419998705       1.57812703E-02
  0.439998716       2.04390567E-02
  0.459998727       2.02326812E-02
  0.479998738       2.45027486E-02
  0.499998748       2.24725977E-02
  0.519998729       3.12614106E-02
  0.539998710       2.57582907E-02
  0.559998691       3.50453928E-02
  0.579998672       3.27823795E-02
  0.599998653       3.92902829E-02
  0.619998634       3.71894576E-02
  0.639998615       4.80323546E-02
  0.659998596       4.17082235E-02
  0.679998577       5.39007559E-02
  0.699998558       5.08390628E-02
  0.719998538       5.96556589E-02
  0.739998519       5.76783381E-02
  0.759998500       7.01619685E-02
  0.779998481       6.49135560E-02
  0.799998462       7.75346756E-02
  0.819998443       7.82166943E-02
  0.839998424       8.31655338E-02
  0.859998405       9.05366540E-02
  0.879998386       9.27090943E-02
  0.899998367      0.102594599    
  0.919998348      0.102372818    
  0.939998329      0.117466353    
  0.959998310      0.110897198    
  0.979998291      0.135878235    
  0.999998271      0.118996702    
   1.01999831      0.153994054    
   1.03999829      0.129848331    
   1.05999827      0.171382457    
   1.07999825      0.142974123    
   1.09999824      0.189951137    
   1.11999822      0.157516673    
   1.13999820      0.205456704    
   1.15999818      0.177785292    
   1.17999816      0.221209139    
   1.19999814      0.196056917    
   1.21999812      0.238074079    
   1.23999810      0.224097744    
   1.25999808      0.241548270    
   1.27999806      0.260345370    
   1.29999804      0.250618845    
   1.31999803      0.287254214    
   1.33999801      0.262723029    
   1.35999799      0.321781516    
   1.37999797      0.268734366    
   1.39999795      0.357810259    
   1.41999793      0.276024789    
   1.43999791      0.393990338    
   1.45999789      0.292649150    
   1.47999787      0.408636957    
   1.49999785      0.328467637    
   1.51999784      0.421310246    
   1.53999782      0.350098252    
   1.55999780      0.440977573    
   1.57999778      0.389223158    
   1.59999776      0.433473378    
   1.61999774      0.445262700    
   1.63999772      0.420733273    
   1.65999770      0.502744377    
   1.67999768      0.408808202    
   1.69999766      0.540056348    
   1.71999764      0.419230610    
   1.73999763      0.575950623    
   1.75999761      0.407279968    
   1.77999759      0.632466912    
   1.79999757      0.410058647    
   1.81999755      0.635957956    
   1.83999753      0.454408944    
   1.85999751      0.616560578    
   1.87999749      0.499244153    
   1.89999747      0.603552639    
   1.91999745      0.533945143    
   1.93999743      0.591290951    
   1.95999742      0.591759443    
   1.97999740      0.534504652    
   1.99999738      0.682506084    
   2.01999736      0.476713479    
   2.03999734      0.719525158    
   2.05999732      0.471268177    
   2.07999730      0.727141917    
   2.09999728      0.459029287    
   2.11999726      0.761357963    
   2.13999724      0.429729879    
   2.15999722      0.786683381    
   2.17999721      0.453714997    
   2.19999719      0.713619649    
   2.21999717      0.527903140    
   2.23999715      0.645502746    
   2.25999713      0.549099445    
   2.27999711      0.622895837    
   2.29999709      0.572673500    
   2.31999707      0.562988460    
   2.33999705      0.669554532    
   2.35999703      0.440978050    
   2.37999701      0.733366668    
   2.39999700      0.398518056    
   2.41999698      0.697356164    
   2.43999696      0.395549923    
   2.45999694      0.702357590    
   2.47999692      0.330976099    
   2.49999690      0.764889777    
   2.51999688      0.289966851    
   2.53999686      0.712422013    
   2.55999684      0.350039005    
   2.57999682      0.591194630    
   2.59999681      0.363102943    
   2.61999679      0.581124485    
   2.63999677      0.321930766    
   2.65999675      0.575252712    
   2.67999673      0.379043639    
   2.69999671      0.438810557    
   2.71999669      0.466273963    
   2.73999667      0.339599043    
   2.75999665      0.415474176    
   2.77999663      0.358974159    
   2.79999661      0.390724093    
   2.81999660      0.306110173    
   2.83999658      0.490559816    
   2.85999656      0.184680909    
   2.87999654      0.498429656    
   2.89999652      0.179071665    
   2.91999650      0.379973650    
   2.93999648      0.200930551    
   2.95999646      0.402635276    
   2.97999644      0.125632867    
   2.99999642      0.490604818    
   3.01999640       7.56737888E-02
   3.03999639      0.384373337    
   3.05999637      0.123416007    
   3.07999635      0.296163499    
   3.09999633      0.102615312    
