  -2.00000000      0.233952805    
  -1.98000002       6.59435764E-02
  -1.96000004      0.283799589    
  -1.94000006      0.130180374    
  -1.92000008      0.171826661    
  -1.90000010      0.235799626    
  -1.88000011       5.03990054E-02
  -1.86000013      0.202360675    
  -1.84000015       8.90161619E-02
  -1.82000017       8.31630602E-02
  -1.80000019      0.196825013    
  -1.78000021       4.34693210E-02
  -1.76000023      0.194887966    
  -1.74000025      0.109368883    
  -1.72000027       8.04211199E-02
  -1.70000029      0.157282963    
  -1.68000031       1.88771561E-02
  -1.66000032      0.111025244    
  -1.64000034       7.79344290E-02
  -1.62000036       3.86986323E-02
  -1.60000038      0.147396997    
  -1.58000040       2.79405136E-02
  -1.56000042      0.117505953    
  -1.54000044       7.23329708E-02
  -1.52000046       3.20896767E-02
  -1.50000048       9.36108679E-02
  -1.48000050       8.86601862E-03
  -1.46000051       6.11503311E-02
  -1.44000053       5.99330962E-02
  -1.42000055       1.83250848E-02
  -1.40000057       9.82343182E-02
  -1.38000059       1.35351401E-02
  -1.36000061       6.67587891E-02
  -1.34000063       4.03960310E-02
  -1.32000065       1.23794023E-02
  -1.30000067       5.40416948E-02
  -1.28000069       5.26111107E-03
  -1.26000071       3.54064591E-02
  -1.24000072       4.08456959E-02
  -1.22000074       8.57227296E-03
  -1.20000076       6.09308034E-02
  -1.18000078       4.15606005E-03
  -1.16000080       3.84227373E-02
  -1.14000082       2.08643973E-02
  -1.12000084       6.04269886E-03
  -1.10000086       3.23133729E-02
  -1.08000088       3.73617024E-03
  -1.06000090       2.24754401E-02
  -1.04000092       2.65515894E-02
  -1.02000093       4.68689110E-03
  -1.00000095       3.83958369E-02
 -0.980000973       1.03969988E-03
 -0.960000992       2.40779202E-02
 -0.940001011       1.26756793E-02
 -0.920001030       4.75164084E-03
 -0.900001049       2.10602880E-02
 -0.880001068       4.74726828E-03
 -0.860001087       1.46637810E-02
 -0.840001106       1.87817272E-02
 -0.820001125       3.40863853E-03
 -0.800001144       2.49927342E-02
 -0.780001163       1.82095694E-03
 -0.760001183       1.65400375E-02
 -0.740001202       9.60334111E-03
 -0.720001221       5.09516988E-03
 -0.700001240       1.45609928E-02
 -0.680001259       6.11285586E-03
 -0.660001278       8.70110746E-03
 -0.640001297       1.51418243E-02
 -0.620001316       1.70679507E-03
 -0.600001335       1.49288569E-02
 -0.580001354       2.97748740E-03
 -0.560001373       7.35448441E-03
 -0.540001392       5.98125672E-03
 -0.520001411       2.94268271E-03
 -0.500001431       4.52807732E-03
 -0.480001420       4.16682800E-03
 -0.460001409       1.39606895E-03
 -0.440001398       5.15877362E-03
 -0.420001388       1.51890592E-04
 -0.400001377       2.88452976E-03
 -0.380001366       4.11234418E-04
 -0.360001355       1.04083307E-03
 -0.340001345       3.41229199E-04
 -0.320001334       1.84926816E-04
 -0.300001323       2.10928440E-04
 -0.280001312       1.26975428E-04
 -0.260001302       4.40023956E-04
 -0.240001306       8.14816798E-04
 -0.220001310       4.56442940E-04
 -0.200001314       1.10919401E-03
 -0.180001318       8.78686333E-05
 -0.160001323       9.75086587E-04
 -0.140001327       3.32241936E-04
 -0.120001331       8.02323397E-04
 -0.100001335       2.35201107E-04
  -8.00013393E-02   2.37309810E-04
  -6.00013398E-02   4.21875811E-05
  -4.00013402E-02   5.18821122E-04
  -2.00013407E-02   1.95656467E-05
  -1.34110451E-06   4.39647083E-05
   1.99986584E-02   2.61753565E-04
   3.99986580E-02   1.43505400E-04
   5.99986576E-02   5.40012668E-04
   7.99986571E-02   1.00450974E-03
   9.99986529E-02   7.40231830E-04
  0.119998649       1.80152582E-03
  0.139998645       2.10337015E-03
  0.159998640       2.33107316E-03
  0.179998636       3.63259460E-03
  0.199998632       4.25046775E-03
  0.219998628       4.28763824E-03
  0.239998624       6.28895825E-03
  0.259998620       6.87211892E-03
  0.279998630       6.56682998E-03
  0.299998641       1.07367802E-02
  0.319998652       8.18167906E-03
  0.339998662       1.21676652E-02
  0.359998673       1.18572861E-02
  0.379998684       1.46079613E-02
  0.399998695       1.36479102E-02
  0.419998705       1.92147624E-02
  0.439998716       1.63059197E-02
  0.459998727       2.17382852E-02
  0.479998738       2.07721666E-02
  0.499998748       2.60544457E-02
  0.519998729       2.31738705E-02
  0.539998710       3.21204364E-02
  0.559998691       2.74282265E-02
  0.579998672       3.54717411E-02
  0.599998653       3.37341093E-02
  0.619998634       4.18569967E-02
  0.639998615       3.63572985E-02
  0.659998596       5.13140932E-02
  0.679998577       4.17786799E-02
  0.699998558       5.56884408E-02
  0.719998538       5.08663282E-02
  0.739998519       6.36157095E-02
  0.759998500       5.51896170E-02
  0.779998481       7.56554306E-02
  0.799998462       6.25715926E-02
  0.819998443       8.28052089E-02
  0.839998424       7.41289705E-02
  0.859998405       9.12217423E-02
  0.879998386       8.37984979E-02
  0.899998367      0.103025123    
  0.919998348       9.43055227E-02
  0.939998329      0.113788143    
  0.959998310      0.107998751    
  0.979998291      0.123986721    
  0.999998271      0.124792449    
   1.01999831      0.132053107    
   1.03999829      0.143503785    
   1.05999827      0.141985223    
   1.07999825      0.162112027    
   1.09999824      0.153349757    
   1.11999822      0.182057098    
   1.13999820      0.163853556    
   1.15999818      0.205971658    
   1.17999816      0.172477052    
   1.19999814      0.234077394    
   1.21999812      0.181721434    
   1.23999810      0.254683405    
   1.25999808      0.202434629    
   1.27999806      0.271801800    
   1.29999804      0.218851969    
   1.31999803      0.299261689    
   1.33999801      0.236217290    
   1.35999799      0.315395802    
   1.37999797      0.264557868    
   1.39999795      0.327777267    
   1.41999793      0.298368663    
   1.43999791      0.329685211    
   1.45999789      0.341108054    
   1.47999787      0.337668329    
   1.49999785      0.366979599    
   1.51999784      0.351321638    
   1.53999782      0.414661765    
   1.55999780      0.338468671    
   1.57999778      0.466157138    
   1.59999776      0.340646535    
   1.61999774      0.497763991    
   1.63999772      0.354459316    
   1.65999770      0.520946681    
   1.67999768      0.377007216    
   1.69999766      0.544454813    
   1.71999764      0.384129614    
   1.73999763      0.577390969    
   1.75999761      0.414017797    
   1.77999759      0.562776148    
   1.79999757      0.476155698    
   1.81999755      0.538412750    
   1.83999753      0.520259321    
   1.85999751      0.532016158    
   1.87999749      0.555366516    
   1.89999747      0.521135271    
   1.91999745      0.613343716    
   1.93999743      0.478559762    
   1.95999742      0.690002322    
   1.97999740      0.439810008    
   1.99999738      0.718136191    
   2.01999736      0.450729400    
   2.03999734      0.713967443    
   2.05999732      0.451925725    
   2.07999730      0.745898962    
   2.09999728      0.431587845    
   2.11999726      0.769193053    
   2.13999724      0.450651914    
   2.15999722      0.718855143    
   2.17999721      0.524570823    
   2.19999719      0.647789240    
   2.21999717      0.548535764    
   2.23999715      0.637827694    
   2.25999713      0.558087587    
   2.27999711      0.604464710    
   2.29999709      0.628767133    
   2.31999707      0.502402604    
   2.33999705      0.718601584    
   2.35999703      0.431502640    
   2.37999701      0.701363504    
   2.39999700      0.434550941    
   2.41999698      0.686806738    
   2.43999696      0.391494006    
   2.45999694      0.754066885    
   2.47999692      0.309692264    
   2.49999690      0.785139203    
   2.51999688      0.313005686    
   2.53999686      0.681902945    
   2.55999684      0.351130307    
   2.57999682      0.640108049    
   2.59999681      0.308672726    
   2.61999679      0.681526124    
   2.63999677      0.273639739    
   2.65999675      0.639752448    
   2.67999673      0.351215363    
   2.69999671      0.493588209    
   2.71999669      0.372308165    
   2.73999667      0.466936946    
   2.75999665      0.305128843    
   2.77999663      0.505678952    
   2.79999661      0.318455279    
   2.81999660      0.411670834    
   2.83999658      0.408784181    
   2.85999656      0.292662054    
   2.87999654      0.367223591    
   2.89999652      0.318274885    
   2.91999650      0.279067129    
   2.93999648      0.342903167    
   2.95999646      0.337657243    
   2.97999644      0.235037297    
   2.99999642      0.389588267    
   3.01999640      0.175005585    
   3.03999639      0.274368405    
   3.05999637      0.247909144    
   3.07999635      0.221004367    
   3.09999633      0.238170967    
