  -2.00000000      0.163356215    
  -1.98000002      0.100881942    
  -1.96000004      0.276783019    
  -1.94000006       8.09642002E-02
  -1.92000008      0.249456078    
  -1.90000010      0.186642423    
  -1.88000011      0.101409949    
  -1.86000013      0.232757747    
  -1.84000015       4.50875275E-02
  -1.82000017      0.149374813    
  -1.80000019      0.136375189    
  -1.78000021       5.57009317E-02
  -1.76000023      0.216826662    
  -1.74000025       6.03560582E-02
  -1.72000027      0.157978967    
  -1.70000029      0.126226664    
  -1.68000031       4.29626815E-02
  -1.66000032      0.142354205    
  -1.64000034       2.65940093E-02
  -1.62000036       8.80721211E-02
  -1.60000038      0.104858212    
  -1.58000040       3.19050066E-02
  -1.56000042      0.150456771    
  -1.54000044       3.34243216E-02
  -1.52000046       9.28192362E-02
  -1.50000048       7.17468709E-02
  -1.48000050       1.66748464E-02
  -1.46000051       8.49252045E-02
  -1.44000053       1.52669176E-02
  -1.42000055       5.58664016E-02
  -1.40000057       6.98617324E-02
  -1.38000059       1.79096945E-02
  -1.36000061       9.49034020E-02
  -1.34000063       1.24184741E-02
  -1.32000065       5.46786785E-02
  -1.30000067       3.64529938E-02
  -1.28000069       7.30075408E-03
  -1.26000071       5.16108610E-02
  -1.24000072       7.43453018E-03
  -1.22000074       3.73806916E-02
  -1.20000076       4.03445996E-02
  -1.18000078       1.07652834E-02
  -1.16000080       5.59987314E-02
  -1.14000082       2.04591081E-03
  -1.12000084       3.41911353E-02
  -1.10000086       1.79502144E-02
  -1.08000088       5.08052111E-03
  -1.06000090       3.34294252E-02
  -1.04000092       3.21026705E-03
  -1.02000093       2.69415192E-02
  -1.00000095       2.24108715E-02
 -0.980000973       8.18566512E-03
 -0.960000992       3.31384130E-02
 -0.940001011       2.55812425E-04
 -0.920001030       2.23976802E-02
 -0.900001049       1.05025526E-02
 -0.880001068       5.16896229E-03
 -0.860001087       2.27448568E-02
 -0.840001106       2.62681441E-03
 -0.820001125       1.96534880E-02
 -0.800001144       1.39497928E-02
 -0.780001163       7.27731874E-03
 -0.760001183       2.13619899E-02
 -0.740001202       1.81337853E-03
 -0.720001221       1.53970318E-02
 -0.700001240       8.43706634E-03
 -0.680001259       4.50215535E-03
 -0.660001278       1.54544599E-02
 -0.640001297       3.65666649E-03
 -0.620001316       1.09188901E-02
 -0.600001335       1.00979097E-02
 -0.580001354       3.26652685E-03
 -0.560001373       1.12157324E-02
 -0.540001392       1.80865044E-03
 -0.520001411       5.78053389E-03
 -0.500001431       3.77697172E-03
 -0.480001420       1.65420107E-03
 -0.460001409       4.10194509E-03
 -0.440001398       1.71677093E-03
 -0.420001388       1.80621515E-03
 -0.400001377       2.27543944E-03
 -0.380001366       3.22007341E-04
 -0.360001355       1.76046626E-03
 -0.340001345       4.13338421E-05
 -0.320001334       6.46813831E-04
 -0.300001323       2.26510529E-05
 -0.280001312       1.22354570E-04
 -0.260001302       6.47052191E-04
 -0.240001306       2.84983325E-05
 -0.220001310       1.56881299E-03
 -0.200001314       1.84088727E-04
 -0.180001318       9.09669790E-04
 -0.160001323       8.03513802E-04
 -0.140001327       4.70086001E-04
 -0.120001331       8.63936846E-04
 -0.100001335       1.77557697E-04
  -8.00013393E-02   9.39258971E-05
  -6.00013398E-02   2.00572962E-04
  -4.00013402E-02   2.41430593E-04
  -2.00013407E-02   1.84918215E-04
  -1.34110451E-06   3.07598339E-06
   1.99986584E-02   1.36910327E-04
   3.99986580E-02   4.46144666E-04
   5.99986576E-02   7.83937576E-05
   7.99986571E-02   1.33549026E-03
   9.99986529E-02   6.80054829E-04
  0.119998649       1.63623260E-03
  0.139998645       2.05946038E-03
  0.159998640       2.66745640E-03
  0.179998636       2.78047030E-03
  0.199998632       4.76151286E-03
  0.219998628       4.18010028E-03
  0.239998624       5.46191353E-03
  0.259998620       7.28648715E-03
  0.279998630       6.73656119E-03
  0.299998641       8.74826591E-03
  0.319998652       1.05698444E-02
  0.339998662       9.70015116E-03
  0.359998673       1.25687318E-02
  0.379998684       1.40851233E-02
  0.399998695       1.35892015E-02
  0.419998705       1.75367929E-02
  0.439998716       1.76832620E-02
  0.459998727       1.98616330E-02
  0.479998738       2.07875278E-02
  0.499998748       2.49069594E-02
  0.519998729       2.42831316E-02
  0.539998710       2.81071160E-02
  0.559998691       3.05117518E-02
  0.579998672       3.18505950E-02
  0.599998653       3.39018740E-02
  0.619998634       4.00732830E-02
  0.639998615       3.78508009E-02
  0.659998596       4.49069776E-02
  0.679998577       4.71106693E-02
  0.699998558       4.88829575E-02
  0.719998538       5.32399490E-02
  0.739998519       5.80541678E-02
  0.759998500       6.06598929E-02
  0.779998481       6.32913262E-02
  0.799998462       7.28814527E-02
  0.819998443       6.95914105E-02
  0.839998424       8.12563077E-02
  0.859998405       8.02521929E-02
  0.879998386       9.17902365E-02
  0.899998367       8.74133855E-02
  0.919998348      0.107649431    
  0.939998329       9.40818116E-02
  0.959998310      0.122091182    
  0.979998291      0.104009628    
  0.999998271      0.137334570    
   1.01999831      0.114179075    
   1.03999829      0.153538868    
   1.05999827      0.124930948    
   1.07999825      0.170759842    
   1.09999824      0.137784496    
   1.11999822      0.188226223    
   1.13999820      0.150780946    
   1.15999818      0.207919508    
   1.17999816      0.164641827    
   1.19999814      0.224877268    
   1.21999812      0.188822120    
   1.23999810      0.232778221    
   1.25999808      0.212832019    
   1.27999806      0.251519054    
   1.29999804      0.229973182    
   1.31999803      0.267695338    
   1.33999801      0.264187038    
   1.35999799      0.270155430    
   1.37999797      0.300646901    
   1.39999795      0.276169926    
   1.41999793      0.335669696    
   1.43999791      0.284156412    
   1.45999789      0.363546520    
   1.47999787      0.299583912    
   1.49999785      0.398868293    
   1.51999784      0.299469292    
   1.53999782      0.445522785    
   1.55999780      0.307599753    
   1.57999778      0.469633222    
   1.59999776      0.330587089    
   1.61999774      0.483243495    
   1.63999772      0.361665338    
   1.65999770      0.495168447    
   1.67999768      0.380822718    
   1.69999766      0.524709582    
   1.71999764      0.408396333    
   1.73999763      0.514077842    
   1.75999761      0.472702891    
   1.77999759      0.490390837    
   1.79999757      0.520680904    
   1.81999755      0.482584983    
   1.83999753      0.557357669    
   1.85999751      0.482096523    
   1.87999749      0.595381081    
   1.89999747      0.458915323    
   1.91999745      0.670025826    
   1.93999743      0.421310633    
   1.95999742      0.708959222    
   1.97999740      0.429027468    
   1.99999738      0.704673886    
   2.01999736      0.447057158    
   2.03999734      0.713703930    
   2.05999732      0.439706028    
   2.07999730      0.750171244    
   2.09999728      0.435996503    
   2.11999726      0.736112297    
   2.13999724      0.498050660    
   2.15999722      0.661878347    
   2.17999721      0.548927069    
   2.19999719      0.633373797    
   2.21999717      0.554220200    
   2.23999715      0.629631400    
   2.25999713      0.579557598    
   2.27999711      0.570873141    
   2.29999709      0.677054942    
   2.31999707      0.469794244    
   2.33999705      0.715378106    
   2.35999703      0.446782529    
   2.37999701      0.683738708    
   2.39999700      0.446116716    
   2.41999698      0.700771570    
   2.43999696      0.375902265    
   2.45999694      0.785564840    
   2.47999692      0.309525967    
   2.49999690      0.766100287    
   2.51999688      0.335178614    
   2.53999686      0.671250045    
   2.55999684      0.345873058    
   2.57999682      0.677649677    
   2.59999681      0.280808419    
   2.61999679      0.730589151    
   2.63999677      0.264237672    
   2.65999675      0.649925053    
   2.67999673      0.333639950    
   2.69999671      0.528589845    
   2.71999669      0.321160555    
   2.73999667      0.547307551    
   2.75999665      0.250650346    
   2.77999663      0.583402514    
   2.79999661      0.278855622    
   2.81999660      0.464311332    
   2.83999658      0.346737385    
   2.85999656      0.367917061    
   2.87999654      0.285626739    
   2.89999652      0.419988513    
   2.91999650      0.211536244    
   2.93999648      0.441782564    
   2.95999646      0.274633467    
   2.97999644      0.311701298    
   2.99999642      0.298506200    
   3.01999640      0.263396114    
   3.03999639      0.191245422    
   3.05999637      0.362393022    
   3.07999635      0.149929568    
   3.09999633      0.342430323    
