  -2.00000000      0.120201126    
  -1.98000002      0.147665098    
  -1.96000004      0.243522152    
  -1.94000006       6.90928921E-02
  -1.92000008      0.282419622    
  -1.90000010      0.140914679    
  -1.88000011      0.159484178    
  -1.86000013      0.226245567    
  -1.84000015       4.61008996E-02
  -1.82000017      0.191165328    
  -1.80000019       8.77410471E-02
  -1.78000021       8.91055241E-02
  -1.76000023      0.194879577    
  -1.74000025       4.60146219E-02
  -1.72000027      0.200926483    
  -1.70000029       9.09056216E-02
  -1.68000031       9.06551927E-02
  -1.66000032      0.138668984    
  -1.64000034       1.73639022E-02
  -1.62000036      0.118969999    
  -1.60000038       6.08128682E-02
  -1.58000040       5.92104048E-02
  -1.56000042      0.137355551    
  -1.54000044       2.48329882E-02
  -1.52000046      0.131124899    
  -1.50000048       4.46206778E-02
  -1.48000050       5.10687716E-02
  -1.46000051       7.82788321E-02
  -1.44000053       5.44372573E-03
  -1.42000055       7.77638331E-02
  -1.40000057       3.54767069E-02
  -1.38000059       4.25347723E-02
  -1.36000061       8.40967968E-02
  -1.34000063       1.08567467E-02
  -1.32000065       8.04821998E-02
  -1.30000067       1.57515127E-02
  -1.28000069       3.18074934E-02
  -1.26000071       4.27798256E-02
  -1.24000072       1.45297404E-03
  -1.22000074       5.24305254E-02
  -1.20000076       1.62750874E-02
  -1.18000078       3.20504010E-02
  -1.16000080       4.46742810E-02
  -1.14000082       5.90663543E-03
  -1.12000084       4.74394895E-02
  -1.10000086       3.30564007E-03
  -1.08000088       2.24401560E-02
  -1.06000090       2.34673414E-02
  -1.04000092       1.33101398E-03
  -1.02000093       3.66822816E-02
  -1.00000095       5.90623450E-03
 -0.980000973       2.57231034E-02
 -0.960000992       2.29394976E-02
 -0.940001011       6.02668710E-03
 -0.920001030       2.82504205E-02
 -0.900001049       1.59641588E-03
 -0.880001068       1.62058659E-02
 -0.860001087       1.47061693E-02
 -0.840001106       2.66918610E-03
 -0.820001125       2.49792282E-02
 -0.800001144       2.89044529E-03
 -0.780001163       1.96241606E-02
 -0.760001183       1.25855431E-02
 -0.740001202       7.03969225E-03
 -0.720001221       1.79246180E-02
 -0.700001240       2.65928148E-03
 -0.680001259       1.14802020E-02
 -0.660001278       1.08251516E-02
 -0.640001297       2.39676284E-03
 -0.620001316       1.57648865E-02
 -0.600001335       2.95853335E-03
 -0.580001354       9.85708181E-03
 -0.560001373       7.78177707E-03
 -0.540001392       2.92441645E-03
 -0.520001411       7.18336506E-03
 -0.500001431       1.71913265E-03
 -0.480001420       2.90010008E-03
 -0.460001409       3.57531849E-03
 -0.440001398       4.86606994E-04
 -0.420001388       2.99224234E-03
 -0.400001377       6.56377058E-04
 -0.380001366       1.47366675E-03
 -0.360001355       9.36119293E-04
 -0.340001345       7.23422039E-04
 -0.320001334       4.79134149E-04
 -0.300001323       2.00665483E-04
 -0.280001312       2.74980557E-04
 -0.260001302       2.52209371E-04
 -0.240001306       3.55998811E-04
 -0.220001310       1.19868200E-03
 -0.200001314       1.05225001E-04
 -0.180001318       1.33386883E-03
 -0.160001323       1.45355298E-04
 -0.140001327       1.28289068E-03
 -0.120001331       4.35897498E-04
 -0.100001335       3.02909815E-04
  -8.00013393E-02   1.09509732E-04
  -6.00013398E-02   2.05616729E-04
  -4.00013402E-02   8.53444653E-05
  -2.00013407E-02   1.89851533E-04
  -1.34110451E-06   5.81103486E-05
   1.99986584E-02   2.49043878E-05
   3.99986580E-02   4.79219772E-04
   5.99986576E-02   2.35071857E-04
   7.99986571E-02   9.26669862E-04
   9.99986529E-02   1.35843467E-03
  0.119998649       1.06800266E-03
  0.139998645       2.31957994E-03
  0.159998640       2.61446927E-03
  0.179998636       2.70397030E-03
  0.199998632       4.42827307E-03
  0.219998628       4.55288030E-03
  0.239998624       5.18514542E-03
  0.259998620       6.54270733E-03
  0.279998630       8.07922706E-03
  0.299998641       6.78061321E-03
  0.319998652       1.17466263E-02
  0.339998662       9.01950244E-03
  0.359998673       1.25230160E-02
  0.379998684       1.30393878E-02
  0.399998695       1.53578399E-02
  0.419998705       1.43659376E-02
  0.439998716       2.03425046E-02
  0.459998727       1.70632750E-02
  0.479998738       2.27713194E-02
  0.499998748       2.15250384E-02
  0.519998729       2.73271538E-02
  0.539998710       2.42362302E-02
  0.559998691       3.23273540E-02
  0.579998672       2.97325756E-02
  0.599998653       3.53319012E-02
  0.619998634       3.53318788E-02
  0.639998615       4.34766412E-02
  0.659998596       3.71914804E-02
  0.679998577       5.20120189E-02
  0.699998558       4.38954197E-02
  0.719998538       5.62117137E-02
  0.739998519       5.15324548E-02
  0.759998500       6.63211793E-02
  0.779998481       5.55903874E-02
  0.799998462       7.66754374E-02
  0.819998443       6.41809329E-02
  0.839998424       8.43588859E-02
  0.859998405       7.27297291E-02
  0.879998386       9.75082070E-02
  0.899998367       7.88476467E-02
  0.919998348      0.110610627    
  0.939998329       8.93339291E-02
  0.959998310      0.122290887    
  0.979998291       9.98722836E-02
  0.999998271      0.136156902    
   1.01999831      0.112109840    
   1.03999829      0.149277955    
   1.05999827      0.126451120    
   1.07999825      0.162485659    
   1.09999824      0.140580863    
   1.11999822      0.178759888    
   1.13999820      0.156741261    
   1.15999818      0.192301393    
   1.17999816      0.179838702    
   1.19999814      0.198536336    
   1.21999812      0.206564844    
   1.23999810      0.211076647    
   1.25999808      0.224496812    
   1.27999806      0.229674116    
   1.29999804      0.252575845    
   1.31999803      0.231849775    
   1.33999801      0.290346473    
   1.35999799      0.238705948    
   1.37999797      0.318570316    
   1.39999795      0.250633270    
   1.41999793      0.349242687    
   1.43999791      0.265614897    
   1.45999789      0.371850550    
   1.47999787      0.279628575    
   1.49999785      0.409651011    
   1.51999784      0.283865392    
   1.53999782      0.439237654    
   1.55999780      0.312236041    
   1.57999778      0.446524322    
   1.59999776      0.346574694    
   1.61999774      0.454700053    
   1.63999772      0.376159370    
   1.65999770      0.473263919    
   1.67999768      0.398893148    
   1.69999766      0.484105229    
   1.71999764      0.452236146    
   1.73999763      0.458616406    
   1.75999761      0.510537803    
   1.77999759      0.446833134    
   1.79999757      0.548329890    
   1.81999755      0.448767602    
   1.83999753      0.577021956    
   1.85999751      0.447637677    
   1.87999749      0.630828798    
   1.89999747      0.415353537    
   1.91999745      0.691011667    
   1.93999743      0.407110423    
   1.95999742      0.700648248    
   1.97999740      0.431495368    
   1.99999738      0.691836476    
   2.01999736      0.446704686    
   2.03999734      0.714438498    
   2.05999732      0.433885366    
   2.07999730      0.740687013    
   2.09999728      0.461060613    
   2.11999726      0.694245160    
   2.13999724      0.530008435    
   2.15999722      0.633586586    
   2.17999721      0.559662223    
   2.19999719      0.626045227    
   2.21999717      0.558347225    
   2.23999715      0.618361354    
   2.25999713      0.609992146    
   2.27999711      0.536231339    
   2.29999709      0.699811220    
   2.31999707      0.460189402    
   2.33999705      0.706567526    
   2.35999703      0.459038258    
   2.37999701      0.674269140    
   2.39999700      0.447146922    
   2.41999698      0.723790228    
   2.43999696      0.362749636    
   2.45999694      0.794509888    
   2.47999692      0.316822857    
   2.49999690      0.746856689    
   2.51999688      0.352190137    
   2.53999686      0.669119954    
   2.55999684      0.338328868    
   2.57999682      0.706903219    
   2.59999681      0.267305523    
   2.61999679      0.753333330    
   2.63999677      0.264452487    
   2.65999675      0.646432042    
   2.67999673      0.323292822    
   2.69999671      0.556175232    
   2.71999669      0.291658491    
   2.73999667      0.598777354    
   2.75999665      0.219861865    
   2.77999663      0.627147853    
   2.79999661      0.257979721    
   2.81999660      0.491871983    
   2.83999658      0.304695159    
   2.85999656      0.417661726    
   2.87999654      0.238130942    
   2.89999652      0.492533088    
   2.91999650      0.171669424    
   2.93999648      0.497188717    
   2.95999646      0.228252605    
   2.97999644      0.360174000    
   2.99999642      0.243775949    
   3.01999640      0.324493974    
   3.03999639      0.142936870    
   3.05999637      0.434522897    
   3.07999635      0.105119981    
   3.09999633      0.403765202    
